-0.72846305,-2.9085162,0.40780002,4.7343197,1.2615502,-0.5942907,1.8594809,-2.0494752
-0.86802775,-2.909611,0.92591953,4.4563727,0.9641053,-0.72293663,2.0445828,-2.2764323
-0.99283737,-2.9076698,1.2021335,4.3521605,0.7371677,-0.74529785,2.3710597,-2.143948
-0.6385561,-2.9518075,1.0600057,4.1023526,1.3401929,-0.6533202,2.1614065,-2.1314116
-0.8698485,-2.837503,1.2329739,4.018824,1.159593,-0.6969618,2.2022233,-2.1009483
-0.7828402,-2.865801,1.0260068,4.23857,1.2543509,-0.6822469,1.9577429,-2.223505
-0.63139594,-2.954784,0.9917591,4.109933,1.3100504,-0.75035936,2.1152983,-2.1658275
-0.82473814,-3.052916,0.48409608,4.0335884,1.9240671,-0.8512039,2.2107823,-2.1701217
-0.89137703,-2.8694286,0.55541986,4.2575207,1.5805082,-0.7912906,2.1595106,-2.2784705
-1.0375352,-3.007126,0.4856832,3.9190764,2.0678704,-0.90074366,1.958193,-2.1655111
-1.0274714,-2.887921,0.64225954,4.3076725,1.3030933,-1.0022705,2.0266762,-2.212241
-0.84084237,-2.9297993,0.72307867,4.5828986,1.1298976,-0.6135483,2.1898773,-2.2335827
-0.70512855,-2.8853793,-0.07231587,5.385496,1.2655903,-0.66983217,2.0360916,-2.0900877
-0.8221355,-2.9138942,0.17277561,5.4889216,0.7463912,-0.60298413,2.2329807,-2.1501617
-0.91783226,-2.911219,0.38426358,5.5418973,0.29928532,-0.84332436,2.1320665,-2.343625
-1.1553334,-2.7008643,0.3852571,5.277922,0.50534344,-0.74075264,2.0415068,-2.003587
-0.7849951,-2.7885826,0.44262415,5.466103,0.5487944,-0.68655854,2.1006916,-2.2079902
-0.6762958,-2.925314,0.35969064,5.564458,0.5233661,-0.6916568,2.1247165,-2.136964
-0.8549164,-2.887195,0.29420236,5.558599,0.48640144,-0.646326,1.9923321,-2.0189235
-0.88459843,-2.8650458,0.053626217,5.7170506,0.59984374,-0.63325906,1.9534204,-2.1714864
-0.8249799,-2.8583562,0.33928564,6.0903764,-0.031456646,-0.6455049,2.0206344,-2.0164945
-0.63549906,-2.9708622,0.3004005,6.292164,-0.12318291,-0.66325414,1.846635,-2.024153
-0.6455461,-2.9515378,0.062387165,6.275625,0.12619938,-0.59375113,1.8504903,-2.2390602
-0.86203074,-2.9078474,0.07966884,6.124175,0.21441942,-0.72108346,2.0448632,-2.1915243
-0.5854296,-2.9656944,0.37425518,5.6966386,0.44357133,-0.70776844,2.1527364,-1.9559004
-0.66976434,-2.839492,0.18382217,5.417799,0.89262915,-0.6637058,1.9439868,-2.3268945
-0.9745024,-2.7989435,0.245882,5.486906,0.5541733,-0.72499454,2.0190659,-2.2179441
-0.6026852,-2.8783338,0.34961343,5.4358954,0.83722425,-0.63126194,2.1241095,-2.2690258
-0.8249839,-2.8842092,0.44501048,4.617702,1.245212,-0.69624543,2.1795692,-2.1560707
-0.71815646,-2.9587412,0.44083244,5.045786,0.9019353,-0.83814764,1.9536775,-2.1048353
-1.057447,-2.905686,0.33408856,5.0611744,0.64733654,-0.728219,2.4446354,-2.0572975
-0.8111886,-2.8917985,0.24791543,5.2189717,0.8592464,-0.7549755,2.0126905,-1.9599501
-0.7346561,-3.0413322,-0.25253636,5.5360427,1.0809937,-0.648436,2.0093434,-2.0888236
-0.9480079,-2.9386983,0.039505463,5.239667,1.045235,-0.8023975,2.2354734,-2.3443873
-0.45722833,-3.0119846,0.011046628,6.1155434,0.4250274,-0.6584852,2.126835,-2.1064649
-0.8365443,-2.8200536,-0.10741631,6.127953,0.35623193,-0.75538814,1.9541525,-2.16155
-0.7187204,-2.8376062,-0.10625192,6.4876294,-0.11717065,-0.72733843,1.9101458,-2.061532
-0.7622919,-2.8566797,-0.20119862,6.472293,0.26058075,-0.61881363,2.1730978,-2.2791114
-0.9085256,-2.8621862,-0.23662043,6.3500776,0.2095013,-0.8736284,2.070433,-2.3662684
-0.45070612,-2.9186895,-0.41526237,6.1663475,0.9161235,-0.612002,2.1704092,-2.182321
-0.64210176,-2.7830253,-0.39327547,5.832046,1.1718283,-0.62119424,2.2227664,-2.0659242
-0.58516854,-3.0100868,-0.3244123,5.5379095,1.22475,-0.7029004,2.0568523,-1.9594187
-0.634969,-3.0198948,0.39759508,5.147802,0.9915529,-0.6215743,2.2910438,-2.0374253
-0.7185637,-2.8518841,0.5247433,4.938648,0.96819144,-0.6496915,2.2301219,-2.1265523
-0.73073864,-3.06364,0.19335885,5.0667715,1.1997529,-0.8091183,2.081104,-2.280264
-0.86329365,-2.8859622,-0.35704333,5.4497027,1.2245708,-0.6864512,2.0629942,-2.0916643
-0.91588145,-2.8873649,-0.4003672,5.3875356,1.3659573,-0.74909925,2.177018,-2.1045182
-0.6743817,-2.9292195,-0.5662889,5.6442184,1.4787832,-0.716083,1.9156681,-2.21068
-0.8310835,-2.773191,-0.5140526,5.6377673,1.2988098,-0.759523,1.9834316,-2.021307
-0.9178354,-2.7823575,-0.372334,5.650569,1.0586616,-0.7276307,2.037194,-2.1668723
-0.76385546,-2.96646,-0.03681972,5.5949235,0.76955736,-0.67220134,2.126511,-2.0357563
-0.65347326,-3.0130088,0.12855676,5.304079,1.0541427,-0.75074816,2.0215576,-2.2485902
-0.73759955,-3.0169384,-0.04003387,5.1476603,1.3871993,-0.6790461,2.0176606,-2.1980114
-0.83673793,-3.1609898,0.090883374,5.2051783,1.0359966,-0.7341722,2.0961316,-2.123511
-0.6673214,-2.9011946,0.14584117,5.5436373,0.82777965,-0.64388883,2.0854502,-2.0563781
-0.8635771,-2.743319,-0.15684557,5.555927,0.940091,-0.7324085,2.2681828,-2.1072338
-0.76647747,-2.8561506,-0.15330972,5.76203,0.8351904,-0.62887067,2.1089587,-2.122636
-0.99283993,-2.9319804,-0.15619086,5.4475803,0.93665576,-0.75004625,2.4896948,-2.1070821
-0.5646716,-3.0438251,-0.06351722,5.580146,1.0047708,-0.61596704,2.1133544,-2.2162626
-0.69690484,-2.8542552,-0.2492921,5.904785,0.86766374,-0.59288543,2.26333,-2.047036
-0.85635465,-2.8959846,-0.3510817,6.0508404,0.66696703,-0.7219689,2.0353675,-2.212159
-0.6433998,-2.9468775,-0.44263065,6.4371076,0.6072748,-0.6698326,2.0586798,-2.126759
-0.7676434,-2.8897007,-0.45293033,6.1085286,0.64871,-0.6282692,2.173746,-2.0942085
-1.1102197,-2.7893627,-0.5425906,6.0969706,0.6703875,-0.6758148,2.04446,-1.999193
-0.7020567,-2.7676387,-0.62720007,6.1017118,0.8426901,-0.7219631,1.9068695,-1.9675759
-1.050423,-2.8076048,-0.5077553,5.836815,0.87226784,-0.8388734,2.0823596,-2.0070474
-0.81496125,-2.7377772,-0.6855861,6.055483,1.0948496,-0.6577161,1.8763586,-2.0231895
-0.65619665,-2.758248,-0.8115738,6.1190515,1.1335595,-0.58306265,1.9111596,-2.0968919
-1.0382206,-2.7868226,-0.5145673,5.78435,0.92868555,-0.8277573,2.1073718,-2.240146
-0.9285655,-2.8568487,-0.25000674,5.664579,0.9317561,-0.5914067,2.2216623,-2.129277
-0.95795137,-2.850744,-0.40196818,5.769968,0.9092351,-0.69946015,2.1977556,-2.0408835
-0.9560577,-2.8273892,-0.214468,5.6218333,0.9308594,-0.83113134,1.9731166,-2.1989372
-0.97737485,-2.8752017,0.16278885,5.49968,0.5909963,-0.6710146,2.1664672,-2.1276355
-0.3986513,-2.9736407,0.33520675,5.501228,0.78491443,-0.6944044,2.0010474,-1.808438
-0.8911437,-2.8315163,-0.2976749,5.7469516,0.85811824,-0.756169,1.9547449,-1.9770876
-1.0204289,-2.732975,-0.2018139,5.548205,0.80284023,-0.94475996,2.0113287,-2.1532214
-0.6908045,-2.9490838,-0.5105211,6.4276667,0.575929,-0.6471007,2.0545373,-2.1249065
-0.8958195,-2.8043108,-0.57456917,6.195385,0.71958923,-0.65559375,2.1886652,-2.203913
-0.7081172,-2.901657,-0.6225177,6.2726464,0.7629108,-0.68384266,1.9711953,-2.06937
-0.90921956,-2.7779107,-0.5678822,6.409673,0.51392424,-0.70110464,2.1092072,-2.1341014
-0.73959607,-3.052592,-0.68865067,6.4484754,0.6688569,-0.6756127,2.067447,-2.0815902
-0.95994985,-2.9437182,-0.8114118,6.5712595,0.39674652,-0.7121594,2.0897648,-2.241849
-0.6429072,-3.0010548,-0.9753699,6.58843,0.9040691,-0.7143322,2.082528,-2.1524336
-0.63831866,-2.8251846,-1.2023004,6.626051,1.1111472,-0.6478371,2.1361535,-2.104321
-0.6997968,-2.8894765,-1.0172607,6.6937633,0.9110645,-0.7420103,1.886751,-2.200305
-0.85372746,-3.0463688,-0.7225735,6.2929163,0.69633573,-0.6831,2.282108,-1.9490286
-0.9150415,-2.8163884,-0.7159754,6.1532044,0.8692756,-0.7314768,2.0941865,-2.158097
-0.9316167,-2.783063,-1.0917776,6.314737,1.1885357,-0.6537582,2.0466676,-2.3143272
-0.94769365,-2.8062766,-1.3527715,6.4223523,1.3011596,-0.8171981,2.1602776,-2.0360575
-1.141429,-2.6109416,-1.2255139,6.31101,1.298463,-0.72181803,2.2948685,-1.9069891
-0.9659102,-2.9199412,-1.4025233,6.3305387,1.2850145,-0.8726521,2.133383,-2.233239
-0.72291845,-2.8940854,-0.6033555,6.083264,1.0235094,-0.69229084,2.2547147,-2.1375403
-0.66665024,-2.8207457,-0.4600617,6.033866,0.9052758,-0.6765726,1.9323955,-2.0866168
-0.60168,-2.8555355,-0.21506348,5.953822,0.7765587,-0.72324044,1.8488145,-2.1185133
-0.8286494,-2.9704053,-0.66398335,6.4992113,0.48890188,-0.6141998,2.1323206,-2.1465812
-1.0316591,-2.8416471,-0.5996282,6.37877,0.49852604,-0.74725616,2.1047168,-2.0886843
-0.7127808,-2.964364,-0.25699517,6.060367,0.64845717,-0.6670721,2.1975577,-1.9331843
-0.854244,-2.9708486,-0.2803085,5.9365616,0.81899107,-0.76198494,1.7948911,-1.9959255
-1.0146784,-2.969472,-0.452898,5.894491,0.871888,-0.77839106,2.1785085,-2.1567771
-0.85264194,-2.9009175,-0.070195645,6.324076,0.16064768,-0.6604491,2.1910563,-2.0551293
-0.83554024,-3.0284624,0.5087442,4.011553,1.6933314,-0.72576094,2.194847,-2.1744745
-0.9761336,-2.8950782,0.50767267,4.476124,1.4140841,-0.6083054,1.9784025,-2.1852238
-0.7707853,-2.7676764,0.3134056,4.530598,1.5623955,-0.60688424,2.2505436,-2.0226133
-0.8861588,-3.1191995,0.19771887,4.4129395,1.6384304,-0.8680941,2.0463557,-2.0185494
-0.40252274,-2.916962,0.2842418,5.086029,1.2579147,-0.7146821,1.8518568,-1.8875276
-1.0055509,-2.8063443,0.47035837,4.8152313,1.0113708,-0.73603755,2.3623881,-2.3678021
-0.6663109,-2.823077,0.67301047,4.933632,0.8993167,-0.69892186,2.1924398,-2.191788
-0.62861544,-2.9292176,0.33169195,5.358636,0.7258006,-0.67033273,2.159688,-2.0871317
-0.7202486,-2.978922,0.29796886,5.3534803,0.84573627,-0.7011576,2.0730624,-2.1180146
-0.73263496,-3.0797036,0.6838318,5.4973826,0.06552781,-0.85740596,1.9794712,-2.0238333
-0.8992022,-2.8646283,0.5752384,5.652139,0.17024992,-0.71198195,2.3510628,-2.1673393
-0.6631972,-3.041241,0.24703641,5.762355,0.41056186,-0.77513355,2.0754135,-1.9770306
-0.85013217,-2.824287,0.25893718,5.578687,0.6666949,-0.71340936,2.0465355,-2.0214512
-1.1720997,-2.78221,0.28378034,5.4560714,0.63120914,-0.72678006,2.2358477,-2.1128628
-0.9887756,-2.8469548,0.17521067,5.258793,0.9014464,-0.76326287,2.0108838,-2.22598
-0.83799815,-2.881106,0.22411446,4.976035,1.2575613,-0.6772112,2.0866292,-2.3005888
-0.7912174,-2.8891923,0.2638845,4.7323284,1.3802849,-0.6525135,2.2050347,-2.2222147
-0.89071625,-2.8733542,-0.20517439,5.088747,1.633757,-0.7824713,1.9985914,-2.2419841
-0.76373374,-3.0196998,-0.46687046,5.0179234,1.740876,-0.7471844,2.1018913,-2.0590632
-0.8653964,-2.936126,-0.73744273,5.084675,2.066598,-0.7584001,2.0888784,-2.3784919
-0.6645429,-3.0825408,-0.46871084,5.0812488,1.9585246,-0.6473316,2.2044759,-2.237117
-0.75114995,-2.8259695,-0.14462213,5.3554363,1.2300742,-0.731975,2.0900252,-2.0816092
-0.8972268,-2.939846,-0.4135514,5.28966,1.4615242,-0.80510455,2.196897,-2.1950967
-1.0101659,-2.9029093,-0.2326382,5.0210276,1.5718453,-0.88852984,2.0385113,-2.0202978
-0.8022986,-2.9859812,0.20851462,4.642082,1.4974407,-0.65698206,2.1101885,-1.9909904
-1.1178007,-2.8535013,0.32580492,4.733593,1.2002888,-0.7720237,1.9429363,-2.2221277
-0.5777765,-2.8737066,-0.026456192,5.1172714,1.4197462,-0.65904486,1.7940354,-2.0213118
-0.85371614,-2.85218,-0.3801754,5.3818374,1.3958024,-0.7172287,1.8073633,-2.119012
-1.0081959,-2.9222717,-0.2828917,5.330942,1.2948672,-0.8375649,2.1704133,-2.1513183
-0.7044289,-2.7772906,0.10522333,5.482766,0.9459176,-0.58762467,1.9624145,-1.9766456
-0.99697036,-2.7846446,-0.0933524,5.1604238,1.3285228,-0.6402698,1.9319053,-2.2003446
-0.814853,-2.8634381,-0.09714289,5.031864,1.3979981,-0.6438992,2.2194355,-2.0301356
-0.7049215,-2.915423,0.08752383,4.985153,1.5014889,-0.64103556,2.1915512,-2.1297562
-0.8354065,-2.9153914,0.102247536,4.7712617,1.4159995,-0.7886542,2.0489883,-2.1098464
-1.1415346,-2.8417602,-0.41092864,4.9069276,1.7986255,-0.8220218,2.0540967,-2.1400836
-0.7406014,-2.873057,-0.5310742,5.1887436,1.8097174,-0.5912661,2.0786903,-2.0849724
-0.6185595,-3.1425092,-0.58300877,5.2857785,1.8469225,-0.71923834,2.0635667,-2.0518858
-1.0515428,-2.82307,-0.48649323,5.3974276,1.3322141,-0.9191646,2.0760036,-2.0989218
-1.1137322,-2.8419569,-0.49712953,5.387633,1.2228254,-1.3698549,1.8043567,-2.207489
-0.8253077,-2.8606026,-0.2545337,5.5710993,1.1735541,-0.59562975,2.1436691,-2.281468
-0.8122904,-3.0156577,0.22370236,5.4493566,0.72166204,-0.6300417,2.0661886,-2.0646675
-0.8002949,-2.8904245,-0.15367351,6.0955434,0.546801,-0.66396403,2.0866485,-2.0081382
-0.7170135,-3.0013258,0.117301,5.9917827,0.48079115,-0.6622902,1.9919024,-2.0153449
-0.71334624,-2.9362142,0.17769615,5.8790746,0.46511692,-0.6719622,2.0927606,-2.2187257
-1.1796222,-2.7352037,0.18356621,5.518407,0.3792956,-0.7186047,1.9425584,-2.058397
-0.50246096,-3.1359684,0.25554723,5.914636,0.404391,-0.67350227,2.1369183,-2.112568
-0.47792572,-2.9818828,0.10534026,6.0617676,0.46200058,-0.6338713,2.1339777,-2.1219053
-0.99603134,-3.0300999,0.16734526,6.1787705,-0.030565005,-0.920647,1.8578576,-2.0090184
-0.63302004,-3.0447268,0.42137694,6.315047,-0.24963628,-0.5961872,2.0920105,-2.2028239
-0.6663429,-2.963324,0.47203088,5.9697137,-0.0031308418,-0.6398008,2.0504165,-2.06305
-0.8586424,-3.0213404,0.6685975,5.5128393,0.16279294,-0.62897336,2.1423657,-2.0250733
-0.68399835,-2.9190722,-0.091509774,5.763027,0.70964146,-0.7820659,1.9437602,-2.0704727
-0.46518514,-3.137781,-0.0728747,5.830342,0.769473,-0.71662694,2.1497574,-1.9327059
-1.2836816,-2.7144454,-0.49508777,6.1871796,0.5589514,-0.8777642,2.1300836,-1.9090681
-0.689724,-2.9048336,-0.39643076,6.4333367,0.44667166,-0.7421582,2.1107576,-2.1992826
-0.8877929,-2.9806595,-0.6120986,6.1359506,0.89351135,-0.82842803,2.2328317,-2.1706648
-0.88255805,-2.7531748,-0.33014718,5.9388375,0.762906,-0.7956167,2.165685,-2.2410383
-0.8084338,-2.8977222,-0.52485716,6.0824733,0.88833237,-0.7316993,2.0369859,-2.1123042
-0.88921314,-2.8759494,-0.62583214,6.0448656,0.78944325,-0.87198347,2.2605336,-2.32821
-0.6981516,-3.0426068,-0.13070646,5.856851,0.7381606,-0.6515881,1.9608052,-2.177416
-0.9005669,-2.8184729,-0.30419308,6.137494,0.5194178,-0.8142274,2.2801683,-2.2235956
-0.65227026,-2.9590104,-0.30919316,6.603726,0.27074343,-0.66183925,2.1595423,-2.2103808
-0.63593996,-2.9638696,-0.4092236,6.762974,0.16477205,-0.61389965,2.0571265,-2.0098832
-0.69083077,-2.9223518,-0.10596268,6.6427875,0.0414882,-0.7120198,2.0228062,-1.9833336
-0.7246368,-3.0014265,-0.008937689,6.5123305,-0.12768205,-0.72997415,2.215944,-2.0192158
-0.8733266,-2.783608,-0.023868015,6.346156,0.027174054,-0.7881303,2.0688474,-2.0369132
-0.6430663,-2.8986485,0.069165275,6.322748,0.18399923,-0.6492671,1.9570847,-2.154998
-0.5931688,-2.9399889,-0.3185591,6.2815146,0.5851168,-0.69186014,1.9571081,-2.206343
-0.7930755,-2.9465287,-0.07015629,5.9123797,0.53841835,-0.65710753,1.988733,-1.9820517
-0.85049015,-2.9257703,0.045937512,5.6945877,0.6582791,-0.65619785,1.909266,-1.9762115
-0.814645,-2.883827,0.21910931,5.4449,0.7487142,-0.7467752,1.9858938,-2.0578914
-0.6906819,-3.0207853,-0.07822245,5.53022,1.0495194,-0.70274365,2.1660163,-2.220533
-0.68931353,-2.9428825,0.004961676,5.900388,0.6555193,-0.6266379,1.9924107,-2.1911898
-0.8844199,-2.8945227,-0.2947334,6.142261,0.52524614,-0.77964586,2.1251912,-2.0913072
-0.69307625,-2.8087573,0.159248,5.996545,0.36562636,-0.596571,2.1506448,-2.1621137
-0.684178,-2.8537977,-0.04521312,5.9008265,0.739436,-0.63195074,2.1676545,-2.199316
-0.7032865,-2.917585,0.19324566,5.803918,0.29240108,-0.6293555,1.9999896,-2.1275709
-0.77837765,-2.8596654,0.577627,5.6259265,0.2530281,-0.63742507,2.090576,-2.2473962
-0.9041726,-2.8719242,0.3560216,5.6205425,0.4707445,-0.7105702,2.2747366,-2.0109658
-0.5919169,-2.9852226,0.43733376,5.318708,0.7198014,-0.6571789,2.3070319,-2.0322473
-0.6153147,-3.0080838,0.21768947,6.132852,0.15004544,-0.6283081,2.1702504,-2.2601972
-0.9142698,-2.8612096,0.41551185,5.7951903,0.17570959,-0.78390294,2.2817986,-2.0940382
-0.62636876,-2.9428725,0.4344213,5.6991396,0.3993341,-0.60519296,2.1597126,-1.9373523
-0.871319,-2.8214517,0.27157062,5.484654,0.61177033,-0.7358644,2.0503922,-2.0937865
-0.5707683,-2.9685717,0.4505341,5.352514,0.77236843,-0.69565654,2.140367,-2.097366
-0.7459182,-3.0103452,0.34026912,5.2319713,0.7529229,-0.7772504,2.380322,-2.1970115
-0.7226649,-2.9774027,0.05398308,5.6507897,0.8308862,-0.7306784,1.9566437,-2.2885082
-0.7290194,-2.8767214,0.19581509,5.5732045,0.8114777,-0.6477084,1.9553682,-2.1300776
-0.6961733,-2.9208908,0.07719117,5.301278,1.1959383,-0.6717097,2.0079484,-2.1836145
-0.820466,-2.879446,-0.26160812,5.62764,0.88837135,-0.6978519,1.9412903,-2.1075678
-0.8316286,-2.8773377,-0.08519925,5.6991663,0.8033563,-0.6874049,2.02927,-2.1521015
-0.63190126,-2.9755843,-0.22578779,5.62683,1.0957581,-0.71723753,2.022856,-2.0313237
-0.7332257,-2.9205966,-0.28517967,5.9221525,0.79333085,-0.6576032,2.0463731,-2.1869824
-1.0742652,-2.7164056,-0.4534581,5.5727053,1.1381073,-0.74616164,2.2360268,-2.1704443
-0.9723222,-2.8390956,-0.3958117,5.653864,1.0261052,-0.81068593,2.0604327,-2.0765219
-1.0760252,-2.897157,-0.1577224,5.5235925,0.8190428,-0.82133704,2.1512527,-2.0610373
-0.80740833,-2.944513,-0.17764482,5.6985,0.8546894,-0.64478725,1.9327916,-2.127594
-1.0459161,-2.796616,-0.4108164,5.8077607,0.95992,-0.8685975,1.96755,-2.2332802
-0.97902083,-2.8526807,-0.41116607,5.5336847,1.1500739,-0.72350097,2.0346086,-2.1011434
-1.0307488,-2.9024363,-0.47282928,5.6918235,0.9908316,-0.9163391,1.8909019,-2.066384
-0.9593611,-2.8690076,-0.8069172,6.597311,0.43671995,-0.7091992,2.208541,-2.1793058
-0.7487667,-3.0045447,-0.9301127,6.5160913,0.72682697,-0.640863,2.0581713,-2.2122605
-0.8946176,-2.88369,-1.0389547,6.5858507,0.8592484,-0.7044911,2.1225893,-2.224276
-1.0068045,-2.8929727,-0.8333303,6.1976624,0.83885294,-0.8991609,2.0501854,-2.1448483
-0.6113965,-2.902268,-0.6325862,6.0297956,1.1949289,-0.65513605,2.1702883,-2.2147973
-0.78290385,-2.8978257,-0.72478694,6.188076,0.99351424,-0.6837513,1.9455881,-2.089907
-1.0323648,-2.763866,-0.6124288,5.839564,0.9818975,-0.736413,2.028101,-1.99507
-0.79520726,-2.9857602,-0.08635734,5.578294,0.9671164,-0.7222581,1.9199344,-2.018311
-0.9163552,-2.9433072,-0.2976017,5.622188,0.91229224,-0.72885925,2.2225826,-2.100387
-0.63300186,-2.947147,-0.14185084,5.5534735,1.0977314,-0.6818214,2.0417988,-2.1559315
-0.889816,-2.964808,-0.265443,5.4225097,1.0220991,-0.7729015,2.2181494,-2.0958896
-1.2027512,-2.7527826,-0.09136683,5.593373,0.7587009,-0.7549949,2.0852652,-2.1657143
-0.840283,-2.969625,0.34852248,5.229224,0.7975052,-0.59102434,2.1715157,-2.1696117
-0.60124516,-2.8323784,0.17155935,5.221033,1.2429447,-0.5615241,2.0771368,-2.1776373
-0.41602853,-2.9775078,0.016752494,5.2067313,1.3446919,-0.64061326,1.7158618,-2.0423326
-0.90206796,-2.774201,0.10140149,4.9731765,1.3790393,-0.78424877,2.1562793,-2.0583389
-0.849346,-2.8010304,0.28494892,4.9120855,1.1642147,-0.6523936,2.1777258,-2.0574002
-0.8044833,-2.8018436,0.7007349,4.727003,1.0695497,-0.7545844,2.1670995,-2.1824594
-0.86339664,-2.9743462,0.9078298,4.640937,0.78838074,-0.756658,2.201291,-2.2539372
-0.8677469,-2.9182096,0.63403803,4.5222855,1.1747943,-0.7459845,1.971564,-2.1953633
-0.88800234,-2.9004998,0.9364813,4.2618766,1.1625532,-0.6616612,2.0513628,-1.9475188
-0.49932796,-3.0389967,1.0694004,4.571947,0.9365565,-0.709119,2.1945746,-2.0833726
-0.86038965,-2.9572666,0.78821486,4.454909,1.0710331,-0.7006207,2.2335334,-2.1698358
-0.8996249,-2.9391437,0.42458236,4.7622113,1.0724398,-0.8476752,2.0964746,-2.2248356
-0.85995674,-2.7663648,0.37003878,5.19398,0.7915372,-0.6720101,2.122307,-2.100541
-0.81045765,-3.000742,-0.17675677,5.293809,1.2730281,-0.7999213,1.9721699,-2.2182734
-0.77966744,-2.911058,-0.08012722,4.971831,1.6123948,-0.65308505,1.9768175,-2.1686487
-0.75545144,-3.0186238,-0.118789494,5.2125683,1.5071006,-0.62411547,2.0968192,-2.2214336
-0.80263925,-2.8896902,-0.2388165,5.191071,1.442876,-0.6689533,2.1219683,-2.0370274
-1.0447075,-2.8859246,-0.3585379,5.2075853,1.3970003,-0.79113704,1.9157623,-2.0308619
-0.7128896,-2.8657386,-0.48926517,5.501345,1.4239141,-0.6670168,2.144396,-2.129829
-0.7324941,-2.9175172,-0.12918204,5.117868,1.3675476,-0.71135557,2.277205,-2.0187366
-0.88182735,-2.7963974,0.100693874,5.066517,1.0799856,-0.72035015,2.1848917,-2.2250123
-0.58726144,-2.9490657,0.48897976,4.754145,1.2032479,-0.6283098,2.2818751,-2.2656705
-1.0780145,-2.8569624,0.35318726,5.15711,0.6933001,-0.8296221,2.1256108,-2.0895884
-1.0828629,-2.7564027,0.31566584,5.082482,0.9306652,-0.7618236,2.0927405,-2.3550787
-0.8751328,-2.856013,0.29655048,5.215502,0.8339085,-0.7459329,1.977774,-2.0802748
-0.7221232,-2.9177835,0.31694734,5.511881,0.6923238,-0.65608823,1.8771827,-2.3089583
-0.75681114,-3.0165935,0.103546135,5.4927535,0.7923701,-0.7151628,1.987906,-2.063759
-1.1158949,-2.7751367,0.47791716,4.947812,0.7715497,-0.71735287,1.9726771,-2.2666025
-0.6646417,-2.9564066,0.4735422,5.1835456,0.76912856,-0.69004524,2.1648276,-2.006293
-1.0104178,-2.7950623,-0.062581636,5.338226,0.94485927,-0.8184655,2.0947907,-2.1344244
-0.51131594,-2.9662871,0.004589831,5.6490054,0.95099837,-0.6458213,1.9969655,-2.2058654
-0.8719192,-2.7408283,-0.15780151,5.5175905,0.89549875,-0.80520886,1.940435,-2.0439706
-0.8201582,-2.9241424,-0.093286216,5.636984,0.82368225,-0.8404119,2.0492017,-2.1783571
-0.9388016,-2.9294546,-0.16400142,5.636416,0.75859296,-0.7674761,2.1714795,-2.285751
-0.9806302,-2.806688,-0.32389677,5.6643276,1.0111486,-0.72454166,2.3160608,-2.0694532
-0.67342407,-2.789155,-0.07282557,5.967971,0.6633322,-0.70318526,2.0751605,-1.9290173
-0.7043806,-2.8827245,-0.3362255,6.1735587,0.6449134,-0.66035205,2.0299218,-2.172826
-0.37003165,-2.9998877,-0.31019595,6.090191,0.86946326,-0.60773015,2.2179346,-2.060368
-0.77720314,-2.806371,-0.34189767,6.323281,0.42258656,-0.7337268,1.9793025,-2.0904796
-0.8038577,-2.874487,-0.14469562,6.233209,0.3191443,-0.63883656,2.2582965,-2.0564675
-0.6998192,-2.8230958,-0.04956349,6.3331027,0.13873498,-0.6623414,2.3405,-2.1585522
-0.78376716,-2.9267235,-0.08768575,6.6759367,-0.14337754,-0.65979105,2.0343323,-2.1129458
-0.8463077,-2.8250556,-0.1672802,6.768539,-0.12647367,-0.7336048,2.038215,-2.0455441
-0.7415364,-2.9281013,0.031892315,6.670248,-0.23089157,-0.67013,2.129438,-2.052222
-0.9264227,-2.825788,-0.16428529,6.7629814,-0.263293,-0.7760241,2.0501256,-2.2005062
-1.0182168,-2.7689047,-0.5463174,6.595018,0.21831454,-0.7635205,2.1273806,-2.0556989
-0.9371196,-2.8465207,-0.16243047,6.3365846,0.16716121,-0.69250417,2.0730968,-2.2379444
-0.65259826,-2.922145,-0.1825911,6.5518785,0.13083863,-0.6779262,2.0028973,-2.080288
-0.91531605,-2.75634,-0.24708702,6.3805776,0.27573088,-0.5952258,1.9553528,-2.23161
-1.0425565,-2.8424177,0.052033637,6.0847993,0.11886196,-0.826083,2.044696,-2.1337743
-0.9789769,-2.804621,-0.02214133,6.165204,0.13194273,-0.72998124,2.1096575,-2.2065005
-1.1628089,-2.672132,-0.28545532,6.197697,0.22067344,-0.7550535,2.1267347,-1.8738832
-0.63026595,-2.9648654,-0.15742126,6.263788,0.40667972,-0.5516301,2.132075,-2.1560898
-1.026496,-2.8611717,-0.19065286,5.9692802,0.3398843,-0.7847442,2.0884774,-2.114069
-0.77884686,-2.8319173,-0.41200188,5.8644543,0.93136,-0.85440487,1.8779699,-2.0347328
-1.1279376,-2.790641,-0.52360207,5.4948516,1.2456503,-0.8389135,2.1851642,-2.067467
-0.7686768,-2.9527028,-0.5941389,5.6416097,1.3192117,-0.68949014,2.3887718,-2.123684
-0.72941494,-2.9207313,-0.710319,6.0775633,0.96103126,-0.7139279,1.9675504,-2.1562572
-0.69997036,-2.8945842,-0.5607637,5.9559546,1.007876,-0.6558072,2.1245058,-1.977872
-0.7388626,-2.9825087,-0.8002583,6.1633434,1.0264919,-0.67090297,2.242966,-2.2692451
-0.86675435,-2.9586668,-0.9476397,6.0082307,1.2423236,-0.8197748,2.144735,-1.999392
-0.6164231,-2.8485107,-1.0766112,6.348036,1.2782985,-0.5545374,2.047042,-2.1807923
-0.90097874,-2.9943123,-0.78437865,6.0631256,0.943228,-1.0120404,1.9695888,-2.2390957
-0.6428601,-2.888605,-0.4689754,5.699336,1.255919,-0.6400227,2.188632,-2.0942237
-0.75991815,-2.7791317,-0.10065034,5.7144403,0.733495,-0.61427695,2.2373288,-1.8975657
-0.76269907,-3.0377674,0.019322377,5.4685383,0.9330974,-0.805492,2.3239284,-2.020376
-0.60755867,-2.976011,0.32413065,5.9483695,0.2721773,-0.6841847,2.2028487,-2.1654325
-0.5904484,-2.867413,0.37820968,5.836492,0.30169007,-0.6390916,2.0117767,-2.0877275
-0.841772,-2.902335,0.15494063,5.8564763,0.44307324,-0.64018136,1.8659021,-1.9235435
-0.82358253,-2.8416538,0.56760734,5.3297987,0.70249975,-0.5872959,1.9902511,-2.0710347
-1.0473511,-2.7918806,0.1490356,5.449725,0.56601405,-0.72559834,2.1464868,-1.9941936
-0.7565119,-3.047164,0.19507667,5.592515,0.62950146,-0.6751377,1.9268684,-2.1775365
-0.70601875,-2.984643,0.26147547,5.5470552,0.7077368,-0.6011054,2.0755649,-2.3813863
-0.72599155,-2.868532,0.10571281,5.0993075,1.3649434,-0.6686526,2.0259879,-2.2096941
-0.69986326,-3.0326905,0.1550294,5.0768633,1.2040014,-0.6780438,2.1483483,-2.1829164
-0.5572938,-3.0237443,0.35017884,5.320601,0.78341156,-0.6766866,1.883166,-1.91407
-0.589978,-2.9523242,0.21156938,5.469125,0.8408528,-0.73724717,2.2193062,-2.1386974
-1.142713,-2.8419309,0.18577647,5.2605996,0.72471684,-0.82395655,1.961871,-2.23135
-0.7214268,-2.9408722,-0.105708584,5.816279,0.7710845,-0.65384364,1.8756688,-2.0296206
-0.6289273,-2.9417508,0.21092716,5.8226357,0.48567915,-0.68444574,1.9968547,-1.9694695
-0.83095104,-2.8145018,0.19711275,5.3795614,0.7472584,-0.65116715,1.9891088,-2.1750214
-0.8940047,-2.8229957,-0.17427221,5.39899,1.1794747,-0.72043014,2.0322344,-2.0802462
-0.96144897,-2.769482,-0.103802055,5.0866346,1.4188534,-0.6042697,2.234754,-2.1144214
-1.0697215,-2.7630708,-0.09565845,5.228872,1.2345659,-0.77496254,2.0448005,-2.1205735
-0.71532404,-2.9488442,0.055800192,4.789364,1.6088523,-0.7882213,2.0959759,-2.1937904
-0.7584696,-2.822927,0.08389613,5.2007113,1.1467688,-0.6314313,2.01715,-2.1098833
-0.96682197,-2.8645177,0.60399735,4.7670493,0.88340795,-0.77875257,1.9838775,-2.0844865
-0.8816115,-2.9555902,0.47852355,5.1467113,0.7797301,-0.7055495,2.3400073,-2.1109192
-0.706665,-2.9417653,0.18403369,4.4690375,1.6724455,-0.6994265,2.217096,-2.1647463
-0.7478989,-2.9461899,0.34469664,4.5806007,1.469089,-0.6932997,2.0638041,-2.2007766
-0.7617122,-2.872196,0.04423652,4.8902435,1.4794248,-0.5979769,2.1995606,-2.16487
-0.7794615,-2.8718655,0.28635028,5.0656514,1.0889182,-0.7403116,2.157585,-2.263897
-0.979421,-2.9124205,0.17937297,4.9180913,1.2443701,-0.84233534,2.204525,-2.2863233
-0.8738647,-2.9314303,-0.18161274,5.2264857,1.2162585,-0.8270533,2.2983992,-2.230122
-0.6852625,-2.9212387,-0.41316798,5.5146284,1.3542968,-0.6168834,2.1284418,-2.1594503
-1.0301802,-2.776507,-0.7612436,5.5267105,1.5106534,-0.7601031,2.2679691,-2.2255483
-0.5238685,-2.9367821,-0.05069711,5.4878507,1.1362678,-0.529894,1.9466467,-2.0812576
-0.78616834,-2.9944193,-0.44732156,5.864211,0.94804543,-0.6542268,2.1302495,-2.3198717
-0.77027464,-3.0215268,0.11634055,5.2730646,1.0342703,-0.78393936,2.1012373,-2.0649624
-0.70425004,-2.8958142,-0.032003272,5.364825,1.2388407,-0.6346371,2.0901594,-2.0353594
-1.1129833,-2.783615,-0.3208943,5.6103954,0.927428,-0.8892939,1.8885651,-2.2803988
-0.9942651,-2.9012363,-0.08197637,5.423637,1.0082481,-0.74917054,2.2625365,-2.0574691
-0.6291808,-2.8781383,0.33294854,5.5086255,0.63888305,-0.69737774,2.191615,-2.155077
-1.1559514,-2.8261454,0.02722392,5.326485,0.8022948,-0.8481797,2.4334357,-2.123286
-0.7795971,-2.857108,0.62745506,5.1171975,0.7350989,-0.6228627,1.9673533,-2.033096
-0.52073586,-3.053056,0.36739218,5.6703086,0.60469615,-0.6843241,2.076973,-2.3647747
-0.6309089,-3.0185864,0.2982994,5.52099,0.6603316,-0.59496295,1.8559043,-2.2181506
-0.7297668,-2.8801453,0.111037835,5.823334,0.54976064,-0.72895473,1.7764338,-2.0811722
-0.9060316,-2.8183737,-0.09207385,5.8543262,0.6081346,-0.78692216,2.2666838,-2.2039487
-1.0120863,-2.7441368,-0.108124316,5.823936,0.6627769,-0.79697716,2.02523,-2.1890986
-0.78578544,-2.868969,0.25084215,5.963454,0.20579611,-0.6662974,2.0772421,-2.215859
-0.8229788,-3.0394104,0.36310175,5.84184,0.198507,-0.6858144,2.2112708,-2.26668
-0.84412193,-2.966874,0.16275704,5.6516776,0.47337788,-0.7321568,2.304884,-1.9863517
-0.6277123,-3.0494611,-0.055061366,5.9727154,0.59092236,-0.6345132,2.0638797,-2.0499337
-1.2106947,-2.6665752,-0.34875584,6.1349134,0.4590218,-0.74878776,2.1628919,-2.1386507
-0.59763086,-3.0298984,-0.28775677,6.2768607,0.63094854,-0.7116822,2.0153124,-2.0093286
-1.0418824,-2.8507721,-0.16146562,6.0235386,0.36278093,-0.8388338,1.9900104,-2.0332952
-0.768145,-2.8834703,-0.06930213,5.8638277,0.63496107,-0.5993987,2.0947597,-1.9894599
-0.7966036,-2.8834705,0.22948672,5.8659463,0.290675,-0.9253258,2.1225126,-2.0315042
-0.89876556,-2.7962945,0.17707385,5.7703137,0.3550968,-0.72331685,2.1276195,-2.3335261
-0.8295406,-2.9108713,-0.049344346,6.364921,0.086489335,-0.7699999,2.053087,-1.8990521
-0.83769256,-2.888782,-0.03836201,6.4701157,-0.034054436,-0.5996201,2.0783036,-2.201407
-0.8139228,-2.8621907,-0.06868957,6.4493203,0.04337738,-0.7415679,2.3202722,-2.267172
-1.151411,-2.710731,0.26321504,6.658935,-0.6844019,-0.82581425,1.8678875,-2.1909082
-0.73138577,-2.9643397,0.4962979,6.3805766,-0.49983057,-0.7842765,1.9482417,-2.1977654
-0.937431,-2.9734683,0.9026144,6.31467,-0.91644424,-0.6176987,2.1809423,-2.1555953
-0.84354305,-2.8960195,1.3318684,5.5944414,-0.6310515,-0.6650199,2.0058246,-2.1500697
-1.0202829,-2.8123708,1.0579116,5.6964192,-0.50535285,-0.7998461,1.9675485,-2.05368
-0.77649134,-2.8842921,1.4955312,5.3695965,-0.45264682,-0.7230382,1.897703,-1.9866183
-0.75612974,-2.8827362,1.1879647,5.701782,-0.46881703,-0.63601446,2.1004465,-2.071898
-0.895272,-2.8512168,1.4273067,5.2532434,-0.25332505,-0.7667429,1.973369,-2.0651662
-0.8297968,-2.8891537,1.0986829,5.557393,-0.3497394,-0.8345253,1.9873319,-2.2360358
-0.9654675,-2.8149855,0.9488266,5.7686267,-0.41298935,-0.7329337,2.1178656,-2.1650426
-0.6773403,-2.9619792,0.6962207,6.231165,-0.4533399,-0.73510236,1.9258283,-2.0971975
-0.7166421,-2.8937209,0.38188928,5.999832,-0.04846057,-0.6658288,1.9322164,-1.9389726
-0.8209198,-2.9153354,0.79410815,6.0086694,-0.34301016,-0.6557373,2.2952278,-2.0570805
-0.7856658,-2.8218315,0.5282718,6.0228343,-0.26629326,-0.7927783,2.153253,-1.9861325
-1.0757251,-2.827002,0.8285199,5.5555477,-0.09127054,-0.707744,1.9654527,-2.0182183
-0.7802441,-2.9024057,1.2705677,5.679222,-0.5181398,-0.6621807,2.0427976,-2.201884
-0.75253326,-2.8750315,0.8585568,6.041146,-0.4411464,-0.7994776,2.0366838,-2.2374914
-0.8189604,-2.8861969,0.54931766,6.2675943,-0.3595983,-0.5880513,1.9393736,-2.1461062
-0.62900597,-2.990048,0.4123787,6.2348976,-0.13623208,-0.6202537,2.198096,-2.1828065
-0.7914985,-2.8799772,0.6168545,6.232261,-0.3895837,-0.5451657,2.0938506,-2.0117912
-0.55752015,-2.9108007,0.7707986,6.37376,-0.3956942,-0.61102456,2.1606705,-1.9681643
-0.66452503,-2.9293978,0.5447498,6.233407,-0.271241,-0.64441913,2.0495658,-1.9982184
-0.7199491,-2.897045,0.50086296,6.0503054,-0.16317174,-0.6448283,2.28685,-2.2799067
-0.920585,-2.9709704,0.7390465,5.8131075,-0.3042431,-0.7988202,2.0495067,-2.0706444
-0.63946784,-2.9302666,0.9644888,5.6892767,-0.09656052,-0.693854,2.2648253,-2.2726731
-0.8301159,-2.9187763,0.11464961,6.026472,0.20527284,-0.7360381,2.1090224,-2.1897256
-0.46237466,-2.8730564,0.43800235,6.017803,0.21268885,-0.6046468,2.066108,-2.063733
-0.7128416,-2.9843004,0.53318393,5.606209,0.18626498,-0.6924727,2.1914227,-2.094425
-0.7817237,-2.9607735,0.5706274,5.786751,-0.06732181,-0.68099946,2.0182514,-2.073561
-0.8893227,-2.8092458,0.25945908,6.1002803,-0.029822938,-0.7467405,1.8581328,-2.0547113
-0.81712615,-2.9272664,0.24444044,6.0738125,-0.025903346,-0.92868227,2.2052567,-2.1198542
-0.74291515,-2.840608,0.041377217,6.219443,0.09199717,-0.7496411,2.0894978,-2.008435
-0.7011006,-2.8411765,-0.23795253,6.709023,-0.012617084,-0.7282139,2.4022346,-1.9708008
-0.7484974,-2.901032,0.12662888,6.507096,-0.18182975,-0.65139127,2.0198858,-2.1663103
-0.737965,-2.8354218,0.18387686,6.4436374,-0.186972,-0.6907522,1.9853907,-2.252318
-0.8905969,-2.82293,-0.04285811,6.4755034,-0.08395575,-0.589459,2.1543305,-2.2225924
-0.83435684,-2.9557369,-0.05414342,6.1765556,0.21109818,-0.71052647,1.9890409,-2.1509314
-0.94401246,-2.8584466,-0.4868633,6.440283,0.3270637,-0.79467195,2.0613759,-2.1822712
-0.527636,-2.984613,-0.5699829,6.7237873,0.4605213,-0.76946723,2.1427832,-1.9067155
-0.83151436,-2.9143507,-0.48991132,6.9920096,-0.07084444,-0.67532444,2.097416,-2.1438284
-1.0403408,-2.7853963,-0.2508983,7.0918894,-0.52873546,-0.8300807,2.0071666,-2.1592104
-0.8158105,-2.8892412,-0.34068814,6.998697,-0.21485963,-0.79073846,2.254207,-2.1273777
-0.8560083,-2.8280137,-0.37405136,7.21625,-0.44715673,-0.6807797,2.1508763,-2.0435057
-0.91046923,-2.7533748,-0.25846958,7.2913632,-0.67823184,-0.7557897,1.9427449,-1.9395648
-0.7234611,-2.8547528,-0.26012886,7.3041716,-0.58691704,-0.76657224,2.3495228,-2.0303395
-1.0873435,-2.7020898,-0.5643108,7.1406655,-0.3191646,-0.83580524,2.050533,-2.1129332
-0.9352003,-2.8788042,-0.6414225,7.1033545,-0.16976885,-0.87864345,2.0902255,-2.1819122
-0.7751332,-2.866668,-0.17438817,6.9914603,-0.34929597,-0.7140103,2.10782,-2.1405535
-0.78851074,-2.8687744,-0.20631547,7.202377,-0.4982555,-0.5971228,2.3003473,-2.0627701
-0.9148529,-2.8129883,-0.2798565,6.99782,-0.35432956,-0.5691582,2.2355847,-1.8427513
-0.7734531,-2.9085524,0.04210166,6.8963003,-0.6318447,-0.6954587,2.1228073,-2.1320066
-0.83652455,-2.8433738,0.40196374,7.063917,-1.121389,-0.68940514,2.1806374,-2.2217371
-0.78955096,-2.9679308,0.22023451,6.945608,-0.8763513,-0.6411227,2.0807757,-2.2528896
-0.7227614,-2.9241707,0.25270417,6.9947844,-0.7969431,-0.68850434,2.296617,-2.152295
-0.7047478,-2.9147544,0.2969295,7.060613,-0.78802526,-0.7303466,2.0643446,-2.3264675
-0.8126394,-2.922676,-0.2920643,7.02042,-0.39057902,-0.7797801,1.9856979,-2.0099401
-0.56858474,-2.9589756,0.035234604,6.889963,-0.348612,-0.5303737,1.8515886,-2.0670402
-0.62165356,-3.0435693,-0.047689807,6.8882833,-0.36816418,-0.7600807,2.1908472,-2.2081573
-0.9548287,-2.887434,-0.13243292,7.156679,-0.7141847,-0.5891966,2.1140804,-2.136666
-0.59838575,-3.1135893,-0.74249125,7.7048345,-0.6451934,-0.6360526,2.251386,-2.164268
-0.91962355,-2.8737922,-0.38360742,7.630365,-0.85655546,-0.7384672,1.8588157,-2.074825
-0.5127172,-2.9075587,-0.10181489,7.554559,-0.7906943,-0.58471197,2.0960968,-2.1275065
-0.8748812,-2.914677,-0.6913521,7.7281775,-0.69427437,-0.74054396,2.1210926,-2.2137206
-0.36845812,-3.0763867,-0.69076157,7.932858,-0.6143052,-0.7198541,2.023736,-2.1995068
-0.58901924,-2.9771621,-0.7624528,7.789682,-0.5524653,-0.73699445,2.017735,-2.1062167
-0.84487957,-2.8310022,-0.13632144,5.990917,0.38164905,-0.8144918,2.0971253,-2.0299113
-0.6010556,-2.878794,-0.314297,6.630203,0.28624037,-0.5160392,2.1583323,-2.022727
-0.61277634,-2.9373848,-0.12506182,6.306596,0.38803357,-0.6786055,1.9916171,-2.1071212
-0.6999273,-2.8320913,0.00043527834,5.9095964,0.48357013,-0.584965,2.1468499,-1.9299408
-0.88419807,-2.7969005,0.6743812,5.219851,0.48487768,-0.71464556,2.0920126,-2.0915194
-0.67941934,-2.9011405,0.7686558,5.4383974,0.25870562,-0.6799553,1.8905319,-2.2343996
-0.64164,-2.9221187,0.34710008,5.6242623,0.5627051,-0.68635905,2.1116636,-2.062938
-0.6891126,-2.8898547,0.26160532,5.398868,0.8526592,-0.67291766,2.1933239,-1.9815665
-0.8485359,-3.054666,-0.31038383,5.8801036,0.7408887,-0.7323212,1.8916097,-1.9902941
-0.94045967,-2.6576328,-0.26643807,5.9586544,0.78664035,-0.66250867,2.1067853,-2.0319684
-1.1369727,-2.8261998,-0.02274747,5.5838404,0.68932897,-0.80722725,2.164574,-2.102109
-0.5160176,-3.0713084,-0.08537733,5.8499765,0.6880988,-0.70109755,2.0660756,-2.1877038
-0.48170972,-3.0230682,-0.23736727,5.7994165,1.0801018,-0.64177656,2.116602,-2.1040528
-0.77715796,-2.9995115,-0.33661318,6.013727,0.7534127,-0.61853427,2.13035,-2.1092567
-0.7508089,-2.9304197,-0.24349758,6.1075435,0.48878977,-0.67107373,2.0641744,-2.0593884
-0.8988803,-2.8989785,-0.42096546,6.2202044,0.530048,-0.8764955,2.0129995,-2.096925
-0.5696482,-2.812109,-0.7221446,6.0415044,1.1687318,-0.6863424,2.1223893,-2.1885104
-0.90503865,-2.8598971,-0.2684449,5.391136,1.1599697,-0.70263106,2.0672095,-2.2604911
-0.89598274,-2.791292,-0.117060356,5.4322233,1.0229417,-0.79752445,2.0663807,-2.2084563
-0.66152793,-2.8958578,0.052768208,5.53724,0.9402807,-0.62636006,2.1125247,-2.0787368
-0.72888863,-2.7910464,0.37268457,5.6398416,0.47262633,-0.65357983,2.2024155,-2.0356858
-0.8448012,-3.0503905,0.5893344,5.2800703,0.3578841,-0.6908873,2.269567,-2.217365
-1.0237236,-2.9834905,0.2500653,5.0660553,0.93280184,-0.85466343,2.0039096,-2.3246
-0.82706094,-2.8260763,0.10880413,5.7187405,0.51075596,-0.72822225,2.0820127,-2.214062
-0.9156901,-2.8732145,-0.12072332,6.185821,0.19725831,-0.79291785,1.8604685,-2.145875
-0.7554252,-2.8470635,0.21632417,6.5345254,-0.30909026,-0.58392835,1.9848703,-2.0771813
-0.85804266,-2.9242878,0.5966578,6.155534,-0.37901476,-0.68301374,2.1381335,-2.1011527
-0.83096266,-2.8410637,0.47932246,6.2093525,-0.28889248,-0.7706998,2.3388746,-2.0308244
-0.96437573,-2.8073351,0.058196597,6.054277,0.11527507,-0.7604535,2.15409,-2.1438966
-0.943028,-2.89526,-0.3667705,6.1246796,0.47601008,-0.6699471,2.1897159,-2.122038
-1.1609701,-2.7367296,-0.4771106,6.671336,0.01070158,-0.7582364,2.2046225,-2.0605881
-0.7293847,-2.9773886,-0.16760482,6.502232,0.04454551,-0.6675939,2.2160408,-2.301616
-0.74140304,-2.9010432,0.3519125,6.0446196,0.0674674,-0.7176378,2.2086167,-2.1900082
-0.8006038,-2.9682167,0.5479669,5.809763,0.109544136,-0.6897757,2.1500685,-2.2471347
-0.8547628,-3.0166743,0.36896318,5.916917,0.093521625,-0.73047733,2.0045233,-1.9620571
-0.6848531,-3.0744798,0.5088742,6.0215015,-0.1633907,-0.5662012,2.022962,-2.10779
-0.86301047,-2.8997467,0.21400897,5.9125605,0.21451755,-0.7619101,1.9314755,-2.094478
-0.73717207,-2.8996315,0.4797017,5.7955112,0.18015204,-0.59374523,1.9226885,-2.3082693
-0.91922796,-2.973441,0.8334214,5.441704,0.0005355839,-0.7076088,1.9875427,-2.1868582
-0.70211554,-2.9682267,0.7360798,5.358891,0.3118591,-0.6250406,2.1100538,-2.1438344
-0.7705937,-2.9506204,0.4107545,5.5421433,0.43222052,-0.6407748,2.0874677,-2.04153
-1.2572765,-2.7487295,0.16454294,5.8464527,0.12550908,-0.96538675,1.9074513,-2.2652779
-0.8834807,-2.7912471,-0.23985626,6.2634573,0.33506146,-0.76489383,1.9531475,-2.0351832
-0.6918173,-2.8777657,-0.24694341,6.641896,0.12831336,-0.67435116,2.1396272,-2.0859988
-0.91289043,-2.880707,-0.42316443,6.6502066,0.07908866,-0.70888746,2.2484019,-2.1693037
-0.97739875,-2.786492,-0.24754982,6.364753,0.30853385,-0.6417094,2.2353477,-2.3020236
-0.83552957,-2.86986,0.0011454271,6.2395,0.097459786,-0.8468033,1.9983377,-2.0952606
-0.83874446,-2.9532747,-0.16493037,6.2948456,0.17979789,-0.6860618,2.202051,-2.1242428
-0.68978703,-3.005196,-0.34759218,6.18367,0.66214544,-0.8077561,1.824128,-2.193905
-0.87652934,-2.879244,-0.5923922,6.280706,0.56174105,-0.69909114,2.02197,-1.9256028
-0.66015226,-2.9586751,-0.26766616,6.7006264,0.112419985,-0.68353397,2.0532215,-2.1822348
-0.62426335,-2.9685802,-0.32705244,6.87852,-0.064059064,-0.69126385,2.1547327,-2.0627098
-0.71251535,-2.958785,0.092452824,6.5294523,-0.19376439,-0.70313555,1.9439535,-2.142813
-0.815979,-2.8396032,-0.21960881,6.5837016,-0.0793257,-0.8537638,2.2462616,-1.9152861
-0.8742091,-2.8575494,-0.163444,6.5694537,0.04474629,-0.63085335,2.112388,-2.1482153
-0.7191381,-2.9235191,-0.04621443,6.6165257,-0.077408955,-0.71695334,2.0781069,-2.3295064
-0.72619706,-2.889493,0.372202,6.5239344,-0.40951267,-0.649238,2.170944,-2.1769786
-0.85897243,-2.9372578,0.48486403,6.349373,-0.5061888,-0.6843445,2.2213247,-1.9947833
-0.9726686,-2.8372123,0.46561468,6.553328,-0.69338906,-0.6972928,2.1831157,-2.096954
-0.7804636,-2.8557603,0.3927427,6.5965686,-0.60797477,-0.65866554,2.276997,-2.1146336
-0.78079385,-2.8534422,0.48116,6.5423703,-0.6830277,-0.8360744,2.2749875,-2.0701697
-0.6521539,-2.8512921,0.61730444,6.585543,-0.7200542,-0.6585938,2.1655748,-1.9792688
-0.8651166,-2.7907348,0.45190844,6.6376333,-0.6652193,-0.8332339,2.0405822,-2.197582
-0.3933953,-3.0430567,0.7573294,6.5337706,-0.68031317,-0.6356114,1.9492998,-2.0564508
-0.7339206,-2.8553343,0.5963004,6.368066,-0.48208353,-0.8160159,2.1798928,-2.3266535
-0.8215529,-2.8759396,0.38453463,6.1513314,-0.21695971,-0.72367877,2.2304463,-2.0563788
-0.82814884,-2.8875818,0.18068412,6.3635397,-0.20776251,-0.7171482,2.1625977,-2.1324673
-0.9731581,-2.8052273,-0.144367,6.52349,0.004760563,-0.7558529,2.1732285,-2.0456731
-1.2174828,-2.7522643,-0.6747739,6.526518,0.29943356,-0.8011992,1.9420018,-1.9771479
-0.6762653,-2.8786795,-0.86635053,6.719956,0.64354867,-0.68713474,2.1428695,-2.1725464
-0.6232946,-2.9743896,-1.244784,6.6336827,1.0637047,-0.63029945,2.0838242,-1.9486922
-0.69297177,-3.0063236,-1.3209888,6.493627,1.2635505,-0.66080076,2.1200292,-2.0996444
-0.7622768,-2.9357038,-1.2676642,6.476788,1.2501335,-0.6649764,2.0654502,-1.9999588
-0.89193934,-2.8378997,-1.3449799,6.169966,1.510997,-0.87685984,2.1978793,-2.2087274
-0.96240103,-2.8205402,-0.8920146,6.3895674,0.901836,-0.6999372,1.9433746,-1.9430307
-1.0058807,-2.7772946,-1.2285839,6.46148,1.1190637,-0.73608553,2.0568619,-2.1083462
-0.84327245,-2.7917604,-1.495847,6.615025,1.3669341,-0.72490835,2.1965046,-1.9180758
-0.36326337,-2.9232516,-1.4405586,6.855533,1.3396734,-0.6934949,2.0281272,-2.0460386
-0.78007555,-2.9867148,-1.5969565,6.8318357,1.0484145,-0.81245583,2.050663,-1.8976759
-1.0034721,-2.8441675,-1.3785225,6.882213,0.8435294,-0.7929109,1.9372319,-1.9676764
-0.7576551,-2.9033682,-1.1622201,6.5947847,1.0133125,-0.8762615,1.9232812,-2.1598895
-0.6814121,-2.9534943,-1.4429747,6.3472013,1.4499615,-0.7420475,2.2727096,-2.041377
-0.72950464,-2.8820903,-0.53616613,5.9420776,1.1400598,-0.67047554,2.1947536,-2.2194424
-0.77522904,-3.0361388,-0.3427651,5.332402,1.4376608,-0.7009906,2.1079073,-2.1152618
-0.85291356,-2.8579113,-0.22725372,5.2807164,1.2046546,-0.8696099,2.2112393,-2.0276022
-0.7151549,-2.9474921,0.1748263,5.189493,1.1400104,-0.79773176,1.8107574,-2.049036
-0.7472432,-2.9344637,0.20863678,5.0319285,1.131715,-0.6995321,2.1604,-2.1067731
-0.8635949,-2.8307633,0.17083062,4.794024,1.318618,-0.6811294,2.3015041,-2.0436146
-0.6434804,-2.9496515,0.5249396,4.6477537,1.3425504,-0.63899744,2.0042253,-2.2764487
-0.88817054,-2.917665,0.3570572,4.9939637,0.99069834,-0.64518595,2.05525,-2.0220678
-0.85830337,-2.962936,0.3390819,4.9618964,0.9299406,-0.78360015,2.117995,-2.0649805
-1.102643,-2.8757274,0.2751662,5.242241,0.6330553,-0.86853504,2.2656007,-2.1261594
-0.9493334,-2.876104,0.40084055,5.3323855,0.52958727,-0.7122234,2.1183147,-2.139553
-0.70973283,-2.8576012,0.5618067,5.2899613,0.5535243,-0.6100984,2.1118836,-2.0670588
-0.9181481,-2.8221054,0.6279963,5.1311665,0.64218074,-0.7504612,2.0973299,-2.1104925
-0.70438427,-2.9206188,0.8256348,5.6091876,0.03306939,-0.619075,2.1581354,-1.9821745
-0.65712583,-2.8013124,0.82843304,5.494627,0.17656831,-0.8482948,1.8978311,-2.132383
-0.8473374,-2.9074044,0.48150998,6.0542154,-0.19802257,-0.65839696,2.3987057,-2.1174757
-0.9500044,-2.8595705,0.31915623,5.666653,0.17535128,-0.71615386,2.0961695,-2.0397773
-0.8163731,-2.8801944,0.21319875,5.5285115,0.69354004,-0.66060114,2.0639048,-2.06656
-0.82647425,-2.96557,-0.76753,5.844099,1.2427057,-0.76523656,2.080286,-2.300035
-0.78410006,-2.9742532,-0.5116002,5.9224095,1.0192587,-0.6392101,2.187969,-2.0587687
-1.0303414,-2.925717,-0.773795,6.055159,0.9297969,-0.7454763,2.166204,-2.3935833
-1.009087,-2.7220237,-0.7156735,6.3906007,0.6576222,-0.8590024,2.2443645,-2.2301745
-0.91772515,-2.8455276,-0.36585116,6.0651073,0.59929615,-0.75221044,2.166525,-2.0873494
-0.70483613,-2.9366522,0.13182059,6.044831,0.41172498,-0.6714814,2.1400144,-2.095326
-0.7060871,-2.9255626,0.19315127,6.181912,0.16871774,-0.7005736,2.031058,-2.145366
-0.8488362,-2.8556643,0.12329097,6.4179153,-0.1285283,-0.71031964,2.184474,-2.220616
-0.74119467,-2.9492285,0.24035764,6.286066,-0.011356374,-0.5819455,2.021599,-2.216607
-1.0141038,-2.8401074,0.08430342,6.0458126,0.160266,-0.8360898,1.9906973,-2.143346
-0.6355179,-2.979485,0.1726123,6.360271,0.007448903,-0.75429547,2.0752993,-2.1318023
-0.6184954,-3.0789578,-0.052908372,6.3366885,0.11622211,-0.69659555,1.9078702,-2.035485
-0.7587026,-3.004299,-0.10752853,6.4514575,0.0395081,-0.6522695,2.0964425,-2.2045217
-0.96255285,-2.9077313,-0.005341891,6.3046994,0.033176187,-0.6964786,2.1470752,-2.1531434
-0.76964194,-2.7634592,-0.312727,6.3833113,0.29260513,-0.6587408,2.0900326,-1.928085
-0.5679533,-2.9116573,-0.3708614,6.2187347,0.74107593,-0.630459,2.1235228,-2.1626148
-0.30430374,-2.9390428,-0.28912747,6.0932627,1.0049832,-0.5935333,2.40575,-2.033068
-0.674289,-2.9365468,-0.6319073,6.318869,0.7720372,-0.7117434,2.0461,-2.1947699
-0.7929284,-2.9078434,-0.21304578,6.039415,0.653726,-0.8430943,2.105728,-2.1621308
-0.73783046,-2.869333,-0.27677992,6.2037764,0.6138363,-0.62850773,2.0224018,-2.0102515
-0.7100107,-2.8955917,-0.7162599,6.7181787,0.50295717,-0.6202573,1.9794362,-2.1001983
-0.7021672,-3.0244262,-0.4571264,6.494291,0.32989028,-0.69617474,2.190616,-2.0413218
-0.88036853,-2.8407214,-0.8160009,6.761552,0.45538992,-0.69760907,2.1000504,-2.0844667
-0.65139157,-2.94703,-0.8441061,7.0579214,0.27991104,-0.6698577,2.0578518,-2.211188
-0.8683754,-2.892338,-0.5585027,6.560273,0.19330321,-0.7976663,2.0626597,-2.1043494
-0.7764989,-2.8221009,-0.5866978,6.6623373,0.37857574,-0.68364084,2.0198355,-2.1345127
-0.939113,-2.8337784,-0.64890337,6.5357857,0.4414396,-0.7173084,2.0522294,-2.1553617
-1.0178736,-2.8659272,-1.1334779,6.814789,0.5697842,-0.7539008,2.1740117,-2.193733
-0.9390739,-2.906686,-0.7777878,6.470666,0.63777167,-0.7317107,2.2174656,-2.1316352
-0.9397161,-2.8681622,-0.58847713,6.38747,0.4306194,-0.9167695,2.1077538,-2.2157228
-0.69329894,-2.8949282,-0.1311671,6.2938194,0.20981556,-0.6876583,2.2806535,-2.1462138
-0.8254636,-2.8484766,-0.086369574,6.0431676,0.45660195,-0.6671723,2.134484,-2.1784465
-0.58504295,-2.8291614,-0.2575253,6.620539,0.28113827,-0.5475829,2.0963845,-2.1977303
-0.815501,-2.8646386,-0.3234849,6.270398,0.3510016,-0.8079942,2.3174608,-2.1794882
-1.0738598,-2.7899249,0.16609429,6.0892725,-0.034806944,-0.79916465,2.0295923,-2.094007
-0.93922734,-2.733924,-0.17170326,6.3379855,0.11622488,-0.870188,2.0630066,-2.1313624
-0.86430246,-2.8798008,0.075574614,5.993861,0.27431646,-0.6805314,2.2565696,-2.108037
-1.0194652,-2.8856077,0.065567926,5.9717355,0.29345143,-0.648265,2.2464771,-2.1607373
-1.0241195,-2.7702334,-0.0083337035,5.89814,0.37836352,-0.80238163,1.9085037,-2.2419956
-0.53584325,-3.078107,0.2580954,5.9164257,0.4948838,-0.6891573,1.9328358,-2.1327043
-0.7412006,-2.8622615,0.31730744,5.782119,0.36470178,-0.7025457,1.9710515,-2.1818154
-1.1058445,-2.815371,0.24223998,5.7758245,0.24254121,-0.8007789,2.1467679,-2.1552691
-0.9040147,-2.7687483,0.65917873,5.56025,0.1369553,-0.70570475,2.1456218,-2.1000028
-0.466367,-3.0645978,0.8572386,5.4299445,0.34767544,-0.6078903,2.2930949,-2.191342
-0.7134255,-3.0194886,0.49181765,5.600862,0.28075844,-0.7829637,1.9121672,-2.0120344
-0.8528501,-2.8613057,0.52209204,5.593088,0.2752541,-0.70109695,1.9147991,-2.1837866
-0.7809073,-2.8869438,0.5950593,5.7274704,0.07397522,-0.6639575,2.1135118,-2.2479491
-0.9278359,-2.8330374,0.7963091,5.6589117,-0.072134964,-0.6885028,1.707841,-2.0754797
-0.922975,-2.8236032,0.5881394,5.83207,-0.13448037,-0.732639,2.1098583,-2.387558
-0.80884933,-2.8649652,0.72823036,5.830153,-0.054491878,-0.66929346,2.1369221,-2.1485095
-0.91662556,-2.9358947,0.31169215,5.917888,0.033025563,-0.76817864,2.2012897,-2.1323552
-0.4614732,-3.017674,0.72487617,6.1564765,-0.29562944,-0.6399573,2.141572,-2.0630367
-0.9360346,-2.8974166,0.47161284,6.098502,-0.25297362,-0.6393398,2.2623768,-2.1323113
-0.8064778,-2.8930466,0.28771746,6.2283535,-0.13409908,-0.7243528,1.8516847,-2.0902538
-0.9868567,-2.831312,0.056712557,6.031674,0.19362229,-0.88967645,2.1810381,-1.9495877
-0.6529117,-2.877677,-0.2468158,6.702654,0.00090702745,-0.7089293,2.1212833,-2.132433
-0.60320216,-2.9584186,-0.20265399,6.514057,0.21039319,-0.8285335,2.0752287,-2.0377438
-0.74889195,-2.9917169,-0.6037499,6.6951556,0.31619292,-0.7210116,2.108685,-2.0040348
-0.41733226,-2.9345195,-0.12029191,6.3074465,0.48716575,-0.59217244,2.0826557,-1.9213821
-1.0114838,-2.8627036,-0.040161546,6.352204,-0.017218057,-0.635427,1.9858698,-2.0669115
-0.77880144,-2.997814,-0.17930669,6.2197657,0.29232126,-0.7296294,2.1740134,-2.1059067
-1.0438071,-2.834016,-0.28052884,5.783143,0.779345,-0.78628546,1.9699433,-2.2393405
-0.9028828,-2.8314738,-0.1647622,5.974527,0.59747547,-0.71649414,2.065295,-2.1828818
-0.9786234,-2.9424884,-0.37887833,6.1727037,0.49043325,-0.70676655,1.9714345,-2.140703
-0.88913995,-2.9423988,-0.21736753,6.2311816,0.2870574,-0.7942393,2.0940232,-2.350404
-0.6477186,-2.893898,-0.19187196,6.2200637,0.51966274,-0.62854475,2.094926,-2.0215433
-0.7851901,-2.9350817,-0.51840997,6.2047205,0.74170107,-0.8008258,2.1828494,-2.2525856
-0.5751645,-2.9075856,-0.16315873,6.505022,0.32900995,-0.54497576,2.115229,-2.0351305
-0.7204682,-2.8729134,-0.25933662,6.3129616,0.3986417,-0.66078997,2.0981817,-2.1977272
-0.9433995,-2.9559653,-0.38077497,6.268386,0.4014554,-0.77965397,2.014668,-2.1434786
-1.0116093,-2.757236,-0.59102833,6.449111,0.43764067,-0.84469175,2.074925,-2.2735376
-0.8902842,-2.8733053,-0.22629116,6.498291,0.104403205,-0.7243221,2.1307468,-2.1829379
-0.8248843,-2.911751,0.0527778,6.238804,0.19884767,-0.8876299,1.8448069,-2.2328594
-0.81255895,-2.8288326,-0.080599174,5.964342,0.52006644,-0.6627786,2.0118265,-2.0891764
-0.51779974,-2.923934,0.08920396,5.815106,0.5562485,-0.6004407,2.227682,-2.1121566
-0.79872525,-2.9414496,0.04700659,6.0061884,0.38640642,-0.7775289,2.1554658,-2.1885672
-0.70846146,-2.8762996,-0.26154825,6.1807942,0.6300357,-0.6243127,2.1121268,-2.2182233
-0.5317684,-3.0614336,-0.4764648,6.707528,0.3526368,-0.7013707,2.137338,-2.0314314
-0.6565149,-2.9584532,-0.4972332,6.7085757,0.36797163,-0.66133314,2.1713228,-2.143644
-0.82550335,-2.9447668,-0.73208886,6.661305,0.4588416,-0.8895493,2.0000505,-2.2405603
-0.9669897,-2.8337135,-0.33308747,6.8473177,-0.21364164,-0.6691418,1.9208442,-2.1379004
-0.5185764,-3.018295,0.010202169,7.134959,-0.49762365,-0.5944917,2.0941107,-2.2327354
-0.8234017,-2.831307,0.10861377,6.996617,-0.72499704,-0.6913564,1.8214914,-2.119893
-0.8116206,-2.788572,0.042482276,6.9799805,-0.60640764,-0.7226909,2.103287,-2.0795348
-0.8147377,-2.9223855,-0.13261174,6.892868,-0.3790161,-0.7549174,2.1840343,-2.151341
-0.42704672,-3.0118759,0.312219,6.6205626,-0.31226712,-0.5246249,1.938321,-2.0249646
-0.9753857,-2.8456345,0.19414455,6.5850725,-0.42688388,-0.79097,2.165431,-2.1638863
-0.8291247,-2.8328397,0.28490475,6.7344737,-0.6387657,-0.89578265,2.066939,-2.126599
-0.6265385,-2.983991,0.5055681,6.401332,-0.33060488,-0.709686,2.0491743,-2.1825109
-0.779753,-2.873043,0.9193847,5.9947305,-0.4947216,-0.7464817,2.1769292,-2.2171264
-0.9654244,-2.805395,0.5708526,6.3563504,-0.60100335,-0.74972236,1.9614259,-1.9437183
-1.204876,-2.6747308,0.94421905,5.48549,-0.23186472,-0.8539802,1.9860541,-2.1653566
-0.88184315,-2.915847,1.0174122,5.463159,-0.21907058,-0.9385657,1.9024688,-2.4570713
-1.0350426,-2.8196828,0.89998895,5.511386,-0.12006508,-0.86274093,2.268369,-2.1933124
-0.6957387,-2.9007545,0.6074505,5.4694133,0.4531742,-0.7450458,1.9541148,-2.0050645
-0.8970105,-2.9021208,0.67887145,5.0629616,0.6028082,-0.7174042,2.2666419,-2.1330764
-1.0295099,-2.7651765,0.5938185,5.201338,0.5312499,-0.74633396,1.9373906,-2.1448042
-1.0491298,-2.8788984,0.67782384,5.38219,0.20580849,-0.70865,2.151611,-2.1343834
-0.7887645,-2.873034,0.67737114,5.4974694,0.1691472,-0.6916925,2.4747903,-2.0868227
-0.84754777,-2.852833,0.78216594,5.240567,0.3980556,-0.73865926,1.9234838,-2.0411432
-0.79645675,-2.86602,1.0715748,4.5884156,0.58729964,-0.8389586,2.045771,-2.2561092
-0.8138937,-2.912517,0.753427,4.849185,0.63744336,-0.7235925,2.16466,-2.0188427
-0.7514227,-2.8049638,0.9160095,5.4747653,0.21489045,-0.6662252,2.073225,-2.0755146
-1.0029438,-2.8758008,1.1070429,5.422105,-0.1983343,-0.7983478,1.9265182,-2.0009315
-0.6063918,-2.9436035,1.4162576,5.44272,-0.23071013,-0.8352819,2.2033057,-1.9905525
-0.7337744,-2.9637105,1.4925392,5.087893,-0.16681562,-0.72903544,1.9739238,-2.1295033
-0.8686176,-2.9751933,1.1220964,5.431205,-0.22865604,-0.7269042,2.0197783,-2.1330602
-0.6728805,-2.9177387,0.9213191,5.591778,-0.0062885717,-0.6671593,2.0392997,-2.277505
-0.93689245,-2.9398718,0.514888,5.2030582,0.6703845,-0.8019952,2.1754107,-2.2034886
-0.7102444,-2.8974893,0.35598537,5.249414,0.9110668,-0.6434327,2.1118217,-2.3029478
-0.6694283,-2.9155688,0.61967087,5.162039,0.6899051,-0.7033152,1.974119,-2.139092
-0.6739241,-3.0066805,1.0425748,5.0183654,0.42031896,-0.6501391,2.078781,-2.1116788
-0.79810923,-2.9381812,0.8290543,5.181463,0.40889403,-0.6873011,2.0998957,-2.2896342
-0.74797624,-3.0950794,0.6340854,5.2472095,0.53266835,-0.71220165,1.9596987,-2.2687464
-0.76495063,-2.991321,0.13276967,5.567933,0.71536034,-0.68133205,1.8953793,-1.9676877
-0.7230517,-2.8548114,0.3220874,5.3273473,0.82072777,-0.619789,1.9373512,-2.1855848
-0.7652782,-2.8805592,0.23349856,5.1359925,1.0355446,-0.799622,2.093377,-1.9346069
-0.7570877,-2.944652,0.3802622,5.324074,0.7772532,-0.7628523,2.0679464,-1.9704125
-0.898516,-2.7712815,0.3453202,5.4229703,0.46235934,-0.7394454,2.0195198,-2.1457589
-0.66772056,-2.897675,0.31133237,6.0612082,0.05671606,-0.70085114,2.1228416,-2.0888157
-0.6317007,-2.9495642,0.29699048,5.694754,0.44897702,-0.668991,2.2759407,-1.9921942
-0.965448,-2.8267353,0.117232606,5.816817,0.39767465,-0.95969397,2.204188,-2.0372226
-0.8295896,-2.9629247,0.10052266,5.7298265,0.60011154,-0.6675886,2.26514,-2.273968
-0.8068282,-2.8555095,-0.012539664,5.7601533,0.6541911,-0.6695432,2.127659,-2.2557278
-0.55399036,-2.9428194,0.055221055,6.214014,0.29701528,-0.77582735,2.1189635,-2.2433105
-0.83408207,-2.824222,-0.06662869,6.2155766,0.26667184,-0.5967884,1.9910921,-2.1732252
-1.0058218,-2.9304237,-0.0029319543,6.2454767,-0.017276866,-0.8103027,1.9929694,-2.038301
-0.7843215,-2.7653618,0.1288694,6.2184877,0.24655965,-0.5616321,1.8902984,-1.8263234
-0.89282596,-2.8330152,0.22566938,5.843018,0.16846946,-0.700987,2.0981092,-1.882303
-0.92359495,-2.8460867,-0.11840538,6.1806774,0.28640836,-0.6906468,2.2205844,-2.207696
-0.8950886,-2.8268857,-0.3185125,6.4541187,0.1596232,-0.65825903,1.9540757,-2.244016
-0.88208157,-2.9105463,-0.50932074,6.788188,0.044129197,-0.96239746,2.06579,-2.1061616
-0.8415954,-2.8488672,-0.3025586,6.8382435,-0.22718275,-0.8552595,1.8883559,-2.1012132
-1.0138352,-2.884152,-0.4569716,6.584837,0.0016118875,-0.75696534,2.1214693,-2.070444
-0.7311021,-2.9010718,-0.641856,6.888307,0.21019945,-0.68329287,2.04557,-2.1025953
-0.9872586,-2.8329303,-0.71521014,6.9146852,0.05911777,-0.7072644,2.1114526,-2.0777671
-0.9190894,-2.84167,-0.35246637,6.830533,-0.030143268,-0.5890512,2.165408,-1.81598
-0.7152313,-2.9763396,-0.56382227,7.0176187,-0.020946674,-0.77168787,2.1945364,-2.2028675
-0.79332614,-2.802621,-0.18371977,6.6252723,-0.07065526,-0.54155535,2.1184254,-1.9549179
-1.1540774,-2.7544904,-0.53761977,6.5736723,0.21107982,-0.8119819,2.0898426,-2.1993392
-0.93275964,-2.864087,-0.33642697,6.648459,0.009579439,-0.7738455,2.2653062,-2.0037167
-0.7432746,-2.9897487,-0.6943655,6.7277536,0.3876049,-0.6222954,1.9408265,-2.0096316
-0.55837107,-3.0180829,-0.574572,6.7284565,0.35902846,-0.5480084,2.1525662,-2.1122231
-0.6803775,-2.9433734,-0.47199667,6.7977085,0.20442827,-0.72338116,1.887137,-2.2725875
-0.7585499,-3.0170035,-0.5660701,6.552766,0.37678614,-0.65777886,2.018672,-2.145072
-0.5605767,-3.103052,-0.6840581,6.427651,0.8149418,-0.56646264,1.8639886,-2.15837
-0.89237636,-2.914444,-0.9082757,6.5217032,0.7484933,-0.76704645,1.9477264,-2.2721665
-0.9059193,-2.8587425,-0.7396049,6.4701705,0.6381161,-0.72913,2.0108995,-2.1980767
-0.93351835,-2.974742,-0.3867824,6.089097,0.67724913,-0.6274922,2.0055008,-2.1703334
-0.7908009,-2.8573387,-0.4514826,5.816174,1.0755252,-0.7711232,2.1082997,-2.2647414
-0.8579961,-2.813255,-0.8673707,6.1230974,1.152303,-0.68883204,2.0404553,-2.1332982
-1.0833603,-2.8257558,-1.1138374,6.1770716,1.2401692,-0.7657031,2.1191013,-2.0247836
-0.9123185,-2.8656342,-1.1395329,6.055286,1.3436394,-0.7767654,1.9079945,-2.1758416
-0.7655477,-2.9050243,-1.1603441,5.898636,1.6271944,-0.84738404,2.076611,-2.0368695
-0.8089157,-2.852369,-0.86718005,6.1301603,1.1638851,-0.7872113,2.0695963,-2.145889
-0.6332712,-2.9933648,-0.81143516,5.9068565,1.4813837,-0.6008269,2.1485198,-2.0056887
-0.79126453,-2.9728236,-0.6895581,6.30206,0.6925109,-0.8238274,2.127278,-2.1606662
-0.96182686,-2.7465277,-0.6938722,6.229856,0.8116176,-0.72056854,2.018913,-1.980188
-0.583466,-2.8957977,-0.51537025,6.1708746,0.84045225,-0.68082386,2.3396192,-1.885878
-0.69306743,-2.870729,-0.76595116,6.4549437,0.78556305,-0.61578906,2.050311,-2.190068
-0.59840786,-3.0323594,-0.5490653,6.278356,0.80423987,-0.6516396,2.2554162,-2.1014392
-0.8442119,-2.9499269,-0.9198921,6.4182706,0.7554063,-0.729977,2.2312412,-2.1474774
-0.8477785,-2.9225912,-0.8135416,6.434966,0.93538463,-0.7444094,2.2235885,-2.0603998
-0.39383072,-3.230275,-0.8640462,6.2120566,1.1886272,-0.69966155,1.9775776,-2.1572154
-1.0473695,-2.8033834,-1.0136858,6.1529393,1.0755147,-0.82524073,2.1261432,-2.1558485
-1.0828526,-2.794465,-0.91056293,6.119671,0.994881,-0.70658076,1.8871558,-2.1046968
-1.0206228,-2.736721,-0.8226601,5.966968,1.192841,-0.6963051,2.0729282,-2.247943
-0.5350903,-2.9382105,-1.0919821,6.158629,1.5739202,-0.57950443,2.131922,-2.1494393
-0.65095574,-3.0118575,-1.1304383,6.111097,1.4701412,-0.79086775,1.7754716,-2.2389948
-0.793874,-2.7504632,-0.3134244,5.605157,1.1015388,-0.745814,1.9446166,-2.1795568
-0.76413953,-2.9260097,-1.0427737,6.074376,1.3821152,-0.74133337,1.9766772,-2.1858852
-0.9309084,-2.9215047,-0.81351477,5.9313917,1.3169184,-0.7207854,2.2700126,-2.1461446
-0.52101564,-3.0824256,0.110409774,5.643162,0.8989398,-0.6980956,1.9183546,-2.1141758
-0.925322,-3.0494173,0.30969632,5.2508035,0.65795946,-0.85534555,2.0098479,-2.2600389
-0.9382357,-2.8467114,0.2805185,5.178516,0.93293965,-0.66310436,2.1436012,-2.1704354
-0.94164896,-2.8559709,0.5400906,5.175585,0.7265509,-0.7498504,2.0610976,-1.9824603
-0.85229933,-2.920158,0.5910154,4.8821054,0.9321767,-0.6674433,1.9713507,-2.0745625
-0.7350633,-2.8301182,0.00060542277,4.968184,1.3270516,-0.662208,1.9893311,-1.9504431
-0.7433002,-2.946633,0.37820286,5.3666735,0.70289665,-0.6181162,2.15597,-2.2315917
-0.99087876,-2.7907958,0.16200787,5.4883327,0.66444737,-0.75033176,2.2789655,-2.0122056
-1.0163945,-2.7945938,-0.16068618,5.6768956,0.7026244,-0.6668826,2.1424947,-2.0862868
-0.8072048,-2.8869946,-0.34297973,5.7973104,0.8896212,-0.68560606,2.0214794,-2.0023468
-0.8262459,-3.030088,-0.4055946,5.986353,0.82380587,-0.7390446,2.0032566,-2.2822697
-0.78057015,-2.8848453,-0.36446863,6.0163097,0.8012828,-0.6415058,2.1022937,-2.2050588
-0.73088855,-2.9285939,-0.4348511,5.910798,0.9224383,-0.72635585,2.024845,-2.2271671
-0.9034647,-2.8746212,-0.1694858,5.776933,0.7613807,-0.72106105,1.9600443,-2.1648662
-0.8838138,-2.7569425,-0.5027117,5.4112253,1.5229055,-0.745091,1.8568927,-2.055463
-0.7123701,-2.8501377,-0.0021775446,4.9836726,1.4850483,-0.57313526,2.1451724,-2.0956092
-0.797902,-3.030162,0.13706872,4.9452024,1.3808659,-0.6357071,2.1539595,-2.0761786
-0.72237056,-2.8692129,0.44885218,4.7703567,1.1178012,-0.7192732,1.92548,-2.0842967
-0.75178933,-3.0356166,0.5490016,4.914976,0.96806324,-0.7087806,2.0213752,-2.1785312
-0.67831576,-3.0284722,0.023899276,5.397055,0.9738453,-0.73582196,2.4050817,-1.9693052
-0.944914,-2.7379642,0.5907843,5.2664933,0.4952882,-0.5493079,1.9166088,-2.1185913
-0.9930121,-2.8178263,0.27145383,5.5957437,0.4594312,-0.7695794,2.180742,-2.2176275
-0.9547749,-2.8649752,0.265715,5.551959,0.56567234,-0.650956,1.9849175,-2.1470041
-0.6177282,-2.9745674,0.59876335,5.3861094,0.6298536,-0.62579477,2.1488113,-2.1089737
-0.9073192,-2.831517,0.8074184,4.981818,0.50702506,-0.6702556,2.3742955,-2.1666434
-1.0712514,-2.7055106,0.91779506,5.079932,0.2668896,-0.725902,2.0408874,-1.8999316
-0.4790298,-2.9438639,0.74324816,4.9444227,0.7882989,-0.6731546,2.0653324,-2.0530753
-0.7846812,-2.8715909,0.80067277,4.3387837,1.1616453,-0.5850108,2.2221167,-2.1306522
-0.77050704,-2.8412352,0.19654427,5.6896014,0.51315194,-0.75377333,2.3108199,-2.2326932
-0.7799223,-2.8597806,-0.08521094,5.8941607,0.6995445,-0.61215204,2.0948675,-2.140329
-0.61427236,-2.9337873,-0.21811439,6.367005,0.44339132,-0.56986076,2.0347872,-2.0053437
-0.39766118,-3.098494,0.28934506,6.06502,0.24795432,-0.57103974,2.1086369,-2.196842
-0.6224904,-3.0119138,0.34218618,5.963498,0.15739362,-0.6504656,1.981732,-2.1779125
-0.3909579,-3.1449854,0.17435327,5.7709723,0.7153575,-0.62738615,2.2601657,-2.1278791
-0.8327547,-2.8364537,0.28556722,5.9039702,0.19614278,-0.74393415,2.1667786,-2.2037826
-0.65644586,-2.865188,-0.0817113,6.146265,0.40831265,-0.7084016,1.9123166,-2.2251642
-0.55373454,-2.9594283,0.13219063,6.067468,0.29663345,-0.5597613,1.8911394,-2.0629056
-0.84485674,-2.8635688,0.04936605,6.0339594,0.17867665,-0.7663914,2.1371558,-2.2035458
-0.7422385,-2.8806274,0.2419161,6.239895,-0.18156126,-0.6092043,2.1947346,-2.0111668
-0.6405536,-2.9816492,0.6279131,6.074444,-0.18542863,-0.59372944,2.0815005,-2.0737343
-0.67273635,-2.8608632,0.6143206,5.9430504,-0.028826118,-0.6322075,2.1087136,-2.1674004
-0.93473786,-2.8758364,0.6582862,5.7496114,-0.1854852,-0.68044305,2.006705,-2.1060543
-1.2311769,-2.804063,0.9651725,5.5713706,-0.45155838,-0.9785204,2.0309033,-1.955061
-1.036673,-2.8985407,0.68187624,5.1167545,0.41136086,-0.8036817,2.0111678,-2.1493733
-0.7200569,-3.0523305,0.5371591,5.3619485,0.527848,-0.6820936,2.068656,-1.9676534
-0.7619026,-2.9811335,0.3471223,5.47108,0.5107325,-0.7210396,2.2031007,-1.9744384
-1.0053345,-2.9604628,0.39624667,5.4631944,0.46498007,-0.71691906,1.9383011,-1.9265305
-0.7428408,-3.058519,0.21352306,5.403999,0.7673905,-0.7108262,2.329459,-1.9889807
-0.80555356,-2.9450054,0.1450791,5.323347,0.8847416,-0.53576285,2.126937,-2.0933557
-0.79702175,-2.9094324,0.19382334,5.2179275,1.0285686,-0.65964186,2.2365677,-2.1777632
-0.6895775,-2.9755912,0.83726233,4.9486856,0.62461156,-0.6245425,2.1825871,-2.2592368
-1.069444,-2.8567643,0.8101034,4.5330887,0.8062433,-0.7531848,2.2118158,-2.2392502
-0.77697206,-2.8085096,1.2912934,4.284872,0.7525253,-0.8464952,2.0483367,-2.1085222
-0.73389125,-2.953204,1.2860609,4.3865433,0.6892907,-0.65588456,1.9922246,-1.978433
-0.7218554,-2.9794738,1.6006383,4.1660748,0.6935146,-0.8221643,2.0872548,-2.1536748
-0.6498475,-2.8873782,1.448574,4.647829,0.46440384,-0.67356217,2.1443598,-2.2435749
-0.78384733,-2.9917245,1.1971854,4.9368024,0.25965822,-0.6699409,1.9981652,-2.1712534
-0.7892102,-2.9776642,0.8043627,4.9956203,0.5866254,-0.72513247,2.2401278,-2.136862
-0.77137315,-2.8444383,0.6467303,5.1706643,0.6588859,-0.5658595,2.1502676,-2.1214936
-0.67693025,-2.9718804,0.40013266,5.0483932,1.0083609,-0.5875522,2.210388,-2.2003138
-0.72169536,-2.8745818,0.29216373,5.0035353,1.2494047,-0.6446046,1.9794748,-2.2607765
-0.7934639,-2.8973885,0.39265096,4.8135486,1.2566822,-0.70491993,2.1477425,-2.2396219
-1.1927377,-2.6250906,0.24814649,5.0647354,0.9795493,-0.7445808,2.087328,-2.0641897
-0.71182376,-2.9912717,0.19007201,4.8413463,1.4058902,-0.7537865,2.1934633,-2.2685077
-0.5578836,-3.0675273,0.14159481,4.686933,1.731393,-0.60592574,2.0986912,-2.0361753
-0.68668777,-2.981494,0.16221234,4.5825286,1.7274256,-0.65265065,2.2634242,-2.021724
-0.6022425,-2.9860346,-0.037654415,4.7420864,1.9044704,-0.7288451,2.2001126,-2.2518466
-0.73645234,-2.858741,0.1366456,4.6278143,1.8611119,-0.61087734,2.0311346,-2.1284246
-0.36324692,-2.8743262,-0.12130404,4.5204077,2.2250712,-0.58256394,2.268329,-2.0195007
-0.97231996,-3.0230072,-0.32957253,4.661117,2.0222619,-0.88627696,2.0552182,-2.3360686
-0.79832375,-2.9122524,-0.039413743,4.7086964,1.8381275,-0.59464186,2.1312037,-2.272727
-0.67681265,-2.8347347,0.13988367,4.7362905,1.5029594,-0.76924956,2.2701402,-2.0462563
-0.54140383,-3.0715125,-0.01683377,4.9607387,1.5565668,-0.64701074,2.3364074,-2.0932379
-0.9749166,-2.7755268,-0.0068227206,4.8932047,1.4390341,-0.72592336,2.035173,-2.2262733
-0.7695565,-2.9461718,-0.0053122975,5.090842,1.288219,-0.8433837,2.1025484,-2.1267323
-0.8545412,-2.8730016,-0.28178793,5.559834,1.1115105,-0.6127664,2.0164478,-2.163787
-0.9234929,-2.9787495,-0.20239772,5.7806845,0.7464647,-0.66420984,2.1545527,-2.2568448
-0.83053297,-2.8860419,0.016175015,5.2749543,1.0497417,-0.69181406,2.1108632,-2.158281
-0.56637996,-3.0202262,0.0014139903,5.3043866,1.1939063,-0.75525737,2.003602,-2.0444736
-1.0270897,-2.9127815,0.066427186,5.4834046,0.6811191,-0.7388795,2.0389779,-2.185684
-0.9984974,-2.7939668,0.40712178,5.337984,0.61779934,-0.6924904,2.1880589,-2.1834743
-0.89624006,-2.8290567,-0.22802977,6.0080066,0.5209116,-0.7555077,2.1064456,-1.9808828
-0.9109877,-2.890776,-0.39289993,5.7689195,1.0322723,-0.6673922,2.1743088,-2.1714435
-0.8565706,-2.9174657,-0.475588,5.8576183,0.9430767,-0.75845194,2.1764483,-2.2565098
-0.7290329,-2.8172836,-0.62529707,6.1000643,1.0555495,-0.68140936,2.010512,-2.2184393
-0.73776996,-2.8805823,-0.58076763,6.285296,0.7240153,-0.84502715,2.0446393,-1.97893
-1.0060802,-2.7525313,-0.21814057,5.9256396,0.56334186,-0.705645,1.9923251,-1.9860848
-1.0953705,-2.7426414,-0.3937696,6.1791306,0.47620773,-0.6301218,2.1839936,-2.1755269
-0.8423289,-2.845495,-0.32996517,6.0667214,0.6237632,-0.6941712,2.095617,-2.2168336
-0.8343368,-2.9469318,-0.54062814,6.2020173,0.7253667,-0.69400483,2.0303285,-2.2422953
-0.710501,-2.9146376,-0.6505681,6.355633,0.7430111,-0.7008444,2.1467197,-2.2423062
-0.70723724,-3.0502927,-0.8757138,6.314927,1.0007911,-0.77207476,2.0013347,-2.246096
-0.7856205,-2.9042532,-0.8003864,5.981528,1.2750417,-0.67894983,2.0194714,-2.1122515
-0.89658785,-2.9076588,-0.7830161,6.077658,1.1318723,-0.7844917,2.2556255,-2.0951118
-0.72708786,-2.8968961,-0.5338792,5.6207337,1.3515441,-0.6851319,2.1619968,-2.19988
-0.8445309,-2.8862598,-0.5535145,5.7364883,1.226121,-0.7761202,2.2977333,-2.1041272
-0.85022444,-2.9078994,-0.2320503,5.4592414,1.1102399,-0.8131864,1.9183594,-2.188985
-0.964505,-2.896405,-0.3560766,5.071478,1.7230828,-0.76518035,2.0199924,-2.4232059
-0.85985905,-2.8561158,-0.5393173,5.109754,1.7707002,-0.79065186,1.9198451,-2.0933194
-0.9827818,-2.8172145,-0.7492002,4.984836,2.1407678,-0.7989169,2.134145,-2.4302227
-0.7976943,-2.8382268,0.08569184,4.4353976,1.8311844,-0.70976526,1.9273033,-1.9999896
-1.1077535,-2.8183575,-0.10433528,4.500367,1.8290958,-0.8913362,2.0845728,-2.2571647
-0.77894914,-2.975643,-0.19165945,4.4951963,1.981971,-0.68560445,2.1088696,-1.8573287
-0.7891918,-2.8535647,-0.2600983,4.615919,2.2066255,-0.665664,1.813555,-2.2776418
-1.3175434,-2.8169134,0.18177967,4.347832,1.5890832,-0.9883783,2.2818096,-2.1232963
-0.9595825,-2.8355982,0.8518969,4.3543897,1.1947296,-0.63248605,2.0993133,-2.1463604
-0.79867035,-2.8353875,0.46087107,4.748832,1.240045,-0.6343825,2.2178018,-2.1803074
-0.8106502,-2.9287486,0.31668675,4.970827,1.1332366,-0.6756279,2.0858104,-2.055497
-0.9994905,-2.8587854,0.11750546,4.8194456,1.2610826,-0.7697816,1.9588013,-2.2141569
-0.7502366,-2.80814,0.24887235,4.8221865,1.5110584,-0.6568023,2.1619768,-2.1588752
-0.7221592,-2.8446922,0.023576092,5.309215,1.2121055,-0.64711386,2.1490917,-2.107843
-0.5499377,-3.0883892,-0.044848748,5.2495794,1.3019226,-0.6256382,1.8768256,-2.1279428
-0.7754541,-2.972038,-0.07801443,5.482878,0.9704312,-0.6903226,2.1858811,-2.1698308
-0.74695045,-2.8138113,0.42338085,5.4338813,0.6306947,-0.7299585,2.0693116,-2.0523283
-0.90251505,-2.8183446,0.43778244,5.747158,0.1192208,-0.66980094,2.2659092,-2.040577
-1.0280526,-2.8538685,0.4362496,5.453787,0.3936942,-0.7644378,2.191977,-2.2820163
-0.73670995,-2.9114397,0.32790965,5.918691,0.21269134,-0.721265,2.0339968,-2.0951834
-0.7457372,-2.9631941,-0.080601044,6.306756,0.14734566,-0.76226896,2.0947695,-2.1611032
-0.82002133,-2.8966842,0.04756578,5.8363166,0.48972476,-0.7017499,1.8806744,-2.0806954
-0.85407513,-2.949591,0.2520177,5.756482,0.3519499,-0.7610147,2.0459003,-1.9923798
-0.600699,-2.983813,0.487808,5.7417984,0.28369266,-0.6457475,1.9473355,-2.0830784
-0.7610186,-2.91321,0.28393075,5.973304,0.14935507,-0.8302915,1.979578,-2.247709
-0.8226677,-2.9145842,0.24343419,5.8432727,0.26641807,-0.6076096,2.1669762,-2.3012128
-0.91817594,-2.888828,-0.2218981,6.0160995,0.5565611,-0.8852811,1.9948573,-2.1030912
-0.6527903,-2.8935347,0.5134777,5.4575267,0.58886844,-0.64297444,2.1058068,-2.0394936
-0.7258958,-2.972666,0.46242398,5.4740925,0.61502767,-0.7234881,2.0049522,-2.2463095
-0.5590486,-2.9979103,0.6542328,5.16987,0.7175156,-0.67633975,2.040614,-2.0872304
-0.9008761,-2.8569016,0.72694254,5.495808,0.19503683,-0.6155901,2.0654483,-2.0851207
-0.6256997,-2.8558354,1.1288319,5.674421,-0.37004352,-0.7776559,2.4282138,-1.9670424
-0.48228213,-2.9366674,0.94390243,5.7443976,-0.07840872,-0.5875843,2.0721588,-2.3012393
-0.7739098,-2.9042864,0.6989945,5.9849486,-0.29347658,-0.7570516,2.1926522,-2.0433924
-0.7994509,-2.9308589,1.0117394,5.601746,-0.15754484,-0.79304725,2.0420942,-1.9377202
-0.8484468,-2.8620682,0.9203245,5.560459,-0.079950966,-0.73367995,2.115831,-2.0641415
-0.7081752,-2.8209834,0.51253134,5.7793036,0.2744371,-0.6469717,2.0043929,-2.1001687
-0.9974707,-2.8802798,0.3722425,5.561238,0.3670996,-0.7243866,2.1103475,-2.1574337
-0.6870006,-2.9094496,0.942084,5.232327,0.30639213,-0.66477597,2.0190434,-2.205831
-1.0461224,-2.8636327,1.013044,5.1351533,0.021251615,-0.9243624,1.9753475,-2.1941063
-0.830696,-2.771609,1.0122304,5.1599736,0.3195585,-0.639893,2.0297418,-2.2453237
-0.6113218,-3.0531468,0.7939974,5.3116536,0.43702114,-0.6373574,2.20348,-2.0719187
-0.86237967,-2.7639642,0.6736512,5.9203396,-0.10768215,-0.7157917,2.171999,-1.9738882
-0.9390292,-2.9052074,0.58240134,5.772481,-0.018924646,-0.7629767,2.0195146,-2.0576887
-0.7430008,-2.90197,0.584819,5.918842,-0.12549312,-0.59165156,2.1720366,-2.1408987
-0.79931545,-2.9403272,0.7001582,5.9603686,-0.2521655,-0.670904,1.7913436,-2.1096854
-0.87817276,-2.8504748,0.4779305,6.0379825,-0.14964388,-0.680867,2.1541827,-1.981343
-0.63792604,-2.8841946,0.6400739,6.084117,-0.3856478,-0.6532645,2.0626607,-2.2640312
-0.5834766,-2.9795551,0.7553548,5.6302323,0.12504867,-0.5979426,2.2226093,-1.9111772
-0.77577305,-2.9181166,0.4097141,6.2641053,-0.22049856,-0.73847544,2.2427716,-2.2465556
-0.93108696,-2.8491106,0.28047663,5.921471,-0.0063557397,-0.8644065,2.0855129,-2.1267228
-0.7104369,-2.989604,0.006992738,6.257164,0.16388245,-0.97000664,1.8190966,-2.0428553
-0.9860831,-2.8550022,0.13861267,5.8222027,0.37278464,-0.804945,2.0809298,-2.0626185
-0.981964,-2.9217398,-0.031049259,5.693857,0.64352,-0.9643448,2.0955245,-2.0198698
-0.9764743,-3.0063498,-0.36990058,5.6748857,0.98480016,-0.7085734,2.022148,-2.0922601
-0.68280077,-3.013826,-0.59820944,6.332573,0.82934463,-0.6492126,2.0856972,-1.9918908
-0.7022159,-2.9253855,-0.5103988,6.370669,0.65450287,-0.64211756,2.1709595,-2.253001
-0.6101949,-2.9164417,-0.5106127,6.384526,0.6146895,-0.703246,2.2108767,-2.0473886
-0.7927217,-2.8050766,-0.78642404,6.523736,0.61265165,-0.6634656,1.9439176,-2.062767
-0.6091211,-3.0374134,-0.624812,6.4991775,0.599426,-0.5159692,2.2166603,-2.0480223
-0.85244787,-3.0323315,-0.23739919,6.5209565,-0.030387104,-0.710829,2.2618718,-2.0796833
-0.69314605,-2.911504,-0.2063637,6.616289,0.133715,-0.5687009,2.1911924,-1.9791133
-0.6981559,-2.9242225,0.13865629,6.406132,-0.038375407,-0.52869004,2.0950408,-2.2098596
-0.8563446,-2.7300115,-0.009530844,6.110236,0.30996695,-0.7264931,2.1452386,-2.111466
-0.7901575,-2.968321,-0.043615457,5.9319606,0.5400475,-0.6649325,2.037215,-2.0694668
-0.9930655,-2.8198311,0.04666767,5.582863,0.665929,-0.7608748,2.3117628,-2.179373
-0.876383,-2.8703828,0.10855624,5.596857,0.62397456,-0.6479177,2.2709525,-2.157396
-1.1009005,-2.8257463,0.4164834,5.357054,0.5037452,-0.8739148,2.064435,-2.195384
-0.7579089,-2.9369402,0.489901,5.4983554,0.54452354,-0.6255637,1.9923764,-2.2581136
-0.63587564,-3.0245428,0.6001994,5.1912565,0.5827521,-0.5932981,2.1867487,-2.166245
-0.67835855,-2.9764652,0.5658239,4.698676,1.1652381,-0.77602845,2.1212423,-2.105754
-0.4249636,-3.1282332,0.7556503,4.544989,1.2358112,-0.60930777,2.0322032,-2.1882553
-0.7918951,-2.9477692,0.5955433,4.504347,1.4130753,-0.7013182,1.9623026,-2.1544542
-0.9305827,-2.82442,0.40444982,4.8553624,1.1879033,-0.71594095,2.2684073,-2.0879078
-0.78147,-2.912895,0.6592148,4.8164573,0.99088717,-0.6509259,1.8912355,-1.9705272
-0.8844438,-2.8481386,0.23907906,4.9514647,1.1390836,-0.84723663,2.090904,-2.0278938
-0.8047897,-2.785611,-0.1659512,5.333036,1.2696064,-0.7248577,2.0576575,-2.0673997
-0.87718445,-2.865358,-0.1725479,5.2729573,1.2106317,-0.7011566,2.1270313,-2.1729906
-1.1197238,-2.730351,-0.095269606,5.395466,1.0090274,-0.78440773,2.268205,-1.9645501
-0.9282244,-2.9210622,-0.27999744,5.444016,1.0954016,-0.8177713,1.9371352,-2.2293496
-0.9465137,-2.780666,-0.059462525,5.711895,0.5809677,-0.76291883,2.307068,-2.041842
-0.7820141,-2.9548028,0.19752108,5.676139,0.50740504,-0.8242748,2.3080256,-2.0607553
-0.64264303,-2.9497726,0.09820821,5.7325964,0.54611367,-0.66267717,2.1396537,-2.068547
-1.1631023,-2.843841,0.30253044,5.961393,-0.059628155,-0.8775867,2.2589343,-2.1197543
-0.90796274,-2.7663789,0.1516706,5.978309,0.1908894,-0.6197813,1.8679135,-2.082047
-0.8507957,-2.972225,0.13099895,6.082967,0.097585015,-0.788884,1.9829205,-2.2952597
-0.6392266,-3.001323,0.5847836,5.9153886,0.007807604,-0.7149926,2.041949,-2.0746853
-0.4918862,-2.9769778,0.10656726,6.3530593,0.21950877,-0.61144996,1.8845483,-1.9920813
-0.84308213,-2.8824594,0.010613852,6.3144045,0.008269675,-0.69220346,2.2627413,-2.1950881
-0.6976667,-2.945372,0.30925995,6.241602,-0.07689985,-0.76030326,1.961321,-2.1899571
-0.55753285,-2.9223814,0.1178044,6.583018,-0.16999781,-0.62661165,1.9758991,-2.1708546
-0.79204905,-2.85731,-0.44884366,6.8014994,0.0779259,-0.64428824,2.1575823,-1.9694217
-0.90212595,-2.8149536,-0.5777763,6.7730865,0.13673684,-0.77527446,2.1866105,-2.1373513
-0.66045827,-3.0413423,-0.5154934,6.5521255,0.41315708,-0.716841,2.1067631,-2.0580456
-0.7955231,-2.845107,-0.4882342,6.3859506,0.614989,-0.67922026,2.1791282,-2.0509963
-0.7224651,-2.906971,0.03906869,5.532365,0.8726549,-0.695615,2.1886508,-2.1781602
-0.75977486,-2.872695,-0.40857288,5.7567635,1.0106813,-0.7412006,2.29214,-2.0320184
-0.68475133,-2.9491937,-0.120714046,5.4370894,1.1231928,-0.7783842,2.0755541,-1.966839
-0.82437795,-3.0794456,-0.27213013,5.3345203,1.1747497,-0.7901579,2.3125842,-2.155009
-0.8335715,-2.8628914,0.35390338,4.5718584,1.2873734,-0.840338,2.1147625,-2.1244998
-0.8869181,-2.8237996,0.14545393,5.1045866,1.0676681,-0.69708264,2.2099473,-2.2134361
-1.133873,-2.7762582,0.33501038,4.626955,1.3183916,-0.9301804,1.896067,-2.2049477
-0.72426665,-2.8338795,0.5217927,4.8381085,1.1464769,-0.729395,1.9341002,-2.1274393
-0.8572037,-2.8587027,0.31104395,4.9190197,1.1428101,-0.6648632,2.0585942,-2.0063581
-0.711302,-2.8540666,0.5347793,4.709209,1.210887,-0.6603738,2.1414795,-2.0601015
-0.96371615,-2.7505517,0.061042976,4.886277,1.3261583,-0.67251873,2.176162,-2.219931
-0.78770936,-2.9847515,-0.54245037,5.784571,1.2409993,-0.72092164,2.0672212,-2.3493693
-0.88945365,-2.8005629,-0.85295224,5.9010463,1.3224235,-0.8664096,2.1884973,-2.135427
-0.49201253,-2.9780412,-0.83495724,6.1328697,1.2464846,-0.6992276,2.055806,-2.2876875
-1.0877604,-2.713187,-0.6133269,5.5136213,1.2619463,-0.8852743,1.8387958,-1.9688659
-0.9685436,-2.7299414,-0.0964169,5.2059956,1.1457317,-0.8425174,2.0579205,-2.1450603
-0.7118731,-2.9845245,0.15607862,5.488783,0.9489635,-0.60345346,2.218588,-2.280574
-0.7467692,-2.950582,-0.018119834,5.4068136,0.8561518,-0.8272398,2.0642772,-2.2764256
-1.0114458,-2.8574998,-0.15873832,5.2890944,1.0306242,-0.837222,1.9703345,-2.3872397
-1.0655786,-2.8417225,-0.2167029,5.2574205,1.1439549,-0.68213856,2.1880212,-2.1376956
-0.85246086,-2.8552637,-0.1788523,5.5469427,1.096677,-0.72314173,2.1265984,-1.9756584
-0.6034054,-2.8918526,-0.097101666,5.6023865,1.0496135,-0.63733935,2.142717,-2.0214672
-0.85143226,-2.9876661,-0.07711624,5.662026,0.7181872,-0.8239536,1.9826475,-2.2167096
-0.8940816,-2.9638999,-0.79577935,5.8337564,1.2383255,-0.8436371,2.2227397,-2.2380667
-0.9944951,-2.8566694,-0.35305965,6.0532002,0.4883153,-0.68081623,1.8104081,-2.0409715
-0.6921798,-2.998356,-0.7373046,6.774268,0.39366645,-0.6629735,2.044231,-2.070022
-0.7009837,-3.0580037,-0.71248895,6.7358117,0.4222422,-0.77441674,2.0502195,-2.156561
-0.7553382,-3.0168402,-0.63985085,6.681063,0.35804942,-0.6484096,2.1274056,-2.0396664
-0.58921736,-2.9060373,-0.7115869,6.422466,0.85099554,-0.6448337,2.101817,-2.1970265
-0.5853015,-2.9548361,-0.7836619,6.6130614,0.70821637,-0.6641435,2.1252232,-2.179426
-0.6647524,-2.9543061,-0.9580164,6.568012,0.91039264,-0.7268526,2.1668696,-2.1597445
-0.6103746,-3.0251393,-1.0883175,7.17791,0.42874748,-0.67820126,1.888533,-2.1569526
-0.76316446,-2.9247732,-1.2220747,7.4385357,0.018989375,-0.6767082,2.1593122,-2.2982748
-0.87749225,-2.831948,-1.1153054,7.5344663,-0.039501008,-0.77629966,2.1178205,-2.1315796
-0.5206412,-2.9947412,-0.77884454,7.4826384,-0.05914396,-0.6664224,2.0970545,-2.1153524
-0.69599223,-2.9739442,-0.3259871,6.8697176,-0.059623864,-0.5667839,1.9848652,-2.1453042
-0.76714367,-2.7473788,1.4918631,4.7816234,0.27852547,-0.52568364,2.3303998,-2.0849738
-0.65976584,-3.0129492,1.2313015,4.5616455,0.8210824,-0.64552265,2.1650088,-2.375861
-0.5508758,-2.9854221,1.4153558,4.3732715,0.667147,-0.7425429,2.158665,-2.2195556
-0.7766578,-3.0806348,1.3554122,4.645631,0.32212648,-0.78682977,2.205007,-2.0474021
-1.039681,-2.807234,1.5661559,4.7732935,-0.16380864,-0.78427505,2.0079691,-2.0643394
-0.9002215,-2.8554192,1.2910781,5.365994,-0.20036532,-0.68601996,1.830654,-1.9128256
-0.7964253,-2.8094864,1.4631261,5.2121763,-0.23269802,-0.7273721,2.0228462,-2.0879107
-0.78742635,-2.8815012,1.2664387,4.839704,0.19066975,-0.76451355,2.364238,-2.0736673
-0.8853999,-2.9047837,1.4734335,5.239313,-0.3192171,-0.6598107,2.2022512,-2.3208776
-0.9909345,-2.7695765,1.7415583,5.2187533,-0.63960814,-0.7837439,2.1268852,-2.1607814
-0.856855,-2.8488328,1.7216619,5.060321,-0.42789516,-0.7721293,1.958993,-2.171789
-0.87997794,-2.9589875,1.4328818,5.5482554,-0.71338165,-0.84277713,1.9242506,-2.1541162
-1.0527648,-2.8718677,1.0736382,5.628417,-0.45028764,-0.73868966,1.9417926,-2.32322
-0.8008738,-3.0317101,1.5083407,5.4283304,-0.65439034,-0.64862853,2.4632099,-1.9602407
-1.1316179,-2.8207746,1.3603925,5.16325,-0.3828758,-1.0004617,2.1564384,-2.1251557
-0.6062113,-2.9054785,1.4484633,5.1894093,-0.09217063,-0.75382155,2.1761296,-2.1152084
-0.85813975,-2.9175842,1.6535195,4.8081455,-0.12687121,-0.6734604,2.2081196,-2.1205387
-0.87548083,-2.8776543,1.9902955,4.736929,-0.376737,-0.7425684,2.2979674,-2.1812456
-0.5028085,-3.0687623,1.6814541,5.258074,-0.32736608,-0.6745562,2.3039715,-1.8228462
-0.82273805,-2.8976262,1.1951936,5.623334,-0.40817302,-0.81280553,2.2710333,-2.112131
-0.783588,-2.8469944,1.0915768,5.733596,-0.4585552,-0.774458,2.1128972,-2.0882585
-0.91239,-2.8772593,1.0942599,5.625937,-0.47177836,-0.68497753,2.0571167,-2.321232
-0.9864817,-2.8694575,0.9529713,5.930789,-0.6214332,-0.6507437,2.0216637,-2.059423
-0.8281463,-2.8357127,0.58335984,6.033049,-0.26237112,-0.6309364,2.0709796,-1.999266
-0.9431564,-2.812117,0.5073333,5.9926834,-0.21590213,-0.7330144,2.2044468,-2.2070572
-0.7524,-2.9179454,0.5963604,5.9740386,-0.17519023,-0.6926948,1.9011234,-2.008515
-0.80588984,-2.9368837,0.09408745,6.471828,-0.28373393,-0.8353113,1.8810669,-2.083928
-0.44620663,-3.0210888,0.11197,6.636001,-0.14159252,-0.7859459,1.9102037,-2.1613173
-0.51500106,-2.91601,-0.5412279,6.726958,0.3749603,-0.5740996,2.0449088,-1.8878645
-0.76248294,-3.0801563,-1.0476431,7.0928698,0.3052611,-0.8954333,1.8582518,-2.1807926
-0.8677888,-2.7919636,-0.5678612,6.6582646,0.28409263,-0.745191,2.1744196,-2.1460207
-0.6382221,-2.8552704,-0.119026184,6.9335747,-0.2577746,-0.49397734,2.0197875,-2.0411816
-0.565436,-2.9545743,-0.14635976,7.060612,-0.32155865,-0.6377221,1.9910216,-2.2952352
-0.8879609,-2.9147646,0.044848613,6.9352455,-0.59201705,-0.71050435,2.0974083,-2.1183932
-0.76796055,-3.062974,-0.0021218993,7.127201,-0.71156543,-0.6820694,2.0897691,-2.0778723
-0.73175055,-2.9984093,0.29626378,7.154962,-0.9471696,-0.7630839,2.0040433,-2.036969
-0.8419643,-2.8259597,-0.094640784,6.846973,-0.39344284,-0.79569113,2.0668867,-2.1625323
-0.757107,-2.807384,-0.043552313,6.936844,-0.3829094,-0.6073055,2.0830123,-2.1455083
-0.86496204,-2.8497396,-0.23360452,7.231848,-0.55016375,-0.7325711,2.0355089,-2.1041431
-0.758316,-2.942011,0.033508472,6.902472,-0.4431345,-0.7927173,2.3718827,-1.9772048
-0.87667793,-2.880209,-0.0323195,6.9553556,-0.5945125,-0.77457094,2.139602,-2.1155543
-0.87934345,-2.7969615,-0.051189505,6.7766805,-0.37717232,-0.65073407,2.1231685,-1.9399772
-0.7179143,-2.8638651,0.06617435,6.844821,-0.46151167,-0.64933294,1.9361866,-2.186733
-0.8401705,-2.8679159,0.07381308,6.5994368,-0.3239695,-0.80242616,1.8451629,-1.9937179
-0.82036406,-2.9326985,0.4590168,6.1273932,-0.12975174,-0.6405124,2.0715313,-2.1008162
-0.74414593,-2.9658089,0.5055427,5.9517865,-0.073281296,-0.74465454,2.006674,-2.1088543
-0.65137297,-2.9446487,0.8753541,5.8487945,-0.33832398,-0.69384086,2.2435918,-2.1365705
-0.820526,-2.8813207,0.52817535,5.6574326,0.17275545,-0.76981246,2.062496,-2.1291673
-0.455332,-2.9755592,0.29061443,5.977076,0.3678649,-0.5387916,2.043137,-2.0000126
-0.8117886,-2.955792,0.26081198,6.228333,-0.08282793,-0.7849051,2.2753615,-2.1282048
-0.6898723,-2.878882,0.5065135,5.9148755,0.075857714,-0.68046117,1.908596,-2.230966
-0.737211,-2.9178193,0.9074433,5.6587386,-0.19553766,-0.7308429,2.059444,-2.0939755
-0.78077555,-2.8901775,0.91737205,5.4411297,0.10813089,-0.5594371,2.0928252,-2.3138742
-0.79667795,-2.8680332,0.64873934,5.5907087,0.1858194,-0.63194305,2.014219,-2.0902743
-0.8951837,-2.8460178,0.023539927,5.684505,0.55441386,-0.76993287,2.1854546,-2.2212057
-0.8489569,-2.993779,-0.02619278,5.44395,0.95327115,-0.7783168,1.9661685,-2.1381187
-0.8177277,-2.893437,-0.49449632,5.6950383,1.1545243,-0.7731719,2.15893,-2.1191885
-0.9010223,-2.799719,-0.40232632,5.1395087,1.6091347,-0.6729745,2.1927476,-2.1018019
-0.5158228,-2.953035,-0.24465628,5.628806,1.3367484,-0.55591714,2.2915132,-2.0762691
-0.84841305,-2.9124525,-0.2726064,5.4791946,1.1983718,-0.69470257,2.134729,-2.0026822
-1.1170166,-2.7917104,-0.043767266,5.114292,1.2177889,-1.0207696,2.1398056,-1.968419
-0.91834205,-2.7725809,-0.01326844,5.3301153,1.0612099,-0.6992225,1.9941828,-2.016859
-0.89876056,-2.9135811,-0.11134759,5.12394,1.3253431,-0.826271,1.8455584,-2.1465528
-0.9227353,-2.9078848,-0.18055569,5.6043067,0.9206792,-0.7526889,2.2002625,-2.2333884
-0.8517341,-2.8017461,-0.00052193744,5.9005585,0.44905928,-0.711389,2.179172,-2.0117767
-0.52778405,-3.058742,0.20190692,5.856042,0.43518856,-0.7909407,1.9570758,-1.9111689
-1.0173988,-2.792542,-0.017627422,5.7744856,0.42543182,-0.73183453,1.8307048,-2.0404246
-0.98870206,-2.791255,0.17465936,5.964647,0.20442425,-0.7111624,2.0464835,-1.9819529
-0.9993873,-2.7366931,0.21547201,6.178885,-0.054839708,-0.6755852,2.1574526,-2.0637197
-0.9524357,-2.7994936,-0.16034777,6.6625233,-0.111014456,-0.69782203,2.122305,-2.0051332
-0.87801474,-2.9561837,-0.44494328,6.7793565,0.07018059,-0.6538059,2.1949866,-2.030494
-0.66139555,-2.943705,-0.9172426,7.0716105,0.3346358,-0.6449122,2.0970418,-2.1837258
-0.5741969,-2.9212584,-0.7590316,6.853323,0.40911505,-0.6676288,2.282437,-1.8731145
-0.8649901,-2.8478286,-0.40288594,6.343676,0.4046567,-0.7832353,2.0782778,-2.330405
-0.8057385,-2.950322,-0.48334885,6.745226,0.18253994,-0.70571965,2.061626,-2.1729982
-0.7881177,-2.8476644,-0.86926097,6.3280616,1.0929519,-0.6683118,2.200789,-1.9787513
-0.8158207,-2.8383641,-0.75423515,6.041876,1.1325732,-0.79570425,2.2147348,-2.1044152
-0.6391968,-2.942037,-0.80992764,5.9121118,1.4706573,-0.6576984,2.1728027,-2.2238286
-0.7987721,-2.910316,-0.6714332,5.9633875,1.1090962,-0.61580765,2.0909808,-2.0349982
-0.81996906,-2.8076525,-0.62090063,5.671684,1.3295176,-0.6202813,2.0638893,-2.078691
-0.8119672,-2.8990273,-0.5642102,5.6734953,1.2917714,-0.7879374,1.9585241,-2.072686
-0.7052657,-2.9104555,-0.22922656,5.55129,1.1024548,-0.69566536,2.0649562,-2.1808376
-0.7554371,-2.8670595,-0.107364364,5.4986153,1.1579722,-0.56072795,2.0898476,-2.0961297
-0.81992304,-2.953715,-0.31333676,5.4056683,1.2678583,-0.67260516,2.140165,-2.227807
-0.7681382,-2.866111,0.09195985,5.2116656,1.0462233,-0.7640183,2.1524336,-2.25227
-0.6857899,-2.9427319,0.562464,4.9525948,0.9233941,-0.70264643,2.1240942,-2.059225
-1.0212591,-2.842781,0.4259906,4.811979,0.9625402,-0.82409805,2.305035,-1.9227248
-0.86566293,-2.8368115,-0.07727616,5.229818,1.2518585,-0.7322874,2.1520996,-1.9711322
-0.63454026,-3.0148022,-0.37941346,5.728299,1.0784428,-0.6493149,2.2883584,-2.273625
-0.9205665,-2.8416963,-0.16523767,5.553278,0.9892891,-0.64783514,2.055384,-2.0385282
-0.7414016,-2.8962488,0.10361475,5.6646447,0.6544868,-0.69922525,2.0101638,-2.1976717
-0.970605,-2.8019304,0.2606603,5.2636585,0.78427804,-0.6556408,2.2216759,-1.943088
-0.6667227,-2.8933842,0.7825775,5.353273,0.39764312,-0.66276246,2.013355,-2.2163746
-0.43507788,-2.9124334,0.8598895,5.4061465,0.322276,-0.59192014,1.7910613,-2.0925014
-0.60600126,-3.054913,0.32822725,5.908532,0.29344136,-0.62448114,2.0740645,-2.2340615
-0.8639499,-2.957667,0.25854653,5.547789,0.45271748,-0.86837023,2.0164335,-2.2084465
-0.6328043,-3.0090628,0.24490972,5.5148506,0.7369342,-0.66549313,1.9731009,-2.1038616
-0.87703365,-2.8811584,0.57867396,5.4681163,0.25241947,-0.84365827,1.9811815,-2.1192632
-0.79175097,-2.9460402,0.55713314,5.3222685,0.425443,-0.9704867,2.0954862,-2.1691873
-0.85399884,-3.0042398,0.69770217,5.3864274,0.19351399,-0.7832527,2.0759587,-2.0632868
-0.4349294,-2.930457,0.22568762,5.617918,0.7873861,-0.6710841,2.2615287,-2.0610178
-1.0202988,-2.8142195,-0.111410186,5.852453,0.48802653,-0.8014336,2.0169535,-1.9640576
-0.6423364,-2.852735,-0.17236517,5.777876,0.90356636,-0.67287743,2.1806467,-2.1070266
-0.6626955,-2.9600542,0.12718605,5.8781505,0.5044709,-0.62940717,2.0048642,-2.026701
-0.94069636,-2.904627,-0.19235733,5.5696,0.835518,-0.78581727,2.1230192,-2.2076077
-0.7607058,-2.9538882,0.046957526,5.579437,0.8590479,-0.6626133,1.8915417,-1.9160953
-0.3648483,-3.0053804,-0.31821203,5.8818183,1.1024473,-0.64862597,2.191707,-2.0251868
-0.71869886,-2.9743557,0.020259129,5.3588715,1.0025511,-0.6192264,2.1739368,-2.261703
-0.6625601,-2.9125826,-0.050641295,5.4659853,1.067987,-0.6736685,1.8632023,-2.1285563
-0.83833605,-2.957652,-0.005053057,5.7405806,0.7011265,-0.6980226,1.9584687,-2.0671384
-0.9151759,-2.8442109,-0.61225784,5.5293283,1.3366606,-0.7333516,2.1640253,-2.0822587
-0.9840675,-2.9404438,-0.25135374,5.6214485,0.944219,-0.89180297,2.2268882,-2.0605736
-0.70074886,-2.868314,-0.5377731,5.7025466,1.300462,-0.6497441,2.0947328,-2.0226784
-1.0653915,-2.9187064,-0.70776546,5.547559,1.2951022,-0.9005845,2.0737045,-2.1324399
-0.692697,-2.9490666,-0.40474218,5.52836,1.3493176,-0.66766393,2.1047564,-2.1053956
-0.9447265,-2.8164756,-0.06246082,5.464389,0.97950876,-0.79110956,2.1490183,-1.9560261
-0.7544527,-2.790723,-0.17106575,5.6220036,1.0960866,-0.6033934,1.9934734,-2.105251
-0.5522985,-2.9464495,-0.44306177,5.8366055,1.1602767,-0.5727808,2.0915527,-2.1882427
-0.8206061,-2.8277159,-0.061018456,5.512732,0.96197224,-0.66334045,2.0455782,-2.1768103
-0.75328773,-2.936063,0.25930202,5.497621,0.6412918,-0.74259555,2.2194846,-2.2170222
-0.91934484,-2.831698,-0.2514405,5.6861124,0.8511811,-0.73816985,2.1210692,-1.9516222
-0.7602185,-2.9174185,0.09319447,5.532673,0.73605263,-0.76783276,2.0497694,-2.243608
-0.6941177,-3.0766716,-0.040314283,5.494842,1.1370492,-0.6509562,1.9913561,-2.1868348
-0.95710444,-2.8581958,-0.06557143,5.459116,0.9426704,-0.8485699,1.7267032,-1.9870629
-0.9280939,-2.7740884,0.27447405,5.173951,0.8549404,-0.5834547,2.1583781,-2.0822008
-1.0652188,-2.7810457,0.0029532334,5.445422,0.7896703,-0.8328929,2.0030012,-2.0739229
-0.9396574,-2.8322628,0.15412381,5.639029,0.49558496,-0.7143761,2.3771381,-2.0726926
-0.79515356,-2.9968262,0.58854586,4.722255,1.137084,-0.62674963,2.3044968,-2.0715675
-0.99189353,-2.8292937,0.7973477,4.460874,0.91471493,-0.8404703,1.8389231,-2.2464154
-0.72776854,-2.797309,0.78772557,4.249702,1.383321,-0.6821426,1.9816289,-2.1978886
-0.7545262,-2.923378,0.2572851,4.960521,1.0824494,-0.8153772,1.9791187,-2.3254006
-0.6305034,-2.892785,0.48199823,4.9273267,1.1135832,-0.6077114,2.0459611,-2.1751533
-0.85975635,-2.7771263,0.74846286,4.8715577,0.85750467,-0.7031635,2.2837934,-2.018639
-0.79024345,-2.9052467,0.48191687,5.3235087,0.66482097,-0.6505323,1.9809009,-2.1407366
-1.1260968,-2.7883232,0.7227393,5.090519,0.47527882,-0.75287,1.953428,-2.1608424
-0.77409154,-2.9121878,0.51758885,5.3747964,0.56513155,-0.69063,2.277896,-2.1709263
-0.5958752,-2.8787532,0.4837309,5.3112125,0.7259046,-0.6137716,2.028274,-2.0954049
-0.798416,-2.9349544,0.27763999,5.4526434,0.7264692,-0.78063184,1.9879544,-2.028942
-0.8388817,-2.9276004,0.31913647,5.4075737,0.6076636,-0.63915074,2.2273488,-2.0920615
-1.1033039,-2.8228052,0.26184607,5.3248005,0.64162,-0.8774648,2.1332567,-1.9278504
-0.88875747,-2.9257183,0.4854862,5.162698,0.7015701,-0.79022676,2.0878108,-2.2392988
-1.0363215,-2.822292,0.32047284,5.518073,0.5070911,-0.8974359,2.257818,-2.1914647
-0.8025228,-2.8595026,0.49232373,5.407822,0.5223342,-0.59340316,2.252467,-2.2133543
-0.92979324,-2.9138036,0.42555362,5.4759316,0.42232165,-0.6765796,2.0407698,-2.1969001
-1.011814,-2.8931527,0.857631,5.132343,0.28256777,-0.6271528,2.100833,-2.1918447
-1.06257,-2.8630857,0.4624541,5.47037,0.1973175,-0.7615403,2.1336658,-2.167833
-0.9257301,-2.8479707,0.43818188,5.5049577,0.48857525,-0.65692735,2.1765258,-1.9836329
-0.94069666,-2.8619332,0.52805233,5.369716,0.41735813,-0.72543806,2.0685005,-2.166824
-0.9641553,-2.8275387,0.65426487,5.4728885,0.1735554,-0.7616277,2.1714132,-2.128834
-0.5680316,-2.938406,0.74564487,5.704244,-0.02082131,-0.7087325,1.786442,-2.028546
-0.69824266,-2.9348607,0.3965534,6.4969373,-0.4299769,-0.58311814,2.13999,-2.2104664
-0.95608723,-2.8582492,0.07583186,6.6839952,-0.3837637,-0.6606895,1.9883406,-2.112072
-0.73966587,-2.8451405,0.2003923,6.4584045,-0.21955037,-0.6383718,2.015355,-2.2364955
-0.59928364,-2.9549742,0.45342475,6.113883,0.02362962,-0.60783935,2.051566,-2.1707075
-0.5567531,-2.9515605,0.49804783,5.9797297,0.13266525,-0.65694916,1.9942697,-2.117992
-0.72594345,-3.0826557,0.25840473,5.8501115,0.07809252,-0.8410679,2.1799092,-2.173363
-0.9005697,-2.8497152,-0.034629285,6.2874103,0.13388737,-0.7195554,2.151562,-2.0816379
-0.83162624,-2.8622308,-0.14057115,6.4553704,0.060242336,-0.6898497,2.3215334,-2.099209
-0.93185705,-2.9143622,-0.20899406,6.828787,-0.36832905,-0.7447267,2.117489,-2.1812596
-1.0619509,-2.7553985,-0.10263255,6.765543,-0.41066438,-0.68018,2.374745,-2.034177
-0.9958432,-2.841539,-0.29404405,6.9763174,-0.4459255,-0.9043589,2.2459168,-2.1792185
-0.77454364,-2.9245653,-0.123008505,7.068594,-0.4056112,-0.63274574,2.0406764,-1.9839691
-0.49456716,-3.036259,-0.23671561,7.262756,-0.41467962,-0.69697255,2.0500045,-2.355738
-0.6843232,-3.026357,-0.2638814,7.1439176,-0.36514458,-0.6718663,2.0390527,-2.271502
-0.8761375,-2.872001,0.0030642075,6.5574427,-0.1271401,-0.6718288,1.9682056,-2.099715
-0.66253775,-2.8978395,0.15844442,6.4659977,-0.1464706,-0.63442975,2.2346282,-2.0829403
-0.45855403,-2.9757695,0.2201366,6.4695535,-0.026202107,-0.6483878,1.9096739,-2.0207052
-0.5628476,-2.8951561,0.08328328,6.539025,0.011956334,-0.5828314,1.9965667,-1.9792506
-0.90391314,-2.8723204,-0.018367965,6.2196784,0.14742213,-0.7006571,2.0329745,-2.190967
-0.84063804,-2.9374542,0.27561635,6.277714,-0.19005242,-0.6897256,2.098214,-2.3147495
-0.6825787,-2.9814837,0.34790385,6.3657155,-0.22708526,-0.67597383,2.0754702,-2.0486164
-0.7440082,-2.8382506,0.13274059,6.347589,-0.05838996,-0.75475544,2.0414302,-2.1124885
-0.9675305,-2.9064133,0.35781303,5.795381,0.10506554,-0.77684253,2.0672302,-1.9802443
-0.96791494,-2.9337382,0.49084258,5.974524,-0.13997838,-0.80448973,2.2144659,-2.0841582
-0.74049073,-2.8873901,0.47885633,6.0079694,0.07294335,-0.66958547,2.214884,-2.129203
-1.0185263,-2.8327665,0.13630167,6.047821,0.010621766,-0.7359081,2.037682,-2.1538386
-0.7924814,-2.9008994,0.13465013,6.086796,0.20326525,-0.7850392,1.8949034,-2.2760406
-1.1518745,-2.867607,0.24791656,5.737184,0.12351804,-0.8676872,2.0198536,-2.2076778
-0.8920358,-2.821622,0.29814276,5.9690347,0.14325641,-0.6917392,2.1552763,-2.262712
-0.90267503,-3.023104,0.07231756,5.8408747,0.3667155,-0.91497165,2.0949202,-1.883931
-0.8090592,-2.8629668,0.096229166,6.193567,0.0843971,-0.70161927,2.0296588,-2.0991201
-0.83874923,-2.8711438,-0.047308702,6.415871,0.016056564,-0.72003245,2.1333349,-2.0035584
-0.96454144,-2.9125488,0.061421677,6.5500345,-0.46691403,-0.6956725,1.9546336,-2.1048927
-0.870377,-2.791784,0.34830493,6.5713696,-0.55781037,-0.57847565,2.1390004,-2.0116303
-0.8576878,-2.9246674,0.38304478,6.2774305,-0.37403518,-0.6850844,2.1903586,-2.1553564
-0.780475,-3.0041635,0.41074932,6.2422705,-0.22468613,-0.72548175,2.017732,-2.242274
-0.6558075,-2.8874578,0.60106665,6.083899,-0.20127308,-0.69201666,1.9595782,-2.1402187
-0.8938021,-2.8459096,0.18467696,6.1249914,0.01978064,-0.5765611,2.128517,-2.1432233
-0.71936566,-2.945601,0.29885417,6.1275315,-0.07028986,-0.65592164,2.2045498,-2.0400417
-0.9354545,-2.8209286,0.4286289,5.782114,0.06512858,-0.6983298,1.8600734,-2.1967342
-0.72618294,-2.956686,0.32899326,5.996068,0.16562982,-0.5174463,2.1897445,-2.0730026
-0.72388726,-2.8911304,0.04843558,6.0990515,0.38563925,-0.62098116,2.0496686,-2.1699822
-1.1260979,-2.8196995,-0.61727345,6.4465504,0.4217643,-1.0201907,1.8831573,-2.2273114
-0.7939069,-2.7747428,-0.7054765,6.460014,0.7955047,-0.5668331,1.9592673,-1.9285293
-0.7474044,-2.7812457,-0.82446885,6.37246,0.829858,-0.60427874,2.3722734,-2.0351655
-0.91671526,-2.9142761,-1.1833177,6.2105317,1.30395,-0.74202013,2.0235868,-1.9864991
-0.9429044,-2.9052358,-0.9020005,5.905044,1.2548921,-0.77339214,1.996733,-2.0169964
-0.40240484,-2.9035819,-0.6211827,6.040598,1.1734701,-0.7188658,2.188817,-1.9997817
-0.8484188,-2.8991113,-1.0509411,6.5976157,0.7640438,-0.71332395,2.286646,-2.1715877
-1.0095829,-2.7553082,-0.7533581,6.343047,0.648454,-0.95338017,2.2668078,-2.203181
-0.9486534,-2.7781475,0.028805412,4.874785,1.4850978,-0.6725741,2.2102566,-1.9493512
-0.901662,-2.8848836,0.15740721,5.160714,0.92246693,-0.6783799,2.163749,-2.130931
-0.83084923,-2.833564,0.14179942,5.2277355,1.0317322,-0.6324292,1.9867183,-2.0257442
-0.81964993,-2.9141786,0.14632349,5.251832,0.9867182,-0.6814417,1.9151888,-2.110137
-0.766306,-3.1293948,0.21896593,4.9350758,1.2472311,-0.6703365,1.8163358,-1.9655223
-0.89146477,-2.8510315,-0.39115778,5.4667907,1.3891407,-0.66793853,2.1426177,-1.9794376
-0.91836655,-2.768756,-0.3536109,5.4403105,1.2596015,-0.74939305,1.9674777,-2.0909834
-0.82961524,-2.8464978,-0.4253207,5.5504837,1.2627472,-0.62916875,2.0795016,-1.9465169
-0.9236285,-2.6755183,-1.0883152,5.573519,1.8301332,-0.5651696,2.3023612,-2.1566784
-0.9856545,-2.8443332,-1.4363301,5.913801,1.8197956,-0.70120543,2.2306104,-2.1526916
-0.8283099,-2.8339653,-1.1253157,5.628495,1.8210022,-0.8091724,2.0479355,-2.0888207
-0.8173692,-2.9956322,-0.9412846,5.8989105,1.5038006,-0.8338832,1.9585875,-1.862756
-0.78629464,-2.8751962,-0.49350324,5.5505843,1.4160522,-0.67165864,2.0993006,-2.1515923
-0.923633,-2.888533,-0.5202928,5.5910964,1.2281593,-0.8459277,2.159387,-2.2736173
-0.8447238,-2.7741425,-0.20235747,5.615059,1.1283627,-0.6481431,2.0255048,-2.0538352
-1.1574426,-2.7938194,-0.54288244,5.794662,0.9469311,-0.9869587,2.216724,-2.170931
-1.1762576,-2.7932918,-0.022364302,5.28577,0.89684653,-0.84407204,2.1914644,-2.1460693
-0.94660914,-2.828852,0.11453965,5.300214,0.9727446,-0.67115223,2.0862372,-2.0886865
-0.7928069,-2.8683238,-0.047446605,5.310903,1.1326486,-0.7802672,2.350472,-2.0310802
-0.6812195,-2.8937156,0.057930555,5.217889,1.1302254,-0.7600394,2.0217595,-2.001472
-0.7473723,-2.9276984,0.1338615,5.173057,1.112376,-0.6470748,2.1775684,-2.226352
-0.5409564,-2.9350796,0.39351866,5.0978055,1.2466357,-0.639091,2.1181972,-2.1170006
-0.82955277,-2.829159,-0.28337115,4.922126,1.7643564,-0.708145,2.081668,-1.9964986
-0.922356,-2.900717,-0.2151803,4.5835414,2.052918,-0.72934705,2.186677,-2.004889
-0.79244274,-2.8829744,-0.39393234,4.624602,2.0573955,-0.78862154,2.1700606,-2.0634637
-0.41563803,-2.9174426,0.055400692,4.748374,1.6865618,-0.72190523,2.0343058,-2.0586736
-0.630698,-2.7675016,-0.5259275,5.4166007,1.6709353,-0.66181725,1.9959222,-2.1438036
-0.8319673,-2.9774842,-0.8840982,5.4285746,1.8277856,-0.6973564,2.0740614,-2.3313391
-0.5202638,-2.984087,-0.6711338,5.3899,1.7478961,-0.72585434,2.1675956,-2.0338614
-0.81097645,-2.7960348,-0.48940936,5.0260177,1.8804393,-0.62445265,2.2543006,-2.1155965
-0.7426578,-2.8680634,-0.58391076,4.7676625,2.4502587,-0.6726439,2.0898342,-2.1821818
-0.79316396,-2.9499094,-0.69589823,4.837513,2.2839665,-0.7468541,2.0199888,-2.3573225
-0.83918,-3.0612183,-0.4938364,4.6883945,2.1491559,-0.6738366,2.2115705,-2.3086696
-0.5931908,-2.8982844,-0.58991957,5.3331776,1.7554581,-0.66000336,2.2215376,-1.976187
-0.8994068,-2.8525379,0.53094643,4.569054,1.0532161,-0.83968925,2.2997625,-2.1297286
-0.9856616,-2.879125,0.47940055,5.051066,0.7383383,-0.7239154,2.2547467,-2.1813188
-0.87699556,-2.875405,0.5706439,4.8467236,1.0330492,-0.71414244,2.0722525,-2.2457347
-0.82740164,-2.9426565,0.29641008,4.75895,1.279158,-0.69586563,2.1827464,-2.202954
-0.8661766,-2.942802,0.5092875,4.413081,1.5160505,-0.73215157,2.1387029,-2.1501088
-0.8334725,-2.9396594,0.69669396,4.650706,1.0838562,-0.67523694,2.1525402,-2.347795
-0.9927633,-2.8572009,1.1376241,4.622015,0.6107127,-0.79439306,1.8567864,-2.141694
-0.9870074,-2.8143678,0.61126065,4.9934826,0.705285,-0.68519855,2.0655153,-2.2141786
-0.73735726,-2.8435767,0.31970802,5.2466416,0.8914933,-0.7261325,2.0015597,-2.154381
-0.57815164,-3.0029535,0.18168987,5.229258,1.1049658,-0.6645691,2.2358577,-2.1504638
-0.55899054,-2.9768403,-0.23778766,5.460495,1.3004782,-0.6989709,2.2434163,-2.165874
-0.7178451,-2.996855,-0.45260975,5.819108,1.106223,-0.7134715,1.820262,-2.0077174
-0.93104553,-2.8567011,-0.36873686,5.6901884,1.0828445,-0.676707,2.0888407,-2.2699573
-0.8950059,-2.9268157,0.14098445,5.2980447,0.7889037,-0.8390829,2.0052254,-2.276992
-0.75414896,-2.889782,0.49724478,4.9288993,1.0482942,-0.6874307,2.0224566,-2.1385107
-0.6528299,-3.003877,-0.07557709,5.3107157,1.1849287,-0.65609145,2.0698595,-1.9992496
-0.86011225,-2.8173413,-0.0958729,5.4628177,0.8566568,-0.73730475,2.1245458,-2.2027624
-1.0532656,-2.7654939,0.039531317,5.539046,0.6671609,-0.73997813,2.0424185,-2.1262474
-0.8381805,-2.8992603,0.13978311,5.444053,0.85060877,-0.68218726,2.017317,-2.1968515
-0.8633604,-2.865158,-0.08693708,5.5673184,0.85268295,-0.65119296,2.1639998,-2.1338575
-0.6041429,-2.856128,-0.32307556,5.671889,1.1421425,-0.5518616,2.0272138,-1.9398011
-0.65798134,-2.8803117,-0.3855825,6.1884565,0.7293994,-0.6742086,2.072804,-2.2072196
-0.3371964,-3.066215,-0.198031,5.968838,0.84858143,-0.5954527,2.1351566,-2.1287212
-0.85674244,-2.8899455,-0.33004865,6.145377,0.49736387,-0.69113773,2.0939412,-2.0816429
-0.8602599,-2.9133914,-0.38301077,6.709547,0.04428472,-0.74263376,2.2558403,-2.2266128
-0.6126729,-3.0949578,-0.38920054,6.8330216,-0.001001731,-0.6014607,2.2993896,-2.0601833
-0.77049017,-2.9837468,-0.056250434,6.626351,-0.06172504,-0.65006363,2.0936253,-2.1659682
-0.7805486,-2.988229,-0.3862172,6.4200945,0.35680902,-0.6953476,1.8865787,-2.1249583
-0.7662786,-2.954734,0.1555231,5.865081,0.34671962,-0.5750156,2.2157829,-1.9616765
-1.014447,-2.8016849,-0.046975568,5.608489,0.6301155,-0.94375867,1.8136094,-2.1024148
-0.7599286,-2.8629205,-0.09038796,5.678959,0.81057227,-0.7735285,2.2617025,-2.1700878
-0.8723885,-2.9122574,-0.28354546,5.9193435,0.6191236,-0.8507346,2.1394281,-2.0977848
-0.57061183,-2.9559848,-0.14734612,5.879042,0.8300148,-0.61987853,2.0959268,-2.130201
-0.8555881,-2.930601,-0.5985923,5.9933033,1.0837371,-0.793374,2.0415368,-2.3239486
-0.7846917,-2.9474535,-0.52821386,5.994647,0.85526586,-0.6524599,2.055954,-2.1892416
-0.99474335,-2.8216436,-0.9288912,6.610985,0.6724853,-0.6586727,2.027827,-2.1764119
-0.8310381,-2.8481011,-0.52390814,6.2740507,0.6978703,-0.7011247,2.205371,-2.1433148
-1.195331,-2.7776084,-0.4099036,6.1530423,0.53629375,-0.8251285,2.181026,-2.1353054
-1.1569798,-2.8698797,-0.3256681,5.887914,0.4829961,-0.73581594,2.1032882,-2.1602798
-0.9697579,-2.8227308,0.23510092,5.9527392,0.2673422,-0.6307662,2.3083174,-2.050321
-1.1899098,-2.785185,0.13604656,6.0887775,-0.03135807,-0.7415393,1.9673103,-2.2949617
-0.86259156,-3.0158134,0.2203372,6.206951,-0.13061854,-0.7358364,2.0907829,-2.1193273
-0.8097229,-2.92592,0.23104699,6.120955,-0.014328417,-0.893129,2.010265,-2.1240535
-0.8117568,-2.9104788,0.39293143,5.9048467,0.08301546,-0.82322973,2.2513385,-2.2388854
-0.67409575,-3.0543423,0.61080223,5.6782556,0.06919953,-0.7713052,2.4951775,-2.1007102
-0.7029842,-2.9047348,0.5335041,5.623685,0.24414976,-0.63392586,2.0496404,-2.0529273
-0.8579129,-3.0199783,0.28080794,5.633607,0.4250456,-0.73021173,2.0772417,-2.237768
-0.8335376,-2.9252737,-0.078957595,5.88455,0.6191886,-0.6503159,1.8606535,-2.0659695
-0.66334295,-2.9062576,-0.30715623,6.342245,0.49374387,-0.6352729,2.1395638,-1.9912964
-0.8830922,-2.9540808,-0.64960307,6.4331574,0.47419015,-0.7757314,2.1159475,-2.0540938
-0.657591,-3.031211,-0.25246108,6.0511713,0.77852213,-0.7096105,2.1358743,-2.178862
-0.9645629,-2.854072,-0.623573,6.0164723,0.8107019,-0.76754016,2.3256636,-2.060242
-0.7709222,-2.8787355,-0.6644552,5.951549,1.0590948,-0.6333985,1.9305192,-2.2130854
-0.71286,-3.0978878,-0.46727476,5.6664443,1.2340356,-0.82537395,2.0895135,-2.0568974
-0.4479612,-3.108006,-0.63097936,6.1702776,1.1420083,-0.5212488,1.9946374,-2.177793
-0.77305907,-2.792889,-0.9014405,5.892163,1.3751974,-0.799774,2.0611026,-2.2598226
-0.85726315,-3.0053294,-0.74351627,5.935696,1.1126407,-0.7126043,1.9725943,-2.2514236
-0.7605311,-2.9676266,-0.70234823,5.7635937,1.2804903,-0.69426554,2.0794866,-2.063764
-0.6286605,-3.0750213,-0.3544703,5.7837358,1.0473242,-0.6876849,2.0536685,-2.1708863
-1.1029593,-2.8132634,-0.13642798,5.597434,0.7851249,-0.714422,2.141388,-2.337415
-0.7568838,-3.0269315,-0.12986301,5.5823,1.0449387,-0.68942356,2.1363473,-2.13454
-0.6167833,-2.8303711,-0.36317068,5.8753533,1.0057049,-0.6927879,2.0614207,-2.1585157
-0.6528956,-3.0518613,-0.1357105,5.775941,0.723117,-0.64682597,2.1669664,-1.8503127
-0.83483416,-2.9597652,-0.036254723,5.897013,0.48164392,-0.673152,2.0424407,-2.2813478
-0.9049742,-2.8545985,0.290416,5.869331,0.20226797,-0.7344248,2.3235972,-2.2623427
-1.1348146,-2.804479,0.33144692,5.446384,0.38455117,-0.6749211,2.1335828,-2.1100109
-1.0079637,-2.841859,-0.3428827,7.3514485,-0.66658896,-0.66781735,2.2344728,-2.0402844
-0.7805212,-3.0087879,-0.67987424,7.67933,-0.61213005,-0.73533297,2.023873,-1.8452545
-0.83929753,-2.8736777,-0.48393846,7.5539436,-0.72016084,-0.69265074,2.125123,-2.1663496
-0.5793243,-2.934941,-0.45934197,7.4957123,-0.52134496,-0.61593795,2.1919727,-2.1877728
-0.6896034,-3.0041673,-0.39045656,7.148352,-0.36780632,-0.60873854,2.1631107,-2.2664561
-1.0174888,-2.85218,-0.60914403,7.2770395,-0.39819017,-0.8584478,2.0569794,-2.1425714
-0.7318706,-2.901014,-0.65315205,7.5763345,-0.54820657,-0.6540297,2.0803504,-2.1158228
-0.4961697,-2.9124296,-0.43481657,7.54887,-0.5722975,-0.6716753,2.0487244,-1.9942855
-0.70002484,-2.8666284,-0.15877384,7.174318,-0.5139471,-0.61301386,2.281327,-2.1597416
-1.0758489,-2.7809517,-0.2096785,7.0817456,-0.71055865,-0.7102308,2.227155,-2.2431648
-1.0289693,-2.842962,-0.25397104,7.1039624,-0.5477814,-0.80196327,2.1737719,-2.0344365
-0.81937355,-2.8193965,-0.016880954,6.930424,-0.6313908,-0.6639025,2.0601027,-2.0849593
-0.7057356,-2.9993978,0.037538067,6.516319,-0.06506268,-0.69360423,2.4119914,-2.2377722
-0.542866,-2.953199,0.5122674,6.1601377,-0.16537708,-0.6598333,2.2024398,-2.1988473
-0.61009544,-2.9479063,0.62183106,6.015111,-0.14002535,-0.57948536,2.1991599,-2.2628338
-0.81779313,-3.0472164,0.34737757,5.778037,0.100607716,-0.7072172,1.994617,-2.1527877
-1.0084006,-2.814385,0.4752375,5.975677,-0.2752769,-0.81279963,2.1178524,-1.8863003
-0.59146285,-2.9255607,0.63984025,6.053742,-0.22296298,-0.6755128,1.996731,-2.0593014
-0.6805526,-2.9933517,0.6029706,5.7153206,0.123491354,-0.62809944,2.132742,-2.1208413
-0.70061505,-3.00448,0.5698896,5.543851,0.27975422,-0.7806927,1.9255297,-2.0936594
-0.6009549,-3.0142207,0.60229516,5.639999,0.27424783,-0.5937313,1.9128982,-2.0221848
-0.3545052,-3.0659552,-0.01362666,5.7215667,1.0506932,-0.62344277,1.9457381,-2.0627704
-0.6793888,-3.0789082,0.10308042,5.4012194,0.96452194,-0.6801702,2.247058,-2.2199795
-0.8579836,-2.808122,-0.54880863,5.966273,0.83146757,-0.6740495,2.018857,-2.2832556
-0.8385355,-2.8511071,-0.5733145,5.8037624,1.3120717,-0.64709544,1.9621869,-2.0654478
-0.8373159,-2.9272163,-0.8013966,6.001643,1.0838034,-0.76379645,2.1448293,-2.0928264
-0.61678714,-2.9136643,-0.6294134,5.927582,1.2534081,-0.6418361,2.0063055,-2.260425
-0.8494601,-2.9313357,-0.9229336,6.3320594,0.99487656,-0.76848626,1.9759355,-2.041072
-0.8087529,-2.880306,-0.7805231,6.470205,0.6881109,-0.6501646,2.086908,-2.0621462
-0.7156951,-2.9860122,-0.8085052,6.247715,0.9306132,-0.69369066,2.0792773,-2.3120468
-0.9024701,-2.9347546,-0.7108472,6.0063143,0.9813768,-0.7785336,2.1410234,-2.1408598
-0.7372882,-2.8599865,-0.16930999,5.8180294,0.8535734,-0.6122748,2.0631406,-2.2485156
-0.501386,-2.9429908,-0.22685349,6.1128025,0.71374154,-0.6709067,2.1441004,-2.024814
-0.7111795,-2.9468846,-0.40911347,6.487916,0.44007623,-0.79957885,1.9744182,-2.2347996
-0.7573332,-2.9828825,-0.48910287,6.5705037,0.36505353,-0.7097205,1.9926274,-2.306276
-1.102056,-2.773652,-0.4738548,6.6900244,0.08006694,-0.65408164,2.2075787,-2.1033702
-0.8534618,-2.7709386,-0.5853558,6.7936935,0.2157412,-0.6531074,1.9533975,-1.9347414
-0.8769476,-2.8431678,-0.62701046,6.4982433,0.55997634,-0.8008405,2.0128899,-2.2308552
-0.8956575,-3.0225356,-0.6524596,6.4022884,0.53768384,-0.77894473,2.0507107,-2.1770666
-0.70161223,-3.017656,-0.6201776,6.397206,0.6423119,-0.67903745,2.1905744,-2.1780913
-0.7387104,-2.8797307,-0.22909464,6.3270345,0.3989442,-0.8364975,2.141099,-2.248511
-0.8500372,-3.004484,-0.45259362,6.224917,0.54983807,-0.8022631,2.129872,-2.2114587
-0.97370327,-2.8756144,-0.24471076,5.7536006,0.7426495,-0.77593833,1.8777672,-2.0246499
-0.6392146,-2.91497,-0.15675476,5.8282294,0.8974685,-0.60356534,2.0498748,-2.2074382
-1.0351324,-2.7994514,-0.4459038,6.272514,0.31886512,-0.8573497,2.2223744,-2.1590953
-0.64433986,-2.9422145,-0.6840066,6.647692,0.42982754,-0.6657418,2.0814774,-2.1024916
-0.9902293,-2.805051,-0.6312956,6.272247,0.6134209,-0.703458,2.1763313,-2.297281
-1.0362421,-2.7451112,-0.70294666,6.420127,0.6352281,-0.7070731,2.3194058,-2.0811281
-1.0247874,-2.870439,-0.5357771,6.1847253,0.60198945,-0.81314176,1.9731818,-2.089801
-1.1051357,-2.8097038,-0.23510759,5.8531976,0.58487165,-0.7460556,2.2280235,-2.2393425
-0.6171658,-2.8040712,-0.06291843,5.353039,1.2774438,-0.62233454,1.6621608,-2.0450265
-0.7723151,-2.8917365,0.22682014,5.4078083,0.71245,-0.74047863,2.1220686,-2.2318993
-1.049246,-2.8607597,-0.05611609,5.908959,0.41735214,-0.7261777,2.098428,-2.069551
-0.88751674,-2.8400314,-0.07024341,6.180699,0.20920892,-0.7140582,2.2004857,-2.063323
-0.9735846,-2.8959322,0.46504042,5.793018,-0.024646522,-0.68327177,2.2333882,-2.2448497
-0.6177134,-2.9751248,0.23097356,5.9069333,0.3467438,-0.6473426,2.0710828,-2.196724
-0.59859014,-2.9612715,-0.2629411,6.492691,0.2678217,-0.621428,2.1405852,-1.9793152
-0.50256085,-2.9565713,0.02786223,5.9065223,0.6234307,-0.63792753,2.210159,-2.2637846
-0.3516299,-3.0283732,-0.20533282,5.923283,0.9930975,-0.5844333,2.0620956,-2.186969
-0.33346838,-3.154631,-0.039055787,5.633055,1.0984771,-0.6222936,2.0870078,-2.1569793
-0.95377624,-2.903181,0.08950834,5.992335,0.28110838,-0.8491085,1.9823332,-2.193784
-1.0347148,-2.7986271,0.098074816,6.029682,0.18452282,-0.69879264,2.054909,-2.1043286
-0.85537624,-2.8437312,0.13502423,5.8964295,0.34911883,-0.6796355,1.9861757,-2.2693834
-0.6841902,-2.958377,-0.055159766,6.1167693,0.34854332,-0.61844516,2.1576495,-2.1382205
-0.69714683,-2.8249876,-0.012581134,6.4368863,0.13593285,-0.6239245,1.9775316,-2.0939443
-0.7301384,-2.955161,0.009368547,5.872487,0.55249596,-0.57292026,2.1341999,-2.1192365
-0.6286321,-3.0161386,0.13241148,6.1691527,0.16112113,-0.6905945,2.1228461,-2.234805
-0.7134686,-3.0066142,0.15714785,5.8638554,0.4585627,-0.6855292,2.2102184,-2.227772
-0.57891244,-2.89094,0.29771978,5.8816905,0.4482156,-0.61578983,2.1464221,-2.1373546
-0.6131939,-2.8590264,0.20613143,5.9793625,0.28166065,-0.56681734,2.1979167,-2.0995164
-0.6065174,-2.9902837,0.3609552,5.837687,0.3457253,-0.6039281,1.9791957,-2.2013671
-0.6392502,-2.9750583,0.43723807,5.834439,0.21609077,-0.6762499,1.8833202,-2.1099143
-0.57410395,-2.9797466,0.12632662,6.2553706,0.19110745,-0.5602156,1.9896907,-1.9324335
-0.8834778,-2.8335328,0.28730065,6.412315,-0.40614432,-0.697548,2.256783,-1.9525826
-0.6076709,-3.0451393,0.87827075,6.366024,-0.84014875,-0.6279165,1.9566631,-2.2066386
-0.69112164,-2.9792397,0.64512396,6.7093,-0.8530365,-0.66581774,2.0408282,-1.9782335
-0.95885026,-2.83081,0.7098727,6.368592,-0.87021834,-0.84369195,2.2273304,-2.0138807
-0.62718046,-2.8860025,0.733644,6.4222083,-0.66071534,-0.7022097,1.9966843,-2.0614789
-0.86064637,-2.9487422,0.46488568,6.672058,-0.8195973,-0.7293989,2.2397935,-2.1464565
-0.88114375,-2.8904862,0.20591673,6.7462344,-0.6290117,-0.7996101,2.1674252,-2.1219819
-0.84593505,-2.8818095,0.4631733,6.61561,-0.699577,-0.6841448,2.0197515,-2.2033415
-0.7140165,-2.8444963,0.41070727,6.4480934,-0.39730036,-0.63044035,2.18331,-2.3274848
-0.56957173,-3.0182712,0.0010651917,6.465882,-0.0013735996,-0.6498053,1.9948258,-2.0570898
-0.71917367,-3.022983,0.055363994,6.2639513,0.16510186,-0.6692592,1.8582159,-2.005743
-0.6464432,-2.9998584,-0.0421626,6.4674897,0.000308426,-0.65113366,2.1287591,-2.2476354
-0.80672187,-2.8880017,0.046565417,6.104502,0.2147354,-0.7535185,2.3515787,-2.219006
-0.72773015,-2.8171046,-0.06099259,6.28134,0.26675805,-0.7010757,2.110109,-2.060968
-0.6966275,-2.9471145,0.13572462,5.80144,0.53383094,-0.8340755,1.9901935,-2.0837882
-0.95108926,-2.8281069,-0.17066379,5.942394,0.5258397,-1.0530291,2.2755337,-2.2218473
-0.7881627,-2.8634303,0.21048114,5.6695805,0.5681286,-0.5903494,1.8619847,-2.1235323
-0.76449776,-2.8226335,0.5810765,5.657068,0.16340882,-0.67709136,2.3562322,-2.2229323
-0.74809146,-2.9917223,0.5936573,5.5413885,0.27862826,-0.7216282,2.0370831,-2.0538578
-0.7648158,-2.973566,-0.014896018,5.8925147,0.4241607,-0.74570054,2.1835344,-1.9275174
-0.73011273,-2.8181508,-0.04886123,6.092085,0.4654036,-0.7151931,2.1305573,-2.045605
-0.62838805,-3.001439,-0.31382173,6.433062,0.36106282,-0.6541995,2.110579,-2.2907925
-0.6931336,-2.8648295,-0.34489438,6.1713605,0.626506,-0.6496731,2.2831016,-2.0617864
-0.4706082,-2.9996974,-0.6266909,6.8047028,0.45198905,-0.72216433,1.950132,-2.3047764
-0.77500474,-3.0017948,-1.0000018,6.890637,0.5317453,-0.7229436,2.0262866,-2.100005
-0.76018983,-2.8569462,-1.3542216,7.0305696,0.8473421,-0.6424413,1.7784281,-2.1770616
-0.63278425,-2.954156,-1.145239,6.8028073,0.73937654,-0.6266422,2.0102272,-2.1605113
-0.8940161,-2.945095,0.09815445,5.647781,0.55883783,-0.674001,2.0915399,-2.070231
-0.6951471,-2.8781939,-0.04291432,5.7800436,0.74494666,-0.69114727,2.0337498,-2.0759385
-0.81347233,-2.911696,0.069739774,5.654966,0.70201206,-0.6210784,1.9436576,-2.1773534
-0.5863839,-2.9776082,-0.021208845,5.902762,0.6937586,-0.6663288,2.1436548,-2.1826048
-0.759933,-2.860096,-0.4048823,6.22583,0.5689337,-0.7738986,1.9554948,-2.0241451
-0.8144389,-2.8096688,-0.2393269,5.853673,0.8555959,-0.6380591,2.2393012,-2.1330504
-0.48503137,-2.895876,-0.47052637,6.323819,0.7893653,-0.56705,2.030128,-2.130687
-0.74738723,-2.874805,-0.66993463,6.083447,0.9388182,-0.7394302,1.9118404,-2.141393
-1.1020027,-2.8805654,-0.6762442,6.283449,0.59246194,-0.73973066,2.1196737,-2.13872
-0.82355416,-2.917361,-0.5543633,6.6298046,0.2618771,-0.7053207,2.0639625,-2.052057
-0.79697776,-2.8266733,-0.663594,6.4297514,0.6476914,-0.6158683,2.212715,-2.1235
-0.64164305,-2.857625,-0.7348895,6.79787,0.49578932,-0.55342907,1.9270185,-2.155974
-0.70588624,-2.9310133,-0.411142,6.802937,0.0677686,-0.67325836,2.033724,-2.2588315
-0.605693,-2.8740761,-0.2662465,6.85333,-0.089388356,-0.6084406,1.957592,-2.2193353
-0.8157624,-2.7763917,-0.3451896,6.996742,-0.32135203,-0.6585394,1.9435601,-1.9381988
-0.5878267,-2.9527574,-0.2372038,7.1369405,-0.3599623,-0.6724189,2.165391,-2.1600451
-0.5366487,-2.9567692,-0.40739432,7.1733418,-0.20469251,-0.5949532,2.0103924,-2.15718
-0.8345777,-2.9091144,-0.62425935,6.99113,-0.066382326,-0.77104014,2.0511765,-2.0678165
-0.70628023,-2.9129872,-0.34142247,7.0610027,-0.10986188,-0.6058335,1.895002,-2.0943735
-0.6463155,-2.9956691,-0.24082664,6.947905,-0.18796998,-0.6076574,1.8894713,-2.2160966
-0.876397,-2.85727,-0.7176943,6.837161,0.1281086,-0.66166675,2.0285144,-2.1163795
-0.45463687,-3.1404338,-0.63257194,6.9933996,0.27932674,-0.5283675,1.6510887,-1.9423714
-0.60671306,-2.9789832,-0.9924572,6.6214895,0.9246269,-0.5110248,2.1704311,-2.0502305
-0.7085866,-2.8127012,-0.7384854,6.5620303,0.7238445,-0.675185,2.0851853,-2.17586
-0.652146,-2.9580374,-0.82596564,6.7356386,0.6056451,-0.63454556,1.9399468,-2.2113752
-0.87723583,-2.8927057,-0.38711762,6.186536,0.56818926,-0.679274,1.977496,-2.0100548
-1.0745033,-2.8008616,-0.41061166,5.8025556,0.8819485,-0.8413211,2.0591254,-2.005361
-0.6115454,-2.9482124,-0.47805056,5.5481715,1.4937168,-0.70011073,2.2079277,-2.1452434
-0.49367586,-3.0581226,-0.6233404,5.920716,1.2100328,-0.6459377,2.3314319,-1.8166466
-0.72953,-2.9855602,-0.65453374,6.0353107,1.0130447,-0.73622036,1.873088,-2.1370933
-0.8502233,-2.778445,-0.34447175,5.6987376,1.0711775,-0.7164324,2.179667,-2.1287324
-0.68869877,-2.8856654,-0.27363494,5.5384903,1.1624075,-0.58749354,2.2436144,-2.166034
-0.7192093,-2.9760308,0.107634515,5.750286,0.4790854,-0.8704711,1.7356272,-2.0374587
-0.88,-2.859198,0.12109363,5.7446656,0.67045003,-0.6104496,1.981041,-1.9902812
-0.74912596,-2.8756106,-0.27251273,5.842642,0.7556568,-0.79394174,1.9890325,-2.0662444
-0.9344622,-2.8516788,0.035848424,5.640464,0.67650557,-0.7067348,1.940628,-2.2564073
-0.91355264,-2.7589297,0.14368849,5.8816466,0.36373585,-0.72153753,1.9744323,-2.1069524
-0.59201264,-3.0044012,0.16158883,5.908424,0.46912143,-0.66164666,2.018833,-2.212799
-0.8668207,-2.8803718,0.21627311,5.7779512,0.4096965,-0.6919203,2.0324817,-2.3691745
-0.48387766,-3.0359704,0.054015994,5.90278,0.62925285,-0.6518923,2.2450163,-1.927102
-0.5554831,-3.01229,-0.036344677,5.8624096,0.7177645,-0.71922314,2.1350658,-2.051486
-0.33952066,-2.862337,0.30766338,5.670504,0.7185628,-0.64142185,2.0245216,-1.8389013
-0.70252687,-2.885647,0.5647334,5.5721107,0.25306442,-0.7344938,2.3107677,-2.1640716
-0.90926945,-2.8120308,0.24039552,5.6112156,0.4470188,-0.87940395,2.132487,-1.994594
-1.0567173,-2.863305,-0.23374388,5.5782537,0.79653966,-0.8514355,2.077772,-1.9785835
-0.8545369,-2.8221788,0.017075295,5.644262,0.6795591,-0.636735,2.0245445,-2.0016136
-0.7876814,-2.9279828,-0.053156633,5.6891236,0.7896096,-0.73381937,1.9777147,-1.997628
-0.9486253,-2.8428476,-0.42580935,5.945159,0.77763224,-0.83518064,1.9863565,-2.1608343
-0.9730539,-2.8543575,-0.015075931,5.885671,0.43907514,-0.72778046,2.044709,-2.0876732
-0.59704375,-2.982954,-0.009421528,6.2275767,0.31609246,-0.6437569,2.3354192,-1.9941106
-0.5055504,-2.9646633,0.09777422,6.3221183,0.24915211,-0.56634384,2.1499717,-2.16381
-0.670035,-2.9989777,-0.09802367,6.1366305,0.48668995,-0.7270309,2.2250316,-2.197123
-0.66934454,-2.9707403,-0.40630382,5.887901,1.0755997,-0.6936014,1.9012095,-2.3679442
-0.6528988,-3.0511444,-0.72148883,6.078172,1.1019682,-0.73079246,1.9117322,-2.301194
-0.73718405,-3.0530128,-0.57040906,6.227385,0.8111422,-0.6662579,2.1824,-2.1805189
-0.9261353,-2.787186,-0.25727114,6.163317,0.53006285,-0.73719746,2.1383731,-2.0987613
-0.53853005,-2.8804872,0.025705185,5.970456,0.6375554,-0.6430514,1.958008,-1.8798215
-0.7556162,-3.0217414,-0.2604552,5.802444,0.78586596,-0.68876725,2.279696,-2.2265847
-1.1562743,-2.6228552,-0.122634724,5.7970896,0.6447,-0.7056063,2.1752782,-2.0406854
-0.9636598,-2.825086,0.4303361,5.478211,0.39253438,-0.83873063,2.1505198,-2.1739028
-0.81226426,-2.9500692,0.8892059,5.090762,0.38015544,-0.7672244,2.147608,-2.2212431
-0.7171371,-2.9472275,0.9204184,5.138253,0.4197421,-0.6971306,1.9989986,-2.2641802
-0.8873198,-2.857038,0.4947793,5.093293,0.72172517,-0.7623713,2.121758,-1.9868876
-0.9032272,-2.8303595,0.41170868,5.6611,0.28445303,-0.7099355,2.2633393,-2.110209
-0.9614176,-2.8117735,0.44890875,5.325995,0.5631129,-0.63433146,2.3209782,-2.0652273
-0.9619508,-2.930674,0.5076721,5.3430014,0.40376127,-0.7312857,2.1895857,-2.087604
-1.0463947,-2.810067,0.66525245,5.3550367,0.22675504,-0.85443693,2.1741345,-2.2073505
-0.7804558,-2.9554133,1.0702081,4.8868937,0.4407258,-0.7267062,2.0186243,-2.1055925
-0.81456953,-2.8851008,0.8724488,4.8930445,0.53505856,-0.6677715,2.1781237,-2.1602206
-0.8129718,-2.9714084,0.7936434,4.967783,0.50417984,-0.7502646,1.9392496,-2.1660686
-1.0136046,-2.7874084,0.97737527,4.677113,0.5448368,-0.8201131,2.0207176,-2.2210479
-1.0130333,-2.925607,0.95055145,4.7636647,0.58687764,-0.73248225,2.1904888,-2.1401675
-0.6223424,-2.8314521,0.95259154,5.2031503,0.31421575,-0.57508814,2.0656986,-2.035041
-0.96809006,-2.8089037,0.94061446,5.217307,0.17209603,-0.7871741,2.2811136,-2.209466
-0.6037885,-2.8860781,0.9232524,5.19694,0.43881723,-0.6373851,2.0628917,-2.1033328
-0.83810663,-2.9955218,1.154967,4.493726,0.6849028,-0.7938664,2.279984,-2.142286
-0.79214275,-3.0450995,0.574281,4.761964,1.0825449,-0.6735269,2.055056,-2.2729354
-0.933867,-2.86407,0.5622724,4.946176,0.7025345,-0.7095901,2.1733186,-1.9074365
-0.92224956,-2.7558515,0.7617876,5.103961,0.5085424,-0.78506976,2.1030078,-1.9557734
-1.0558994,-2.7495558,0.23179257,5.2165904,0.8791316,-0.71379054,2.237287,-2.075087
-0.9167981,-2.8553095,0.29798287,5.468875,0.7492663,-0.6990134,1.9581047,-1.9127702
-0.733753,-2.9654696,0.5958613,5.3179216,0.5518998,-0.6181717,2.1438148,-2.2005763
-0.5534675,-2.909328,0.7698614,5.6632767,0.04048344,-0.65778,2.3684795,-2.0191355
-0.73239654,-2.876138,0.6453094,5.941233,-0.024566615,-0.49846852,1.9638474,-2.1801097
-0.6826714,-2.9820595,1.010161,5.837794,-0.2726909,-0.5562347,2.2072887,-2.1817024
-1.0105255,-2.7722042,1.0642985,5.636834,-0.39232832,-0.7949736,1.9681973,-1.9449784
-0.90877396,-2.8387809,0.98811984,5.535895,-0.15820707,-0.7473848,2.0104873,-2.0127506
-0.87989604,-2.8532739,0.9269223,5.6851087,-0.29055232,-0.72512156,2.087591,-2.128571
-0.82095104,-2.9071748,0.8209622,5.792931,-0.35485634,-0.8983926,2.0175781,-2.1294928
-0.8421767,-2.9410193,0.6060436,5.8324327,-0.04798047,-0.77952725,2.0600264,-2.3094816
-0.82828724,-2.8100038,0.81296915,5.5417147,0.01364581,-0.6333556,2.011668,-2.1124434
-0.8826662,-2.8026016,0.6789488,5.4833674,0.2721485,-0.69320273,2.090507,-2.2463055
-0.8945546,-2.8328788,0.69534,5.496466,0.10666948,-0.8290363,2.015366,-2.1612144
-0.87776256,-2.8041396,0.6241107,5.457262,0.39195466,-0.62967736,2.3131604,-2.0877554
-0.77526766,-2.885475,0.8496346,5.3012066,0.3184018,-0.64443487,2.014901,-2.2058604
-1.03574,-2.6324704,1.0813134,4.6381793,0.6256163,-0.8254676,1.8978838,-2.0365376
-0.9645454,-2.9490304,0.9921317,4.5732684,0.7562497,-0.7278663,2.125555,-1.999478
-0.7196043,-2.939467,1.005109,4.6798234,0.65655935,-0.88571125,2.4017067,-2.002403
-0.8820799,-2.9384003,1.1857475,4.4668016,0.7473948,-0.71813965,1.9000016,-2.1193647
-0.7698413,-2.9086509,1.2734267,4.4340534,0.65236485,-0.7629446,1.9255171,-2.132222
-0.6926279,-2.8561864,-0.30271205,5.79653,0.9960667,-0.69691443,1.959119,-2.1294348
-1.0157996,-2.8295755,-0.5828605,5.931909,0.98516405,-0.826913,2.1274931,-2.2182379
-1.1140151,-2.791308,-0.5912272,6.0543227,0.7304412,-0.9409248,2.0354288,-2.2700748
-0.6471072,-2.940221,-0.69200706,6.456266,0.72921926,-0.6441099,1.9042044,-2.1997268
-0.82912236,-3.0730758,-1.0191978,6.538685,0.9200832,-0.7059045,1.9830556,-2.1471007
-0.84102637,-2.8390448,-0.8502322,5.8923273,1.3537457,-0.7548938,2.1782525,-2.045889
-0.90162545,-2.841824,-0.8475739,5.844788,1.2957032,-0.87904143,2.1092775,-2.1841674
-0.7351537,-3.000865,-0.626405,5.8914924,1.183243,-0.68927085,2.1041167,-2.1319485
-0.50352466,-3.0100513,-0.9391198,6.2783604,1.2188979,-0.7223572,2.0838954,-2.0635684
-1.024191,-2.863003,-1.146798,6.0683546,1.3978643,-0.81454176,2.0111346,-2.134144
-0.92651325,-2.8694344,-1.2917286,6.127666,1.4640489,-0.66383564,2.3464034,-2.1256866
-1.0552351,-2.8168077,-1.5457366,6.5042663,1.2945763,-0.7743512,1.9936062,-2.3160598
-0.9097019,-2.8616097,-1.4453871,6.3436294,1.4027067,-0.6877438,1.9979005,-2.2921388
-0.8051236,-3.015758,-1.0558993,6.47747,1.032252,-0.7696626,2.3694882,-2.0791743
-0.7375849,-2.9991457,-0.7273158,6.4036617,0.70792735,-0.65121347,2.1110773,-2.207518
-0.8940425,-2.831797,-0.40221494,6.504468,0.31040528,-0.7826986,2.0233176,-2.2490058
-0.8456581,-2.8886054,-0.23528014,6.1453896,0.47574428,-0.7297674,2.0402439,-2.171316
-0.6429532,-2.925609,-0.026360257,6.067548,0.327025,-0.621905,1.9246272,-2.1057067
-0.7371967,-2.9925797,0.4947683,5.4775944,0.39625773,-0.6522256,2.0788403,-2.273448
-1.0373942,-2.8700757,0.22716103,5.7238965,0.30238032,-0.8970618,2.2299798,-2.3720083
-0.61599547,-2.933501,-0.3014653,6.1487503,0.6427416,-0.6367697,1.9308182,-2.1601636
-0.71373934,-2.9142413,-0.28326473,5.9756365,0.7808383,-0.6146524,2.1211126,-2.054733
-0.6316283,-2.8608549,0.06354279,6.0402102,0.5675993,-0.6742962,2.2108362,-1.9497651
-0.96091235,-2.8698528,-0.02993622,5.7031856,0.50379366,-0.815986,1.9419855,-2.0413578
-0.9235466,-2.96298,-0.49285778,6.0804453,0.765146,-0.72386,2.2840083,-2.130134
-0.73959875,-3.0710022,-0.3729186,6.1983075,0.66317666,-0.6320945,2.052041,-2.182505
-0.62298554,-2.9715028,-0.6219668,5.9856696,0.99036646,-0.9639044,2.037747,-2.0003636
-0.82762605,-2.7427855,-0.30946642,6.20831,0.5838422,-0.6183216,2.0817156,-2.1519125
-0.95792156,-2.8797798,-0.32309312,5.826179,0.8383192,-0.70169044,1.9820671,-2.1652498
-0.56399155,-2.8916943,-0.09283646,5.9936566,0.5690328,-0.77400994,1.9281939,-2.3080027
-0.6881292,-2.8856375,0.15160394,5.606144,0.64948547,-0.6094488,1.9551282,-2.0153935
-0.64761364,-2.975624,0.29259226,5.4785347,0.706269,-0.6598163,2.18889,-2.1190467
-0.92655236,-2.9390993,0.12537675,5.485653,0.7335315,-0.74651027,2.1710408,-2.0660698
-0.93206394,-2.9124374,-0.26298758,5.567435,1.0964988,-0.67916423,2.0504067,-2.031826
-0.6990623,-2.8918755,-0.0043356973,5.4597564,0.9895979,-0.5705931,1.8980306,-2.0910683
-0.85198677,-2.8042545,0.30132562,5.029263,1.1064317,-0.7299481,2.1281555,-2.1817565
-0.9243781,-2.9910586,0.08727438,5.0627146,1.140195,-0.78567785,2.0128505,-2.0939374
-1.0371873,-2.8927083,0.015727414,4.96145,1.3692552,-0.82245964,1.990546,-2.348242
-0.763221,-2.841481,0.088479325,5.046959,1.3152514,-0.63738674,2.0705166,-2.1251585
-0.78494513,-2.9098623,0.017069284,5.1054716,1.3739436,-0.6418504,2.1462436,-2.3085155
-0.60275495,-2.9579654,-0.3518772,5.2265086,1.6291627,-0.7118836,2.0629685,-2.0064492
-0.874965,-2.9003747,-0.17251492,5.50445,1.1312238,-0.79792684,1.9985037,-2.300926
-1.0546645,-2.724101,0.027105916,5.3406625,0.89123964,-0.7002826,2.266709,-2.1562774
-0.6778567,-3.0469317,-0.074039504,5.4304767,1.1622607,-0.6992394,2.103236,-2.2172124
-1.0004628,-3.0118537,0.01735282,4.9951596,1.3637216,-0.87936014,1.9740905,-2.207397
-0.8946265,-2.931645,0.56902564,4.7470684,1.0059503,-0.66432893,1.9534957,-2.217152
-0.63921356,-2.9829445,0.29374647,5.3299203,0.9610702,-0.6365196,2.0297918,-2.3385203
-0.87049425,-2.8609986,-0.00035071056,5.457101,0.9939114,-0.74959755,2.0969756,-2.1161597
-0.88482374,-2.936095,-0.13606071,5.864244,0.6399953,-0.8295735,2.0629342,-2.0504484
-0.6182216,-2.9570127,0.46796262,5.621171,0.52905816,-0.6296022,2.0584652,-2.2130482
-1.071474,-2.8366003,0.48384976,5.5178103,0.31663638,-0.755213,1.8670974,-2.2106938
-0.7018885,-2.9109755,0.3140459,5.979909,0.1813781,-0.84798324,1.9670744,-2.2293415
-0.93501073,-2.9397905,0.42053792,5.741888,0.26276624,-0.6872367,1.9594699,-2.1580915
-1.0740726,-2.7470868,0.41583768,5.787091,0.04243257,-0.79155934,2.1314547,-2.0624638
-1.0854809,-2.7567275,-0.2328895,6.0082407,0.42118275,-0.74084294,1.9364364,-2.1262212
-0.7657615,-2.8834488,-0.34695628,6.1332273,0.59325373,-0.8056997,2.2297146,-2.1451416
-0.6589993,-2.8579776,-0.017433224,5.8375993,0.64379203,-0.68832636,1.9318706,-2.0759022
-1.1062351,-2.855852,-0.24105166,5.7444005,0.63479203,-0.7967384,2.2041147,-2.1188357
-0.76138145,-3.0194218,-0.46316987,5.7514567,1.1355797,-0.630584,1.9709747,-2.0941885
-0.93971056,-2.7896469,-0.08632312,5.317988,1.0861222,-0.6611425,2.1972318,-2.0410128
-1.0188512,-2.8585112,-0.13205904,5.650058,0.7773536,-0.75777954,2.160344,-2.2049446
-0.7735162,-2.8851113,-0.3426651,5.9369326,0.9702165,-0.68702126,1.9914843,-2.1648607
-0.78368163,-2.8957362,-0.09741456,5.566195,0.79924124,-0.6531458,2.1109765,-2.1936462
-0.95671904,-2.858215,-0.32139835,6.083872,0.5486342,-0.9709814,2.2187989,-2.1541324
-0.9454653,-2.7598448,0.024751864,6.1934853,0.09991138,-0.7732848,2.0944586,-2.1738048
-0.9318044,-2.785605,0.24639848,6.2166567,-0.15044856,-0.5946241,2.0643651,-1.8487659
-0.6432391,-2.8872917,0.39610994,6.287979,-0.20287222,-0.54227436,2.1583107,-2.0310314
-0.7903193,-2.9005632,0.38052803,6.369862,-0.3801265,-0.76249564,2.0694573,-2.008528
-1.0654455,-2.7045338,0.40287492,5.830738,-0.040565677,-0.85352576,2.2362278,-2.037534
-1.0174428,-2.7941391,0.48495582,5.8163333,-0.02306475,-0.65026325,2.2146046,-2.1616852
-0.7671178,-2.933951,0.46943468,5.6917987,0.2559915,-0.6262327,2.027125,-2.1876588
-0.65656495,-2.8757029,0.65685487,5.605058,0.24880074,-0.8685937,2.342736,-2.1611147
-0.61219436,-2.9346917,0.8405457,5.104367,0.48471245,-0.72991997,2.1248538,-2.0975347
-0.7429717,-2.873926,1.251396,4.779108,0.4487988,-0.7509599,2.137572,-2.0401037
-0.88630193,-2.8837996,1.3581176,4.3726616,0.65821654,-0.6654242,2.167482,-2.1201203
-0.9252716,-2.8431664,1.2584109,4.5804906,0.41980296,-0.9187874,2.1391125,-1.9587356
-0.70757365,-2.9612842,0.86145604,5.1420336,0.37268314,-0.70686686,2.0856588,-2.2329092
-0.7481356,-2.9657347,0.8397444,5.087199,0.5774464,-0.661141,2.0782974,-2.212087
-0.89525753,-2.7241507,0.85616606,5.574988,0.049640514,-0.6354028,2.1587505,-2.0842888
-0.7869425,-2.9292345,0.6211165,5.784469,-0.025684958,-0.75594836,2.2654014,-2.230932
-0.7138783,-2.9266765,0.6664496,5.6318398,0.19091609,-0.6730941,2.1994457,-2.311668
-0.7792221,-2.8941987,0.46882415,5.535754,0.42733186,-0.82259506,2.0569649,-2.177652
-0.73278105,-2.9422057,0.28583735,5.6324325,0.46332115,-0.7947738,2.0910459,-2.1877382
-0.91415197,-2.84697,0.0022750609,6.0825243,0.36274245,-0.72711563,2.1674893,-2.0829382
-1.0087202,-2.7973657,-0.10919339,5.888376,0.46887878,-0.7507931,2.1578493,-2.158273
-0.6399797,-2.925016,0.016917983,5.952516,0.5712627,-0.5362758,2.0725553,-2.2564962
-0.801973,-2.8807657,0.27337077,5.6641135,0.4181783,-0.7254536,2.2258587,-2.154885
-0.8855991,-2.8790052,0.3405435,5.746608,0.3872102,-0.7106341,1.9933894,-2.1631086
-1.201381,-2.7528853,0.43349254,5.6504927,0.14794713,-0.798678,2.2354326,-2.1281526
-0.7267318,-2.8989866,0.40395808,5.7345986,0.22916181,-0.6476072,2.1568336,-1.9341174
-0.588118,-2.9776695,0.9880967,5.5002418,0.12429278,-0.58981746,2.0323188,-2.0533319
-0.7825279,-2.9295573,1.2397134,5.0761366,0.072875835,-0.6875795,2.0309064,-2.309773
-0.8655987,-2.820124,1.336374,5.2727647,-0.24951452,-0.6182126,2.18725,-2.236178
-0.886092,-2.9161322,1.1968633,5.240823,-0.17380953,-0.7080268,2.1387708,-2.1930568
-0.92414355,-2.8745675,1.0763656,5.2473783,-0.04340154,-0.7176997,2.2453198,-2.118721
-0.92538273,-2.7970247,0.8511522,5.419425,-0.0077094394,-0.69329274,2.0641391,-2.05638
-0.90647364,-2.848011,0.53275704,5.1904497,0.6047669,-0.7213259,2.2783997,-2.2204144
-0.91497576,-2.8336437,0.6924017,5.3485055,0.25011745,-0.7997777,2.3241892,-2.098014
-0.7188263,-3.003659,0.81001556,5.39721,0.1954478,-0.80023545,2.1001632,-2.1356316
-0.8239337,-2.8023236,0.8121359,5.12634,0.44653133,-0.6578584,2.3247607,-2.1112733
-0.86278677,-2.8628092,0.5861852,4.539898,1.3167293,-0.61382794,2.055247,-2.2203279
-0.74549043,-2.8636007,0.5960743,4.065058,1.684545,-0.66447675,2.0371444,-2.0014782
-1.0951849,-2.6457236,0.8213886,4.0734954,1.3731177,-0.7131442,2.1463497,-2.1262226
-0.89795244,-3.0079882,0.6712008,4.4001017,1.2713976,-0.6805469,2.0470204,-2.234929
-0.8951561,-2.9172628,0.51102793,4.4997053,1.3005085,-0.816585,1.9595146,-2.259615
-1.0231724,-2.861112,0.33105987,4.68229,1.1892085,-0.75735784,2.01649,-2.1439958
-0.9738719,-2.8219168,0.22032645,4.681052,1.3664821,-0.8127956,2.1480083,-2.0312529
-0.666915,-2.8727472,-0.24183577,5.3198347,1.4189271,-0.7190699,2.1087062,-2.1181626
-0.48841906,-2.9976566,0.49909496,4.9086585,1.3019193,-0.6322083,2.2438085,-2.0117629
-0.8303162,-2.8946676,0.19623767,5.090304,1.0851116,-0.70023054,2.2075791,-2.12711
-0.73975027,-2.929485,0.30167776,5.17008,0.8304986,-0.71710783,1.8663884,-2.1429667
-0.65155447,-2.8595538,0.06172464,5.039069,1.4613049,-0.60310364,2.3081172,-1.938591
-0.92705345,-2.8987498,-0.057088096,5.027935,1.3385031,-0.716073,2.094722,-2.4288929
-0.52772313,-2.9311419,0.07272076,5.1993546,1.232049,-0.70842683,2.0009673,-2.15409
-0.95474666,-2.868793,0.15636562,5.3757725,0.6504692,-0.7469457,2.2098517,-2.1839094
-0.5486385,-2.8233204,0.47538263,5.3452497,0.695032,-0.6159041,2.0029988,-2.0586631
-0.8272369,-2.8284044,0.43264893,5.035092,0.93727493,-0.7274003,1.9234183,-2.312374
-0.9232725,-2.9006858,0.04983367,5.2534857,1.0636544,-0.6437833,2.1943412,-2.0593665
-0.64752907,-2.9855082,0.4056312,5.464833,0.58162475,-0.9024799,2.207917,-2.0926783
-0.85019654,-2.8146489,0.42150715,5.4563904,0.54035246,-0.7605645,1.9018368,-2.222174
-0.8545944,-2.8165317,0.10903692,5.2307816,0.9438539,-0.937369,2.1015377,-2.1472306
-0.8347004,-2.940548,0.01540968,5.3957105,0.96274525,-0.68654084,2.2544842,-2.245758
-0.82522297,-2.8613145,-0.14131309,5.929056,0.7234883,-0.7235977,2.0333908,-2.1654315
-1.0171939,-2.8408108,-0.30779967,5.859105,0.7477999,-0.7184313,1.9370697,-2.0319338
-0.79806656,-2.8838048,0.3813284,5.5772386,0.48583436,-0.7171879,2.1271603,-2.271513
-0.65195423,-3.165118,-0.052990165,6.0388207,0.35880342,-0.7092919,2.0649927,-2.1098824
-0.87037116,-2.857165,0.3362528,5.509092,0.5120578,-0.630084,2.064778,-2.3064868
-0.9081826,-2.9706056,0.5856449,5.545665,0.19036657,-0.76995057,1.9887921,-1.9104413
-0.5655006,-2.9211864,0.41030237,5.9613323,0.23585975,-0.59742665,2.1772466,-2.108475
-0.64269036,-2.9378476,0.84947944,5.422209,0.25240147,-0.6408212,1.8224409,-2.0018811
-0.84501094,-2.8442469,0.93729687,5.2374988,0.24663801,-0.8720004,1.9754026,-2.2366562
-0.892187,-2.8661256,0.6893762,5.1011915,0.47426522,-0.7672381,2.370945,-2.1414182
-0.7336003,-2.9840639,0.8012249,5.365622,0.30467424,-0.7860529,2.2899778,-2.1982057
-0.68614566,-2.8473632,0.9524983,5.40938,0.10547763,-0.6607841,1.9957777,-2.1939716
-0.68740344,-2.963596,0.86212254,5.7789664,-0.21989667,-0.74802315,1.957338,-2.1943307
-0.68684125,-2.9032183,0.78131986,5.8957806,-0.09099516,-0.6525081,2.179181,-2.2582467
-0.9633315,-2.8129241,0.6544397,5.8155956,-0.04438755,-0.6558011,2.291677,-2.2416925
-0.8952892,-2.814992,0.91511494,5.419245,-0.027848657,-0.710031,2.0797818,-2.1813407
-0.63291836,-3.0314183,1.0810335,5.1998563,0.10075906,-0.7892567,2.3166423,-2.2359405
-1.0280008,-2.7798417,1.1952283,5.018654,0.067841545,-0.7182001,2.0515006,-2.0516396
-0.9727601,-2.712236,1.1546203,5.536742,-0.33136296,-0.67479867,2.0851514,-2.1259923
-0.7961967,-2.8421466,0.95811427,5.068337,0.3554647,-0.75833875,2.2956562,-2.1576557
-1.0766524,-2.8582668,0.8823677,4.910612,0.45097974,-0.7184555,2.0531209,-2.173055
-0.91001534,-2.8816085,0.8608242,4.9864826,0.38962558,-0.69342905,1.9746954,-2.0162976
-0.7566909,-2.870591,0.64324194,5.1243825,0.7400454,-0.65571636,2.2412086,-2.1845715
-1.0306991,-2.8233087,0.39391837,4.9599934,0.85052806,-0.7561869,1.8514302,-1.9688182
-0.84320045,-2.9391928,0.5773037,5.2747717,0.51597786,-0.75584114,1.8408774,-2.115775
-0.6201876,-3.1677418,0.31646436,5.565798,0.6710076,-0.6402787,2.1693528,-2.1901975
-0.6278416,-2.9736416,0.5262307,5.463375,0.42298457,-0.63173234,2.1205313,-2.0196948
-0.74620914,-2.925315,0.4043184,5.5596747,0.45554712,-0.62509847,2.03075,-1.8416721
-0.7904568,-2.9041271,0.5633021,5.6993666,0.21387851,-0.6450859,2.175796,-2.0817368
-0.75058025,-2.9557521,0.40763855,5.952462,0.10052726,-0.67137367,2.1143029,-1.948395
-0.6092822,-3.0614765,0.6250432,5.848896,0.044150557,-0.59784746,2.410031,-2.0531898
-0.9031844,-2.9061368,0.7868512,5.6746054,-0.17181864,-0.8476436,2.128482,-2.1867948
-0.82116115,-2.8674061,0.50423676,5.334686,0.46193644,-0.81674176,2.1852398,-2.1163719
-0.9178632,-2.807052,0.6474327,5.5998774,0.092272766,-0.67908823,2.072922,-2.1259773
-0.87512517,-2.8987162,0.88940614,5.6159525,-0.13066141,-0.7196757,1.9761516,-2.085403
-0.66067266,-3.0004199,1.2201566,5.333075,-0.102416195,-0.76062036,1.9409976,-2.0082655
-0.7207892,-2.9622335,1.1013258,5.715829,-0.39313045,-0.68225783,1.8883538,-2.0619419
-0.8223978,-2.8955884,1.0977057,5.6370325,-0.40906817,-0.7345288,2.0642889,-2.1500447
-0.9535097,-2.8106465,0.68037975,6.421652,-0.81336975,-0.8107691,2.0671127,-2.109745
-0.70473933,-2.9763176,0.8062559,6.762849,-1.1172965,-0.66395193,1.9306661,-2.171562
-0.9340349,-2.8652685,0.7412886,6.524616,-0.91437596,-0.85131127,2.09476,-2.139492
-0.90746605,-2.8321116,0.97793806,6.1512403,-0.776626,-0.70021635,2.1229692,-2.078275
-0.82319266,-2.8121302,0.96880996,6.2239885,-0.76149243,-0.6173178,2.2091146,-2.1100354
-0.64995146,-2.8523111,0.8558569,6.2978177,-0.630604,-0.7073832,1.9792186,-2.2127218
-0.7538136,-2.8129187,0.40674272,6.275072,-0.28623542,-0.9491739,2.1204228,-2.0658221
-0.7686646,-2.9521136,0.24957787,6.42113,-0.27395323,-0.69351816,2.021819,-2.110655
-0.72988003,-2.8941972,0.19606172,6.099894,0.22524624,-0.64281386,2.2209945,-2.1948266
-0.8537721,-2.8785727,0.48453933,5.647815,0.18531331,-0.599528,2.195482,-2.1448593
-0.7692273,-2.8111236,0.22075734,5.5560026,0.79561114,-0.6856114,1.9208242,-2.1098351
-1.1210736,-2.6878111,0.17555907,5.0695796,0.94558936,-0.7604758,2.1156435,-2.2078073
-0.8347238,-2.9159837,0.31201604,5.0443974,1.0384003,-0.76611376,1.8368688,-2.0149465
-0.73979956,-2.8250043,0.17611307,5.2775364,1.0094371,-0.6135264,2.1697476,-2.1440935
-0.7840695,-2.7787497,0.46540725,5.4589314,0.3745503,-0.7163508,1.9564921,-2.0935948
-0.9542066,-2.9503746,0.6999254,5.2505903,0.43051356,-0.8025584,2.1468265,-2.215378
-1.0097736,-2.807719,0.87584025,5.2213726,0.27212685,-0.65500575,2.11829,-2.097788
-0.8294488,-2.8821726,0.5670231,5.311913,0.4710753,-0.643155,2.2849195,-2.0818088
-0.71913505,-3.026188,0.72016686,5.3382444,0.52558535,-0.7812208,2.2990346,-1.9896386
-0.8108445,-2.9587836,0.4680393,5.24608,0.6305548,-0.6684448,2.0612853,-2.0780625
-0.8978035,-2.9594297,0.14426757,5.082153,0.9901469,-0.7676803,2.1143725,-2.0208533
-0.7274962,-2.8173687,0.04572876,5.24188,1.2145498,-0.67922723,2.0388043,-2.2435794
-0.91143024,-3.0056052,0.12008674,4.7104316,1.4511311,-0.73563385,2.0227377,-2.2151196
-0.81276387,-2.8983953,0.42777193,4.7663846,1.1456637,-0.7156598,1.9995267,-2.1120186
-0.99629194,-2.8259485,0.5656033,5.0214868,0.829385,-0.7116736,1.8929965,-2.2332394
-0.95187706,-2.8531375,0.316104,5.015019,0.99167156,-0.7392099,2.0809546,-2.3054285
-0.88287,-2.8996127,0.07667477,5.5464125,0.6336695,-0.70974797,2.180368,-2.170328
-0.93106425,-2.8431563,-0.15419726,5.8371544,0.6891117,-0.72712713,2.4893677,-1.9996606
-0.56723845,-2.9793181,0.124850735,5.6610603,0.7434688,-0.69576085,1.98369,-2.1366096
-1.0014749,-2.8356438,-0.053873587,5.644986,0.70362717,-0.7330589,1.8800902,-2.223386
-0.76620495,-2.8283916,0.029934758,5.484935,0.99565613,-0.6292968,2.0176902,-1.9588835
-0.8559927,-3.046376,-0.10594887,5.2756214,1.1564721,-0.701705,2.0524147,-2.276737
-0.8359334,-2.818725,0.24194604,4.132012,2.121796,-0.65680057,2.161196,-2.1354783
-0.87358135,-2.9186378,0.06290061,4.188224,2.1434968,-0.77225393,2.1399379,-2.216504
-0.8885633,-2.814918,-0.4290676,4.9884286,1.7640203,-0.72715926,2.02035,-1.8738285
-0.9015567,-2.957394,-0.83414036,5.740372,1.4283131,-0.6944496,2.0491014,-2.0639148
-0.64657444,-2.9788535,-0.85904086,6.2398024,1.083415,-0.62198484,1.7307472,-2.0029206
-0.82612777,-2.870988,-0.981455,6.324444,1.043739,-0.6985438,1.9236499,-2.2337112
-0.6985558,-2.7923234,-0.5258298,6.5752063,0.39598623,-0.74008274,2.1742373,-2.0530224
-0.6980914,-2.9491334,-0.48676193,6.385713,0.53443086,-0.6865467,2.2035005,-2.2045045
-0.947484,-2.839171,-0.864224,5.7455454,1.3014554,-0.76396686,2.2044058,-2.3071637
-0.79303133,-2.8799536,-0.9557162,6.1704926,1.18908,-0.6945916,2.2522898,-2.1561525
-0.9255129,-2.8800526,-0.6679268,5.847559,1.1374198,-0.8643305,2.1356046,-2.2785966
-0.65751153,-3.0433595,-0.2617019,5.861485,0.9535258,-0.6377801,2.1948092,-2.1653533
-0.8159513,-2.918913,0.0052533457,5.675302,0.8120135,-0.71091056,2.0591211,-2.039876
-0.9052565,-2.8894255,-0.06926726,5.8305025,0.4717944,-0.71488994,2.1637084,-2.1568184
-0.8059689,-3.0018535,0.056826834,5.692148,0.70553666,-0.65763295,2.069841,-2.2663786
-0.54574054,-2.9386191,0.19297169,5.4509816,0.87193465,-0.65005124,2.3088155,-2.1478748
-0.5118294,-3.1423168,-0.10177402,5.879333,0.82409376,-0.568702,2.161558,-2.0752623
-0.70978415,-2.8730788,-0.2727594,6.0021076,0.6974877,-0.71411777,2.1503146,-2.1862419
-0.64987254,-2.947512,-0.12191287,6.097571,0.4727543,-0.6570442,2.2664635,-2.2085009
-0.77817357,-2.894768,0.22588822,5.9407973,0.3432759,-0.58600396,1.871931,-2.0489252
-0.9867006,-2.770145,0.39057204,5.7066593,0.13080224,-0.72824246,2.0520587,-2.1954143
-0.88389546,-2.8748806,0.5023931,5.092829,0.7507115,-0.74206734,2.1159947,-2.2916925
-0.86250645,-2.8362598,0.3063616,5.0633464,1.1031271,-0.775098,2.2612603,-1.9741331
-1.146077,-2.815572,-0.31208456,5.4934645,1.1477585,-0.7953938,2.2770236,-2.3013685
-1.0298102,-2.758941,-0.65746266,6.007925,0.921221,-0.8576274,1.9758768,-2.0152073
-0.83564925,-2.7886882,-0.78128135,6.3778358,0.8836161,-0.7539798,2.1083868,-2.146881
-0.9181854,-2.772226,-1.0331271,5.766343,1.511023,-0.76353645,2.0158353,-2.1583734
-0.93591195,-2.8096714,-0.9151771,5.6143885,1.6354334,-0.6544761,1.9259378,-2.1506464
-0.78895986,-2.7830572,-0.9513913,6.092322,1.2897365,-0.70611864,2.1839967,-2.2210677
-0.65521693,-2.981482,-0.9614077,6.293335,1.2729923,-0.64305484,2.3171022,-2.1192327
-1.1167349,-2.8169594,-0.66299456,5.5783644,1.3335106,-1.0133331,1.9404957,-2.1866307
-0.7020441,-3.104121,-0.49039406,5.4120326,1.5236562,-0.87923795,2.0176976,-1.95914
-0.7636434,-2.8853686,-0.30748776,5.4637675,1.2082036,-0.7031727,2.1206145,-2.023173
-0.7054793,-3.2126973,-0.35696065,5.6172533,1.0500289,-0.6923925,2.2256167,-2.1309488
-0.6092153,-2.963708,-0.21190661,6.044561,0.7606334,-0.545426,1.9529581,-2.0202723
-0.97070736,-2.8397098,-0.067280166,5.557943,0.7869807,-0.75656533,2.0868652,-2.2223136
-0.7738416,-2.825318,0.06907003,5.4420066,0.91177964,-0.703953,1.8220356,-2.1522863
-0.913698,-2.8041701,0.20689149,5.4581985,0.6484933,-0.7944172,1.7682499,-2.0168753
-0.81121176,-2.7839036,0.150458,5.59443,0.72025526,-0.68255925,2.1455805,-2.227392
-0.89975685,-2.8108463,0.20169044,5.637002,0.6069072,-0.6432779,2.206111,-2.181771
-0.7811941,-2.8995862,-0.22208527,5.7196026,0.8646239,-0.80107284,2.0853982,-2.1235921
-1.0065961,-2.8270588,0.1281243,5.237478,1.0068408,-0.75113446,2.0287058,-2.2073205
-0.639027,-3.047092,-0.29262903,5.7280793,0.98626727,-0.67028797,2.3601427,-2.3096185
-0.5935229,-2.7385907,-0.48850495,6.108861,1.02768,-0.59230816,2.2691436,-2.1571772
-0.59950775,-2.994684,-0.42012447,5.9008136,1.0194886,-0.746547,2.0724866,-2.0572374
-0.87560004,-2.839902,-0.4221223,6.004293,0.7449747,-0.70521337,2.0630999,-2.0368717
-0.7968043,-2.9972556,-0.190158,5.377849,1.281833,-0.8037269,2.3154268,-2.2021692
-0.55848527,-2.9535902,-0.30115348,5.5264974,1.3959191,-0.6195588,2.063995,-2.2074368
-0.6455762,-2.9626899,-0.19164105,5.1300254,1.6032892,-0.73646283,2.0637546,-2.083007
-0.89755875,-2.9088342,0.044471852,4.679405,1.6492617,-0.607497,2.3107133,-2.1901355
-0.68649226,-3.059969,0.12171259,4.728246,1.4788938,-0.7329654,2.1185005,-2.093401
-0.8601542,-2.9043272,0.053452592,4.827857,1.3541267,-0.734949,2.1816955,-2.209521
-0.9962913,-2.6954145,-0.034616087,4.4818983,2.0107353,-0.7630682,2.2731237,-2.1360376
-0.8542746,-2.9279184,-0.302028,4.472557,2.307731,-0.76651,2.2716334,-2.3197782
-0.85407454,-2.9067366,-0.13296981,4.5965624,1.9313631,-0.7507945,1.7375851,-2.0880933
-0.68099093,-2.8825138,-0.32274464,4.6524925,2.07857,-0.6658017,2.2232,-1.9276708
-0.87267506,-2.9268327,-0.025796562,4.328956,2.0625582,-0.66084635,2.030938,-2.0588055
-0.910777,-2.773668,-0.13440749,4.817245,1.6015955,-0.7819453,1.9915987,-2.1987007
-0.761137,-2.7919197,-0.110843614,4.5718284,1.9251099,-0.6742259,2.1413789,-2.090578
-0.89927596,-2.8513334,0.5035165,4.911138,1.0115832,-0.7139154,2.0042908,-2.3078609
-0.59035736,-2.996774,0.16026771,5.4873557,0.82342726,-0.6581838,2.3432808,-1.9553591
-0.8175814,-2.7728539,-0.11400804,5.669024,0.96603996,-0.7648065,2.1275165,-2.1156156
-0.7395895,-2.9193368,0.13308327,5.336047,0.92288387,-0.64177763,2.2918758,-1.964544
-0.77140677,-3.013886,0.33236864,5.302295,0.6431318,-0.7752789,2.0854921,-1.9627442
-0.902952,-2.8381274,0.33745524,5.606943,0.41415378,-0.67003345,1.9874249,-2.239252
-0.83102155,-2.8926167,0.15668905,5.6051445,0.5625364,-0.83894646,2.1100755,-2.271922
-0.7811801,-2.8734117,-0.004902824,5.522507,0.8542528,-0.72802866,2.2534509,-2.068524
-0.93060976,-2.8665242,-0.28664038,6.0745063,0.6022716,-0.7478079,2.1836905,-2.1414561
-0.5542652,-2.964865,0.23183969,6.0459003,0.20809878,-0.807456,1.7033318,-2.011884
-0.715526,-2.9765844,0.81335354,5.767988,-0.117986955,-0.59464055,1.9841754,-2.2079577
-0.82097864,-2.8997965,0.70988065,5.9178905,-0.14066058,-0.7215153,1.8871508,-2.0904956
-0.9774755,-2.9132192,0.6532754,5.7556596,-0.15335852,-0.79417956,2.131223,-2.2801924
-0.72321284,-3.058099,0.7162343,5.639422,0.16366208,-0.61552733,2.1440952,-2.1704974
-0.5454208,-3.1253572,0.8265257,5.5700355,0.13446277,-0.6594932,2.004176,-2.1973028
-0.9168646,-2.8596966,0.5343784,5.259129,0.574485,-0.75151795,2.2682946,-2.2043798
-0.7439908,-2.8191242,0.35601318,4.8260245,1.2375445,-0.59189475,2.0980046,-2.0520036
-0.7906893,-2.959171,0.23713161,4.4830728,1.7444043,-0.7055945,2.0742922,-2.2436311
-0.8874231,-2.8088443,-0.06328974,4.8182683,1.6187458,-0.8630944,2.0604358,-2.1874638
-0.7979967,-3.0008795,0.15147328,4.645446,1.6697298,-0.7453234,2.271582,-2.2560115
-0.7479786,-2.8265364,0.29202324,4.765011,1.4926292,-0.68221164,2.0313475,-2.206207
-0.826839,-2.9845731,-0.2711399,4.4208093,2.3496475,-0.79000986,2.0220375,-2.3106492
-0.7352539,-2.9789164,-0.08919908,4.0884123,2.4872198,-0.7901807,1.9500332,-2.3409214
-0.9045881,-3.046992,-0.21444544,4.790039,1.7665217,-0.73255557,2.211961,-2.069319
-0.7140778,-2.7364147,-0.051970247,4.8358126,1.551692,-0.6804779,2.0547833,-2.1645646
-1.0757233,-2.7313197,-0.33237186,4.8214035,1.8762659,-0.66805714,2.2689104,-2.022893
-0.792748,-2.9627397,0.34575757,4.5421124,1.5016165,-0.8106296,2.1118944,-2.1650949
-0.69309586,-2.9827433,0.07779813,4.6879945,1.7691246,-0.74730563,2.1921432,-2.1255002
-1.0863775,-2.8701756,-0.14854808,4.7853994,1.7192781,-0.7357768,2.1815805,-2.3751783
-0.83174735,-2.8617942,-0.15550283,4.8431597,1.7563261,-0.72193384,2.125819,-2.0101814
-0.8594968,-2.8647525,-0.33870766,4.876008,1.8919642,-0.77116483,2.0731761,-2.37961
-0.6415155,-3.157168,-0.92280453,5.400662,1.9825227,-0.6987743,1.9624579,-2.2237086
-0.90519655,-2.9175043,-1.0727916,5.509959,1.8755264,-0.66651255,2.1662192,-2.149484
-0.7993437,-2.9228752,-0.8356598,5.4428005,1.7562934,-0.7961738,2.0622048,-2.2354891
-0.8237615,-2.8870664,-0.9833022,5.216866,2.0151348,-0.85869443,2.2613926,-2.1777577
-0.9856846,-2.8376865,-0.5943627,5.36568,1.6048453,-0.8317149,2.2307851,-2.3537345
-1.0491471,-2.823228,-0.48803633,5.5282087,1.211559,-0.8805429,2.1207094,-2.1643965
-0.6663498,-3.0254052,-0.14189333,5.875825,0.6327037,-0.6785151,2.1668274,-2.1944382
-0.77905804,-2.8154008,0.25675252,5.8801537,0.18960515,-0.6652012,2.2434254,-2.0074372
-0.9591052,-2.9331315,0.16476808,5.8673887,0.21332318,-0.8148248,2.310476,-2.3101287
-0.6515137,-2.9695742,-0.036869332,6.2406077,0.2261554,-0.7106818,2.0583177,-2.1798236
-0.7332098,-2.9211226,-0.07413791,6.389551,0.14962986,-0.7421181,2.3802092,-2.1213045
-0.6128414,-2.9880898,0.115310945,6.4837794,-0.08505914,-0.76530397,2.0581667,-1.8880315
-0.9822857,-2.7713683,0.3357646,6.284458,-0.3464691,-0.75253606,2.1715252,-2.1207516
-0.68411666,-2.8731232,0.09320535,6.037622,0.45534906,-0.70626885,1.9596586,-2.205657
-0.8523508,-2.928171,-0.22832441,6.0281305,0.59146625,-0.67115235,2.1707196,-2.0555365
-0.7825314,-2.9460433,0.39420077,5.801791,0.22160326,-0.8897985,1.9963378,-2.1272388
-0.7150136,-2.8833504,0.55916953,5.7281394,0.23354444,-0.7428213,1.8598399,-2.0335557
-0.63436204,-2.9549348,0.27989644,5.9995804,0.2129503,-0.76771766,1.945009,-2.1024277
-0.49799073,-2.9633448,0.9359349,5.2883234,0.43054485,-0.6362926,2.221157,-2.0767195
-0.5301002,-2.8555565,0.8371756,4.9731283,0.84315276,-0.47656527,2.3062928,-2.2018323
-0.7204753,-2.86036,1.0337554,4.425198,0.9981505,-0.6993637,2.1868856,-2.0684736
-0.7424783,-2.8716874,0.8990165,4.679505,0.7037663,-0.7952003,2.1240392,-2.1506994
-0.8010744,-2.899999,0.6523038,4.8605275,0.9163217,-0.6061434,1.9276648,-2.2214983
-0.8826853,-2.8515909,0.104324594,5.4539723,0.6638204,-0.83034873,2.0785015,-2.161003
-0.847217,-2.8519168,0.11298035,5.52386,0.6728468,-0.64806193,2.141597,-1.9293243
-0.5636616,-3.0520253,0.06506356,5.8655763,0.49309492,-0.8013356,2.120647,-2.3197658
-0.5417791,-2.9952536,-0.049242977,5.961042,0.6555921,-0.72254777,2.0495572,-2.4485285
-0.97192085,-2.8640728,-0.100472726,5.9140306,0.46399495,-0.6789693,1.8550258,-2.2130053
-0.916889,-2.830074,-0.1099503,5.6937256,0.68210363,-0.7499436,2.1598954,-2.2905464
-0.8434638,-2.8666117,-0.0373535,5.804444,0.4867726,-0.7817372,2.1397772,-2.018697
-0.80359864,-3.0207462,0.35040018,5.601754,0.38060516,-0.76430684,1.8536487,-2.1960785
-0.7772942,-2.96236,0.51719826,5.6030064,0.34367093,-0.6245336,2.0540376,-2.1641765
-1.1310267,-2.8431847,-0.034651402,5.2676125,1.0433702,-0.8465674,2.4450877,-2.1808627
-0.6383563,-2.9849608,-0.099222586,5.212704,1.3339194,-0.6951324,2.108078,-2.1262097
-0.8790515,-2.8685281,-0.28644806,5.7970757,0.8874243,-0.70814997,2.064676,-2.1084929
-0.89451176,-2.8739443,-0.24045898,5.712961,0.90471834,-0.74560285,2.0642715,-2.2227437
-0.7544415,-3.0662513,-0.59557956,5.707391,1.2842462,-0.6008276,2.1741598,-2.4173222
-0.69988173,-2.8179457,-0.6595345,5.5320024,1.5560998,-0.67250097,2.108778,-2.092998
-0.86944,-2.9271586,-0.42567328,5.920669,0.8558862,-0.9099188,2.062109,-2.2069998
-0.69577223,-2.8819904,-0.50343585,6.430856,0.6237323,-0.59772104,2.079813,-2.0921323
-0.91605276,-2.8620234,-0.6483487,6.3959346,0.58181334,-0.8007555,2.1507466,-2.0845213
-0.46371588,-3.0326664,-0.41505724,6.5306396,0.62687624,-0.59843934,2.1546667,-2.1537445
-0.792915,-2.8586578,-0.36426586,6.5502567,0.19774786,-0.75335664,2.205459,-2.1293826
-0.9690827,-2.9200938,-0.34308463,6.6789684,-0.11077144,-0.7435811,2.0947573,-2.2029948
-0.75472254,-2.9080346,-0.15678075,6.690032,0.0059902677,-0.6119691,1.820283,-2.1803381
-0.8433361,-2.9681354,-0.5445504,6.479298,0.40021163,-0.86743546,2.0705276,-2.2746809
-0.7268991,-2.8751996,-0.3372436,6.277904,0.5371713,-0.6625818,2.0198803,-2.0512085
-0.5355846,-2.9163375,-0.28820425,6.5795093,0.33593526,-0.600041,1.9521439,-2.1478014
-0.7421875,-2.9023352,-0.54628307,6.7447987,0.3386729,-0.6844063,2.0583363,-2.2243135
-0.74657893,-2.934124,-0.48721138,6.8468943,0.16188301,-0.7969357,1.9004054,-2.0657198
-0.5265365,-3.0340044,-0.50551134,7.059885,-0.0012629825,-0.66604203,2.3801286,-2.1591358
-0.662286,-2.9188213,-0.6211418,7.4780188,-0.31241122,-0.6807424,1.9744896,-2.1671786
-0.7783473,-2.9073024,-0.6395759,7.4881215,-0.44522515,-0.695365,2.051237,-2.1471279
-0.8813893,-2.8666465,-0.5013046,6.969244,-0.2073506,-0.69605887,2.0793102,-2.3275762
-0.6462433,-2.893934,-0.56541145,7.026055,0.043024074,-0.67594177,1.922995,-2.0228922
-0.80918366,-2.9370465,-0.6882663,6.736527,0.3598316,-0.63405025,2.073516,-1.9971002
-0.8203406,-2.9304698,-0.7082597,6.735193,0.3662325,-0.659481,2.141976,-2.1990762
-0.65266645,-2.9395568,-0.2356821,6.391923,0.27360782,-0.72018665,1.9864775,-2.3143237
-0.6441492,-2.9784179,-0.30624884,6.639931,0.18871462,-0.59005517,2.0394936,-2.0652
-0.5847347,-2.8638942,-0.4931445,6.729348,0.41128114,-0.6570123,2.2529192,-2.0835571
-0.8300414,-2.8321714,-0.0032616712,5.7959695,0.5675793,-0.8371691,2.1645393,-2.0750146
-0.65779513,-2.8892345,0.285193,5.888525,0.43402463,-0.5750729,2.020269,-2.100823
-0.8598374,-2.917462,0.6076075,5.8194194,-0.0681822,-0.7573054,1.8981938,-2.295357
-0.6033174,-3.0791318,0.9225711,5.580998,0.08366274,-0.48242912,1.9579067,-2.0315642
-0.8747802,-2.9656763,1.1940163,5.4409213,-0.21916054,-0.6829091,2.2052233,-2.1667633
-0.8011603,-2.871066,1.3165843,5.1643796,-0.14075188,-0.7670094,2.1180348,-2.2012944
-1.0342968,-2.8408332,1.0998535,5.2332916,-0.15280089,-0.97831523,1.9177436,-2.1279957
-0.84878945,-2.859862,1.2972794,5.1090584,0.0023746572,-0.6577234,2.1467538,-2.2940278
-1.1426253,-2.7406607,1.1902882,4.4915724,0.47640672,-0.63185567,2.0522952,-2.0980222
-0.99476933,-2.81434,1.2511457,4.6020646,0.4835118,-0.74179155,2.205133,-2.1849172
-0.57574236,-2.894449,1.2778561,4.652311,0.56918645,-0.5736286,1.9765118,-2.0868895
-0.78401184,-2.9168398,1.0301279,4.7104473,0.68853396,-0.6531185,2.006289,-2.2972567
-0.62444484,-2.9676325,0.92083323,5.2986073,0.26160133,-0.6256733,2.3938053,-1.8714417
-0.9086623,-2.7686443,0.7122988,5.5315747,0.112167485,-0.724256,2.0305562,-2.2199304
-0.602938,-2.9003181,0.5014907,5.37332,0.7411119,-0.5934178,1.9823819,-2.191871
-0.93066686,-2.8124638,0.41603288,5.281096,0.73377234,-0.64225304,2.0577447,-2.0675468
-0.63355994,-3.049205,0.19588958,5.5957336,0.7254368,-0.6174051,1.8652862,-2.0856512
-0.70937794,-2.9552143,0.13674258,5.5703588,0.6483847,-0.7164285,1.9911543,-2.0965784
-0.8919472,-2.850683,0.12994461,5.168799,0.8808927,-0.7478562,2.0831163,-2.2487493
-1.0155493,-2.8047328,-0.34212512,5.6504188,1.0852907,-0.8660547,2.159213,-2.0946825
-0.9128608,-2.8662515,-0.12686399,6.08385,0.4110787,-0.7926522,2.077525,-2.088572
-0.8200023,-2.9418204,-0.5457796,6.6780972,0.27103564,-0.6873732,2.0232532,-2.2808552
-0.72891223,-2.8907504,-0.4751121,6.7095265,0.16211131,-0.70735395,1.9439971,-2.0638657
-0.54042333,-2.8522253,-0.17437929,6.5758734,0.17090036,-0.644769,2.1905751,-1.9183
-0.701255,-2.8296812,-0.34292668,6.0588055,0.7633493,-0.7490014,2.2563658,-2.085851
-0.7789425,-2.9008493,-0.25003073,6.0838327,0.65948087,-0.67110735,2.145327,-2.2053392
-0.7879681,-2.8863451,-0.036064126,5.750185,0.58083445,-0.7457545,2.0424008,-2.1563725
-1.0002706,-2.7876709,0.03251603,5.9232454,0.24402755,-0.64172196,2.1836143,-2.2145264
-0.94664407,-2.9183533,0.05965749,5.7738914,0.3903507,-0.88643605,2.0973446,-2.180035
-0.6552703,-2.8458002,0.14896825,5.8355174,0.52902645,-0.64099026,1.9459337,-2.2216656
-1.0064156,-2.902218,-0.061495308,5.89608,0.39043126,-0.83791244,1.9859174,-2.1139686
-0.8382302,-2.9274282,-0.2739572,5.83762,0.79533404,-0.78310853,1.9024339,-2.2330458
-0.74443805,-2.910617,0.03916632,5.590796,0.7965473,-0.6525423,2.230097,-2.3271525
-0.9733279,-2.8384266,0.24259761,5.5407624,0.46917802,-0.6502844,1.8701361,-2.1669667
-0.9051468,-2.7595298,0.21135549,5.423405,0.80534184,-0.71294135,1.9932917,-2.0994132
-0.816937,-2.9628167,-0.064333476,5.49832,0.92433083,-0.72475266,1.88066,-2.2028873
-1.0765752,-2.7713625,0.42318514,5.084066,0.6635947,-0.75324064,2.0875533,-2.3150578
-0.8161675,-2.8490562,0.6277234,5.236035,0.62267494,-0.60806483,2.1594288,-2.2897599
-0.79650736,-2.9010909,0.25923496,5.465198,0.7150656,-0.65009665,2.0354266,-2.0895612
-1.0425421,-2.6985493,0.4643708,5.117843,0.72442895,-0.68619764,2.0596914,-2.3328938
-0.90648925,-2.9952953,0.2337894,5.062381,1.1162702,-0.73050743,2.2886472,-2.127262
-0.7962748,-3.009839,0.89520144,4.8671856,0.60500884,-0.67906004,2.0395327,-2.2409606
-0.5004596,-2.998423,0.61161226,5.032308,1.0239859,-0.6361558,2.0727296,-2.0502374
-0.61317205,-2.8917603,0.30078635,5.5813923,0.7024766,-0.6008529,2.1111436,-2.0011017
-0.5677306,-3.0408614,-0.09089753,5.903086,0.7620513,-0.62428045,2.1828003,-2.2090578
-0.92663634,-2.8770385,-0.40206575,5.9312816,0.70681596,-0.8033084,2.3220391,-2.071939
-0.7837012,-2.8147058,-0.1303007,5.8813214,0.6479026,-0.6462178,2.0705042,-2.0990553
-0.7816497,-2.9463868,0.013834692,5.7823663,0.5849343,-0.6674442,2.104362,-2.1607354
-0.9498902,-2.8629637,0.12368608,5.766444,0.3512862,-0.74181074,2.0808353,-2.1177006
-0.55593175,-2.976541,0.06713833,6.388901,0.04070202,-0.6419564,2.2128513,-2.0743904
-0.8990451,-2.857123,0.04578526,6.029276,0.3105368,-0.74843365,2.2202194,-2.0539303
-1.0126092,-2.851903,-0.0875852,5.7995925,0.5231334,-0.7370707,2.1022117,-2.0759501
-0.83016133,-2.8023992,-0.31711543,5.8898606,0.78023374,-0.64318365,1.9738755,-2.0435889
-0.7161731,-2.8944676,-0.40241712,5.600686,1.3030187,-0.6307196,2.0432937,-2.1358414
-0.5083037,-3.0784485,-0.16856572,5.5919576,1.1564976,-0.6665621,2.0158389,-2.0917335
-1.1029824,-2.6927454,-0.040088415,5.282378,0.9815339,-0.783328,2.0201035,-2.2364295
-0.9427245,-2.9625766,0.10141902,5.376511,0.8417742,-0.67376316,2.112493,-2.2109075
-0.7578669,-2.8445683,-0.27347052,5.8741403,0.7736691,-0.82346123,2.0780556,-2.2351975
-0.8966099,-2.9164186,0.8929593,5.676102,-0.33018208,-0.71758413,2.2140646,-2.1181803
-0.83467805,-3.0344942,0.7186716,6.014406,-0.4311155,-0.8158193,1.9867584,-2.0609171
-0.91683495,-2.7531338,0.60571915,5.986956,-0.3679019,-0.6168025,2.3560474,-2.2480102
-0.5760672,-3.0101311,0.8173525,5.7967076,-0.09118378,-0.67356557,2.0620153,-2.1818569
-0.63944495,-2.9593444,0.6070328,5.9102955,-0.0056642424,-0.7555527,1.8932965,-2.15115
-0.94436485,-2.7595646,0.86128455,5.604909,-0.10561743,-0.7449277,1.7928941,-2.0674796
-0.81149405,-2.875283,0.7535037,5.928174,-0.30105892,-0.6173615,1.9487176,-2.1877503
-0.7025969,-2.8961089,1.2559193,5.4272895,-0.26670125,-0.64389145,2.012287,-2.023677
-0.8944546,-2.8119707,1.0722485,5.3855715,-0.19045365,-0.81569725,1.969443,-2.1594868
-0.81473285,-2.9042497,1.0807594,5.3525,-0.16294362,-0.56679314,2.2084825,-2.1181612
-0.8568724,-2.7889037,0.72090185,5.299917,0.35160547,-0.8694358,2.114299,-2.182059
-0.64355487,-2.9305468,0.6661981,5.308146,0.61875033,-0.6100929,2.1539702,-2.0495584
-1.1133531,-2.8157349,0.467622,5.424586,0.41633305,-0.7773125,1.9434687,-2.2086406
-0.852112,-2.8940377,0.23642768,5.84087,0.21591769,-0.64171743,2.1704717,-2.2053857
-0.896567,-2.8494883,0.44185662,5.910612,0.057674058,-0.703691,2.24343,-2.106844
-0.6695729,-2.8538303,0.52490544,6.020217,0.041818812,-0.6246108,2.1239119,-2.2144196
-0.9821849,-2.7950785,0.41193917,5.998844,-0.12097143,-0.8045869,2.054146,-2.160273
-0.7053627,-2.8889704,0.38912898,6.366539,-0.34200016,-0.5714333,2.1717021,-2.060115
-0.622257,-2.9451253,0.73876464,6.20234,-0.36673966,-0.7254524,2.246932,-1.9757743
-0.76381946,-2.8477147,0.56863046,5.9684014,-0.025079077,-0.5826707,1.997905,-2.196912
-0.61584246,-2.8839068,0.3249062,5.969163,0.19701187,-0.6510106,2.0778892,-2.1755598
-1.1245084,-2.8440285,-0.19121371,6.3414464,0.14954244,-0.8641941,2.3427038,-2.2012355
-0.9632352,-2.8597074,-0.1355902,6.3385158,0.03564292,-0.79550105,2.110103,-2.3485978
-0.70766366,-2.9191449,-0.29879096,6.3254156,0.41089976,-0.6506413,2.288699,-2.1435504
-0.6823444,-2.9769359,-0.40021285,6.339069,0.51349866,-0.5958129,2.1014512,-2.0498133
-0.9915779,-2.897653,-0.21468364,6.0872474,0.3944155,-0.74435925,2.2265697,-2.0781586
-0.7914487,-2.9049306,-0.19650938,6.20235,0.43910113,-0.7849433,1.8877395,-2.1490502
-0.6384818,-2.9394643,-0.15332602,6.021764,0.65919775,-0.63530624,2.122953,-1.9200313
-0.93006617,-2.8773649,-0.2556581,6.164547,0.47885382,-0.6881783,2.0435982,-2.1810956
-0.7632228,-2.921825,-0.14200103,6.194578,0.43649065,-0.6404002,2.070714,-1.9568281
-0.7760971,-2.933888,0.13008933,6.058602,0.2003707,-0.7730345,1.9951656,-2.1769798
-0.6707363,-2.8011715,0.041127943,5.9037766,0.5202109,-0.6016084,2.0079985,-2.0800066
-0.6903779,-2.9461288,-0.4200382,6.0244827,0.8377882,-0.73301446,2.0416253,-2.1170633
-0.83834463,-2.840208,-0.7041596,6.1860223,0.7988933,-0.6859165,2.1066625,-2.2378407
-0.8903288,-2.9527452,-0.6559536,6.2034802,0.7757756,-0.67614794,2.0920575,-2.0532765
-0.6315677,-2.9862213,-0.6763393,6.246959,0.9607826,-0.58670723,1.9641328,-2.1799524
-0.80889165,-2.8365786,-0.56712157,6.114984,0.9062963,-0.62495977,2.0867994,-2.2702627
-0.91212136,-2.8824625,-0.7587596,6.2117095,0.7852186,-0.6587658,2.282214,-2.1031728
-0.48363578,-3.0170233,-0.6156846,6.223136,1.0224004,-0.7052941,2.010444,-2.0999095
-0.7679221,-2.8975408,-0.7103002,6.2313986,0.8543435,-0.7515648,1.9271554,-2.2086756
-0.6915181,-2.940236,-0.39925823,6.3738904,0.48272172,-0.63327116,2.0859923,-1.8682497
-0.8982287,-2.8289182,-0.34102172,6.1289043,0.5206288,-0.6956464,2.0740871,-2.1173234
-0.7159189,-2.9995139,-0.03651221,6.253028,0.19283813,-0.70913184,2.2552135,-2.0573068
-0.5630976,-2.9172554,-0.07292921,6.2666526,0.2670534,-0.76413184,2.3314276,-2.008624
-1.1063606,-2.823095,-0.27215785,6.7809086,-0.36600253,-0.88405365,2.0229642,-1.9610553
-1.0523338,-2.8512993,-0.26701286,6.6033077,-0.11893105,-0.84381425,1.9306407,-2.0861354
-0.96920294,-2.8319385,0.024502797,6.370473,0.0135986395,-0.6974243,2.0270715,-2.0451813
-0.7258337,-2.8474264,0.5513392,6.1585445,-0.13119705,-0.56182545,2.0766032,-2.2089968
-0.68397415,-2.9983783,0.4960534,5.53574,0.32596776,-0.67000204,2.0229092,-2.2096329
-0.7462013,-2.911654,0.77860945,5.5941997,0.05660143,-0.65000916,2.1062925,-2.1991606
-0.685128,-2.8999724,0.5208201,5.602701,0.3200317,-0.6488988,1.9869637,-1.9769412
-0.63868916,-2.9860697,0.29952955,5.971197,0.11891786,-0.7026566,2.0973153,-2.103375
-0.96040374,-2.890967,0.383052,6.005325,-0.13096572,-0.86261314,2.2853322,-2.169062
-0.66631585,-3.0043685,0.55405146,6.0338345,-0.09932836,-0.624101,2.242942,-2.2662296
-0.9701198,-2.8479092,-0.012810848,5.9702883,0.29633087,-0.7366762,1.991537,-2.023431
-0.5843579,-2.9728773,0.059750054,5.9535956,0.49681705,-0.6193037,2.0376883,-2.2380185
-0.73706406,-3.1097784,-0.06929769,5.899263,0.63251555,-0.621038,2.0067098,-2.1939392
-0.74764943,-2.8347678,-0.2613699,6.0484953,0.6918401,-0.7296611,2.016618,-2.2599375
-0.49377397,-3.1096127,-0.22619128,6.186751,0.6512439,-0.7598953,2.007309,-2.0407484
-1.0010502,-2.8208508,0.23988132,5.920385,0.23212524,-0.69311565,2.140647,-2.0458465
-0.9585612,-2.8369236,0.2125067,5.93766,0.13924225,-0.7772828,2.106318,-2.2712438
-0.92127454,-2.866334,0.032801062,6.445277,-0.06647199,-0.61539984,2.132791,-2.0729392
-0.5371018,-2.9133122,0.23227423,5.9184937,0.39631745,-0.68639684,1.9440904,-2.0172424
-0.9378451,-2.9021568,-0.057225224,6.3323627,-0.07359658,-0.75642025,2.2936895,-2.2175348
-0.7532241,-2.888555,0.19718596,5.9225974,0.26590952,-0.7186759,1.9824945,-2.151656
-0.8650277,-2.8527267,-0.29271078,5.7047896,0.96149945,-0.68013805,2.3300307,-2.1725397
-0.79886323,-2.9479795,0.09557309,5.504655,0.80114,-0.67670614,1.9370567,-2.2218623
-0.64008975,-2.7690732,0.31338024,5.7113833,0.48363546,-0.6209183,2.2459702,-2.2226322
-0.98261523,-2.8019948,0.21623693,5.571068,0.43308014,-0.7060697,2.0654087,-2.0387733
-0.80415934,-2.915857,0.17945512,5.6125693,0.60788953,-0.75310165,2.086009,-2.0847836
-0.74862593,-2.7963793,0.33604494,5.5307555,0.61788756,-0.65758735,2.000156,-2.1979537
-0.74697804,-3.0135713,0.3352079,5.171162,0.9204081,-0.67189217,1.9818759,-2.248869
-0.90183574,-2.8530276,0.2638358,5.2331986,0.84189725,-0.68473256,1.9973382,-2.163996
-1.3875977,-2.7615952,-0.071599364,5.5460615,0.64167184,-0.8465666,1.9134024,-2.1007438
-0.9204227,-2.9285645,0.14016014,5.5898895,0.6144347,-0.84409344,2.0682812,-2.2364662
-0.9053993,-2.9342663,-0.19050758,5.1588793,1.3470509,-0.74609154,2.0851223,-2.080551
-0.73202145,-3.061171,0.081084386,4.9144506,1.5306946,-0.69655305,2.0541863,-2.2189717
-0.94197345,-2.955318,0.05964976,4.972287,1.2060213,-0.9008881,2.0712118,-2.0028477
-0.9727919,-2.8064446,-0.10465209,5.347015,1.1528192,-0.788347,2.1440716,-2.3075492
-1.0135627,-2.9566271,-0.0030081898,5.0587673,1.1976573,-0.84894085,2.1463902,-2.2157018
-1.0729214,-2.7441163,0.051584866,5.144062,1.0178331,-0.87252283,2.2455285,-2.1318238
-0.794421,-2.8299155,0.46913177,5.2176447,0.61025983,-0.6882502,2.0469306,-2.269095
-0.83047175,-2.8551872,0.6574715,5.0435953,0.75605345,-0.66044784,2.0953927,-1.9948937
-0.702453,-2.9553826,0.80582577,4.950064,0.6463731,-0.75313985,2.1934028,-2.2271948
-0.964474,-2.9122458,0.47931772,5.121314,0.61085266,-0.7252229,2.0676827,-2.1427128
-0.6378047,-2.9696503,-0.32672346,5.3586283,1.3594161,-0.5885065,2.1928086,-2.2327702
-0.8503789,-2.8907547,-0.823505,5.6205735,1.5333762,-0.5977405,2.0368733,-1.9429774
-0.59647167,-3.0048475,-0.5790021,5.3582563,1.7330548,-0.710258,2.225564,-2.0472581
-0.68493336,-2.9033625,-0.5980329,5.745677,1.4205905,-0.58434564,2.219144,-2.200597
-0.45190948,-3.0551825,-0.45355392,5.9109216,1.0695204,-0.7835951,2.1879163,-2.0101092
-0.9364841,-2.7929413,-0.27857044,5.251024,1.3788285,-0.7324005,1.996785,-2.1895707
-0.6688936,-2.9425187,-0.03937919,5.4325876,1.011401,-0.6053065,2.1926968,-2.178376
-0.8579867,-2.91886,-0.1297114,5.392608,1.0605478,-0.6624548,2.0457058,-2.2091305
-0.76956475,-2.932185,-0.22899617,5.707114,0.9064435,-0.71109265,2.0365317,-2.3596594
-0.58801234,-2.888364,-0.17569244,5.970203,0.8761233,-0.56306934,2.1132178,-2.2469068
-0.56733215,-3.0549297,-0.4239728,6.010319,1.1184735,-0.77246803,1.9088074,-1.9936459
-0.7281702,-2.9258895,-0.28920555,5.734165,0.97833043,-0.6257079,1.9522595,-2.1271162
-0.66587865,-3.1075187,-0.364209,6.0217853,0.6919224,-0.7455716,1.9195673,-2.3394814
-0.9868294,-2.8806581,0.119927995,5.598586,0.50901544,-0.6758678,2.19531,-2.0691671
-0.80171573,-2.9296522,-0.15727162,5.8732295,0.6003303,-0.7407377,2.158601,-2.0729299
-0.65471536,-3.0346472,-0.50924104,6.9022274,0.14372332,-0.6634553,2.0719504,-2.0142617
-0.90966284,-2.7784019,-0.16762796,6.7308908,-0.2079491,-0.7749289,2.0961704,-2.2104974
-0.8769572,-2.8762777,0.19267619,6.2877893,-0.07447047,-0.6805504,2.0436695,-2.2477117
-0.86878395,-2.888486,0.4261619,6.2360673,-0.27977276,-0.68918437,2.1303334,-2.146127
-0.59259164,-2.8665879,0.5868066,5.985886,-0.077412896,-0.60516775,2.1132221,-2.1866057
-0.6734107,-2.8819506,0.646155,5.8209176,0.054791663,-0.6794668,2.0350082,-1.9500659
-0.8646445,-2.8919814,0.5047497,5.5973487,0.21185835,-0.8152111,1.8920994,-2.2802784
-0.69936794,-3.0548346,0.0063210973,6.0623217,0.28193715,-0.6927175,2.0762541,-2.203965
-0.834227,-2.8339832,0.12620158,6.001076,0.2928434,-0.681313,1.6534873,-1.9936858
-0.8858867,-2.8812459,-0.053808935,5.636773,0.70732385,-0.7230157,2.0052142,-1.9871901
-0.7849092,-2.9026864,-0.23322156,5.262855,1.3686955,-0.70515466,2.0465698,-2.2101934
-0.9904561,-2.7925034,-0.3513628,5.268267,1.276605,-0.7517664,2.1478047,-2.227986
-0.73212874,-2.9292116,-0.097829685,5.276697,1.3332814,-0.6598121,1.9778535,-2.0940819
-0.87759423,-2.9063783,-0.18836719,5.4325967,1.2038733,-0.82897234,1.9992414,-2.1999378
-0.6472751,-3.0574512,0.35219136,5.4258933,0.8290864,-0.6259186,1.9507991,-2.0157623
-0.9501342,-2.9099207,0.38136923,5.45949,0.5336625,-0.73593676,2.1091928,-2.245893
-0.65456957,-2.9208508,0.5428491,5.316113,0.68641716,-0.74029243,2.0717182,-2.1619818
-0.85609555,-2.9399137,0.13514619,4.9881744,1.17925,-0.6971578,1.7875646,-2.0809999
-1.3371749,-2.7137446,0.18319474,5.177597,0.6252521,-0.8978846,2.441342,-1.98314
-0.6998447,-2.9371972,0.21105155,5.396418,0.88930994,-0.78837687,1.9860214,-2.0289662
-1.0313325,-2.699561,-0.34819004,5.312567,1.3482884,-0.71384764,2.0647283,-2.104462
-0.76126605,-2.9145193,-0.41145295,5.470331,1.2836214,-0.6814732,2.1317456,-2.1059222
-1.0533463,-2.7265737,-0.22415462,5.380408,1.1649183,-0.758256,1.9751213,-2.2017267
-0.706682,-3.1137583,-0.4661581,5.670308,1.2299728,-0.66598463,2.0861387,-2.3409145
-0.76784986,-2.8832455,-0.8480081,6.0626597,1.1153942,-0.69620466,1.8806593,-2.1712494
-0.66942626,-2.970074,-0.850457,6.3431363,0.99201924,-0.67556584,2.1533558,-2.06275
-0.7559512,-3.0109823,-0.55165553,6.085042,0.8905653,-0.7519388,1.8979983,-2.2557032
-0.68538254,-2.9442728,-0.32344908,5.861225,0.9707121,-0.5440408,2.1914818,-2.0935116
-0.7585637,-2.8444428,-0.3299338,6.001766,0.77581495,-0.71841943,2.0485787,-2.1837757
-0.7702511,-2.9177415,-0.18464933,5.8737493,0.72553533,-0.69392943,1.9585152,-2.1149516
-0.9639468,-2.9075935,-0.36041614,5.8800287,0.71612155,-0.8427976,2.022164,-2.1929522
-1.1494248,-2.8835473,-0.315647,5.9658074,0.4454112,-0.7532882,1.9336932,-2.1464224
-0.74281275,-2.849232,-0.53021866,6.249312,0.7408795,-0.73606974,2.13413,-2.1184263
-0.4992346,-2.8742323,-0.5955122,5.9230084,1.2991483,-0.57790715,2.0081367,-2.0343611
-0.67296773,-2.941409,-0.3759505,5.988661,0.8659051,-0.58023286,2.2749515,-2.2836719
-0.75164604,-2.819813,-0.12891048,5.8989487,0.69655913,-0.6692778,2.234449,-2.1977499
-0.8240653,-2.9414072,-0.30824932,5.5731196,1.0797923,-0.74237645,2.0488064,-2.2229702
-0.66300446,-2.916089,-0.14154007,5.6160808,1.158399,-0.6264818,1.9620416,-2.2611248
-0.9312566,-2.978721,0.17379427,5.322842,0.8685882,-0.7524143,2.0047543,-2.1755092
-0.71793014,-2.8996534,-0.39746302,5.551914,1.3000419,-0.68919986,2.068996,-2.1184573
-0.85886204,-2.9425163,-0.23262495,5.148793,1.5573571,-0.64075863,1.9495203,-2.260529
-0.47114736,-3.0721157,-0.4002232,5.861795,1.2286811,-0.6764757,2.0611691,-2.053911
-0.7199002,-2.8171122,0.026451716,5.4793987,1.0181617,-0.5697927,2.1464128,-2.0635853
-0.7539154,-2.902123,0.06465513,5.102148,1.2861533,-0.6181478,1.7626839,-2.0264606
-0.99342746,-2.7999513,-0.13714382,5.343034,1.2059898,-0.7183568,1.9378,-2.025055
-0.9316785,-2.8859775,-0.61751837,5.5004506,1.4272096,-0.78936136,1.8999399,-2.2071903
-0.8242706,-3.1905532,-0.8810591,5.4614797,1.6238652,-0.9180699,2.15165,-2.1525993
-0.992416,-2.9472656,-0.60091436,5.4729786,1.460537,-0.7833736,2.227195,-2.2292283
-0.65141374,-3.0267982,-0.83293474,5.4193163,1.8851857,-0.66677314,2.17012,-2.15475
-0.6924742,-2.9291961,-0.3700311,5.430369,1.2979382,-0.64055264,2.0694668,-2.1222959
-0.87011284,-2.8093345,-0.7299175,5.68106,1.4023807,-0.7700856,2.024482,-2.2660477
-0.91995347,-2.852961,-0.6533311,5.626777,1.4195415,-0.6869678,1.9945723,-2.076018
-0.9502207,-2.8881056,-0.5123839,5.3402486,1.5137388,-0.7873979,2.1418202,-2.2162793
-0.6245651,-3.1338432,-0.9624993,5.5855007,1.6940347,-0.82710433,2.188787,-2.1063643
-0.6772077,-2.9605505,-0.66591084,5.7939644,1.3728677,-0.5648964,1.952958,-2.0459313
-0.8041461,-3.0330648,-0.76369727,5.7438602,1.2436302,-0.70105016,2.0888042,-2.0448816
-1.0128839,-2.808578,-1.2330784,6.2895665,1.1075331,-0.8666921,2.2561982,-2.166475
-0.70620143,-2.8815293,-1.4022471,6.643057,1.2278819,-0.6753999,2.2229264,-2.0794556
-0.5895368,-3.0273087,-1.1310163,6.5089264,1.198866,-0.59924793,1.9104359,-2.0206428
-0.8033381,-2.8803437,-0.6607223,6.0895057,0.9762585,-0.76603633,2.026556,-2.1619227
-0.4000048,-3.0002792,-0.10894809,5.9117246,0.8604036,-0.6094375,2.0522363,-2.1052861
-1.0900701,-2.7549152,-0.72359,5.9969945,0.99372697,-0.7789087,1.9835111,-1.9002405
-1.047888,-2.8449192,-0.5619136,5.7215776,1.0761101,-0.79571223,1.8485259,-1.9485184
-0.52464336,-2.7569525,-0.13136603,5.6084967,1.2615148,-0.5685023,2.0862741,-2.1342776
-0.8936436,-2.8281837,-0.24218404,5.111568,1.476414,-0.8402336,2.031214,-2.1244864
-0.54865634,-2.9052258,-0.2993524,5.444414,1.4242184,-0.6117709,2.0904744,-2.18174
-0.8354212,-2.9076009,-0.22167745,5.1924167,1.3370346,-0.6515911,2.1052291,-2.14587
-0.60157484,-2.8014975,0.270412,5.338774,0.94991606,-0.6458236,1.9212997,-2.0139341
-0.9022636,-2.833142,-0.00034914215,5.623253,0.74421483,-0.6913976,1.9256418,-2.2166977
-1.0899733,-2.7902215,0.24043894,5.825686,0.16904199,-0.7867512,2.1578755,-2.1041965
-1.0524647,-2.8386412,0.08077657,5.875349,0.22942258,-0.7796818,2.08955,-2.1269228
-0.96187115,-2.8196077,-0.050336402,5.9522924,0.40717733,-0.75410086,2.2433064,-2.137394
-0.6984003,-2.8626015,-0.4262661,5.9380765,0.8646656,-0.6694931,2.3667102,-1.8868066
-0.8804078,-2.9552221,-0.44460532,5.9048376,0.8232693,-0.7501776,2.119491,-2.1141882
-0.89230347,-2.8981135,-0.6906158,6.082479,0.9271831,-0.7798096,2.1807017,-2.0766232
-0.7464341,-3.0773847,-0.40783834,5.9540205,0.78606117,-0.7942307,2.1802866,-2.1614964
-0.65625954,-2.9204402,-0.5045153,6.212491,0.7949056,-0.6769464,2.2610009,-2.1912436
-0.64486635,-2.945051,-0.9192813,6.3751926,1.1709582,-0.61009085,2.0888798,-1.940779
-0.82739574,-2.9063687,-0.9546245,6.460521,0.92729807,-0.64883816,2.0687385,-2.3567693
-0.8065856,-2.9729228,-1.4681678,6.785607,1.0586421,-0.71502435,2.0974593,-2.1080925
-1.0375034,-2.7773468,-1.4495689,6.239307,1.4102516,-0.91252005,2.1864855,-2.1163452
-0.6336774,-2.9573557,-1.6916311,6.693373,1.5271412,-0.7520646,2.0969691,-2.2203107
-0.618899,-2.8358421,-1.7068361,7.063463,1.2073233,-0.6573551,2.0537717,-2.0524497
-1.112253,-2.7649996,-1.8713844,6.919521,1.1324334,-0.9304715,2.1430316,-2.183645
-0.9849273,-2.8986092,-1.8355812,6.5379567,1.510432,-0.866689,1.9875737,-2.3040614
-0.88364714,-2.9176888,-1.6475937,6.300854,1.7910978,-0.7562585,2.0803134,-2.2062702
-0.52805144,-2.9935453,-1.2566717,6.1307063,1.6017454,-0.6834768,2.0128145,-2.20585
-0.7967071,-2.8951247,-1.5174794,6.6193795,1.2430147,-0.68121034,2.0977235,-2.2461584
-0.5509929,-3.0706234,-1.5122021,6.986391,1.0955906,-0.72260094,1.9922159,-2.1036558
-0.6315564,-3.0011864,-1.7103487,7.2900085,0.9700035,-0.6702709,2.136994,-2.201036
-0.57354707,-2.954726,-1.7159437,7.229385,0.94251937,-0.79683596,2.0653012,-2.0965762
-0.6375598,-3.0489748,-1.5447255,6.9224505,1.0872895,-0.6213743,2.1678169,-2.1797488
-0.55048305,-3.0448895,-1.4005972,6.662415,1.3182454,-0.6348354,2.0400236,-2.11429
-0.74281096,-3.0508225,-1.381197,6.786363,0.92921925,-0.78964525,2.1604304,-2.1744351
-1.0159159,-2.8793259,-1.4542665,6.605999,1.1483024,-0.7097003,2.1774628,-2.1751223
-0.97250414,-2.80073,-1.2517687,6.4253125,1.1586285,-0.74329185,1.9707433,-2.1989043
-0.7262882,-2.85565,-1.0270561,6.4048066,1.1031684,-0.740692,2.2700684,-1.9460108
-0.73183465,-3.0653086,-0.6395349,6.1083155,0.9979334,-0.6386716,2.0744436,-2.2887795
-0.49694398,-2.9794793,-0.79413086,6.19372,1.139888,-0.60324615,2.1708388,-2.1059036
-0.6572967,-2.7720628,-0.9954879,6.283991,1.1875975,-0.7482495,2.3128786,-1.975904
-1.0008899,-2.816734,1.5977387,4.5583096,0.18650566,-0.7233201,2.1677804,-2.1687896
-0.90650386,-2.8508923,1.7259965,4.533364,0.09086768,-0.7197165,2.1964407,-2.06337
-0.93628263,-2.8522437,1.8056858,4.645315,-0.053185705,-0.6284047,2.2740207,-2.1008594
-0.5408012,-2.956574,1.8986127,4.927853,-0.22059521,-0.599197,1.9406441,-2.062215
-0.93634975,-2.9713614,1.3124138,4.712601,0.3331421,-0.8115367,2.1147087,-1.9921516
-0.8455333,-2.832854,0.93532115,4.809365,0.7143101,-0.79538935,2.1008766,-2.1583278
-0.5599958,-3.0560856,0.50371855,5.0621443,0.96199596,-0.76226604,2.3616776,-2.0458844
-0.70335007,-2.8532724,0.7192191,4.86619,0.90193456,-0.75933063,2.2886145,-2.0322533
-0.72617084,-2.954913,0.11543531,5.476461,0.85663384,-0.7541903,2.1549704,-2.102795
-0.7313479,-2.9090517,0.122897044,5.664516,0.67882663,-0.6223191,2.038538,-2.082792
-0.68266165,-2.7959785,-0.25602746,6.171757,0.5872587,-0.6200627,1.8754117,-1.9179602
-1.0742787,-2.8394136,-0.69427925,6.5015316,0.42923972,-0.94795823,2.0083914,-2.2145798
-0.8844172,-2.8602674,-0.63265103,6.44976,0.40941334,-0.95694774,2.0989606,-2.121441
-0.69380164,-2.9572814,-0.11218491,6.3041587,0.18182415,-0.7074201,2.0911524,-2.1069427
-0.48131585,-3.0073302,0.17809092,6.230768,0.22505686,-0.6011369,1.9074422,-2.1839535
-0.7865933,-2.9448242,0.3039383,6.0687637,0.18728103,-0.61845845,2.191775,-2.0792508
-0.76716304,-2.9659357,0.31879428,5.801564,0.24173611,-0.63720196,2.3701837,-2.04496
-0.58835703,-2.8728595,1.1469886,4.6352067,0.74264413,-0.642356,2.1811197,-2.0349522
-0.8008732,-3.0444634,0.9549732,4.5918365,0.79411346,-0.8406459,2.1166422,-2.091452
-0.7506889,-2.7432494,0.6607493,4.73888,0.85183114,-0.69710934,2.1849816,-2.187858
-1.2444582,-2.8038638,0.24044056,4.808673,1.0429153,-0.86243874,1.789259,-2.0816784
-0.720226,-3.0787594,0.022760965,5.134763,1.2728251,-0.72887933,2.2580438,-1.9982152
-0.5470662,-3.0935752,-0.24640405,5.616964,1.1539031,-0.7021834,1.9253786,-2.2250755
-0.9774739,-2.8201525,-0.21899164,5.0446134,1.3600388,-0.8558068,2.150648,-2.157642
-1.1096241,-2.8423836,-0.16579653,4.651457,1.8882636,-0.87537605,2.0889907,-2.2562134
-0.8437879,-2.882836,0.033019707,4.978719,1.4200623,-0.7098191,2.1576722,-2.0559824
-1.1474459,-2.8116493,0.07650989,4.9845986,1.1529728,-0.7152689,2.1703422,-2.2211788
-0.71080005,-2.8826222,-0.40924746,5.3531504,1.578381,-0.6102876,2.0737228,-2.1929984
-0.77984965,-2.944737,0.07320341,5.0981965,1.3375968,-0.71844953,1.995803,-1.9909531
-0.4547358,-3.0466502,0.11179766,5.230413,1.2185987,-0.68324065,2.1711612,-2.0181897
-0.7666864,-3.0656726,-0.06225632,5.25798,1.0768725,-0.7110308,2.1731398,-2.085541
-0.8706929,-2.8381846,0.510475,5.659308,0.16490439,-0.60819715,2.1654942,-2.0177372
-0.871599,-2.8764443,0.56507707,5.2705393,0.38823575,-0.8272488,2.0955594,-2.1679344
-0.7242131,-2.9667425,0.60389763,5.312203,0.44955465,-0.6813542,2.1592646,-2.1375523
-0.96516407,-2.8893344,0.58687764,4.9431596,0.72304904,-0.7678059,1.8734899,-2.2000942
-0.9455602,-2.8657293,0.47461852,5.342725,0.47159904,-0.74548787,2.151698,-2.1573079
-0.94327873,-2.8524952,0.8455348,5.4096627,-0.052812736,-0.75744927,2.1124473,-2.138953
-0.7278789,-2.9246457,0.46292883,5.8305707,0.22992675,-0.59635246,2.0525222,-2.0105593
-0.90283227,-2.840781,0.69712615,5.737519,-0.12059324,-0.8517876,2.027322,-2.002846
-0.90909374,-2.8700578,1.0860281,5.588633,-0.35881075,-0.7437765,2.035448,-2.2073827
-0.7684023,-2.819879,0.9672355,5.904012,-0.49625608,-0.6790686,1.9845889,-2.1425562
-0.8220585,-2.8384526,0.37791815,6.2058063,-0.18958269,-0.7636896,2.2756732,-2.231684
-0.94959927,-2.934878,0.30221963,6.0692286,-0.058911532,-0.6403897,2.0552306,-2.3443027
-0.9713278,-2.809717,-0.16343425,6.20416,0.26659635,-0.92289007,1.766703,-2.255794
-0.7306532,-2.9180539,-0.15744321,6.398764,0.14703757,-0.80733156,2.1538157,-2.0782833
-0.7279379,-2.914391,-0.010801508,6.2967787,0.11004547,-0.74491155,2.1402535,-2.0269618
-1.0527343,-2.7814074,0.0510811,5.89186,0.21925192,-0.85555017,2.0932097,-2.2701883
-0.99519855,-2.8062034,0.059394646,5.983192,0.22684789,-0.7941784,2.0830383,-2.1809986
-0.7187569,-2.9158967,-0.427305,6.161983,0.8084768,-0.6309705,2.2375925,-1.9398139
-0.56190586,-2.8582547,-0.44488463,6.0808754,0.88915175,-0.6191338,1.9926203,-2.0768917
-0.8499248,-2.8748574,-0.6709189,6.412663,0.7027949,-0.66026783,2.022316,-2.0778103
-0.618612,-2.9584756,-0.8947794,6.277121,1.0687393,-0.560301,2.2121243,-2.0403092
-0.9262026,-2.7003658,-0.7974652,6.3435993,0.7575685,-0.78448224,2.1852903,-2.0177157
-0.7534147,-2.8933384,-0.4626586,6.096707,0.85547733,-0.63822526,2.3034918,-2.028167
-0.851161,-2.8474486,0.008965803,6.0468597,0.20378496,-0.7868221,2.1378531,-2.15523
-0.7819365,-2.8414416,0.24464957,5.9276414,0.26168782,-0.7288597,2.1765997,-2.1658406
-0.86863714,-2.8994243,-0.01065081,5.6708126,0.57841694,-0.883443,2.0144494,-2.303908
-0.6854388,-2.9869092,0.17843069,5.780431,0.4122136,-0.67156327,2.032118,-2.004416
-0.4572614,-2.9504263,0.11358954,5.8500223,0.6628983,-0.5970927,2.1252391,-1.8531647
-0.7289287,-2.9390442,0.06836073,5.922358,0.4028373,-0.79034925,2.002801,-2.0997994
-0.5413897,-2.982594,-0.043437697,6.1657047,0.5306713,-0.5954336,2.1452744,-2.0961015
-0.8457932,-2.8051229,0.28064755,5.943029,0.21590345,-0.80700207,2.17623,-2.184127
-0.9840994,-2.791438,0.12787586,6.0590568,0.15094927,-0.6655703,2.1711514,-2.037293
-0.37911367,-3.0611856,0.19535458,5.8128314,0.71795213,-0.63851285,2.1780741,-1.9970074
-0.90514183,-2.8025625,0.43125314,5.601428,0.32429105,-0.7766381,2.019137,-2.1067793
-0.6075202,-2.9634643,0.18353808,5.7121396,0.58967525,-0.6272069,2.1998916,-2.0854878
-0.75791985,-2.909399,0.38580555,5.6608024,0.34085065,-0.7039236,1.9853545,-2.1110215
-0.7045032,-2.8622646,0.38284415,5.713256,0.36364138,-0.64379406,2.102745,-2.0685296
-0.732478,-2.8828049,0.05347905,5.847508,0.5067995,-0.7238384,2.0681078,-1.9386587
-0.820168,-2.9011633,0.47164717,5.7782297,0.19169737,-0.73306674,1.8944229,-2.3717165
-0.9559647,-2.9102185,0.4655382,6.1218896,-0.33819994,-0.72751325,1.923544,-2.152993
-0.6113715,-2.926037,0.8266658,5.7649155,-0.04109221,-0.535505,2.1741867,-2.0327713
-0.74298215,-2.9715354,0.8952527,5.799882,-0.17405207,-0.76830065,1.9042157,-2.168573
-0.9962068,-2.842031,0.77618325,5.9093,-0.45902848,-0.7605562,2.2795925,-2.0272248
-1.1905792,-2.70958,0.88306355,5.662408,-0.30889562,-0.7282848,2.1952221,-2.1037736
-1.0230951,-2.784299,1.0859996,5.546729,-0.40636268,-0.84943634,2.3567438,-2.1221488
-1.0253512,-2.8167346,0.7292812,5.6539373,-0.038919795,-0.8517934,2.2010462,-2.2701585
-0.8770322,-2.7838492,0.56011987,5.717022,0.03999253,-0.6977408,2.1074905,-1.940441
-0.7689245,-2.9323957,0.5908209,5.9941115,-0.27674744,-0.7360998,2.3760436,-2.0089293
-0.7912985,-2.899308,0.45521936,6.0833592,-0.1109192,-0.6805907,2.0954466,-2.3881931
-0.6920963,-3.025479,0.10883548,6.3266144,-0.12923844,-0.5715855,1.9851426,-2.0480537
-0.9152005,-2.9336507,-0.034630064,6.224125,-0.02686732,-0.6803051,2.0849185,-2.292668
-0.75237113,-2.8458543,-0.040350955,6.219815,0.19801198,-0.5968064,2.1462371,-1.9736617
-0.76535285,-2.9256215,-0.3255382,6.2996016,0.47249156,-0.80903816,2.207641,-2.2064757
-0.7472203,-2.9362469,-0.32760605,6.026319,0.6918983,-0.73718286,2.187568,-2.0169034
-0.85542107,-2.8611848,-0.46553326,5.869298,0.87230474,-0.8230313,1.8834193,-1.9558153
-0.61983335,-2.810908,-0.637831,6.2057776,1.1363503,-0.583428,1.9629434,-2.114617
-0.51821506,-3.10322,-0.76634276,6.12131,1.0999689,-0.679586,2.2130144,-2.0751352
-0.687341,-2.9749408,-0.9119795,6.4311943,0.94368505,-0.6720778,1.889911,-2.1162424
-0.7844091,-2.9198527,-1.2363263,6.714678,0.95367557,-0.7312733,2.2811296,-2.0161896
-0.7516997,-2.8464608,-0.9895774,6.250242,1.1241724,-0.6946944,1.9073584,-2.1208484
-0.80375314,-3.0243182,-0.76090693,6.0972795,0.9570685,-0.7315838,2.2120807,-2.1744618
-0.91335917,-2.847292,-0.62550676,5.860786,0.9711549,-0.79059327,2.1319928,-2.0996954
-0.7523939,-2.9753027,-0.9798719,6.399897,1.0638033,-0.692138,1.9950151,-2.2034578
-0.5159014,-2.9651752,-1.1143937,6.9720697,0.74939984,-0.693439,2.1672356,-2.1376011
-0.690438,-2.9399788,-1.4097636,6.6478157,1.2457058,-0.69793534,2.1431172,-2.0634282
-0.7702575,-2.867029,-1.7408645,6.943384,1.1771257,-0.62313336,2.1016152,-2.1090314
-0.8114839,-2.881268,-1.9234865,6.6354833,1.6181448,-0.8789412,2.0258887,-2.2539697
-0.93763715,-2.8548908,-1.7312369,6.4287605,1.5824045,-0.8419616,2.0398772,-2.1845808
-1.1530218,-2.8582366,-1.5192425,6.0025997,1.7609249,-0.7831765,1.9169022,-2.269537
-0.8694709,-2.9320464,0.9443373,5.24377,0.2490345,-0.5670032,2.2598133,-2.1869938
-0.6043121,-3.0046546,1.0685396,5.2070074,0.20718677,-0.6255923,2.0000587,-2.2375596
-0.76598483,-3.0129461,0.6497572,5.3243475,0.41620982,-0.71267635,1.9975399,-2.0752442
-0.93287337,-2.8347123,0.83284754,5.4056115,0.050483953,-0.66381246,2.1403973,-2.0862381
-0.7721506,-2.8521872,0.70712364,5.7887793,-0.04901842,-0.6709379,2.037212,-2.0352657
-0.8313115,-2.8513734,0.9220197,5.3832545,0.15719503,-0.699306,2.1494393,-1.9590008
-0.6821212,-2.9069414,0.71010923,5.1757894,0.6184943,-0.6254934,1.9218235,-2.2662659
-0.8008131,-2.9659438,0.582356,5.3202243,0.59698635,-0.6809829,2.1129467,-2.2097943
-1.1611568,-2.780726,-0.072695956,5.3714867,0.9240888,-0.7279466,1.7867386,-2.1822011
-0.993143,-2.9584246,0.1493022,5.282264,0.92661476,-0.68856174,1.89553,-2.2470658
-0.72115815,-2.9336457,0.13415876,5.1228046,1.2718993,-0.7142854,2.0141258,-2.221595
-0.5499688,-2.8613741,0.22842431,5.259953,1.0961655,-0.6558418,1.9315026,-2.1868184
-0.7047581,-3.0319436,0.1240993,5.206378,1.080688,-0.56938547,2.1416976,-2.2049603
-0.57142526,-2.9331517,0.029001936,4.931869,1.5767648,-0.54693234,1.9756675,-2.155798
-0.7469277,-3.0171356,-0.36269495,5.2141967,1.5638996,-0.6947156,2.3059502,-2.2099688
-0.7594447,-2.8320718,-0.09255323,4.8408113,1.642519,-0.6764069,2.2079544,-2.2765148
-0.82444423,-2.927803,0.033426784,4.6650643,1.5894732,-0.7679468,1.9925423,-2.1031144
-0.87054056,-2.9770572,-0.46854612,4.928572,1.7577941,-0.75170344,2.2597806,-2.2159798
-0.66277,-2.803349,-0.35306048,5.1216707,1.8444668,-0.6528191,2.161674,-2.20458
-0.8587274,-2.815343,-0.25350252,5.0215554,1.4792527,-0.73096925,2.053647,-2.0696187
-0.6114505,-2.9836197,-0.2530116,5.272286,1.4404109,-0.6551048,1.954729,-2.1545627
-1.0225179,-2.7553961,-0.7728438,5.390836,1.5771058,-0.7802353,2.2134218,-2.0768452
-0.48858613,-2.9653952,-0.73291266,5.5414586,1.7977811,-0.60061723,2.0900261,-2.1451368
-0.8068652,-2.9301999,-0.6699098,5.6266565,1.3982214,-0.5934632,2.0548038,-2.21573
-0.78587013,-2.9598687,-0.67951655,5.4464517,1.5526733,-0.79082996,2.2317674,-2.2214267
-0.93313557,-2.711254,-0.73707604,5.786909,1.3902764,-0.6015721,1.931607,-2.136767
-1.0035776,-2.8612027,-0.83398765,5.7862787,1.3580996,-0.70385826,1.863615,-2.0724676
-0.868392,-2.8512125,-1.042207,5.922843,1.469304,-0.7400311,2.2712047,-2.129731
-0.995222,-2.760644,-1.1211667,6.365743,1.0279284,-0.6621395,2.141652,-2.1304722
-0.9201256,-2.7714896,-0.9008112,6.4188995,0.89465463,-0.62844944,2.1131444,-2.2385678
-0.87752277,-2.8886337,-0.7486149,6.4431124,0.5725228,-0.7832765,2.2500389,-2.29144
-1.14306,-2.6925375,-0.46469134,5.9468207,0.7143022,-0.80732095,2.2232664,-2.099469
-0.74565524,-2.9262178,-0.29461592,6.304647,0.46311438,-0.8450085,1.9490464,-2.2436736
-0.61960626,-3.0170228,-0.61908513,6.6729956,0.46531242,-0.8521115,1.9977946,-2.1523926
-0.39293376,-3.077727,-0.3082137,6.111707,0.8565282,-0.62314004,2.1899114,-2.1919434
-0.7340411,-2.9938648,-0.5283736,6.0739374,0.80517197,-0.68523747,2.000316,-2.1748288
-0.9014389,-2.8690114,-0.5583593,6.251241,0.5011703,-0.7735304,1.970185,-2.071346
-0.56621104,-3.0791337,-0.37004533,6.1582184,0.6881997,-0.6907935,1.8451048,-1.9280863
-1.1232089,-2.711416,-0.22641306,6.189847,0.25513297,-0.78715044,2.1500676,-2.042885
-1.0550452,-2.7182267,0.0042708456,5.658177,0.6781711,-0.64253926,2.1012204,-2.1312904
-0.5144319,-2.9079542,0.024084266,5.8795424,0.7523532,-0.5504681,2.0593941,-2.1089113
-0.8897703,-2.9437845,0.100890264,5.5084543,0.7281214,-0.9164205,1.9835432,-2.210001
-0.6826358,-2.9274268,-0.24574943,5.775943,0.90463454,-0.54952806,2.1309955,-1.9986333
-0.8865188,-2.8536067,-0.20456603,5.637681,0.8627347,-0.7146401,2.1048002,-2.0234842
-0.7929859,-2.8416088,-0.44422323,5.7992797,1.0201092,-0.65898097,1.8946788,-2.0896223
-0.92670506,-2.8722286,-0.5253369,5.910606,0.92485,-0.71447575,2.2168353,-2.2635975
-1.1992608,-2.7685442,-0.036958598,5.357699,0.73889136,-1.0023036,2.2580767,-2.039499
-1.04893,-2.8703473,-0.7126908,5.8382373,0.9598118,-0.71176237,2.2373228,-2.0363033
-0.7571336,-2.984815,-0.6473009,5.9242387,0.9796449,-0.73412395,1.9826713,-2.164366
-0.7566724,-2.8771613,-0.6477207,5.914978,1.1146016,-0.5955507,2.1887424,-2.0904438
-0.8138586,-2.851273,-0.81978995,5.636911,1.5558491,-0.66432977,2.002805,-2.1460395
-0.34610105,-2.9654424,-0.27092966,5.867506,1.0901972,-0.65455747,2.1179962,-2.0477393
-0.61815435,-3.0792327,-0.65452766,6.030132,1.0949764,-0.70237964,2.1184876,-2.1583374
-0.9217315,-2.7596953,-0.5435111,5.348015,1.64474,-0.8033365,2.292934,-2.1235275
-0.77053064,-2.864666,-0.32717752,5.5221286,1.2459786,-0.7389749,2.107989,-2.1056921
-1.1293366,-2.8233526,-0.409646,5.3023567,1.2859912,-0.9916898,1.9455607,-2.1249747
-0.8768179,-2.8972085,-0.13070978,5.311304,1.2420179,-0.6465085,2.14928,-2.1901171
-0.884176,-2.9634252,-0.068058856,5.368913,1.0541378,-0.8110723,2.1056185,-2.117998
-0.86282533,-2.7620652,0.000113128066,5.121271,1.3142896,-0.6562531,1.8913362,-2.1242678
-0.5206013,-2.9390495,-0.08543151,5.381031,1.2313955,-0.63673425,2.0730298,-2.1077764
-1.0747294,-2.881409,-0.10558432,5.529936,0.77600586,-0.85816735,1.7591673,-1.9567541
-0.9011615,-2.844393,-0.39516023,5.448697,1.2184025,-0.8807301,2.161894,-2.1576934
-1.0290161,-2.9175913,-0.5842719,5.3942113,1.3378961,-0.8980139,2.0868323,-2.2200708
-0.5315064,-2.8896859,-0.50808704,5.4661193,1.6091218,-0.638901,1.965824,-2.035742
-0.87982726,-2.9448683,-0.66055036,5.527317,1.3770524,-0.78024876,1.8972621,-2.2092457
-0.7697868,-2.9413939,-0.68649197,5.660462,1.409153,-0.67482126,2.215035,-2.3410993
-0.6456145,-2.9372554,-0.72235584,5.55956,1.6660948,-0.7316691,1.9106247,-2.0798373
-1.2029521,-2.6352813,-0.50511235,5.401093,1.3892096,-0.7982554,2.0606682,-2.0153396
-0.8102827,-2.843129,-0.19044328,5.9086046,0.70203614,-0.64828134,2.1549447,-2.0614247
-1.1144714,-2.7626781,-0.11709668,5.589018,0.7758059,-0.8877839,2.363649,-2.0814002
-0.5362466,-3.0710735,-0.01547039,5.48265,1.0704855,-0.6405727,1.9346192,-2.3865836
-0.8993572,-2.9309692,0.0879989,5.26331,0.89018106,-0.71167207,1.9016962,-2.0341907
-1.0278568,-2.8185706,0.24867266,5.2034845,0.9479398,-0.68547446,2.1167731,-2.045252
-1.1274908,-2.7154593,0.17935485,5.1276693,0.8450145,-0.9334604,1.9439715,-2.0595083
-0.756551,-2.8751562,0.21205384,5.3787775,0.7130168,-0.8151008,2.3105335,-2.0258315
-0.5910725,-2.966616,0.533508,4.9921694,0.9912941,-0.6683805,2.1538181,-2.1820776
-0.6868326,-2.969888,0.64470965,4.6643686,1.1459732,-0.7794784,1.9106805,-2.191566
-0.9725466,-2.9656024,0.62910944,4.6395154,0.9533213,-0.76242554,2.0985873,-1.9816298
-1.0054543,-2.8448331,0.6506065,4.7111516,0.98439866,-0.70876896,2.0886166,-2.038872
-1.2217177,-2.7668188,0.59682983,4.162057,1.336811,-0.8467117,2.2943718,-2.156559
-1.0567855,-3.0116274,0.739815,4.028581,1.418003,-0.9330456,2.070389,-2.1621194
-0.9606356,-3.0743942,0.70017886,4.0007176,1.6588148,-0.8336054,2.103388,-2.1466627
-0.7210949,-2.9163933,0.742265,4.327627,1.4067527,-0.70831156,1.9355377,-2.140086
-0.9835185,-2.8633928,0.8302957,3.8599815,1.6200873,-0.6310637,2.23714,-2.0540404
-0.9061738,-2.9632356,0.28950584,4.431279,1.68955,-0.78714794,2.0809767,-2.2756643
-0.82515526,-2.9341996,0.20881172,4.373138,1.8022429,-0.6648376,2.0601637,-2.1334462
-0.8810154,-2.9561214,0.23270287,4.5284185,1.731196,-0.5762862,2.1399183,-2.1833053
-0.687475,-2.7937906,0.018403806,4.96265,1.4434776,-0.5654166,2.0024273,-2.0478125
-0.8520769,-2.9300337,0.44590813,4.638524,1.3347566,-0.64726835,2.169694,-2.3215723
-0.8586452,-2.9108708,0.41363367,4.775801,1.0393993,-0.8128356,2.157188,-2.221985
-1.0057367,-2.7870646,0.5432965,5.021808,0.754312,-0.807172,2.199087,-2.2399027
-0.86168957,-2.8944087,0.603913,4.8193955,0.9103733,-0.64839166,2.1619477,-1.9735874
-0.6922079,-2.8254855,0.83309424,4.657886,0.90030205,-0.68633306,2.1902416,-2.0702393
-0.83374,-2.8346949,0.9475246,4.756706,0.77084523,-0.8117372,2.4855049,-1.8994033
-0.7280951,-2.9262788,0.8492815,5.0103817,0.70380276,-0.6142589,2.0760026,-2.20386
-0.6809034,-2.974557,0.44979727,5.3748684,0.5948049,-0.6415662,2.3637075,-2.0288157
-0.6298282,-3.0050573,0.30847654,6.048412,0.061161183,-0.6410319,2.045203,-2.3241227
-0.77437097,-2.9230227,0.18168087,5.936274,0.16127668,-0.68777764,1.9967031,-2.1935854
-0.99354416,-2.8135927,-0.22311068,6.2847285,0.27734122,-0.65438265,2.177769,-2.091315
-0.7998731,-2.899272,-0.3537007,6.150845,0.6043174,-0.6743463,2.1738036,-2.1954048
-0.94583964,-2.8543844,0.91936904,4.423851,0.92072165,-0.8097205,1.9338585,-2.0471027
-0.7821287,-2.9002137,0.6713749,4.763162,0.96297705,-0.6142855,1.8866578,-2.0857906
-0.7854991,-2.8422797,0.85583365,4.7500424,0.7744573,-0.7712985,2.0079355,-2.1200852
-0.8917359,-2.8491724,1.0942217,4.8634686,0.307213,-0.777395,1.958287,-1.9737711
-0.867028,-2.931076,1.2383177,4.755993,0.24996625,-0.7538725,2.0755932,-1.8910527
-0.6198673,-2.9902935,0.9277106,5.2315974,0.38333738,-0.63630104,2.1388493,-2.172796
-0.91973096,-2.9011824,1.0061908,5.1753526,0.2351095,-0.6514456,2.102205,-2.117472
-0.9251682,-2.7421823,1.246634,4.755428,0.297687,-0.6423484,2.080257,-2.1094873
-0.88983274,-2.9950116,1.3116828,4.5179563,0.40594012,-0.79905635,1.9268457,-2.0719686
-0.74825656,-3.05534,1.476461,4.7375717,0.18828407,-0.706409,2.112205,-2.064363
-0.76758695,-2.9219532,1.4777924,4.687952,0.20715964,-0.73977244,1.8986489,-2.022567
-0.87385213,-2.8687146,0.74346286,5.075207,0.33179706,-0.82903033,2.040591,-2.0115635
-0.69068307,-2.964999,0.7632744,4.515966,1.06421,-0.7897607,2.1332126,-2.078816
-0.7593103,-2.9709637,0.67859656,4.3345103,1.3901808,-0.79612637,1.8454179,-2.1007078
-0.9056715,-3.026629,0.76387817,4.28076,1.2804267,-0.9378466,2.0253897,-2.1671884
-0.80497956,-3.009807,0.46888873,4.0206366,1.8288821,-0.79213315,1.9886912,-2.270806
-0.81979835,-2.9128096,0.18180153,4.3811784,1.9777529,-0.7123447,2.0998824,-2.3840501
-0.63217586,-3.0450022,0.29661718,4.2679563,1.9592754,-0.6691538,2.2451708,-2.2686412
-0.8891998,-2.8632476,0.05067092,4.8851094,1.4806007,-0.6522529,2.4299436,-2.113892
-0.9364728,-2.8069093,0.034209292,4.6797466,1.6863247,-0.7136989,2.1894448,-2.0959802
-0.7062427,-2.8700538,-0.38107485,4.803097,2.04903,-0.6041508,1.8781495,-2.1774797
-0.68290085,-2.869489,0.21577387,4.3918676,2.0139992,-0.61787635,2.2421024,-2.0570083
-0.7331347,-2.9076073,-0.1524334,4.7522006,1.8223723,-0.61549455,2.001554,-2.1227853
-0.7842975,-2.9328296,-0.1321282,5.211279,1.4472882,-0.7128306,2.0114298,-2.147678
-0.61052537,-3.010708,-0.34307027,5.451296,1.4837793,-0.7433599,2.0574055,-2.169532
-0.54226,-3.0295825,-0.5013978,5.861441,1.2751153,-0.6351975,2.1670785,-2.1375818
-0.45630488,-3.0495217,-0.51497793,6.1004386,1.0138723,-0.6174078,1.9306393,-2.147192
-0.7138905,-3.033482,-0.96402144,6.589616,0.85438097,-0.6780476,2.133942,-2.1376798
-1.034855,-2.8106499,-0.8438894,6.46465,0.67338866,-0.8273271,2.0763347,-2.1304722
-0.96124697,-2.8290617,-0.45949093,6.1548915,0.6541189,-0.8115829,2.1496496,-2.0933666
-0.48917347,-2.9500911,-0.39776725,6.1929903,0.81914383,-0.55114657,2.1803017,-2.004305
-0.7379053,-2.839023,-0.5973805,5.9445066,1.161531,-0.7275444,2.1771922,-1.9696609
-1.0703009,-2.7820225,-0.90221554,5.723617,1.4082549,-0.6325227,2.0158584,-2.0023901
-0.9626531,-2.806912,-0.64365244,5.730146,1.1799393,-0.7091897,1.9604559,-2.0539718
-1.0092397,-2.7151096,-0.44732997,5.5804825,1.220397,-0.73362595,1.764738,-2.183825
-0.4987559,-3.002189,-0.49746892,5.3892927,1.5592203,-0.6324218,2.0137248,-2.115445
-0.8171787,-2.7861197,-0.059451144,5.340281,1.0804312,-0.68227404,2.0366266,-2.2976084
-0.89469504,-2.877004,-0.27661768,5.53008,0.9414521,-0.7788191,2.0046918,-2.2570767
-1.037445,-2.810673,-0.31729037,5.177725,1.519559,-0.6927537,2.0803096,-2.1010683
-0.6797969,-2.8647337,0.09571519,4.914154,1.4021943,-0.71414435,2.0387259,-2.1893477
-0.6521117,-2.8450356,0.09695374,5.295157,1.019847,-0.74600357,2.0577812,-2.0797284
-0.9651727,-2.89353,0.2643957,5.058927,1.1466662,-0.64211303,2.1381536,-2.1399999
-0.49426547,-3.0256324,0.036125332,5.655455,0.80449146,-0.63345855,2.2447429,-2.15487
-0.69120836,-3.033704,0.22058693,5.2261853,1.0222301,-0.69738674,1.834686,-2.3717542
-0.8586818,-2.9103491,0.3377453,5.6704555,0.26384813,-0.66367924,1.9098353,-2.1554148
-0.99782556,-2.8398724,0.3026879,5.9003253,0.058371734,-0.90597546,1.9806787,-2.2059705
-0.7557727,-2.8779323,0.32304162,5.9346995,0.23394561,-0.7353091,2.0700877,-2.1165926
-0.6296307,-2.8630612,-0.15787372,6.0327516,0.6782614,-0.6589308,2.205769,-1.8818873
-0.9637699,-2.7984643,-0.016261356,5.49238,0.8415417,-0.7521995,2.230288,-2.0217977
-0.44759572,-2.858747,0.40546557,5.3938384,0.88050944,-0.5613717,2.1118424,-2.0669434
-0.66243994,-3.0435472,0.4264147,4.947244,1.0651643,-0.6301116,2.196518,-2.0833771
-0.4771668,-2.8412445,0.5203729,4.8915787,1.2984686,-0.60391915,1.9480611,-2.2003448
-0.9905564,-2.9071326,-0.038069293,4.8213925,1.5482227,-0.7400428,2.178284,-2.2607248
-0.78557265,-2.9744296,0.08863337,4.825047,1.4974129,-0.67560565,2.2489104,-2.1306996
-0.70907927,-2.8848844,0.051606,4.6495547,1.7707503,-0.84497267,2.2705977,-2.0141687
-0.4016185,-3.0648355,0.12682535,4.883208,1.6844968,-0.59867436,1.9889048,-1.9625738
-0.96565956,-2.8787928,-0.33666342,4.7323623,1.9575936,-0.69881284,2.0332198,-2.4636605
-0.77290493,-2.9496894,-0.62409997,4.938491,2.0621867,-0.68093586,2.1370058,-2.128642
-0.7909534,-2.8874674,-0.4944598,4.771623,2.1215994,-0.69314986,2.290219,-2.2434533
-0.5710016,-3.0154412,-0.81606036,4.9495883,2.2873764,-0.5697401,2.265241,-2.2199152
-0.59326077,-2.9149847,-0.49178916,4.8559628,2.1915672,-0.60265887,2.1708112,-2.0781624
-0.8281271,-2.8011928,-0.18271105,4.9515,1.685614,-0.6587573,2.181898,-2.0013373
-0.6434862,-2.813163,0.14698522,4.9719324,1.4242724,-0.6712356,1.8699983,-2.126466
-0.71539664,-2.807268,0.4835228,4.8846116,1.1289443,-0.70129746,2.0190086,-2.1973517
-0.89490455,-2.8411705,0.5537437,4.8139825,1.0161918,-0.52639717,2.1155317,-2.1221542
-0.8757057,-2.8872824,0.52502096,4.785372,1.0713097,-0.7675447,2.0835602,-2.0059152
-0.8689945,-2.948631,0.41224593,4.777846,1.1716326,-0.75018245,2.1774406,-1.973036
-0.56245184,-3.0547144,0.25730205,5.0284753,1.159426,-0.7111357,2.1549447,-2.3219986
-1.0063348,-2.9478536,0.3865833,5.0301776,0.86043763,-0.7551655,2.2225912,-2.2374783
-0.7614061,-2.9052413,-0.16484348,5.222985,1.4434938,-0.69397163,2.1428094,-2.042017
-0.8192167,-2.929629,-0.14927328,4.8790216,1.6250659,-0.69417375,2.1804793,-2.0027795
-0.8379608,-2.7990532,-0.054057565,4.9426775,1.5428342,-0.7077798,2.0912774,-2.0668879
-0.797013,-2.780581,-0.50998026,5.625629,1.2249838,-0.69658893,1.9688215,-2.1683106
-0.7868223,-2.9139438,-0.63124573,6.0220118,1.0900337,-0.6892941,2.3393967,-2.2168117
-0.6480601,-2.860652,-0.98168,6.3368387,1.2718831,-0.6938935,2.108625,-2.1970763
-0.70741105,-3.0370004,-0.93368024,5.823926,1.6474236,-0.6453382,2.0813346,-2.0075135
-0.84894645,-3.0210793,-0.8970404,5.5996127,1.6297158,-0.67555743,2.0601878,-2.1923375
-0.89957625,-2.818047,-0.89943,5.8649225,1.4299765,-0.83256507,2.0613844,-2.1466286
-1.1974698,-2.7288191,-1.096576,5.9380565,1.3962181,-0.8005296,2.2557056,-2.1156695
-1.0234656,-2.7818496,-1.0173702,5.699823,1.3999851,-0.6891262,2.1617196,-2.1593568
-1.1786277,-2.7845373,-0.866106,5.501679,1.6535516,-0.80051905,2.2197297,-2.2215714
-0.9725491,-2.8681812,-0.25905076,5.006982,1.7105725,-0.77874285,2.0808434,-2.0955448
-0.47673374,-2.9060938,-0.77053434,5.274177,2.0736847,-0.6319031,1.997642,-2.1597953
-0.9897157,-2.910194,-0.85422087,5.54607,1.6061432,-0.7172332,2.2168949,-2.1512914
-0.8253188,-2.972328,-1.1994455,5.9866066,1.549334,-0.7802924,2.202331,-2.2645864
-0.83129174,-3.001015,-1.156637,5.9298897,1.5965785,-0.7909415,2.176854,-2.1480515
-0.76919127,-2.8232777,-0.890428,5.8980885,1.5501119,-0.6993085,1.9230511,-2.3087254
-1.1041158,-2.7947612,-0.83156836,5.475346,1.5573738,-0.85278034,2.0103076,-2.1340752
-0.48461175,-3.0033937,-0.627017,6.2202168,1.1738079,-0.6310215,2.2326708,-2.1068804
-0.69582,-2.922912,-0.6382995,6.197852,0.9845715,-0.7191603,1.9148018,-2.2942255
-0.95665914,-2.7929828,-0.032199312,5.5096316,0.7398889,-0.68146247,2.0032055,-2.016887
-0.73117554,-2.9288514,-0.13372725,5.563377,0.89873964,-0.6866102,2.336872,-2.2396107
-0.6957498,-2.9052827,0.18234646,5.4340396,0.7143542,-0.6304654,2.2207642,-2.0916126
-1.0401319,-2.8333852,0.11694792,5.4603763,0.63282377,-0.84142554,2.1613557,-2.2400525
-0.6291229,-2.9885755,0.24379028,5.6180873,0.585477,-0.6818883,1.8471559,-1.8458492
-1.0468493,-3.0199842,0.0020087732,5.699562,0.57796097,-0.6378772,2.2239726,-2.218895
-0.8528498,-2.8927197,0.25743514,5.763247,0.24522014,-0.7479012,2.1305757,-2.1613517
-0.7893036,-3.0058413,0.48160923,5.5325513,0.33898416,-0.71853244,1.9264843,-2.0249896
-0.7141351,-2.8247333,0.5205355,5.4294972,0.50798124,-0.6779948,1.7846563,-2.0694494
-0.7687838,-2.9663498,0.42503116,5.476891,0.47037405,-0.6141204,1.9470714,-2.1623442
-0.8647633,-2.803571,0.6516084,5.824225,-0.041108556,-0.6758492,1.9184294,-2.1147003
-0.41124672,-2.9955082,0.5160366,5.9985023,0.23319727,-0.55274606,2.1716204,-2.1066475
-0.6770245,-2.9637935,-0.104886614,6.0435767,0.5964083,-0.6527807,2.072999,-2.2314248
-0.5712292,-3.0886643,-0.10800133,6.2663884,0.45903274,-0.53599,1.921321,-2.260025
-0.8264282,-2.873488,-0.39264044,6.2292404,0.6059689,-0.70042866,1.9159335,-2.1849475
-1.0171942,-2.81249,-0.019400138,6.0053353,0.32576156,-0.770189,2.3378668,-2.24036
-0.83016676,-2.877094,-0.2789601,6.134084,0.5970053,-0.6819922,2.2219615,-2.1876664
-0.7580153,-2.9429839,-0.09761172,6.100387,0.44735435,-0.69269407,2.2066545,-2.178556
-0.4732589,-3.0846143,0.19643642,5.8071275,0.61976343,-0.71722305,1.9881954,-2.1352098
-0.553,-2.9612982,0.32338548,5.8459053,0.4134281,-0.611663,2.204188,-2.2747676
-0.8562619,-2.8538222,0.4251354,5.6609087,0.34779128,-0.759522,2.086692,-2.0157518
-0.72757727,-2.8912978,0.5722848,5.2988214,0.46017826,-0.5906612,1.7711343,-2.105212
-0.8403402,-2.9142687,0.63060147,5.0978117,0.6092254,-0.8882711,2.1135082,-2.1083107
-0.8164835,-3.0446756,0.7656821,4.885197,0.7953102,-0.6279221,2.101355,-2.0760076
-0.73252535,-2.9348974,0.68291694,4.7648325,0.97592765,-0.7222806,2.1472766,-2.1650648
-0.67341584,-3.0003545,0.9666183,4.6144347,0.92709154,-0.68728703,2.0721457,-2.103292
-0.65817374,-2.9462268,0.9276003,4.598538,0.9863666,-0.64890206,2.0876887,-2.3210957
-0.7805552,-2.9613495,1.0880566,4.492337,0.7063401,-0.7238727,2.1559792,-2.1388264
-0.9716569,-2.755602,0.6610284,4.803087,0.852045,-0.862602,1.9639509,-2.0946708
-0.9959112,-2.8815632,1.222134,4.542494,0.48416606,-0.8391217,2.1910744,-2.1573818
-0.82417274,-2.9015827,1.2024513,3.9178782,1.2860088,-0.7910053,2.1367083,-2.2621672
-0.98881435,-2.7647321,1.036184,4.167397,1.052242,-0.774534,2.100554,-2.0974517
-0.67952204,-2.8999085,0.9432282,4.743428,0.75357926,-0.7930523,2.1827974,-1.9407848
-1.0228635,-2.835903,0.94495845,4.540761,0.7890647,-0.7098183,2.0911057,-2.0137136
-0.55862755,-2.9414957,1.5670799,4.3246512,0.7125853,-0.6451061,2.1055284,-2.053714
-0.7506313,-2.9136465,1.4411962,4.4292574,0.49119458,-0.76987976,1.8926502,-2.2769883
-1.1396841,-2.7990036,0.8600048,4.7042937,0.66714066,-0.86091924,1.9727894,-2.1512423
-0.67459315,-2.8782473,0.07489729,5.408841,1.0911584,-0.655488,1.905816,-2.2162228
-0.8395443,-2.8174872,0.43606317,5.1553245,0.84783614,-0.8383982,1.8587855,-2.0645916
-0.89583457,-2.8674116,0.19833177,5.6658034,0.4699584,-0.6763746,2.3136086,-2.1011415
-0.7210105,-2.951559,0.08760098,5.9933243,0.2860913,-0.6048039,1.8697058,-2.2120452
-0.62449646,-2.8133335,0.016118426,6.172221,0.32081842,-0.5839065,2.1411498,-1.984831
-0.861107,-2.9185555,-0.04654541,6.3560886,0.13841794,-0.62215066,1.9558966,-2.0340261
-0.71827304,-2.9666953,-0.09932996,6.292828,0.33837005,-0.66551983,2.1899574,-2.2633095
-0.80936587,-2.9602687,0.05371742,6.015716,0.2894802,-0.6791414,1.8643203,-2.1648564
-0.92314404,-2.7969024,-0.008130095,5.979941,0.32418725,-0.75106627,2.1045167,-2.1264029
-0.7297403,-2.8022602,0.004049477,5.9407244,0.39252612,-0.8134454,2.0466487,-2.2227051
-0.9556769,-2.9267125,0.1998088,5.7447906,0.33749664,-0.6726568,2.2757263,-2.1878908
-0.63276905,-2.845245,0.20182674,5.870921,0.37017593,-0.6867151,2.295176,-2.107752
-0.62142706,-3.0380256,-0.33710703,6.228488,0.66119933,-0.65808755,2.210102,-2.1574764
-0.9280553,-2.8317447,-0.47106218,6.1230245,0.6349627,-0.7119232,2.2202828,-2.121912
-0.87495875,-2.8579302,-0.6803956,6.0164313,0.8941218,-0.78124595,2.2704148,-2.1141648
-1.0186803,-2.9647636,-0.15025564,5.844832,0.58939415,-0.7506753,2.1871445,-2.2351687
-1.0631355,-2.7799377,-0.26331812,6.106706,0.47072622,-0.6858956,2.0170362,-2.1057017
-0.91601175,-2.779465,-0.2723362,6.2936664,0.28162777,-0.711883,2.018896,-2.1091607
-0.8672365,-2.8597817,-0.31519428,6.4266467,0.2645702,-0.78133976,2.0352807,-2.3590257
-0.70404387,-2.9395282,-0.41435355,6.051676,0.81110436,-0.66763633,2.123836,-2.2520366
-0.45925108,-2.9651716,-0.33703223,6.2359543,0.7129817,-0.51802737,2.0905764,-1.9824537
-0.81399244,-2.7883363,0.15220517,5.951356,0.36079156,-0.66182405,2.1275196,-2.1608927
-0.5630359,-2.903086,0.42135635,6.2303567,0.012735855,-0.62977827,2.113293,-2.1147177
-0.7451602,-2.9436805,0.3473854,5.863357,0.2258044,-0.675633,2.0839844,-2.2285724
-0.69587284,-3.0114894,1.0879079,5.645607,-0.20337577,-0.6881988,2.045134,-2.2834778
-0.74332815,-2.8578348,1.52813,5.1646476,-0.21039121,-0.59797084,1.9287412,-2.1861336
-0.7229032,-3.0015042,1.997939,5.0456777,-0.6595397,-0.7508879,2.0558026,-2.158747
-1.0512935,-2.8367324,1.6219847,5.3907375,-0.8324086,-0.6483819,2.1850314,-2.1575215
-0.86329305,-2.745569,1.8274843,5.329995,-0.7221481,-0.66826934,1.9708291,-2.126384
-0.7668326,-3.073996,1.7759756,5.3238115,-0.804055,-0.7350673,2.0285811,-2.181587
-0.9134934,-2.8775334,1.6805559,5.4675765,-0.82407844,-0.9349724,1.9248078,-2.153712
-0.82142633,-2.935974,1.5994194,5.5386553,-0.78690976,-0.72887975,2.0669827,-2.0325317
-0.8825646,-2.9097757,1.4899024,5.432481,-0.6680948,-0.79097646,2.2386153,-2.0645165
-0.7983584,-2.8594046,1.3371629,5.491789,-0.43227673,-0.689016,1.9725723,-2.104636
-0.685946,-2.8836148,1.000596,5.5817018,-0.12836915,-0.6553953,2.1151714,-2.0487945
-0.685548,-2.9571612,0.80633074,5.261569,0.31115842,-0.7906533,2.1576047,-2.1141775
-0.9219857,-2.9087687,0.41037306,5.611335,0.32925764,-0.90451497,2.1891773,-2.1831174
-0.6420538,-2.9457967,0.12296567,5.848665,0.49018717,-0.8056916,2.052507,-2.2755527
-0.8402767,-2.9230008,0.5849034,5.579513,0.27749622,-0.67573774,2.0932925,-2.174602
-0.7893881,-2.8987746,0.46758765,5.7596254,0.23941284,-0.67784667,2.3156724,-2.208009
-0.78227025,-2.9265344,0.34148833,5.901667,0.24011269,-0.6725899,2.1157057,-2.1020515
-0.7242678,-2.8963394,0.15844098,6.012877,0.29032028,-0.68676865,2.0622282,-2.107425
-0.5155822,-2.9795024,0.25644088,6.1761436,0.23081347,-0.63140476,2.0509577,-2.0919068
-0.8937771,-2.8429182,0.15249713,6.291664,-0.027446257,-0.6848554,2.0924149,-2.1278462
-1.0662056,-2.7866728,-0.27802727,6.0614576,0.4060702,-0.8678036,2.0055737,-2.3036227
-0.7567581,-2.853612,0.051548984,6.087274,0.23663718,-0.8449242,2.0666966,-2.1085987
-0.92680085,-2.878518,-0.026657386,5.9221597,0.40555245,-0.76287645,2.076042,-2.0553517
-0.967764,-2.7364154,0.40685958,5.790557,0.24931797,-0.6485175,1.9912435,-2.0621812
-0.8008795,-2.8550549,0.10407942,5.8524218,0.37123814,-0.6344012,2.1517744,-2.0904071
-0.76139826,-2.9056692,-0.060491,5.985589,0.47239596,-0.62694937,2.278131,-2.158309
-0.68360484,-2.9243412,0.11076358,6.0016227,0.30948338,-0.72082984,2.0892386,-2.06708
-0.87688196,-2.8391056,0.51313686,5.829284,0.040565606,-0.7224087,2.2946222,-2.1123526
-0.7979487,-2.9083421,0.52168894,5.8658853,-0.035097256,-0.7354643,2.1280465,-2.1062477
-0.57253677,-3.0141683,0.36714673,5.6834035,0.3721137,-0.71555936,2.1938887,-2.001824
-0.8970806,-2.8707016,0.14717522,5.6972594,0.44836193,-0.9153708,1.9630312,-2.0531147
-0.872493,-2.8386278,0.59641224,5.5856867,0.12603058,-0.7555061,2.3534715,-1.9125124
-0.84787124,-2.783268,0.45539594,5.8935175,0.0022303064,-0.72566974,2.1603243,-1.9598453
-0.8412739,-2.8233368,0.53636974,5.78556,0.025242137,-0.6995947,2.155994,-1.9846325
-0.57015485,-2.9881277,0.29758677,6.032248,0.05625448,-0.8258259,2.2833233,-2.1009061
-0.9993247,-2.8302445,0.4331017,5.9515643,-0.09229067,-0.8209794,1.9825593,-2.0895274
-1.131745,-2.7722077,0.24954718,5.8829393,-0.0037205515,-0.7574107,2.1241643,-2.1408248
-0.5639094,-3.013244,0.3711208,6.0048184,0.14279826,-0.50767803,2.0313506,-2.2153559
-0.7703677,-2.8101363,0.46636587,5.98319,-0.007488945,-0.6354805,1.989936,-2.1249921
-1.1083663,-2.7745662,0.22991669,5.8384824,-0.0063834535,-0.9859085,1.888528,-2.0838413
-0.840956,-2.9167426,0.62182945,5.6616135,0.0009908131,-0.8313905,2.158178,-2.1057487
-1.0080307,-2.791841,0.5245065,5.720718,0.01817454,-0.74878293,2.2427907,-2.0979035
-0.87392557,-2.9057727,0.41333285,5.823676,0.09140559,-0.7507325,2.1184216,-2.046131
-0.46440166,-2.8734856,-0.061234344,5.6860385,1.1232266,-0.56548023,2.2799296,-2.0097609
-1.0494252,-2.852136,-0.26855862,5.39008,1.05793,-0.87662935,2.2184,-2.0080974
-0.7610135,-2.8492322,-0.3474536,5.5757537,1.1276288,-0.668561,2.1585379,-2.3716664
-0.57314575,-2.9181354,-0.29048234,5.9351926,0.9198847,-0.68463373,2.2460465,-2.0531917
-0.5780194,-2.8806062,0.03195364,5.5345817,1.0293856,-0.693008,2.0881145,-2.1460652
-0.73803973,-2.878841,0.22033559,5.298571,0.8897624,-0.7503229,2.05792,-1.9908009
-0.8504331,-2.841151,0.3442065,6.158251,0.060411703,-0.73633236,1.9799774,-2.1128688
-0.45705914,-2.8927078,0.6597492,5.489949,0.55951434,-0.5741973,1.961206,-1.9919235
-0.64670444,-2.9754922,0.65649927,5.341911,0.5158638,-0.81210697,2.0458143,-2.0994418
-0.81265193,-2.878023,0.5237638,5.1788883,0.71854234,-0.8186285,2.178779,-2.0386462
-0.94088405,-2.8859062,0.44042853,5.2382092,0.59329206,-0.75296205,2.246053,-2.1498656
-0.65251946,-2.955694,0.21834561,5.287329,1.0241543,-0.62937105,2.1549304,-1.9954315
-0.9178447,-2.8832266,0.34924677,5.2068305,0.7518549,-0.7310098,2.2666988,-2.2581286
-0.685817,-3.0096292,-0.12045387,5.144962,1.5199393,-0.66419214,2.1862442,-2.2683785
-0.8108467,-2.9720454,0.13681085,4.769605,1.3268411,-0.89907855,1.9339108,-2.035685
-0.6797672,-2.9452426,1.1340355,4.675881,0.54941094,-0.66165084,2.0844753,-2.1466408
-0.9121464,-2.7860222,0.7716944,5.313341,0.2627646,-0.78132725,2.1423366,-2.2091267
-0.8267917,-2.8536851,0.42619354,5.481406,0.42370236,-0.71034884,2.022549,-2.290203
-0.7374191,-2.9092617,0.25708005,5.953437,0.18281618,-0.71626437,2.0349047,-2.0838292
-0.8504678,-2.8589258,0.23623802,5.9937763,0.113506734,-0.7120329,1.9406523,-2.0766869
-0.8612407,-2.9184132,0.12411979,6.136705,0.20492117,-0.70478094,1.9814613,-2.0876274
-0.8887845,-2.8584895,-0.6288536,6.1445417,0.7751731,-0.88756925,2.05315,-2.207209
-0.8626624,-2.8661706,-0.28165895,5.9346876,0.7309913,-0.7016815,2.1683803,-1.9552898
-0.80651647,-3.0005689,-0.5528523,6.0494576,0.9101047,-0.7259939,2.2017083,-2.2379181
-0.6911188,-2.9510307,0.07583147,5.4975734,0.90844214,-0.60867494,2.1337836,-2.2034543
-0.6895407,-2.9852226,0.2360653,5.424638,0.75427616,-0.8177048,2.2307928,-2.165004
-0.9248145,-3.0320878,-0.014971225,4.9744754,1.2715364,-0.7215923,2.1595838,-2.1486013
-0.60732454,-2.844194,0.0070073176,5.0272098,1.5414971,-0.6773307,1.8712968,-2.054561
-0.6150221,-2.88188,-0.35000378,5.3630023,1.5056564,-0.5600972,2.218915,-1.9004849
-0.5564122,-2.9005418,-0.4230254,5.686533,1.4220228,-0.65196425,1.9053963,-2.0409043
-0.50123966,-2.8796883,-0.21899886,5.0769014,1.6026704,-0.67462444,2.325389,-1.9555852
-0.6036773,-3.0259352,-0.10734734,5.7568684,0.79014105,-0.62460816,1.9136808,-1.9651395
-1.0412701,-2.8040736,-0.0994972,5.736794,0.64686966,-0.83910215,2.0685844,-2.173743
-0.6289321,-3.0042145,-0.33070448,5.984125,0.823675,-0.8669484,2.037839,-2.159137
-0.8012765,-2.9415135,-0.68483233,5.97381,1.1981002,-0.6252591,1.9893403,-2.2977962
-0.72428364,-3.008844,-0.8346804,6.2565913,1.0710908,-0.7226917,1.9813079,-2.2089217
-0.5415691,-3.117944,-0.6092367,6.1551676,0.97792995,-0.62098414,2.026548,-2.1780157
-0.62507796,-2.9846663,-0.9896564,6.192932,1.2851602,-0.6445919,2.0986035,-2.0935965
-0.5295733,-3.0092227,-0.99246836,6.4139833,1.1343513,-0.6898263,2.222334,-2.0827847
-0.74514604,-2.8314283,-1.1991179,6.477271,1.1052184,-0.69109255,2.0146308,-2.0638263
-0.67806685,-2.9084535,-0.99450004,6.226932,1.2626716,-0.6021118,1.9282432,-2.068113
-0.83043,-2.866451,-0.8234508,6.3160534,0.9746543,-0.6194715,2.0060275,-2.135066
-0.781733,-2.8953714,-1.018335,6.6000814,0.86126274,-0.5755806,2.0601711,-1.9747969
-0.8228661,-2.7889163,-0.69647115,6.768183,0.455124,-0.6030061,1.8900203,-2.053417
-0.5421271,-2.9788668,-0.7446577,6.8941517,0.41852397,-0.6190367,2.0615447,-2.3058062
-0.7054308,-2.9645174,-0.861566,6.9408655,0.38552222,-0.75073195,2.119717,-2.0195
-0.8473712,-2.8652692,-0.8847834,6.774561,0.42213732,-0.6571129,2.0293415,-2.1326756
-1.0661769,-2.7894514,-0.601168,6.410252,0.45638102,-0.802686,2.1680706,-2.0899332
-0.8380716,-2.9460006,-0.99119925,6.17477,1.2024627,-0.80160576,2.2536647,-2.1343014
-0.44311383,-3.1068807,-0.5487431,5.858152,1.27032,-0.685181,2.0589824,-2.2603452
-0.9154364,-2.932068,-0.48900342,6.030322,0.73619646,-0.92411774,2.1374626,-2.1487586
-0.85537016,-3.0980601,-0.36416507,5.6383133,1.066624,-0.7956099,2.0441527,-2.1091645
-0.6839768,-2.9613292,-0.37014157,5.914536,0.9120866,-0.6997619,2.104883,-2.1050825
-0.70466256,-2.792365,-0.5939371,6.1006107,1.0174564,-0.656337,1.938441,-2.1622508
-0.92626095,-2.8174186,-0.9006171,6.122145,1.09574,-0.8365998,2.166006,-2.0148683
-0.6610128,-2.9301617,-1.16213,6.6651893,0.9359895,-0.7067463,2.0879252,-2.3249085
-0.55778253,-3.2194695,-0.7621855,6.228307,1.0655396,-0.7529846,1.9785151,-2.131457
-0.6392606,-3.0180733,-0.88240844,6.2140474,1.1551404,-0.65371156,2.056604,-2.084264
-0.5662251,-2.9613206,-0.65240616,6.362828,0.7969411,-0.61937124,2.1752138,-1.9518446
-0.94722,-2.7144716,-0.8815812,6.2784057,0.8641455,-0.7599281,1.9816858,-1.9724324
-0.6631038,-2.860122,-0.98849684,6.8722453,0.7455248,-0.68602985,2.1963627,-2.148423
-0.8209689,-2.9566941,-1.0889696,6.876114,0.6941344,-0.61410284,2.264158,-2.1718655
-0.687631,-2.851077,-0.890315,7.0786457,0.31870517,-0.67013574,2.2022445,-2.080559
-0.9388315,-2.811287,-1.0774415,7.3729606,0.075580865,-1.0136119,1.6953987,-2.0752308
-0.3139145,-3.1301882,-0.6491002,7.3540144,-0.01060759,-0.69266874,2.0974238,-2.1862006
-0.89036405,-2.8501987,-0.87396294,7.2790356,-0.10578178,-0.88717395,2.1033356,-2.1791604
-0.6486577,-2.841661,-0.79414856,7.0035906,0.40199584,-0.60261565,2.2801683,-2.2550735
-0.85399246,-2.9368508,-0.48117122,6.610337,0.17387083,-0.6364902,2.0913637,-2.1695154
-0.9296366,-2.7153473,-0.6584551,6.303453,0.6437427,-0.7273915,2.0919461,-2.2124815
-0.70907164,-2.9566503,-0.51590544,6.4045343,0.5751133,-0.90081364,2.0178065,-2.257609
-0.76186097,-2.996875,-0.40566787,6.0063534,0.8501025,-0.64462143,1.9675221,-1.9960765
-0.6435994,-2.8986583,-0.11961239,6.1473546,0.46481094,-0.60952157,2.031761,-2.1189728
-0.7294222,-2.8625858,-0.25163597,5.998693,0.75978595,-0.6425928,2.0042484,-2.1833115
-0.742088,-2.8587453,-0.6239843,5.865561,1.1529206,-0.74738103,2.040512,-2.117678
-1.1187141,-2.8018863,-0.36365762,5.6253567,0.9911802,-0.8189299,2.045744,-2.2462647
-0.952331,-2.850212,-0.201091,6.0124764,0.55202484,-0.7687566,2.149543,-2.222016
-0.6907494,-2.8697357,-0.5400792,6.3688803,0.57591367,-0.6241784,2.0384922,-2.086245
-1.0865293,-2.9202218,-0.81588334,6.4230714,0.64775234,-0.7680359,2.1236506,-2.270745
-0.96969116,-2.7973647,-0.86661583,6.5103035,0.5962981,-0.7249204,1.9872268,-2.1770246
-1.1605225,-2.7490518,-0.783067,6.627797,0.33737022,-0.99622077,2.178614,-2.0971146
-1.1719741,-2.6614952,-0.78744686,6.621117,0.45032543,-0.8256255,2.1376097,-2.2508276
-1.2923076,-2.6904588,-0.6771599,6.555576,0.31938007,-0.8526371,2.1336122,-2.1427636
-0.5704158,-2.8979387,-0.24089949,6.368868,0.39878657,-0.6668803,2.0386248,-2.1054513
-0.49711022,-3.093332,-0.075828075,6.357439,0.38598847,-0.59506243,2.0669348,-2.3006785
-0.7961654,-2.741042,-0.08761028,6.130735,0.41405746,-0.72340935,1.956508,-2.0453656
-0.8882011,-2.8605769,-0.23755679,6.1533074,0.35664278,-0.8028153,2.1831727,-2.2293499
-0.76704496,-2.767575,-0.53963155,6.327612,0.65156,-0.6873241,2.0589845,-2.0299728
-0.67097646,-2.8744705,-0.2186443,6.477756,0.35729632,-0.58604187,2.0574284,-2.0409653
-0.8603577,-2.846573,-0.313534,6.452354,0.35133362,-0.690058,2.0036623,-2.161291
-0.8204052,-2.8739865,-0.28050488,6.4385576,0.2818168,-0.7701065,2.12449,-1.983766
-0.6941228,-2.968477,-0.5515627,6.947955,0.08715721,-0.64233804,2.1483753,-2.1158175
-0.8548546,-2.7994287,-0.43732566,6.92473,-0.07882733,-0.7865918,1.8915212,-2.20419
-0.75168496,-2.8670807,-0.2541489,7.106768,-0.41356415,-0.60879415,2.1967738,-2.348971
-0.85158277,-2.9241385,-0.13163665,7.086874,-0.6824596,-0.7326006,2.0172882,-2.1186643
-0.94410324,-2.8718944,-0.4319259,6.8540263,-0.13656138,-0.72629565,2.0346057,-2.2568672
-0.85059196,-2.850478,-0.20215182,6.727268,-0.22086115,-0.7931911,2.2099311,-2.1739123
-0.9381392,-2.7425175,-0.2950138,6.7160716,-0.11939248,-0.6875368,2.129652,-1.9729875
-0.7962337,-2.8827496,-0.46210596,6.9908667,-0.17476508,-0.6721409,1.978996,-2.0875857
-0.89959407,-2.882251,-0.6925174,6.8311644,0.17400075,-0.83814377,2.1880069,-2.2941842
-0.7255138,-3.0452287,-0.9810782,6.758839,0.6373813,-0.73798424,2.2034018,-2.1731672
-0.4870339,-2.9102504,-0.96811974,6.797326,0.8408983,-0.6596257,1.9215208,-2.2806616
-0.69427687,-2.9685135,-1.1028628,6.679415,0.8854788,-0.6494763,1.868686,-2.1721034
-0.45835716,-3.0518754,-0.69474703,6.5488687,0.7206805,-0.6283488,2.0102265,-2.2892144
-0.73339653,-2.8916883,-0.92650014,6.3762593,0.9575656,-0.6655345,1.9833932,-2.3800423
-0.40040907,-2.9887543,-0.8802852,6.6160917,1.0326523,-0.5974008,2.015898,-2.1268091
-0.6619482,-3.0249681,-1.1972635,6.601946,1.1085036,-0.7521528,2.097735,-2.2252786
-0.48401496,-2.920646,-0.46114922,6.310612,0.6750817,-0.6930597,2.0051045,-2.0639777
-0.6709002,-2.942762,-0.5983624,6.6226616,0.50839955,-0.63471687,1.9451078,-2.174027
-1.0081179,-2.824433,-0.43221983,6.4826183,0.28355235,-0.7564401,2.0038633,-1.9570729
-0.92177474,-2.8427632,-0.36278498,6.4133015,0.21784103,-0.85428935,2.1201704,-1.9343371
-0.81998503,-2.7773306,-0.1032362,6.227617,0.37010026,-0.49677858,2.0383477,-1.9118974
-0.8781628,-2.8168833,-0.3549737,6.3383617,0.31379008,-0.61540496,2.2112644,-1.9283969
-0.89665943,-2.7257333,-0.20119148,6.284591,0.21187638,-0.771524,2.109563,-2.0340028
-0.7189557,-2.9417064,-0.44128373,6.1704035,0.6283194,-0.6000506,1.9561255,-2.201128
-0.88659877,-2.8557246,0.2610668,5.7195086,0.4417105,-0.7346708,2.155206,-1.8648297
-0.8649486,-2.8918703,0.44167516,5.5276613,0.52896416,-0.7056871,1.9837121,-2.1455657
-0.8515692,-2.9419432,0.745838,5.109689,0.479959,-0.7963344,1.9129747,-2.1381445
-0.7788507,-2.903719,0.38279623,5.6702495,0.38265815,-0.60734284,2.0050771,-2.096935
-1.076801,-2.9610026,-0.15178405,5.8463187,0.5314629,-1.1566589,2.253902,-2.1898706
-0.8372094,-2.874402,-0.08436952,5.5871973,0.9247405,-0.7665645,2.0672972,-2.199002
-0.6782698,-3.0524757,-0.07563432,5.4165316,1.1754903,-0.6246766,1.9137607,-1.9877882
-0.98690027,-2.8034112,0.07335981,5.045354,1.1743208,-0.8389928,2.1313684,-2.2362287
-0.9311957,-2.8073921,-0.33760798,5.3028,1.3416626,-0.6795731,2.1190097,-1.9006839
-0.6928077,-2.788925,-0.5487572,5.4218388,1.7057779,-0.71043164,2.1065173,-2.198342
-0.91017604,-2.8661044,-0.50685775,5.093395,1.6974691,-0.77925414,2.0045815,-2.0950415
-0.76624906,-2.9920475,-0.39682004,5.0563264,1.6762774,-0.8907795,2.1307294,-2.1784005
-0.8160623,-2.921824,-0.63662815,5.352923,1.6713766,-0.73373336,2.129803,-2.3086824
-0.80941075,-2.9367635,-0.8683012,5.7797365,1.4525104,-0.7522982,2.1759143,-1.9955648
-0.8396629,-2.853522,-0.93254685,6.0774527,1.1603075,-0.7609819,2.0616586,-2.2801466
-0.7181338,-3.0435314,-0.46351218,6.092455,0.81248707,-0.6683792,1.8889763,-2.0576272
-1.0753896,-2.8692043,-0.32696244,6.037512,0.48910266,-0.8511066,1.960397,-2.2060766
-1.0066476,-2.8279698,-0.33615968,5.966763,0.57926,-0.79730934,2.210249,-2.24014
-0.7138292,-2.984872,-0.6419422,6.3080363,0.81764513,-0.7311283,2.2148638,-2.165547
-0.7030045,-3.0246449,-0.518814,6.1348534,0.8279717,-0.60117435,1.6902933,-2.1444163
-0.8352124,-2.932556,-0.48509154,6.539831,0.34156412,-0.73198533,1.9333513,-1.8911866
-0.7103693,-3.0196257,-0.27247074,6.451727,0.21262582,-0.83783627,2.0313947,-2.110396
-1.0714248,-2.7192347,-0.56343037,6.189537,0.5257227,-0.99459356,1.918381,-2.3102653
-0.5693586,-3.085427,-0.4867771,6.5011396,0.43851048,-0.67365164,2.128514,-2.2032552
-0.634744,-2.9409113,-0.3848873,6.768024,0.07517284,-0.70437086,2.0459344,-2.1573453
-0.8406463,-2.902119,-0.39475453,6.7815485,-0.006837833,-0.70058644,2.189464,-2.0449564
-1.08152,-2.7605736,-0.30346644,6.6154275,0.04805635,-0.8039305,1.9914786,-2.117321
-0.73255897,-2.7979796,-0.3141626,6.6004395,0.23423624,-0.7001418,2.0319738,-2.0977817
-0.7217527,-2.9380531,-0.5642339,6.9292994,0.052593846,-0.7002979,2.3033233,-2.1224155
-0.644414,-2.9403408,-0.17900668,6.712353,-0.00050617126,-0.7079187,2.0093236,-2.0624661
-0.92526704,-2.8921475,-0.100188285,6.3493032,0.012038047,-0.8423568,1.9451067,-2.152468
-1.2935811,-2.6595345,-0.28250328,6.324545,0.060385022,-1.0222229,2.1682832,-2.1129184
-0.856294,-2.957666,-0.0665199,6.273767,0.03388363,-0.6928242,2.1135418,-1.9731181
-0.7752623,-2.9753933,0.32336637,6.0417457,0.043113463,-0.8001701,2.1766183,-2.3617373
-0.7339732,-2.933648,0.46073243,5.473174,0.55916506,-0.67155486,2.088619,-2.0294716
-0.81642425,-2.7945395,0.19115615,5.1928897,1.0980235,-0.6657795,2.0411253,-2.3036978
-0.7342312,-2.9210997,0.23556931,5.4817452,0.56948626,-0.8274688,2.0674715,-2.1630192
-0.811917,-2.8249724,0.13205297,5.356625,0.8324969,-0.7276794,2.139333,-2.0671635
-0.6878436,-3.0020547,0.09349889,5.2227163,1.113855,-0.66063726,1.9004799,-1.9998494
-0.6970159,-2.9172485,0.14982125,5.4653506,0.7100626,-0.8232557,1.9420815,-2.095903
-0.74308306,-2.8857286,0.4386086,5.2290497,0.7888445,-0.62565124,2.1018724,-2.194583
-0.8759869,-2.823831,0.32940236,4.9227843,1.1702617,-0.6350967,1.8853931,-2.1102183
-0.7488431,-3.0061557,0.6105257,5.074217,0.67451584,-0.6361488,1.9547061,-2.1509123
-0.9992903,-2.716761,0.30853674,4.9682603,0.9698481,-0.8363919,2.120132,-2.1837955
-0.8060208,-2.7958775,0.44637826,4.9356675,1.033231,-0.65301436,2.1981292,-2.088626
-0.9752316,-2.9063213,0.5173391,5.290533,0.5694252,-0.9252394,1.858552,-2.2591612
-0.5262345,-3.0265293,0.6076325,5.0236783,0.9509741,-0.7056573,2.1193032,-2.030432
-0.7418695,-2.9477603,0.38801417,4.8352985,1.224997,-0.74599457,2.180067,-2.1459088
-0.4620191,-2.9058862,0.2288509,5.1518254,1.2667849,-0.7226282,2.1605375,-2.0760984
-0.96106035,-2.8530602,-0.011501007,5.591018,0.7731384,-0.71485955,1.9887146,-2.1083162
-0.7226963,-2.938437,0.093237355,5.41851,0.8304533,-0.74294657,2.049173,-2.1780307
-0.5606408,-3.1897066,0.57919097,4.987882,0.96474814,-0.6241437,1.9804331,-1.9752232
-0.7688421,-2.916261,0.03214933,4.6088586,1.7167917,-0.6723344,2.1868334,-2.3182635
-0.62447095,-2.8811011,-0.11567014,4.936087,1.6272206,-0.75138724,2.0834465,-2.0471396
-0.86623496,-2.884372,-0.45922038,5.2356434,1.6268092,-0.73829585,2.1548214,-2.3190422
-0.85221714,-2.8273916,0.023376916,4.984691,1.3406937,-0.8279588,2.129588,-2.2485943
-0.912979,-2.836635,-0.42267853,5.5609727,1.2306625,-0.95419025,1.9040728,-2.380186
-0.3695475,-2.9470732,-0.22048794,5.7439327,1.1993395,-0.681836,2.0219808,-1.9833282
-0.9728439,-2.8605607,-0.30268243,5.663757,0.898162,-0.78941494,2.221127,-2.1178188
-0.6007637,-3.0938213,0.06226496,5.582794,0.8552005,-0.6678956,1.8362556,-1.8888065
-0.5186909,-2.878286,0.15109317,5.6882935,0.82849723,-0.6449007,2.0117621,-2.1862867
-0.7265611,-2.9817889,-0.11991886,5.862892,0.65781236,-0.666518,1.9530942,-2.160615
-0.75974053,-2.9834476,0.13543116,5.673523,0.60107875,-0.7352023,1.9186718,-2.1061823
-0.90467894,-2.820694,-0.14065593,5.9539437,0.44275486,-0.6510432,2.3378994,-2.0549524
-0.68086857,-2.9604044,-0.38957435,6.1494985,0.71844965,-0.6905155,2.2926908,-2.2296288
-0.8346596,-2.9350119,-0.2790324,6.061221,0.5461453,-0.709593,2.0406666,-2.1120307
-0.89987904,-2.8655453,-0.18410513,5.937176,0.45693988,-0.78249544,2.073652,-2.090678
-1.0873091,-2.781827,-0.008936234,6.0600333,0.21501681,-0.8135602,1.9780605,-2.1679885
-0.69191253,-2.8958075,0.037493426,6.351323,0.032682244,-0.6555526,2.136153,-2.1837916
-0.9183693,-2.8494072,-0.5644895,6.4453382,0.5214711,-0.7663498,1.925987,-2.1388326
-1.1140523,-2.8507047,-0.95025593,6.845459,0.25095442,-0.9881296,2.072209,-2.267857
-0.72810465,-2.8824418,-0.7500098,6.998151,0.18198586,-0.6817354,1.9003888,-2.087613
-0.8327292,-2.7099211,-0.44546375,6.6522336,0.23591553,-0.7009208,1.9679132,-2.0245018
-0.628274,-3.0186558,-0.6046319,6.915892,0.0554439,-0.7673961,2.0771844,-2.0895672
-0.97504663,-2.7782183,-0.32568797,7.135598,-0.5703134,-0.71330655,2.023752,-2.1292474
-1.092922,-2.7521958,-0.3913147,7.3145685,-0.75529027,-0.6749664,2.2289765,-2.1550624
-0.9011176,-2.8965905,-0.37548777,7.5327206,-0.83656985,-0.64843464,1.9636916,-1.9772999
-0.8311159,-2.8736715,-0.3243238,7.7242694,-1.0822686,-0.6670831,2.095502,-2.1606653
-0.5955572,-2.9831374,-0.050588585,7.127016,-0.6121528,-0.6286658,2.0457232,-2.2220645
-0.76846004,-2.922122,-0.2626339,6.7716856,-0.08784725,-0.67876124,1.9478842,-1.9428735
-1.1734301,-2.7856338,-0.0611616,6.713527,-0.48456448,-0.7725086,2.148225,-1.9013
-0.9243122,-2.725361,0.11864666,7.1198745,-0.86157966,-0.71695757,2.1942785,-2.0818737
-0.5789943,-2.9654794,0.16855767,7.1123853,-0.7640266,-0.5706413,2.127553,-2.0858161
-1.0256953,-2.816821,0.24080676,7.006746,-1.0094675,-0.64269114,2.145655,-2.0272527
-1.077484,-2.7499285,0.4465189,7.0994716,-1.2286599,-0.67406726,2.001817,-1.9793285
-0.7522603,-2.921359,0.41312853,7.0941477,-1.0565853,-0.64099956,2.0283365,-2.05249
-0.9165447,-2.7783685,0.45427623,6.8006363,-0.9793347,-0.71856177,2.037574,-2.099312
-0.97312504,-2.7901692,0.4484563,6.405552,-0.47211334,-0.65913796,2.0667856,-2.1559575
-0.7038494,-2.9114864,0.20664872,6.2492733,0.001611197,-0.7110829,1.8828708,-2.1552835
-0.701635,-2.888616,-0.26011822,6.532615,0.2817446,-0.71201015,1.9477481,-2.12363
-0.7557045,-2.9352803,-0.44370568,6.6532326,0.16176394,-0.77042323,2.153594,-2.0778048
-0.7526327,-2.982873,-0.6425904,6.8140807,0.22292127,-0.6500427,2.0303478,-1.9931413
-0.74078244,-2.9159577,-0.5069659,5.7108703,1.3196388,-0.66696453,1.998321,-1.9587514
-0.7161588,-2.8865373,-0.6859756,5.9967327,1.1726743,-0.6100004,2.1758661,-1.9780538
-0.57048506,-2.919973,-0.8697602,5.9804606,1.3750317,-0.620045,1.8408339,-2.121519
-0.6453795,-2.8584557,-0.7192514,6.029829,1.1663169,-0.64424133,2.26483,-1.9373387
-0.72976655,-2.9261532,-0.66643727,5.9651766,0.9998022,-0.9325217,2.1662798,-2.196121
-0.7894943,-2.9474432,-0.1816343,5.248314,1.2665253,-0.7524594,2.1494553,-2.060223
-0.8811898,-2.9137185,0.6133449,4.7902308,0.9378685,-0.7233063,2.010368,-2.039562
-0.7171928,-3.035348,0.02320434,5.474509,1.0416992,-0.68843913,1.9232272,-2.2959723
-0.6730443,-2.913804,-0.013378785,5.3797984,1.1103852,-0.6741394,2.2332017,-2.1579404
-0.8876211,-2.8496034,0.13349187,5.157807,1.0492847,-0.69923425,2.087779,-2.0491266
-1.0564964,-2.7011971,-0.07602928,5.5017967,0.82833016,-0.87817454,2.1824524,-2.180636
-0.74092436,-2.985212,0.2608795,5.345569,0.7447386,-0.7196758,2.1820865,-1.9814103
-0.73025334,-2.806514,0.3007708,5.397446,0.6188052,-0.62310874,1.9492542,-2.2110503
-0.8541329,-2.894013,0.2355475,5.27005,0.7769244,-0.8981658,2.003737,-2.116147
-1.019914,-2.74622,0.34511292,5.2436085,0.78965765,-0.7219306,2.3209834,-2.015135
-1.1168574,-2.738724,0.69067377,5.302597,0.17253287,-0.8539419,2.0869923,-1.9782922
-0.84172326,-3.0095649,0.99213266,5.478766,-0.108265296,-0.77201766,1.9969872,-1.9912556
-1.0562825,-2.6966238,1.1367669,4.9680276,0.3082544,-0.83806777,2.1898885,-2.2330563
-0.72721934,-2.9006107,0.54338783,5.3906627,0.38279158,-0.796624,2.1709073,-1.9361225
-0.74731165,-3.0002463,1.0011443,5.2198396,0.2287804,-0.7060996,2.0289104,-2.066859
-0.9668923,-2.80611,1.1008763,4.859391,0.2450753,-0.880484,2.012189,-2.0252118
-0.90720123,-2.887154,1.4544454,4.839721,0.103315115,-0.850227,2.1473207,-2.142306
-0.8002266,-2.8616474,1.2704941,5.187005,-0.14616252,-0.70456415,1.9155879,-2.2078044
-0.88482857,-2.8349288,0.951478,5.6964726,-0.21080744,-0.73457766,2.2693653,-2.1002264
-0.9876046,-2.818413,0.7361774,5.7630496,-0.19533186,-0.6444311,1.9381886,-2.0532918
-0.59609544,-2.94801,0.68133813,5.9874115,-0.18327585,-0.52713454,1.9368564,-2.1146183
-0.72010154,-2.9551635,0.6153659,5.8882146,-0.093823954,-0.7352987,2.1464345,-2.1384385
-1.0886186,-2.8425412,0.5670199,5.789207,-0.048544392,-0.86141837,2.3712518,-1.9249506
-0.9253979,-2.9089835,0.23569332,5.487555,0.5445202,-0.76379466,2.1164312,-2.2532978
-0.80219334,-2.907523,0.40511873,5.5362954,0.464874,-0.64913857,2.0390203,-2.2268202
-0.7471872,-2.8887076,0.50493795,5.392778,0.5180174,-0.6460011,2.0469995,-2.1068866
-0.60539365,-2.9404762,0.7588793,5.7066216,0.086652964,-0.5512632,2.0843904,-2.051788
-0.67407924,-2.8551986,0.7765503,5.443567,0.20510344,-0.71828854,2.0649822,-1.9986738
-0.71023995,-3.0952158,0.64942265,5.5772157,0.07636178,-0.78165895,1.840416,-2.1119876
-1.0527936,-2.7826037,1.1316288,5.387852,-0.18973789,-0.8097232,1.9596244,-2.2577329
-0.99646723,-2.812863,0.9404299,5.464648,-0.03511664,-0.7082361,2.0110116,-2.0736904
-0.65884745,-2.9360034,0.9957401,5.266755,0.20997268,-0.6488264,1.9424561,-2.003968
-0.87207514,-2.7951813,0.6551,5.2493467,0.42970663,-0.6739661,2.2687278,-2.2009494
-0.8482477,-2.9819894,0.55690473,5.5674825,0.3146762,-0.68166417,2.1596756,-2.1654918
-0.54561484,-2.9628356,0.4488338,6.002379,0.13235097,-0.65287346,1.9346186,-2.0522552
-0.8899277,-2.790097,0.08718893,5.8346224,0.40170774,-0.7962705,2.2464635,-2.1474633
-0.68950176,-3.0590584,-0.03192871,6.127032,0.24575754,-0.68762505,1.9200455,-2.1410298
-0.7304919,-2.913669,-0.18037273,6.2940664,0.27087864,-0.6353311,2.1740093,-2.0524707
-0.8160274,-2.8439717,-0.48164466,6.455385,0.5256477,-0.6394673,2.1520007,-2.0297987
-0.6978612,-2.95482,-0.46355784,6.011668,0.7504577,-0.69845355,2.19315,-2.0146613
-0.8708624,-2.9836123,-0.1518592,5.815777,0.6962157,-0.6543359,2.2161655,-2.0345335
-0.93604493,-2.8393211,-0.23775542,5.951002,0.57328206,-0.69281054,2.1594212,-2.1852174
-0.6803291,-2.8631332,-0.45338312,6.1361156,0.8090785,-0.59379065,2.145551,-1.9898814
-0.7920842,-2.9127605,-0.3432054,6.0655417,0.6866252,-0.6731601,1.9985509,-2.2987099
-0.66681576,-2.6628044,-0.36617452,5.895381,0.964711,-0.69824845,2.2127757,-2.0095546
-0.68513376,-2.9109573,-0.19647281,5.8656235,0.73089737,-0.74386114,2.091014,-1.9542658
-0.7592721,-2.9419658,0.095626116,6.111494,0.2170445,-0.5828817,1.8500749,-2.0676334
-0.8983324,-2.8566632,0.35547742,5.8274546,0.16575596,-0.7717692,2.0605035,-2.2277865
-0.86036515,-2.8291998,0.350165,5.6977744,0.29450765,-0.62636805,1.938773,-2.0829966
-0.7084,-2.951106,0.45185626,5.803287,0.31344393,-0.6998014,2.0684166,-2.1378155
-0.5378153,-2.8747368,0.65777916,6.103984,-0.1727063,-0.60827255,1.9844813,-2.1971428
-1.1228172,-2.8082397,0.25094312,6.3544827,-0.37984115,-0.8558027,1.9020352,-2.0254312
-0.79378784,-2.8288846,0.36871824,6.3940554,-0.41890922,-0.6687766,2.2109327,-2.0832732
-0.49761015,-2.9894066,0.3176419,6.607947,-0.3585715,-0.5969055,2.0846171,-2.0404599
-0.70576304,-2.849957,0.02572066,6.50528,-0.118903086,-0.60451674,2.0144079,-2.0582585
-0.91039914,-2.8860123,0.21260953,6.452476,-0.30366492,-0.7079497,2.0009744,-2.1796536
-0.911469,-2.8270333,0.22016506,6.582188,-0.43369365,-0.778685,2.113583,-2.2810273
-0.8653008,-2.9308116,0.3005309,6.5132747,-0.50384545,-0.69684166,2.098411,-2.1914527
-0.98153067,-2.8054185,0.21500932,6.349268,-0.2816442,-0.7848402,2.163656,-2.174689
-0.61756414,-2.945624,0.5880681,6.118978,-0.16467686,-0.6164039,1.9567349,-2.2361593
-0.79692894,-2.9432914,0.8311176,5.7166657,-0.18546486,-0.57832754,2.0751822,-2.2402341
-0.77957344,-2.8502436,0.5649472,5.7478085,0.14664853,-0.6590879,2.2423387,-2.1316905
-0.78021455,-2.978399,1.2040101,5.38483,-0.14667632,-0.6484318,1.979383,-2.1439786
-1.0884676,-2.8211446,0.7897347,5.383909,0.06608756,-0.7476708,1.9344206,-2.2160306
-0.9187999,-2.891403,0.79544944,5.793429,-0.23358428,-0.8073345,2.0842218,-2.1406355
-1.1069894,-2.8287466,0.9359103,5.7685413,-0.46909538,-0.83906955,2.0739934,-2.0494392
-0.87339985,-2.9187937,0.5287603,5.8682947,0.010600843,-0.59231836,2.3035996,-2.1346705
-0.86149627,-2.8524368,0.38886568,5.8541517,0.05154731,-0.6786824,2.0949867,-2.2544956
-0.8394241,-2.9372513,0.6276885,5.7004867,0.123038195,-0.75367457,2.0379698,-2.2221134
-0.73791564,-2.872819,0.459625,5.4659233,0.48385674,-0.63867146,2.1331336,-2.1906145
-0.874249,-2.9099326,0.7486948,5.177454,0.52503234,-0.6864107,2.1067026,-2.205228
-0.6214944,-2.9500961,1.0819919,5.013742,0.40668848,-0.6708469,2.163215,-1.961505
-0.81048733,-2.962598,1.354131,4.820843,0.32592237,-0.56627434,2.264909,-2.160959
-0.76322937,-2.9109619,1.1562725,4.797485,0.3680333,-0.9116627,2.315944,-1.9226111
-0.9590103,-2.8289518,1.3597618,5.047413,-0.059543286,-0.80213475,2.3004832,-2.061269
-0.6484878,-3.0184283,1.1183822,5.5898685,-0.23680277,-0.61673266,2.1330972,-2.0553946
-0.49465004,-2.9320898,1.3045516,5.2255263,0.07760929,-0.70896304,1.9356612,-1.9079456
-0.84400654,-2.9912484,1.1399862,5.068727,0.12913956,-0.65604097,2.0613568,-1.9382657
-0.8590182,-3.0617406,1.0973213,4.9328194,0.3533695,-0.74802506,2.168141,-2.3536012
-0.77737576,-3.0629597,1.1288024,4.841364,0.37440863,-0.6355815,2.2626312,-2.1370742
-0.9566282,-2.8733215,0.7198452,4.7745733,0.81528425,-0.79060036,2.082822,-2.033094
-0.8329075,-2.8727582,0.516964,5.0855746,0.7243774,-0.7051129,2.0147116,-2.1164792
-0.7750067,-2.8707912,0.558359,5.0639005,0.7617231,-0.75302356,2.0495245,-2.184995
-0.9138977,-2.7698913,0.6187626,5.184146,0.5880452,-0.7409795,2.3401222,-1.9643954
-0.9542625,-2.838837,0.7801702,5.3488,0.34831613,-0.69338536,2.0826354,-1.9710649
-0.8552312,-2.7881327,1.0185113,5.118494,0.4279876,-0.6430098,1.9968909,-2.133475
-0.9436909,-2.9289162,0.7729046,4.9290214,0.4884297,-0.6682617,1.9671146,-2.2905524
-0.97961754,-2.8334744,0.3443088,5.138552,0.7731322,-0.8328935,2.1256278,-2.1336906
-0.89394015,-2.9258456,0.36487314,5.553917,0.49964878,-0.6625569,2.0537703,-2.0135722
-0.6080534,-2.916591,0.13798515,6.0129285,0.3250301,-0.65050894,2.040438,-2.0808914
-0.8655928,-2.8614604,0.90134376,5.825528,-0.4048313,-0.7683495,2.0361028,-2.0606172
-1.0115025,-2.8397179,0.994624,5.622557,-0.2693044,-0.6173747,1.8044212,-2.0302105
-1.0642796,-2.827457,0.950552,5.2118363,0.00217956,-0.934738,1.9335037,-2.1208308
-0.6420148,-3.0653226,1.3639596,5.418608,-0.2001258,-0.59654367,2.1083193,-2.2179554
-0.8304652,-2.8297155,1.0479794,5.77302,-0.4821901,-0.6667034,1.9877769,-1.9556446
-0.56535715,-2.905824,-0.41594237,6.5139594,0.535966,-0.6390407,2.0092573,-2.087592
-0.5129671,-2.9406457,-0.53296655,6.781821,0.23634495,-0.6315453,2.295064,-2.002865
-0.8433599,-2.8470445,-0.40991133,6.385751,0.28290936,-0.63681245,2.1243305,-2.085928
-0.834608,-3.0190156,-0.45044333,6.3380423,0.3756377,-0.76261705,2.0709484,-2.3041546
-0.6053099,-2.9684334,-0.5180081,6.2565804,0.78599375,-0.5158429,2.0672054,-2.012663
-0.8809103,-2.945057,-0.37207985,5.914508,0.77284503,-0.8363815,2.129829,-2.2111952
-0.6581859,-2.970585,0.013290986,6.0619874,0.38274077,-0.74936587,2.0772257,-2.0357962
-0.86948556,-2.8154576,0.0308633,5.994172,0.26738542,-0.76329696,1.9948168,-2.2674873
-0.90864426,-2.8943992,-0.11869639,6.190702,0.1686682,-0.6872084,2.1482725,-2.2618876
-0.6316133,-3.0676274,-0.095429815,6.01763,0.57783175,-0.54901916,1.9615699,-2.0266397
-0.7873935,-2.8854454,0.08909668,5.9732747,0.31459045,-0.6949442,2.006939,-2.362539
-0.78397787,-2.987695,0.116416946,5.9438424,0.24275573,-0.7767934,2.1225963,-2.0218835
-0.9525479,-2.8307767,0.11849553,6.490234,-0.2309712,-0.7485217,2.1149995,-2.0365324
-0.6066528,-3.0110638,0.3368882,6.2528086,-0.0135056665,-0.6685198,1.933493,-2.1625323
-0.7257144,-2.9519272,0.26827,6.4545803,-0.25976798,-0.7708191,2.0441046,-2.2016022
-0.95069444,-2.8265755,0.26424733,6.0229783,0.17443128,-0.6466571,2.2305658,-2.10257
-0.8600108,-2.872124,-0.14197595,6.192354,0.2956215,-0.68257725,2.0752263,-2.0456703
-0.7617347,-2.9106739,-0.16731463,5.9245763,0.61547196,-0.638332,2.1680856,-2.1442254
-0.7886336,-2.8713806,-0.20713109,6.0288973,0.5604091,-0.7060664,2.1769507,-2.1177008
-0.9916308,-2.9492817,-0.52401704,6.2801585,0.39198965,-0.753964,2.1574752,-2.0353303
-0.6829345,-2.8896203,-0.40687683,6.28049,0.6511352,-0.63645273,1.8610886,-2.0450883
-0.8152755,-2.748213,-0.36765617,6.3029065,0.6161167,-0.68237054,2.1099226,-2.227591
-0.7374399,-2.8860714,-0.2999272,6.3428707,0.4797083,-0.8540434,2.0942643,-1.9877906
-0.8890458,-2.8645182,-0.27246022,6.5522714,0.046438336,-0.7660421,1.9903036,-2.0775404
-1.0524734,-2.731372,-0.45196676,7.044177,-0.28284916,-0.7112032,1.9816242,-1.9800671
-0.88548636,-2.7700894,-0.8894327,7.1760178,0.09099554,-0.7446602,2.153094,-2.1660705
-0.8060963,-2.8305652,-0.9177459,7.364335,-0.0015258631,-0.66207486,1.8075125,-1.8857418
-0.5462548,-2.9793549,-1.0691186,7.529255,0.11646667,-0.58901864,2.127751,-2.0565705
-0.6712135,-2.9341881,-0.7449637,7.318298,-0.06458272,-0.5725834,1.9738581,-2.1728487
-0.90940577,-2.842693,-0.9005148,6.9303794,0.237411,-0.66056114,2.1517346,-2.0979602
-0.63356,-2.8256464,-0.93580115,6.9125037,0.5844801,-0.61670077,2.0491028,-2.1102197
-0.7004642,-2.9092247,-0.84666014,6.7744336,0.47054914,-0.68890494,2.0065427,-2.029074
-1.0049369,-2.8553634,-0.6868126,6.6805964,0.2937826,-0.63433224,2.1880264,-2.2533727
-0.8017069,-2.8482084,-0.73759437,6.465547,0.741785,-0.636214,2.0994978,-2.2658763
-0.73190826,-2.9529982,-0.91442865,6.307194,0.9848253,-0.66477674,2.5345054,-2.014259
-0.94732594,-2.8422513,-0.62079185,5.7199655,1.260863,-0.78592485,1.9615792,-2.1117218
-0.9446561,-2.8773072,-1.2178936,6.038875,1.3604934,-0.8095599,2.035462,-2.1626828
-0.63115513,-2.8819764,-1.244039,6.3711796,1.4138567,-0.6478154,2.1373756,-2.0746393
-0.7832647,-2.8628097,-0.95655215,6.2956567,1.1042626,-0.6249593,2.2440665,-2.038875
-0.8546348,-2.896154,-1.457541,6.3973145,1.4199256,-0.69918764,2.2009706,-2.0802243
-0.85407144,-2.8446288,-1.3097913,6.49629,1.3177822,-0.67737406,1.9213729,-2.0739553
-0.84295994,-2.8220026,-1.2525179,6.4200625,1.2925992,-0.5862172,1.9827183,-2.025069
-0.66211057,-2.9232416,-1.2616625,6.3145213,1.4779602,-0.6139218,1.9788629,-2.0842457
-0.8726752,-2.9467483,-0.6167595,5.450826,1.4474138,-0.79989165,2.0872777,-2.093347
-1.2245862,-2.6976004,-1.1489557,5.8579226,1.3483347,-0.9000229,2.3269756,-2.1270163
-0.81536865,-3.1715457,-0.6752807,5.492037,1.5773107,-0.70921785,2.1406188,-2.1421435
-0.6655375,-2.8125353,-0.50726277,5.162191,1.6354779,-0.67686373,2.126315,-2.2162933
-1.0966063,-2.8268006,0.15232548,5.083858,0.91357166,-0.8408773,2.0496857,-2.1099489
-0.9754568,-2.93602,-0.04292256,5.391564,0.8943413,-0.95236474,2.1660645,-2.2199442
-0.9004983,-2.9254596,-0.3304039,5.487549,1.1584486,-0.71566314,2.113125,-2.294597
-0.92304605,-2.9311879,-0.07877638,5.351772,1.1602935,-0.67659134,2.0997107,-2.0821748
-1.0179455,-2.71392,-0.21135868,5.279218,1.2150463,-0.64412665,2.2272103,-2.225338
-0.72840875,-2.858994,-0.24889621,5.337712,1.2998745,-0.6833974,2.180721,-2.23204
-0.9008154,-2.8491898,-0.09511019,5.0688367,1.5828997,-0.66033244,2.0138288,-2.1801584
-0.8416058,-2.7457964,0.058293927,5.1572022,1.0784599,-0.72490185,2.182978,-2.121042
-0.6883103,-2.933095,0.054539602,5.610263,0.8261357,-0.58943313,2.2152102,-2.0022824
-0.94907427,-2.855486,0.017035645,5.6059613,0.626199,-0.68550223,2.1090717,-2.1384506
-0.60925204,-2.9453816,0.04081266,6.2238407,0.31651887,-0.6493369,2.2324767,-2.1254196
-0.78512734,-2.8864462,0.12402155,5.942669,0.39949974,-0.62693703,2.2146993,-2.0335777
-0.87376887,-2.9333463,0.3672933,5.6460624,0.3119959,-0.658551,2.0897305,-2.1970625
-0.85694593,-2.890363,0.17635377,5.467447,0.7645912,-0.78848445,2.0504,-2.0626924
-0.91853184,-2.9675243,0.040476255,5.489867,0.72803766,-0.78306335,1.9067363,-1.9674505
-0.5876559,-3.0505092,0.107393906,5.6128078,0.71484464,-0.6646562,2.1956344,-2.0859485
-0.6190442,-2.8864665,0.09609774,5.917243,0.52353626,-0.5736714,2.2388582,-2.0999794
-0.69596064,-2.8822248,0.094629675,5.603659,0.8553323,-0.6860309,2.3433602,-2.0984704
-0.7370046,-2.868566,-0.040227436,5.357477,1.1128317,-0.72403306,2.2564437,-2.159837
-0.8031612,-2.990319,-0.0941937,5.453445,1.1384883,-0.7330247,1.9673415,-2.0928826
-1.0199803,-2.8211362,-0.36714768,5.589134,1.0628228,-0.7355043,1.9762009,-2.2066338
-0.9484274,-2.8416407,-0.5290002,5.8244042,1.0640181,-0.74214345,1.9901667,-2.2596805
-0.48474064,-2.9547124,-0.83569664,5.9128566,1.4964734,-0.6120276,1.9445709,-2.2175355
-0.8648038,-2.92536,-0.5592994,5.925685,0.87152606,-0.7586822,2.1024985,-2.2501135
-0.73485696,-2.9155712,0.091759495,5.9480453,0.4489669,-0.7070399,2.172184,-2.291287
-0.741686,-2.9961655,0.10007075,5.84328,0.49559832,-0.6603145,2.1293483,-2.237672
-0.9344962,-2.947641,-0.14725631,5.543633,0.9191031,-0.79599744,2.0837204,-2.2978368
-0.8767154,-2.8281498,-0.35356042,5.4118485,1.2807722,-0.67201173,2.0987406,-1.9696549
-0.86922204,-2.8267977,-0.13237846,5.3262677,1.2391971,-0.6947329,2.1315694,-2.1978285
-0.87760013,-2.8303604,-0.029609779,5.3503966,1.068932,-0.6679023,2.2693982,-2.0050106
-0.5134175,-3.0350106,-0.24684209,5.9327345,0.9737634,-0.71132237,2.257028,-2.2705584
-0.7126065,-2.8813426,-0.55923986,6.324336,0.7451315,-0.7804352,2.1113138,-2.1996682
-0.8816492,-2.835241,-0.8003823,6.5039268,0.5634286,-0.8544761,2.0097196,-2.1542795
-0.48664635,-3.0317917,-0.40227777,6.1034007,0.8940948,-0.5540429,2.1756659,-2.0349624
-0.9536274,-2.9399366,-0.7543572,6.1476536,0.927385,-0.70617676,2.1812353,-2.3194098
-0.77377945,-2.904534,-1.0959034,6.582621,0.85623115,-0.7268493,2.091739,-2.116662
-0.88842833,-2.9851205,-0.7174717,6.2206616,0.87274784,-0.80112034,2.154587,-2.1576498
-0.58784467,-2.8914695,-0.72195905,6.0613327,1.1848923,-0.67742723,2.0894585,-2.2028515
-0.5237161,-3.084875,-0.5165555,6.0863004,0.93784726,-0.658192,2.025895,-2.2075624
-0.6973591,-2.7289608,-0.5353307,6.157449,0.8299345,-0.70253175,2.2432294,-2.0098069
-0.4279595,-2.944425,-0.5407762,6.24203,0.94507486,-0.58858114,2.0532286,-2.0220926
-0.29094347,-3.0193262,-0.5214016,6.5753317,0.69891983,-0.5785689,1.9440241,-1.9797816
-0.78520215,-2.8893642,-0.4783566,6.139347,0.7743029,-0.66275793,2.1228685,-2.143848
-0.8770914,-2.940954,-0.5816745,5.9922504,0.91211283,-0.68510365,2.1024663,-2.2655458
-0.86644036,-2.9688077,0.34997454,5.5035768,0.56984484,-0.6819491,2.0241027,-2.3318117
-0.7137181,-2.922299,0.35639566,5.658631,0.526326,-0.58316725,2.0691395,-2.330996
-0.9314423,-2.8417332,0.45624605,5.725585,0.27564174,-0.70716995,2.0942016,-2.2002904
-0.87567157,-3.0293334,0.47945952,5.6204014,0.38349423,-0.5922032,2.0034366,-2.151653
-0.9046005,-2.7843478,0.177716,5.879455,0.4202083,-0.65752834,2.1207159,-2.2802145
-0.65578157,-2.902972,-0.25873345,6.1077785,0.6457063,-0.6266468,2.0900261,-2.0237825
-1.0376606,-2.7720244,-0.27409148,6.1464705,0.4076132,-0.6272801,2.2496057,-2.116557
-0.82914484,-3.022785,0.12521435,6.040418,0.16046248,-0.63583964,2.1064208,-2.0984247
-0.78847903,-2.9029717,0.39750305,5.496314,0.5427368,-0.74984014,1.9178602,-2.1813264
-0.8404034,-2.9424539,1.5903306,4.65025,0.17354202,-0.71935916,2.0824025,-1.9866358
-0.9510719,-2.8094933,1.4858205,4.811159,0.04196342,-0.6720517,2.0575018,-2.255828
-0.90197754,-2.846904,0.65584666,4.7497783,0.8566262,-0.8999795,1.9159391,-1.9940692
-0.9505542,-2.9144278,0.6756151,4.9227176,0.7868232,-0.78156066,2.1615236,-2.193214
-0.91945326,-2.8668358,0.14983125,5.3143406,0.8198177,-0.807375,1.9228206,-2.0899374
-0.94871056,-2.9607525,0.39343697,5.564926,0.46949065,-0.6246031,2.1346755,-2.1541562
-0.74708873,-2.8623672,0.8626837,5.2552047,0.31838194,-0.7098584,2.0229235,-2.2099895
-0.69782126,-2.9340239,0.56163555,5.0152187,0.75638556,-0.7370746,2.1520767,-2.1519253
-0.79649276,-2.8399925,0.7615977,5.1870003,0.51264435,-0.75339043,2.0428357,-2.1783361
-0.94420254,-2.8941813,0.5667459,4.952015,0.76602167,-0.7776989,2.1405253,-2.2406402
-1.1377993,-2.731864,0.14160621,4.4572597,1.6935098,-0.6738141,2.023556,-2.2530382
-0.85532105,-2.8971481,0.41085133,4.5893254,1.453811,-0.7499315,2.0514848,-2.1909246
-0.5586868,-2.88717,0.53568655,4.550852,1.5816835,-0.59998685,1.9245304,-2.0302227
-0.845636,-2.9397256,-0.04179209,4.8256636,1.6124729,-0.73013407,2.0504315,-2.3020327
-0.97865504,-2.8706756,-0.19242655,5.093082,1.4205616,-1.0084196,2.2190626,-2.1635656
-0.7666023,-2.9413693,-0.17496723,5.13775,1.4801574,-0.638033,2.2327564,-2.0475945
-0.78987944,-2.9242506,-0.6672619,5.304257,1.8009504,-0.68617153,2.1249766,-2.1334934
-0.8946641,-2.869171,-0.42726994,4.9655294,1.7225453,-0.8383179,2.1902046,-2.0958858
-0.9432061,-2.7941875,-0.70903987,4.5565467,2.4596906,-0.77430385,2.0902972,-2.3073595
-0.88045686,-2.91106,-1.0928859,4.8287964,2.6309955,-0.891896,2.1484594,-2.1611547
-0.44422448,-3.193699,-1.5307113,5.4840655,2.6715689,-0.5350559,2.1035774,-2.280152
-1.2637434,-2.7052913,-1.0533733,5.261688,1.859321,-0.68469065,1.9003347,-2.1460316
-0.86897963,-2.906384,-0.76083857,5.521469,1.6329979,-0.68560976,2.2317958,-2.1299732
-0.6975628,-2.9078276,-0.82683635,5.652538,1.7153444,-0.62245315,1.9750727,-2.1780467
-0.9172797,-2.9538233,-0.7031153,5.757663,1.209047,-0.82238084,1.8197447,-1.9404857
-0.72010994,-2.8699863,-1.0186607,6.435494,1.0917143,-0.6453035,2.1442192,-1.9853296
-0.7136219,-2.9124098,-1.0031372,6.5705714,0.9362318,-0.6470816,2.12082,-2.1719873
-0.55666107,-3.0273943,-1.1127365,6.609849,1.000462,-0.7994283,2.1121194,-2.1035655
-0.6825898,-3.0822456,-1.0850383,6.255722,1.3074323,-0.6354817,2.1283915,-2.1505141
-0.9585912,-2.836589,-0.7897329,5.873753,1.3017975,-0.7394753,2.0865314,-2.0991974
-0.80167264,-2.9194467,-0.804075,5.556178,1.6327709,-0.7662656,2.1133635,-2.0814607
-0.5246506,-3.1162155,-0.76202965,5.7040052,1.647484,-0.6573883,2.1617343,-2.0930016
-0.40950733,-3.1437645,-1.004222,5.7525887,1.946827,-0.584714,2.334116,-1.8974882
-0.7086156,-2.9760253,-1.1105329,5.712752,1.8213838,-0.64272046,2.024114,-2.060699
-0.90844667,-2.921461,-1.0992671,5.5837803,1.7249849,-0.88858515,1.7500198,-2.079555
-0.72746164,-3.031471,-1.0504014,5.6904016,1.8100446,-0.7996384,2.2040992,-2.09603
-0.5414537,-2.8776736,-0.9811167,6.269109,1.4668753,-0.5943656,1.9388489,-2.2737696
-0.9720729,-2.8057663,-1.0732393,6.1354933,1.3356341,-0.729646,2.2829409,-1.955179
-0.66573405,-2.9706817,-0.74471796,5.9656343,1.3059516,-0.66405386,2.0398011,-2.1779332
-0.6156848,-2.9348447,-0.99298304,5.8803864,1.5380471,-0.5686467,2.345537,-2.224004
-0.94611233,-2.795722,-0.93590254,6.4171834,0.83623713,-0.9461814,1.9048791,-2.1614184
-0.7353576,-2.7993128,-0.3315145,6.0929394,0.7077501,-0.70455074,2.0899973,-2.0504735
-0.62618107,-2.907463,-0.33485055,6.4067874,0.43885073,-0.6545877,2.341614,-2.1147091
-0.89361423,-2.9083893,-0.16772409,6.545092,-0.034209598,-0.7882048,2.2278767,-2.2229846
-0.7382272,-3.0142558,-0.3009317,6.4363995,0.23475894,-0.78429115,1.9503553,-2.2315946
-1.1194937,-2.7299721,-0.4896574,6.2218013,0.51384693,-0.8277195,2.1860788,-2.138018
-0.9681826,-2.748072,-0.55246764,6.752754,0.050446976,-0.7050977,2.2561717,-2.2029402
-0.7576833,-2.773417,-0.51655746,6.5484943,0.34338474,-0.6148581,2.2219195,-2.038915
-0.7634235,-2.942069,-0.3037216,6.427446,0.21955036,-0.67169243,2.0041244,-2.2832568
-0.9908368,-2.874243,0.14529328,6.128859,-0.0110786455,-0.8630777,2.406161,-2.084378
-0.6014693,-2.9862118,0.05194102,6.000772,0.47148168,-0.5558103,2.007268,-2.1841068
-0.67584836,-2.973132,-0.16114375,5.9156556,0.57422704,-0.64682543,2.3510396,-2.0636384
-0.606504,-2.8725984,0.19952515,5.535489,0.7349585,-0.59369355,2.126542,-2.0163429
-0.76959604,-2.9411998,0.30210233,6.0228972,-0.053210583,-0.75089353,2.1687596,-2.0995414
-0.61363006,-2.9617527,0.68122965,5.6317124,0.2648517,-0.63622695,2.1708717,-2.058391
-0.9353334,-2.8106368,0.5353547,5.459956,0.30223507,-0.65028083,2.0570488,-2.2913353
-0.776535,-2.9875906,0.4559809,5.420551,0.50788134,-0.76157725,2.040315,-2.2912366
-0.9762459,-2.9004083,0.14504619,5.8104434,0.24786317,-0.96225786,1.9542772,-2.1676114
-0.8844688,-2.7676668,0.08216592,6.0212026,0.2739641,-0.6396614,1.9469684,-2.037695
-0.7271593,-2.875177,-0.097938545,6.35728,0.32284755,-0.60615546,2.0868702,-2.0823357
-0.70809454,-2.934279,-0.22800216,6.5681334,0.1682842,-0.6656536,2.148706,-2.2516105
-0.5511423,-2.9347172,-0.053053755,6.3121066,0.32795995,-0.6726411,2.0389225,-2.1050005
-0.5893427,-2.9543102,-0.29083353,6.5176516,0.26951215,-0.67190266,2.0174885,-2.24481
-0.6202727,-2.846209,-0.4987682,6.6461434,0.34469482,-0.69050103,2.0436556,-2.0283825
-0.6683639,-2.8415868,0.014327946,5.939031,0.5890283,-0.6331453,2.0737467,-2.041992
-0.50309986,-3.0547237,0.019962018,6.0281944,0.5021429,-0.63166296,2.1035318,-2.133198
-0.7792019,-2.78425,0.28915173,5.9756236,0.065267846,-0.7166154,2.0634446,-2.1999948
-0.66022617,-2.9924462,0.36408895,6.090725,0.020294515,-0.6388846,2.0122554,-2.2379131
-0.5662518,-3.0126688,0.18052481,6.029858,0.35316893,-0.6570316,2.0219607,-2.0911078
-0.8696164,-2.8923695,0.008830739,6.132274,0.13739426,-0.7634019,2.120522,-2.1734195
-0.9407563,-2.8007498,0.14873363,5.947129,0.23538974,-0.8066054,2.0551713,-2.1867502
-0.89863056,-2.8312554,0.25094497,5.694625,0.39496773,-0.8327562,2.0267742,-2.014859
-0.97500795,-2.940856,0.2289041,5.9643517,0.019963384,-0.7820107,2.1158936,-2.3621671
-1.031277,-2.7848682,0.26743588,6.2549105,-0.25415337,-0.6929718,1.9530896,-2.1213608
-0.944796,-2.8820102,0.18635981,6.25032,-0.15180328,-0.8381829,2.2217207,-2.2204509
-0.79404616,-2.937302,0.2642444,6.0166273,0.20234951,-0.7173468,1.9517994,-2.1138897
-1.0132354,-2.876348,0.20143077,5.951314,0.01211187,-0.7510025,1.9941045,-2.155023
-0.8807728,-2.8470426,0.52949834,6.4511137,-0.58078367,-0.68154126,1.7929963,-2.0531976
-0.75863945,-2.908625,0.39629638,6.409489,-0.46204373,-0.793688,2.1608067,-2.0118675
-0.7486084,-2.8354418,0.26980847,6.334821,-0.22823088,-0.68107903,1.9793406,-2.2593687
-0.80139405,-2.9971077,0.15623035,6.2646217,-0.023591949,-0.8093117,1.9414047,-2.2461796
-0.7419734,-2.9775443,0.31636414,5.9269137,0.15214473,-0.6901852,2.274533,-2.1947844
-1.1075718,-2.762271,0.017668748,5.9942546,0.3087559,-0.73268265,2.043824,-2.1914854
-0.98203844,-2.868856,0.041206703,6.149367,0.120423146,-0.6874943,2.0797524,-2.1385744
-0.86282307,-2.8429203,-0.032212816,6.1329365,0.2466382,-0.77732295,2.195807,-2.1129763
-0.710147,-2.897121,0.17032218,5.8068275,0.5098408,-0.64780825,1.830705,-2.0410898
-1.1013862,-2.7428327,-0.30834344,5.6037216,1.081334,-0.757709,1.9974405,-2.1471384
-0.9017952,-2.929265,-0.53223866,5.4908705,1.379819,-0.7392313,2.0020988,-2.3175952
-0.69195455,-2.8607647,-0.9982062,5.7815223,1.6879703,-0.6460463,2.369254,-2.2327192
-1.084996,-2.7063026,-1.0290601,5.591411,1.7498028,-0.74008214,1.8706177,-2.2474666
-0.9210092,-2.9322677,-0.65167665,5.3758364,1.4372731,-0.8344511,1.9369928,-2.2404587
-0.8609742,-2.9111676,-1.0742207,5.3530116,1.9988732,-0.72723633,2.0028574,-2.2144747
-0.67674565,-3.0820065,-1.1500492,5.5511117,2.0502346,-0.7470912,2.1583796,-2.240207
-0.7628665,-2.7789469,-0.95859814,5.9269853,1.5837508,-0.57353634,2.0285082,-2.291562
-0.70101523,-3.045053,-0.4988742,5.519868,1.60631,-0.6454809,2.0880675,-2.1934764
-0.622949,-3.0144088,-0.81166714,5.721054,1.6515924,-0.6623309,1.9398179,-2.051007
-0.7809515,-2.9417534,-0.79604,5.7267175,1.3931892,-0.7281922,2.0586355,-2.196708
-0.64646584,-2.8746004,-0.74991333,5.9612594,1.2665392,-0.6623758,2.102219,-2.062762
-1.0433805,-2.8068473,-0.942162,5.973563,1.1477176,-0.7898124,2.1179943,-2.0493815
-0.90812755,-2.8714025,-0.8030944,6.3182964,0.9199053,-0.75669914,2.0284176,-2.1343472
-0.75944054,-2.893219,-0.17458102,5.284133,1.3168195,-0.65156835,2.0460982,-2.0437963
-0.96673816,-2.8816032,0.124806955,4.659921,1.5620697,-0.7797582,2.1568415,-1.865285
-1.1299696,-2.9104218,0.22140977,4.3873024,1.681703,-0.69738466,1.9189411,-2.096742
-0.6751767,-2.9232955,0.48944378,4.7441745,1.2014297,-0.66064507,2.2532852,-2.0998814
-0.78987294,-2.9561002,0.49997464,5.030422,0.83742654,-0.6786277,2.161486,-2.075169
-0.60371906,-2.9080148,0.4381597,5.14423,1.0476112,-0.65358686,1.9939708,-1.9117864
-0.6358801,-2.976405,0.021181822,5.171772,1.2575108,-0.65606624,2.053925,-2.2427516
-0.8239867,-2.8742552,-0.011601508,5.0711355,1.3667612,-0.6360774,2.291619,-2.1557198
-0.819281,-2.7746992,-0.21716982,5.3512864,1.3138655,-0.7009712,2.0430503,-2.2659938
-0.958492,-2.8404446,-0.13439767,5.17397,1.292836,-0.7528011,2.0073748,-2.126653
-0.67648745,-2.8165746,-0.024734706,4.976802,1.5297405,-0.6430264,2.0037026,-2.1207483
-0.96508765,-2.8299906,-0.059758145,4.861849,1.4894972,-0.6935307,2.3419528,-2.3330836
-0.82493865,-2.9108777,0.10922306,4.955994,1.4622958,-0.67462987,2.0646303,-2.2465427
-0.5858462,-2.9179404,-0.12427841,5.4348116,1.2237056,-0.6117237,2.286439,-2.0992496
-0.9009056,-2.854183,-0.46415517,5.790822,1.0375699,-0.7697103,2.0165606,-2.0448134
-0.6459585,-2.822606,-0.85197103,6.2867937,1.1379296,-0.65273887,1.9692407,-2.1128182
-0.813842,-2.8680186,-1.0310827,6.2802677,0.9685187,-0.72598255,2.0251076,-1.933027
-0.98326087,-2.828612,-1.1302379,6.6264997,0.7734174,-0.9647937,2.0979993,-2.1404483
-0.8692111,-2.887357,-1.2407246,7.0546713,0.4728862,-0.90422153,1.9141777,-2.3140068
-0.8004659,-2.7983274,-0.72867864,6.792,0.5302142,-0.6865479,2.0260813,-2.0461295
-0.81549764,-2.8615701,-0.54469144,6.4002843,0.5075605,-0.7165882,2.135243,-2.3267212
-0.68307513,-2.9963393,-0.5162872,6.137878,0.91153586,-0.6475959,2.2773802,-2.220884
-0.6119703,-2.89459,-0.14673367,6.079169,0.6356357,-0.6077992,2.204663,-2.236718
-0.68233895,-2.887212,-0.14307712,6.0030575,0.62880754,-0.65638644,2.024504,-2.0875318
-0.47838244,-3.0826519,-0.041656863,6.0341682,0.5344166,-0.64488953,1.9967331,-2.0843523
-0.6437752,-2.8439794,-0.1254329,5.7606125,0.85490566,-0.5918578,1.9989974,-2.0299754
-0.7750128,-2.865122,0.017444467,5.9245534,0.30962908,-0.7043471,1.9853692,-1.9653183
-0.8312744,-2.9456813,0.059727035,5.597725,0.7151698,-0.70749956,2.0577984,-2.1969206
-1.109088,-2.7283475,-0.27622417,5.7421894,0.8759327,-0.7513485,2.0976205,-2.022424
-0.56670237,-2.904896,-0.03275366,5.5712247,0.9018025,-0.7767276,2.033902,-2.1049242
-0.7624141,-2.9694004,0.17934798,5.657166,0.6253997,-0.63411385,2.2561214,-1.9593949
-0.7592743,-2.9152758,0.40108535,5.7520614,0.2742783,-0.58444077,2.0139704,-2.1841009
-0.6487675,-3.0225337,0.50130653,5.694839,0.21753073,-0.6844945,2.2380846,-2.12953
-0.917323,-2.8503673,0.8065581,5.635972,-0.0718444,-0.6809673,1.7496945,-2.0981789
-0.71540934,-2.871082,0.6772768,5.4815006,0.33832607,-0.710027,1.8962066,-2.307655
-0.65836525,-2.8305714,0.2608509,5.8421702,0.35769778,-0.61742526,2.4002473,-2.0979514
-0.5097277,-3.1732433,0.16747116,5.9316792,0.44764856,-0.64973843,2.0550127,-2.106991
-1.0702556,-2.7292066,0.1361152,5.618264,0.6094457,-0.7795715,2.1298664,-2.0883648
-0.7320935,-3.0229414,0.095659174,5.2676673,1.0582691,-0.8058919,1.9014565,-2.0375218
-1.021968,-2.8257563,-0.067790836,5.4875536,0.7587763,-0.66226393,2.2495697,-2.0429323
-1.0570585,-2.8963351,-0.2551128,5.6160226,0.8613895,-0.65910864,1.9902266,-2.048415
-0.77367365,-2.8698797,-0.19032712,6.0455127,0.6659226,-0.7111417,2.2394197,-2.164511
-0.6682111,-2.9648845,-0.0740674,5.876575,0.6008,-0.64761347,2.1131933,-2.05653
-0.7372113,-2.9938035,0.115791276,5.910516,0.5052732,-0.6248178,2.1478631,-2.2871745
-0.81733507,-2.9516368,0.1305951,5.6623755,0.5598155,-0.63148147,2.0744088,-2.1389036
-0.9482754,-2.8951204,0.5297049,5.2956357,0.5055967,-0.68542546,2.126098,-2.1695125
-1.111741,-2.7858536,0.4020327,5.0027556,0.6345754,-0.8970427,2.5243807,-1.8879266
-1.0202819,-2.7972982,0.5065092,4.8755813,0.90935045,-0.8188535,1.9717051,-2.1530714
-0.88627607,-3.0041766,0.5182474,5.112675,0.6451238,-0.8475016,2.4109216,-2.1592484
-0.7643278,-2.8840375,0.44985953,5.2302465,0.68056405,-0.6819734,2.1994505,-2.1594965
-0.8492422,-2.8562732,0.28094214,5.411136,0.5585654,-0.6462622,2.1681423,-2.13397
-0.8631622,-2.8627698,0.2157735,5.344825,0.794069,-0.85692126,2.289188,-2.0283842
-0.65559936,-3.0304847,-0.19996764,5.5260997,1.0461972,-0.6425602,2.0555212,-2.1746273
-0.7360146,-2.916324,-0.2833625,5.988904,0.6025108,-0.85343176,2.0462606,-2.0707498
-0.7998775,-2.8998907,0.0008670327,6.0858107,0.32090387,-0.64723915,2.094196,-2.079069
-0.7043382,-2.9295425,-0.040844474,6.1767583,0.39254415,-0.67372763,2.0800743,-2.2390804
-0.7895603,-2.913645,-0.17962939,6.1617985,0.39115983,-0.6969907,2.1831293,-1.9750978
-0.70730776,-2.9561198,-0.341196,6.495858,0.26511985,-0.72597724,1.9095573,-2.1382241
-0.83539164,-2.920891,-0.66109085,6.9190545,0.073728,-0.6408384,2.1071746,-2.0827472
-0.7537998,-2.936033,-0.99533737,6.709077,0.7376104,-0.7734206,2.2629547,-2.2741914
-0.75702125,-2.8493233,-0.9667311,6.5078597,0.9705216,-0.6923523,2.0448864,-2.073943
-0.7667289,-2.8919063,-0.8352843,6.5492725,0.6672301,-0.6811196,1.9692945,-2.1905928
-0.9260168,-2.998648,-0.6199702,6.5229945,0.37685615,-0.79451895,1.9737,-2.0841162
-0.54324996,-3.0762696,-0.91282797,6.861591,0.5315707,-0.6761688,1.9502828,-2.2125463
-0.64870983,-2.881246,-0.8408993,6.7896385,0.63894415,-0.6242156,2.0958602,-1.9908283
-0.9655158,-2.8989842,-0.8643534,6.4370837,0.7386696,-0.82466596,2.046127,-2.3327732
-0.6839729,-2.793989,-1.0796821,6.774439,0.8013351,-0.8382594,2.0720277,-2.1791046
-0.77642286,-2.9752994,-1.349484,6.504341,1.2312834,-0.69519705,2.1076882,-2.1207902
-0.7630081,-2.8845463,-1.314702,6.480041,1.3095969,-0.74870306,2.2110136,-2.0497687
-0.97477496,-2.8025815,-1.3658574,6.8842406,0.74263716,-0.6666302,2.0481162,-2.2428954
-0.757123,-2.882019,-1.1196765,6.936393,0.5796439,-0.7972913,1.9617239,-2.193084
-0.67182344,-2.8909185,-1.2621554,7.363104,0.44991705,-0.74341077,2.2346618,-1.9066495
-0.82117313,-2.8766203,-1.0134536,6.750701,0.6535763,-0.839755,2.1242936,-2.0818062
-0.88370776,-2.839855,-0.8331434,6.827991,0.3351327,-0.6921803,2.2884235,-1.9214295
-0.8071951,-2.907024,-0.5630324,6.5104213,0.5142099,-0.630974,2.0444942,-2.150867
-0.96969515,-2.726565,-0.6612594,6.340123,0.56500524,-0.6718557,2.1146924,-2.2207818
-0.9436874,-2.942339,-0.82750076,6.731921,0.353053,-0.65306,2.2436059,-2.0663545
-0.96085554,-2.8535082,-0.64580375,6.9369054,-0.0068004625,-0.79089564,2.1198895,-2.070508
-0.53157705,-2.969333,-0.45814255,6.895854,0.07257369,-0.6378505,2.2393553,-2.1478963
-0.76411265,-2.867817,-0.4127966,6.988172,-0.1720893,-0.55364156,1.8515667,-2.1364114
-0.9426397,-2.8856492,-0.3015516,6.751112,-0.22646199,-0.72523236,2.024116,-2.0616536
-0.8169772,-2.8700547,-0.20904352,6.2273173,0.33524725,-0.66295004,2.0601854,-2.221624
-1.0547261,-2.6945167,0.085799076,5.8518453,0.3056478,-0.82261527,1.9103453,-2.0312552
-0.889535,-2.7344005,-0.06141202,6.311973,0.0836596,-0.6913456,2.1338053,-2.0320637
-0.6627721,-2.8003118,0.34184992,6.265051,-0.14908892,-0.6788518,1.9212683,-1.9644883
-0.58004004,-2.9053648,0.50675344,6.1021576,-0.12080704,-0.53306305,2.2966962,-2.1670835
-0.6753412,-3.1143851,0.122079045,6.502429,-0.1698344,-0.625039,2.133531,-2.1368544
-0.99107563,-2.7961063,-0.1535408,6.6345916,-0.13497671,-0.634811,2.162123,-2.121904
-0.88553745,-2.907328,0.025170255,6.5537014,-0.3296032,-0.7829463,2.179908,-2.0651956
-1.033278,-2.788642,-0.09684376,6.597455,-0.23594142,-0.7623333,1.9540099,-2.262738
-0.8399818,-2.9413188,0.415811,6.2814474,-0.35537463,-0.6061804,2.2537782,-2.1797352
-0.86016047,-2.8108757,0.09262226,6.7465835,-0.46189684,-0.69211066,2.005764,-2.1635654
-0.83418846,-2.8325086,0.078947425,6.638357,-0.38516694,-0.7012968,2.0334392,-2.154967
-0.98942417,-2.8444712,0.12956163,6.3980155,-0.108521424,-0.6413028,1.9381444,-1.9734166
-0.72390634,-3.0146399,0.4067488,6.2113466,-0.20697953,-0.8561123,2.0225458,-2.1988463
-0.9715564,-2.844504,0.051350992,6.3468494,-0.06544718,-0.7151055,2.1180255,-2.1280954
-0.45933577,-3.0745509,0.34857374,5.935392,0.24242108,-0.6043164,2.0857012,-2.0152621
-0.4784939,-2.9590738,0.17665803,6.294326,0.19422477,-0.63312334,2.1687064,-1.9996662
-0.78553885,-2.961904,0.1360114,6.139417,0.1559592,-0.60186595,2.0963795,-2.1696007
-0.687434,-2.9494588,-0.0255238,6.4267783,0.13387765,-0.6016648,1.9489862,-2.3206427
-0.9212438,-2.891387,-0.7053893,6.5534387,0.588089,-0.7061315,2.1295328,-2.0997314
-0.97896934,-2.743421,-0.97748697,6.446641,0.8731861,-0.74060935,1.8886335,-2.0034099
-0.7435528,-2.8951614,-0.94178057,6.5307455,0.8693532,-0.87157625,2.0809684,-2.1657896
-0.66202235,-3.0307674,-0.9579757,6.805459,0.6489008,-0.76127666,1.9816715,-2.1281455
-0.39773193,-2.9712653,-0.497349,6.602198,0.5927369,-0.63564247,2.108125,-1.9925067
-0.6307546,-2.9263783,-0.63019514,6.434094,0.75608915,-0.6169041,2.1107552,-2.1707637
-0.8536299,-2.994421,-0.3476626,5.6574063,0.9575558,-0.72498727,2.2101898,-2.1676328
-0.68061244,-2.947795,-0.15674254,5.49916,1.0675219,-0.69810456,2.0688088,-2.136872
-0.5697972,-2.8970852,-0.122867614,5.3620644,1.2977623,-0.55021995,2.195886,-2.0652966
-0.9312489,-2.7697053,-0.5481661,5.781994,1.1431657,-0.6594017,1.9949112,-2.062042
-0.66367936,-2.9374888,-0.46978092,5.9910655,1.0417585,-0.5605761,2.0851521,-2.053759
-0.79030734,-2.9181635,-0.20632076,6.2631335,0.27902484,-0.7700338,2.3717797,-2.244648
-0.7370641,-2.8472729,0.0007109579,5.9702687,0.33538464,-0.79594564,2.213221,-1.9102081
-0.7955711,-2.854028,-0.49523884,5.898321,1.0136361,-0.6716379,2.0801325,-2.1563435
-1.0997796,-2.9578805,-0.5790428,5.558487,1.1082305,-1.0685047,2.023296,-2.2145264
-0.7509234,-2.9039094,-0.29467654,5.8402786,0.8989945,-0.70908624,2.1860623,-2.1931517
-0.7105765,-3.0110624,-0.09879109,5.6647406,0.8019381,-0.66508096,2.3252556,-2.1847262
-1.0746553,-2.77251,0.08538817,5.550258,0.49637297,-0.92694694,2.1078668,-2.1295187
-0.70080584,-3.0019114,0.19418383,5.976714,0.31541115,-0.66941226,2.1193032,-1.9750926
-0.80447215,-2.8595586,0.47360283,5.7302804,0.23940249,-0.6216493,2.3938146,-2.0691743
-0.76780444,-2.9816177,0.60656136,5.380854,0.33156675,-0.75068164,1.7825646,-2.0351846
-0.80520624,-2.916516,0.3924886,5.7956324,0.17727943,-0.7461497,2.2374818,-1.9945031
-0.4211792,-3.100106,0.36299288,6.1164975,0.06675707,-0.6168961,1.9735229,-2.138286
-0.7709209,-2.8358579,0.33670902,6.1650176,-0.009642534,-0.6027736,2.291939,-2.0564091
-0.7032128,-2.8760881,0.2895801,6.0353127,0.16559632,-0.7947616,2.046926,-2.0179915
-0.7660863,-2.8485827,0.35217795,5.791242,0.28868404,-0.8586871,2.1010313,-1.9532216
-0.71026415,-2.9528203,0.39531752,5.7301636,0.31519365,-0.7397981,2.1840763,-2.2583232
-0.94549465,-2.8692245,0.558004,5.3892155,0.4927514,-0.6977648,2.064335,-2.190233
-0.89107966,-2.878898,0.42413732,5.3748584,0.4855778,-0.63440526,2.1718833,-2.2827756
-0.91332895,-2.7626224,0.53236604,5.571917,0.25627792,-0.78258955,2.088895,-2.1087718
-0.7651516,-2.891516,0.61775714,4.8579803,0.8660179,-0.7736287,1.9900111,-2.0366697
-0.7794152,-3.0246234,0.69509125,4.648404,1.1493616,-0.64633065,2.0909567,-2.2111576
-0.8305316,-2.8964572,0.67739487,4.5021086,1.241967,-0.6665761,1.8699505,-2.12407
-0.6658713,-3.0153308,0.7320353,4.383846,1.4671209,-0.68180823,2.3543446,-2.2685506
-0.82059985,-3.0673847,0.8514235,4.052691,1.3103904,-0.8254645,2.135919,-2.212271
-0.66394323,-2.9840922,1.7786082,4.0013533,0.75355697,-0.6745482,2.0839913,-2.0268345
-0.7681459,-2.844782,1.2100048,4.173479,0.9502927,-0.70555824,1.9488125,-2.1793184
-0.7272495,-3.0130794,1.2682937,4.2111,0.92980194,-0.6238938,2.141578,-2.0843263
-0.71407396,-2.7879853,1.5276821,4.3100405,0.6132183,-0.73566,2.1017194,-2.2251801
-0.8939175,-2.8828595,1.5938956,4.5814137,0.08310393,-0.7645942,2.248875,-2.1858706
-0.9934834,-2.7739153,1.7443886,4.5699506,0.056461945,-0.77114326,2.167134,-2.0456183
-0.9003761,-2.7724018,1.525066,4.6305285,0.22734748,-0.7119055,2.2646582,-2.0839632
-0.76777714,-3.0318918,1.2001303,4.8767653,0.4075746,-0.6816415,2.1271124,-2.256944
-0.5170637,-2.8880458,1.0274351,4.718605,0.82118046,-0.69622356,2.0409484,-2.0565972
-1.0803324,-2.7272272,0.8935634,4.817595,0.4867216,-0.7826026,1.8323581,-2.146051
-0.96504104,-2.7134979,1.0066198,5.033832,0.4026114,-0.6929743,2.1794121,-2.2716541
-0.84552103,-2.8694022,1.0627321,4.911227,0.452511,-0.7234663,2.1004283,-2.1609406
-0.7955062,-2.8494093,0.73408955,4.565581,0.9656098,-0.6387218,2.093221,-2.3179264
-0.76217866,-3.0063016,0.5773453,4.967912,0.79480034,-0.69946766,1.9786683,-1.9809726
-0.92341816,-2.8720443,-0.053622715,5.343275,0.92895156,-0.7859316,2.4179633,-2.0391984
-0.6755813,-2.9949603,-0.24299636,5.2162986,1.4611808,-0.67620087,1.9277751,-2.1426492
-0.9878318,-2.8819528,0.21161695,4.8721027,1.3362801,-0.7430541,2.1052008,-2.3643572
-0.55186075,-2.8728921,0.04922783,5.2594438,1.3085998,-0.6276888,2.0393574,-2.2389395
-0.738458,-2.854744,-0.13900529,5.548027,1.0726529,-0.7175505,2.1184726,-2.2487338
-0.75930536,-3.0410342,-0.29318908,5.4211216,1.1906536,-0.6660334,2.1824987,-2.070184
-0.7192279,-2.936853,-0.80944824,5.5779552,1.6146845,-0.8395043,2.13899,-2.135059
-0.7608007,-3.0312085,-0.600373,5.7704983,1.2555939,-0.5636236,1.9141589,-2.1972055
-0.62482226,-3.0380208,-0.44482678,5.9518957,0.9563854,-0.65752697,2.1311872,-2.2270558
-0.8552586,-3.0093417,-0.667289,5.691146,1.2672297,-0.960585,2.3178866,-1.9797019
-0.8027571,-2.9100573,-0.76800364,5.554939,1.6044333,-0.74361235,2.0479534,-2.162691
-0.91656077,-2.8856418,-0.81098175,5.9873176,1.1371869,-0.7734458,2.095417,-2.0546837
-0.72610146,-2.8337078,-0.84112334,5.958781,1.4390081,-0.71779263,2.2945206,-2.1910462
-0.84108704,-2.9248288,-0.85719866,6.140294,1.0888304,-0.6717614,2.2086785,-2.1716926
-0.757458,-2.912107,-0.85631156,6.4285145,0.8767266,-0.77928805,2.0356395,-2.3096032
-0.943895,-2.9090204,-0.85943794,6.4125314,0.7631492,-0.8302353,2.0136573,-2.1835458
-0.8132631,-2.8469613,-0.8352459,6.1786466,0.99741405,-0.6614904,2.1216388,-2.1039197
-0.73427683,-2.8597977,-1.1202648,5.8939133,1.6329795,-0.61071646,2.0564437,-2.1237884
-0.9988477,-2.9209075,-0.90964866,5.6527023,1.5351422,-0.7266656,2.0559618,-2.2018592
-0.88570154,-2.9748943,-1.3715472,6.103404,1.6573595,-0.63939553,2.1805706,-2.3689275
-0.7481581,-2.8645132,-1.3796917,6.687708,1.1432788,-0.6416087,1.9805167,-2.1593068
-0.77259445,-2.976198,-1.2196215,6.5096717,1.1378293,-0.8475147,2.0601861,-2.2663624
-0.51342183,-2.9517012,-1.0172923,6.13269,1.4255573,-0.6292714,1.9327528,-2.082244
-1.065527,-2.8138962,-1.138673,5.6054296,1.7709394,-0.7680203,2.0940259,-2.0633788
-0.7721716,-2.7993026,-0.67130643,5.716034,1.4959391,-0.6909087,1.9734927,-2.2218745
-0.743383,-2.9047713,-0.8698336,5.7540545,1.4569297,-0.78432953,2.0391061,-2.1168387
-0.7788541,-2.90446,-0.31148025,5.4700503,1.1600274,-0.7536282,2.1077065,-2.185186
-0.94914734,-2.8500297,-0.105007544,5.1746306,1.2730765,-0.7126905,2.0728304,-2.0447195
-0.7995672,-2.8353248,0.41902873,5.3116255,0.6522156,-0.7100184,2.0134823,-2.0362859
-1.0954709,-2.7758188,0.4118459,5.482621,0.3021526,-0.8073054,2.1805587,-2.016055
-0.86695755,-2.926259,0.22085091,5.6872873,0.40391296,-0.73519456,2.1922615,-2.0752993
-0.577061,-3.0271194,0.115071334,5.6678324,0.91382635,-0.6575146,2.0472968,-2.1206386
-0.6950977,-2.8633752,-0.24056874,5.402987,1.3092197,-0.7361035,2.0838506,-2.1372101
-0.82573104,-2.9308796,-0.19264273,5.43834,1.157611,-0.68661577,2.1012175,-2.1962805
-0.9060171,-2.9489863,0.09855992,5.464742,0.78603584,-0.78025705,2.0062523,-2.248605
-0.71439767,-2.8772187,0.013458658,5.218295,1.1673776,-0.6697713,2.180935,-2.1270452
-0.90223783,-2.9680285,0.18549496,5.2159925,1.0012729,-0.6708313,2.278836,-2.2893202
-0.59978664,-3.0075414,0.741329,5.5918,0.20248921,-0.60362065,1.9817646,-2.1231663
-1.008629,-2.831642,0.6951373,5.054629,0.70298886,-0.69602966,2.077732,-2.1745436
-0.83269644,-2.9559953,0.3198867,5.094618,0.93487585,-0.75780356,2.257533,-2.3188453
-0.66471046,-2.9874027,-0.14902772,5.423658,1.2112576,-0.72990465,2.1333926,-2.1159294
-0.5974362,-2.874739,-0.05473877,5.8228683,0.78968513,-0.625334,2.0966086,-2.3534112
-0.6978632,-2.9796748,0.25310847,5.808854,0.47612637,-0.6688884,2.0002847,-2.1355696
-1.0711293,-2.7932973,0.40808925,5.6759257,0.055324655,-0.76781136,2.295613,-2.1128333
-0.77680415,-2.9786794,0.5445366,5.8459067,0.04786739,-0.942314,2.0760098,-2.0371716
-0.73040265,-2.9234886,0.3711861,6.331907,-0.2561834,-0.6360652,2.1409507,-2.1454794
-0.588809,-2.929164,0.2612278,6.4193683,-0.026685383,-0.8041311,2.1568048,-2.02421
-0.9246331,-2.9707117,-0.08330108,6.3033504,-0.026325248,-0.8249672,2.0840993,-2.320649
-0.9086495,-2.925051,0.10629497,6.355383,-0.14000583,-0.80610657,2.057443,-2.251774
-0.75048405,-2.8876748,-0.007946739,6.2469573,0.12458143,-0.75168234,2.0469959,-2.0872324
-0.62607795,-2.9146264,0.37451512,6.641219,-0.46574005,-0.6231043,2.0156255,-2.2256346
-0.8022693,-3.0115557,-0.36705095,5.7446685,1.0787228,-0.6422085,1.9665555,-2.070064
-0.7426585,-2.9207325,-0.29559743,5.654922,1.0794277,-0.64785796,2.0758772,-1.8804251
-0.9168443,-2.925341,-0.093711644,5.382761,1.0390167,-0.80085886,2.2051651,-2.275353
-0.91454023,-2.9642935,0.034731638,5.3553333,0.9593397,-0.7291817,2.16051,-2.2826798
-0.8719392,-2.8443143,-0.5256469,5.8382306,1.0416577,-0.7091164,2.1096509,-2.0618422
-0.96606404,-2.8795042,-0.48317677,5.641155,1.1248487,-0.7772601,2.0023508,-2.0988758
-0.5227014,-2.8838148,-0.24649635,5.9565606,0.9169296,-0.6375939,2.086204,-2.159824
-0.82982105,-2.8526733,-0.12323132,5.9457755,0.6241083,-0.630579,2.1451757,-2.164348
-0.7573978,-2.9079087,-0.21423109,5.9700313,0.7321113,-0.6210045,2.1903737,-2.1186311
-0.80599636,-2.957156,-0.3841219,5.761358,0.8682124,-0.81005245,1.9887538,-2.2528586
-0.6913541,-3.0090902,-0.14619282,5.767271,0.8083397,-0.71156186,2.031333,-2.0161412
-0.92331254,-2.9504573,-0.28876725,5.012085,1.5477079,-0.79466516,2.0577207,-2.1957858
-1.1705549,-2.700237,-0.42152852,5.1302876,1.6450157,-0.77356553,1.926708,-2.2070172
-0.88123727,-2.8507376,-0.30668235,5.317464,1.3754647,-0.61450213,1.9826367,-1.9805789
-1.0892344,-2.8241827,-0.90800124,5.8785987,1.3187464,-0.701958,2.273199,-2.077168
-1.0070292,-2.8630028,-0.64716303,5.7724824,0.987203,-0.8195373,2.094216,-2.2974384
-0.76165205,-2.9087806,-0.30455935,5.682943,1.0702896,-0.65670097,2.2554035,-2.0755947
-0.95702547,-2.9118829,0.22868443,5.714331,0.3102442,-0.77225965,2.1128678,-2.1251493
-0.6187611,-3.0671756,-0.007073177,5.826716,0.57556003,-0.76573414,1.9278412,-2.050202
-0.7882715,-2.9282074,-0.021034304,5.7782803,0.64544266,-0.6340753,2.0293498,-2.2752757
-1.0643579,-2.8113348,-0.48547274,6.0955305,0.5627406,-0.78165364,2.1714551,-2.2854455
-0.8668516,-2.8305857,-0.5424254,6.0870547,0.8207158,-0.63498896,1.9525458,-2.2427325
-0.7227211,-2.9277864,-0.21089037,6.1005063,0.57508916,-0.8774017,2.0675375,-2.2074847
-0.7865923,-2.911586,-0.019321825,6.031772,0.47805443,-0.6762333,2.0108466,-2.2933674
-0.8786231,-2.927788,-0.07482934,5.6099324,0.70109564,-0.7022914,2.221543,-1.8760674
-0.70666164,-2.9598465,-0.2654738,5.768641,0.9493193,-0.73951054,2.4397502,-1.9117279
-0.55052865,-2.9955816,0.4010971,5.464458,0.6265367,-0.5871907,1.7800046,-1.9886358
-1.0518162,-2.7673755,0.03876006,5.4599175,0.7437164,-0.80187726,2.0961518,-1.9184595
-0.6544749,-2.9806762,-0.0762017,5.8393474,0.6963957,-0.6813077,2.148493,-2.1756268
-0.6667674,-3.0515556,-0.31410393,5.952834,0.81135625,-0.7304665,2.129807,-2.1503446
-0.69196665,-2.940581,-0.5916276,6.1516395,0.8814151,-0.6938814,1.9058535,-2.0353765
-0.8786459,-2.9743066,-0.59568137,5.9089913,0.9963042,-0.7997675,2.0716243,-2.2342098
-0.95897335,-2.8503835,-0.6073907,5.8823113,1.1806266,-0.78853995,2.0417118,-2.2411005
-0.8002649,-2.9003694,-0.2703801,5.6772056,1.0043015,-0.6259851,2.026174,-2.0420282
-0.7158757,-2.877836,-0.5738668,5.975225,1.0362141,-0.64925003,2.0079257,-2.1114137
-0.603117,-2.9253895,-0.29431257,5.7713776,0.9814006,-0.75127226,2.1424422,-2.0382397
-1.0366124,-2.7950583,-0.37113905,5.756577,0.82549036,-0.75243664,2.243826,-2.2329051
-1.0952291,-2.7537189,-0.7254629,5.9469867,1.0338315,-1.1202936,2.095553,-2.1008463
-0.8078248,-2.975457,-1.0747167,6.3480535,1.0861303,-0.7238709,2.0074723,-2.1076655
-0.78102183,-3.0121167,-1.1137636,6.3290534,1.1606615,-0.78770185,2.023698,-2.1604815
-0.9104318,-2.7905154,-0.9630228,6.380524,0.89904696,-0.69955885,2.2037437,-2.1607933
-0.6831813,-2.8263166,-0.7065294,6.300405,0.9033151,-0.6809295,2.1724799,-2.0278244
-1.0940773,-2.7740593,-0.5796788,6.118847,0.67254883,-0.96860707,2.2728634,-2.0193791
-0.7782028,-2.9122148,-0.43632498,6.217796,0.5185991,-0.6756576,1.9189333,-2.2788622
-0.8851542,-2.9236784,-0.80703527,6.4485893,0.6267175,-0.7983889,2.0560682,-1.9398477
-0.90509826,-2.725804,-0.6655246,6.0691013,0.913534,-0.7681117,1.9309882,-1.9298832
-0.93628126,-2.7452025,-0.39744094,6.39703,0.31089523,-0.6206834,2.226067,-2.0913734
-0.96040606,-2.8325849,-0.15942156,6.555141,-0.11812001,-0.73715454,2.188182,-2.1312034
-1.040721,-2.8922124,-0.08096164,6.268452,0.004929022,-0.67803687,2.2162595,-2.3636768
-0.8030359,-2.8872707,-0.19616263,6.5325727,0.15114704,-0.7418351,1.9329588,-2.171487
-0.8090404,-2.8981433,0.07761952,6.3139544,-0.08065985,-0.8050764,2.2789547,-2.058028
-0.9311248,-2.9181218,0.08915522,6.127165,-0.010963837,-0.73766804,1.7429929,-2.106017
-1.0353252,-2.8467379,0.21916373,6.3549356,-0.35019413,-1.0119959,2.009231,-2.1127052
-0.7190408,-2.847737,0.027756408,6.4806867,-0.11377951,-0.6738584,2.0910823,-1.9718907
-0.8757227,-2.9153562,0.388195,6.0914803,-0.12935095,-0.7184856,2.0409405,-2.1229
-0.71315795,-2.9799256,0.21447526,6.06813,0.106245756,-0.6682676,2.015604,-2.0734978
-0.817442,-2.8398519,0.15259755,6.16965,0.1633785,-0.6152775,1.9712096,-2.207476
-0.6754395,-2.9892662,0.29668435,6.1686473,0.04607926,-0.71603996,1.8689988,-2.1273794
-0.60074866,-2.9063973,0.19939105,6.207392,0.17235939,-0.54521006,2.1399815,-2.1453655
-0.7163245,-2.9282916,0.24697578,5.984505,0.19414188,-0.72399646,2.236598,-1.9319421
-0.9037993,-2.8406296,0.49997282,5.4487348,0.32827052,-0.7391417,1.9004989,-1.9356023
-0.93138987,-2.823204,0.66463894,5.4187922,0.19493438,-0.73763734,2.1393857,-2.1802075
-0.83168936,-2.8129563,0.5973607,5.197379,0.48647347,-0.65170807,2.2783875,-2.0932264
-0.9842865,-2.9072738,0.74538016,5.07061,0.3933659,-0.7749043,1.943407,-2.0964177
-0.869258,-2.805328,0.46148947,5.1485386,0.8108316,-0.69447553,2.02467,-2.201715
-0.8308447,-2.9658809,0.4484062,5.449704,0.51307565,-0.7513687,1.9261113,-2.0245163
-0.8885067,-2.8754108,0.43485883,5.4701176,0.43047532,-0.74852294,2.1175194,-2.1170132
-0.80434453,-2.9165702,0.29324657,5.3158407,0.71234953,-0.718985,2.0935283,-2.194603
-0.7794275,-2.8561177,0.47437537,5.4226274,0.501811,-0.7010246,2.0961199,-2.1515603
-0.829655,-2.9120853,0.32576445,5.631537,0.36498192,-0.6911575,2.016451,-2.1822267
-1.0548713,-2.7939703,0.34564218,5.7116036,0.0801834,-0.8136693,2.221587,-2.1147838
-1.1190445,-2.814662,0.18287316,5.355483,0.6813928,-1.0316154,2.3392231,-2.176268
-0.7134519,-2.975203,0.7333203,5.3895354,0.30326685,-0.5562496,2.191307,-1.9474818
-0.74929273,-2.8094869,1.1420255,5.1789985,0.05177731,-0.6937841,2.1534352,-2.142408
-0.77205545,-2.89563,0.9081562,5.4084764,0.07789905,-0.68925184,2.2782552,-2.1319067
-0.93848735,-2.9022584,0.7098906,5.1334853,0.3388295,-0.8793324,2.1694052,-2.2686121
-0.95567465,-2.907819,0.60824275,5.228062,0.380334,-0.7501828,1.863416,-2.2433264
-0.607765,-3.0448177,0.79822916,5.2583776,0.3972579,-0.7996454,1.8556647,-2.054119
-0.72709364,-2.9079852,0.656131,5.395488,0.25529087,-0.83260477,1.9712112,-2.062583
-0.77810675,-2.9529133,0.16988882,5.848771,0.37810248,-0.65714216,2.0004869,-2.3493352
-0.6736632,-2.9448502,0.21757792,6.075743,0.15404291,-0.703353,1.9754676,-2.0710866
-0.96621096,-2.7899165,0.53136057,5.8184032,-0.09780652,-0.6209757,2.2709713,-2.1162949
-1.0380099,-2.8191776,0.38664186,6.0097466,-0.2362995,-0.75813675,2.1153524,-2.1446083
-0.87387455,-2.845567,0.40005544,6.1913133,-0.24779697,-0.70835257,2.306031,-2.1836262
-0.61677724,-2.90476,0.63293797,6.546168,-0.60898906,-0.8092781,2.1314569,-2.117438
-0.55397815,-3.0062718,0.94046855,6.3124213,-0.7024622,-0.62763333,1.8362545,-1.7829335
-1.0302068,-2.8038843,0.75008726,6.2986875,-0.84107625,-0.81673425,2.1981392,-2.092591
-0.886005,-2.7837787,0.7703318,6.3579226,-0.81302476,-0.62113655,2.0212555,-2.0420134
-0.7872998,-2.8300097,0.96800554,6.0123925,-0.5381461,-0.5725423,2.138137,-1.9055761
-0.7596749,-2.8357985,1.0368115,6.1051607,-0.5599322,-0.675119,1.9985454,-1.9489744
-0.9268826,-2.9300368,1.0110297,5.9957285,-0.77325183,-0.7863833,2.2075894,-2.13804
-0.8594335,-2.9632313,1.1450378,5.805129,-0.6331465,-0.7457891,2.173019,-2.0050206
-0.9788714,-2.8188076,0.6418474,6.023272,-0.43118936,-0.677369,2.0781622,-2.2849154
-0.97437847,-2.8368905,0.8513879,5.8287196,-0.48138526,-0.79273766,2.0802507,-2.1837432
-0.599508,-2.999348,1.2092227,6.0725527,-0.7123447,-0.563569,1.9107922,-2.2280931
-0.6345246,-2.924044,0.7977987,6.0424914,-0.4006713,-0.6175397,2.096052,-2.1802728
-0.5696883,-3.0561237,0.82252645,6.4494743,-0.73287696,-0.68039674,2.0383396,-2.1428545
-0.86602527,-2.862836,0.8055269,6.248915,-0.8282803,-0.67833406,2.4593604,-2.0380244
-0.7548294,-2.906695,0.9699501,6.5074654,-1.0746781,-0.7362191,2.0034525,-1.9931053
-0.74923265,-2.9037724,0.5523413,6.490896,-0.6239143,-0.6210335,1.9863124,-2.1492724
-0.83481413,-2.830432,-0.17676511,6.472769,0.14091384,-0.5736818,2.0073235,-2.1718009
-0.889001,-2.876529,0.078948215,6.136087,0.10844067,-0.79468024,2.371793,-1.9321816
-0.9361056,-2.940709,-0.07846757,6.1179624,0.2791616,-0.7026578,2.2889032,-2.0786214
-0.7548517,-2.9650474,-0.074862465,6.130531,0.35916892,-0.63878304,2.15522,-2.322909
-1.0252718,-2.8186264,-0.06107,6.000556,0.2451561,-0.8012435,2.0214164,-1.8419281
-0.90331674,-2.791467,-0.23534307,6.0581923,0.41564232,-0.80184317,2.0764575,-2.2783442
-0.56459856,-2.9269373,0.06157112,5.912482,0.5633105,-0.54204726,2.0915136,-2.1725519
-1.1215816,-2.7581556,0.42988816,5.746038,0.10049661,-0.6784867,2.2528956,-2.0495265
-0.769659,-2.7799225,0.44499707,5.6957345,0.18917084,-0.7355858,2.0534618,-2.1608183
-0.35612786,-3.0123785,0.69819385,5.9701033,-0.024721054,-0.53729475,1.9076872,-1.9775512
-0.73164403,-2.939078,0.56342554,5.9788833,-0.077142164,-0.65514433,2.1704745,-1.957249
-1.0068415,-2.849569,0.4774001,5.7662477,-0.12233104,-0.8054368,2.2204106,-2.1921606
-0.69375014,-2.950363,0.56020194,6.1539545,-0.1801755,-0.60690385,2.017906,-2.2774334
-0.8352475,-2.898078,0.23332088,6.3772006,-0.26209667,-0.7521794,2.2058256,-2.1289952
-0.90802157,-2.7720366,-0.006829393,6.343818,0.067045934,-0.6327189,1.9660237,-2.0515988
-0.8410699,-2.8623993,0.091016,6.121052,0.23509514,-0.65225595,1.9576826,-2.038729
-0.96427387,-2.8724341,-0.20985168,6.415169,0.033858847,-0.94479084,1.9874264,-2.0044744
-0.99430376,-2.7792962,-0.31212753,6.4015603,0.2539895,-0.65500116,1.8952069,-2.0963748
-0.87375075,-2.8397639,-0.12866156,6.208752,0.3172378,-0.78834,2.0501947,-2.2289312
-0.6519102,-2.9620502,-0.13202813,6.3754516,0.31144357,-0.63221043,2.2302244,-2.064446
-0.74288976,-2.9756026,0.005574642,6.1595464,0.2117488,-0.8493006,2.1913922,-2.2179484
-0.48441038,-3.012843,-0.23137416,6.140876,0.69484246,-0.67643154,1.8426356,-2.154954
-0.6134011,-2.9876404,0.048601445,6.108435,0.23384053,-0.6740396,2.1880429,-2.1387455
-0.79959124,-2.713618,0.7138542,6.1390834,-0.3635189,-0.6650794,1.8705747,-1.9993889
-0.6457218,-2.9930372,1.0920889,5.6738267,-0.2766335,-0.64922816,2.092693,-2.2128475
-0.86807215,-2.802221,1.0099311,5.9516416,-0.54791176,-0.7137614,1.8934151,-1.99224
-0.7365357,-2.8024354,0.17781499,6.3813486,-0.14773886,-0.65911764,2.1091783,-2.1222723
-0.8478195,-2.900035,0.29479724,6.1769624,-0.18629266,-0.6917567,2.0820556,-2.1825757
-0.7657745,-2.9027843,0.14228678,6.397198,-0.16891469,-0.5652483,2.076692,-2.25999
-0.8522849,-2.7554486,0.3060413,6.3205357,-0.29535347,-0.712037,2.3719544,-2.0456347
-0.69810236,-2.9153318,0.2261665,6.5772862,-0.3245472,-0.63331014,2.039749,-2.1507676
-0.7870346,-2.8879576,0.26610288,6.3076224,-0.095993444,-0.67964274,2.2525373,-2.187121
-0.7709917,-2.8573692,0.5170222,6.135876,-0.10632404,-0.70550805,1.9493171,-2.3035579
-0.99945945,-2.8757935,0.60262907,6.2326856,-0.59863496,-0.7416841,2.1856866,-2.1980996
-0.6975652,-2.972876,0.6711272,6.081239,-0.42147487,-0.6846624,2.057454,-2.121988
-0.5327106,-2.9058123,0.56129235,6.641938,-0.55573416,-0.59073037,2.233825,-2.218041
-0.7402256,-3.0114362,-0.041881226,6.522217,-0.08456318,-0.5304268,2.178666,-2.1189032
-0.79881525,-2.923772,0.40582523,6.147147,-0.19866501,-0.7320364,2.0993373,-2.14338
-0.79640937,-2.9616182,0.5583294,5.903197,0.013490175,-0.63505656,2.0592742,-2.1094222
-0.8267117,-2.8241467,0.5206014,5.888592,0.10562417,-0.5781267,1.946498,-2.0880098
-1.0446264,-2.900861,0.4256473,5.917132,-0.16080113,-0.7730887,2.1425261,-2.034084
-1.0693232,-2.7612426,0.45359153,5.7121267,0.073521875,-0.81955785,2.2861204,-2.1504862
-0.7292624,-2.8819141,0.74709636,5.529551,0.17990187,-0.75634205,2.084568,-2.182195
-1.0394329,-2.7541084,-0.013760736,5.783115,0.43494296,-0.75365996,2.1606088,-2.0933397
-0.8540804,-2.8727646,-0.009923697,5.958495,0.48412877,-0.8914299,1.8817188,-2.0331693
-0.90045726,-2.9445183,-0.24981013,5.74012,0.8792639,-0.7926395,2.0498734,-2.0854552
-0.6700354,-2.8979697,0.15841925,5.66467,0.6548127,-0.68571186,2.0202265,-2.1804667
-0.91226107,-3.0023298,0.19998752,5.5998526,0.49865276,-0.7780605,2.1141548,-2.108639
-0.87919456,-2.8383977,0.16756481,5.8277655,0.35652614,-0.63434446,2.0687451,-2.063752
-0.8698111,-2.9651508,0.55772436,5.221048,0.4702854,-0.66144335,2.1250348,-2.0103376
-0.82068706,-2.8948357,0.46740735,5.783315,0.129823,-0.667773,2.0963182,-2.1960857
-0.8995916,-2.8675675,0.15042302,5.985045,0.12061575,-0.8188541,2.162465,-2.0608401
-0.8388305,-2.8259842,0.30668607,6.1346946,-0.023801235,-0.68913424,1.8682549,-2.2695086
-0.75811636,-2.9340491,0.70354855,5.5936837,0.050674308,-0.73076797,2.1795428,-2.24081
-0.8807562,-2.9497218,0.7297988,5.3780274,0.1863813,-0.76232475,2.1084735,-2.0941803
-0.77487284,-2.8950067,0.3755807,5.151895,0.9313629,-0.6937322,2.2617447,-2.2082653
-0.7889903,-2.8309753,0.5995048,5.010322,0.8699821,-0.6463068,1.9746008,-2.1373143
-0.9340334,-2.832472,0.40033576,5.2492514,0.68310225,-0.7087769,2.2155585,-2.0816846
-0.936109,-2.934635,0.16334154,5.261524,0.775118,-0.74184865,2.2757227,-2.1863787
-0.7390129,-2.8074875,0.15891744,5.6164,0.7845585,-0.639759,2.2498643,-2.108092
-0.6728757,-2.8471935,0.3169187,5.9956512,0.1479567,-0.6265059,1.9294783,-2.060351
-0.858883,-2.8913522,0.253222,5.686877,0.43202946,-0.7051129,2.1076732,-2.0380638
-0.6436724,-2.9537563,0.29632875,5.852991,0.2931086,-0.61727345,2.0319765,-2.2907052
-0.7132077,-2.8091493,0.6440132,5.4330235,0.5009971,-0.57575107,2.1159134,-2.240104
-0.9824971,-2.7545483,0.7904119,5.514919,-0.05332285,-0.7196948,2.0536914,-2.1110487
-0.62231565,-2.985218,0.4272526,5.8427978,0.17524756,-0.6936309,2.216291,-2.025782
-1.0426443,-2.8064287,0.23125206,5.6332045,0.324148,-0.8256698,2.0398118,-2.2505212
-0.9582778,-2.8706377,0.0026230973,5.442503,0.8430211,-0.7307308,2.0118287,-1.9685863
-1.172573,-2.734352,0.08606142,5.514612,0.590145,-0.87147546,1.9545647,-2.2754707
-0.88784504,-2.8046045,-0.1382539,5.5475707,1.0501685,-0.64313,1.8779489,-2.1881409
-0.8182348,-2.9917169,-0.20158334,5.4738336,1.117524,-0.7667486,1.9168698,-2.209115
-0.61597234,-2.9532952,-0.4431527,5.810882,1.1660712,-0.60514027,1.8831948,-2.0556624
-0.39363065,-3.0286782,0.01782813,5.3346524,1.2853225,-0.60956997,2.1521413,-1.9699088
-0.78986233,-2.9506938,0.44197848,4.590135,1.431662,-0.77523863,2.1714892,-2.1636279
-1.0355313,-2.8149846,0.58841234,4.3799686,1.359968,-0.73027533,2.1170473,-2.119474
-0.91892195,-2.9624233,0.37954178,4.7573004,1.1304324,-0.87535745,2.1998684,-2.203837
-0.8581018,-2.9511194,0.8192576,4.450347,1.2646819,-0.6662553,2.078549,-2.2885177
-0.67352057,-2.8461707,0.52005756,5.031286,0.8365863,-0.6514493,2.1039402,-1.9956154
-0.8084272,-2.8275785,0.8745527,4.757851,0.78009343,-0.5585307,2.1330802,-2.2095475
-1.0482793,-2.8350127,0.5841756,4.715138,0.8578006,-0.91070205,2.0200806,-2.0954008
-0.9771323,-2.8267138,0.460705,4.99524,0.9531252,-0.7431042,2.1816347,-2.1298037
-0.74135935,-2.9285834,0.5938683,4.940027,0.9657462,-0.7373087,1.9748178,-2.1934705
-0.61008424,-2.9222739,0.22401302,5.196834,1.0724896,-0.6342757,2.1966054,-2.1181114
-0.86038005,-2.8794012,-0.13185447,5.44157,0.97350216,-0.7191007,2.1106248,-2.118145
-0.59967995,-2.9220052,-0.14465006,5.83769,0.79682314,-0.62737906,1.9777324,-1.9742908
-0.7638096,-2.967119,-0.38127822,6.0566416,0.7832046,-0.7038612,2.0974727,-2.0230336
-0.69001967,-2.988339,0.19001079,5.7338514,0.5683537,-0.5589377,1.9309427,-2.1422877
-1.0698608,-2.8584747,-0.12090106,6.081407,0.2908489,-0.66652465,2.0021417,-2.2189589
-0.70512044,-2.952978,0.11557541,6.487205,-0.12259706,-0.6087357,2.0732298,-2.1138365
-0.6904201,-3.018153,-0.049430862,6.349236,0.082159266,-0.685204,2.045145,-2.1395643
-0.533739,-2.9767597,-0.29228508,6.6860805,0.1321297,-0.7621219,2.4267485,-1.9499055
-0.7304105,-2.9084067,-0.17212513,6.800657,-0.15413311,-0.63188004,2.151427,-2.1288927
-0.69612837,-2.945161,0.0152227385,6.1968665,0.15662314,-0.70740837,1.7270154,-2.0781112
-0.54729396,-2.991001,0.54708755,6.2432046,-0.15455277,-0.71293396,2.0431764,-2.0990613
-0.67963636,-2.8607159,0.49764743,5.9780893,0.07119207,-0.62663966,2.2107258,-2.021018
-0.77398443,-2.903348,0.43150234,5.7534904,0.16287461,-0.7605097,2.0579972,-2.2023983
-0.78460234,-2.8787072,0.23178475,5.5757756,0.5538477,-0.6700438,2.0586174,-2.1225686
-0.93834865,-2.875884,0.48245406,5.5485835,0.30672032,-0.7175183,2.2750032,-2.1718993
-0.5919585,-2.8550062,0.38127115,5.7717786,0.45136967,-0.58836883,2.0388513,-2.0479321
-0.6396821,-3.002724,0.3087627,5.5314064,0.66740966,-0.5995587,1.8893421,-2.1808615
-0.9790577,-2.9164672,0.27407655,5.7920165,0.15440205,-0.68597037,1.9486344,-2.1698344
-0.85423654,-2.8644578,0.19837448,5.9072876,0.32588,-0.6868981,2.0090337,-2.1594572
-0.83518535,-2.9288373,0.2607242,5.6972146,0.4057427,-0.4685604,2.2165258,-1.9947941
-0.8736887,-2.8306336,-0.08537568,5.821646,0.593802,-0.71599483,2.0936952,-2.166108
-0.85158,-2.8810675,0.016065385,5.7091618,0.66654056,-0.6243177,2.105259,-2.3285804
-0.8707991,-2.9016502,0.1892869,5.654126,0.50363153,-0.6569786,1.9791039,-2.2750874
-0.634537,-2.988702,0.23631682,5.4880247,0.8184661,-0.6056289,2.2058802,-1.9964083
-0.8536228,-2.8274307,0.26305544,5.782703,0.3342784,-0.72200656,2.1791735,-2.221723
-0.90743047,-2.839987,0.22273724,5.867615,0.2856731,-0.7434397,1.9356049,-2.323261
-0.89776427,-2.8175497,0.36322954,5.816293,0.16989212,-0.71728766,2.2566254,-2.258607
-0.7141209,-2.8798416,0.3000397,6.040378,0.18216537,-0.5224908,1.9967781,-2.2666624
-0.9236462,-2.842868,0.49469063,6.0217853,-0.120458126,-0.6960692,2.0387826,-1.9713484
-0.8448437,-2.8844812,0.5410496,5.802647,0.047062103,-0.66608953,2.213021,-2.1762195
-0.59358996,-2.9303696,0.71933573,5.8174987,0.00219411,-0.6391688,2.1734164,-2.1469321
-0.90896505,-2.8146029,0.6967994,6.0119762,-0.3219862,-0.881881,1.9296893,-2.1480286
-0.96822995,-2.9269218,0.25921872,6.017922,-0.009651724,-0.85475284,2.186307,-2.2177832
-0.78045154,-2.9164505,0.34024802,5.6260176,0.50233924,-0.7261237,2.120284,-2.2677832
-0.6700442,-3.1506836,0.33965334,5.6624293,0.4078422,-0.7549807,2.215456,-2.099487
-0.7879149,-2.9054081,0.1544663,5.8380914,0.3920391,-0.7242688,2.170611,-2.060867
-0.87164956,-2.7880054,0.46135077,5.744809,0.101769224,-0.6172422,2.1124978,-2.2171671
-0.95131224,-2.8226876,0.5130825,5.5497785,0.2546131,-0.6300869,1.8562597,-2.2904265
-0.860757,-2.9459777,0.8459579,5.3751373,-0.020075513,-0.7509257,2.1699083,-2.2414029
-0.8290772,-2.8847873,0.9998358,5.2576394,0.117225006,-0.6921708,2.1156645,-2.2494822
-0.8652879,-2.87749,0.28066185,5.7879024,0.22208254,-0.9450511,1.9704983,-2.0950358
-0.5912467,-2.8820617,0.29479364,5.9452496,0.33396557,-0.6184783,2.097452,-2.0433161
-0.74451506,-3.002985,0.33071432,6.1303725,-0.07145633,-0.7325858,2.0877569,-2.1060817
-0.78416467,-2.9390016,0.29311067,6.0559096,0.018688286,-0.65856445,1.9931792,-2.1036057
-0.8529031,-2.8762152,-0.16853228,6.2882752,0.22149682,-0.7006922,2.1082385,-2.072915
-0.8661628,-2.916952,0.019199826,6.2548757,0.084878124,-0.77457744,2.0978715,-2.3070352
-0.8217538,-2.8785172,0.07324372,6.354089,-0.011043745,-0.65635395,2.1069794,-2.2873976
-0.7887933,-3.0142422,0.60404944,6.250301,-0.45817465,-0.7272406,2.201536,-2.3055892
-1.1431676,-2.7470884,0.27924594,6.122121,-0.25236347,-0.9022738,2.154899,-2.1216583
-0.95789117,-2.8512433,0.495457,5.9744077,-0.22068541,-0.75983363,2.1892295,-2.120295
-1.0329812,-2.96872,0.21159108,5.6630163,0.3122372,-1.0185618,1.9988676,-2.1620874
-0.98496056,-2.8471894,0.22508495,5.82194,0.21355367,-0.843031,2.2200239,-2.2030668
-0.8984395,-2.9423492,0.1247734,5.807218,0.42868492,-0.6541062,2.0710256,-2.3795528
-1.0431662,-2.8291779,-0.015837215,5.7212877,0.4940895,-0.6590396,2.051743,-2.0946062
-0.9355704,-2.7539585,0.03346499,5.698364,0.6182747,-0.6967632,2.0180657,-2.0691977
-1.0099102,-2.7886171,-0.27203876,6.0831313,0.45736685,-0.7565369,2.0704048,-2.1324356
-0.69676656,-2.8204799,-0.26272264,6.365868,0.4445372,-0.62547827,1.957629,-2.1747646
-0.9332201,-2.7992384,0.021831384,6.07923,0.25860125,-0.71613896,2.0673647,-2.3175585
-0.92814845,-2.8527997,-0.1859407,6.1003137,0.2983266,-0.71378833,2.242024,-2.1692219
-0.68082803,-2.8751833,0.14220358,6.091034,0.30507222,-0.6940584,2.073721,-2.0288823
-1.0346086,-2.852458,0.032976586,6.031177,0.27885363,-0.71484303,2.1547637,-2.1329234
-0.887057,-2.873922,0.0556948,5.717157,0.5130469,-0.6794619,2.1292593,-2.1350083
-0.7965082,-2.997465,0.4683208,5.26824,0.60601276,-0.7261585,2.0844858,-2.0050206
-0.9501464,-2.8860838,0.3466502,5.410468,0.45807183,-0.9328867,2.045063,-1.9825411
-0.89655143,-2.8362179,0.34700608,5.1493816,0.86600924,-0.71362025,2.2168858,-2.220854
-0.9419157,-2.8433783,0.49977815,4.718655,1.009682,-0.7423315,2.060572,-2.2127604
-0.77196354,-2.8859284,0.33133233,4.990436,1.1168035,-0.61466354,2.165485,-2.039194
-0.89655733,-2.9034326,-0.06388543,5.5675807,0.80573124,-0.7601778,2.2031298,-2.079959
-0.9352335,-2.8923526,-0.4915011,5.6471825,1.0148369,-0.70919764,2.412608,-2.133557
-0.99204147,-2.8870301,-0.5545967,5.565619,1.215419,-0.87572527,2.0544536,-2.1357663
-0.6344033,-2.8626013,-0.08067367,5.0276794,1.5816317,-0.58280677,2.2921634,-1.9501059
-0.5937906,-2.9471397,-0.1451387,5.1004586,1.3769681,-0.60727656,2.202975,-2.0055459
-0.6280479,-2.8910813,0.06829997,5.1769443,1.2356547,-0.6730945,2.0225444,-2.1249514
-0.56109154,-3.0738363,-0.21839267,5.1073933,1.4546305,-0.6672647,2.0785625,-2.3046968
-1.0807433,-2.7935243,0.20780215,5.06151,1.0911015,-0.783862,2.0798218,-2.1436474
-0.9018886,-2.954821,0.48247814,4.6540437,1.1029923,-0.9169397,2.106313,-2.1927874
-0.805462,-2.8065164,0.45462933,5.05509,0.76116514,-0.8627425,2.227282,-2.18373
-0.80111164,-2.966912,1.1332748,4.682591,0.6342242,-0.82305014,2.1957715,-2.076262
-0.7315942,-2.907777,1.2701515,4.5534797,0.693458,-0.7310886,2.1588733,-2.160288
-1.005818,-2.9041834,0.71774626,4.806215,0.7928014,-0.7840835,1.8248249,-1.9750727
-0.9914423,-2.8665612,0.31052014,4.967701,1.0217236,-0.7491589,1.9676273,-2.1758282
-0.86113703,-2.9048686,0.1028239,5.1073313,1.232099,-0.6725298,2.0969903,-2.2025917
-1.0495379,-2.7904506,0.1733116,4.8420534,1.3740386,-0.67317295,2.092794,-2.1681247
-0.9405464,-2.7817364,0.2857881,4.9860625,1.0724818,-0.7840823,1.9207674,-2.0350585
-0.8557909,-2.9802566,-0.078431845,4.8230247,1.5627846,-0.6824489,2.0427768,-2.3666737
-0.97253275,-2.7635942,-0.4959066,5.0422826,1.7806263,-0.7541585,1.9512055,-2.2495174
-0.70352155,-3.0440576,-0.44751975,5.0930114,1.8165917,-0.74171364,2.160667,-2.0323343
-0.8628558,-2.8688543,-0.5576898,5.216139,1.7219288,-0.7758944,2.0235803,-2.2111158
-0.906833,-2.8729181,-0.34785858,5.17753,1.4491186,-0.8747614,2.031092,-2.0199451
-0.81764376,-2.812758,-0.40151927,5.3959713,1.4765494,-0.67014056,2.0118105,-2.0570269
-0.5473643,-2.915466,-0.44222367,5.2251034,1.5971422,-0.7740423,2.1524622,-2.2588997
-0.47968176,-2.8616478,-0.28871927,6.013279,0.8518417,-0.50049657,1.9233013,-2.1295784
-0.64044225,-3.0610614,-0.24353954,6.079803,0.641225,-0.6618139,2.1614418,-2.0868568
-0.6562187,-2.9436324,-0.55772984,6.5242844,0.45857278,-0.7030377,2.0541384,-2.0405574
-0.75464725,-2.991945,-0.5386772,6.5170856,0.5507778,-0.6555424,2.081564,-2.2982407
-0.7282328,-2.8052595,-0.13052046,5.886048,0.65289676,-0.7685222,2.1297834,-1.9839796
-1.0402943,-2.7564392,-0.5455017,5.7170696,1.0436516,-0.890817,2.075994,-1.9823858
-0.652607,-2.8892953,-0.57359105,5.7703977,1.3514749,-0.7199896,1.9145724,-2.1163523
-0.59766996,-2.9077265,-0.5380454,6.0188293,1.096244,-0.59025776,2.140358,-2.1128917
-0.67170995,-2.8592324,-0.4300766,5.968682,1.019435,-0.5680715,2.282981,-2.1604323
-0.8720976,-2.9123292,-0.32847533,5.733414,0.9741324,-0.8273024,2.1656535,-2.164208
-0.7248544,-2.9406824,-0.65848786,6.052289,1.0451831,-0.6644326,2.2127583,-2.2052572
-0.74437135,-2.852591,-0.20817925,5.41972,1.1803789,-0.64517194,2.2543993,-1.9913582
-0.9055399,-2.7156723,-0.4019407,5.3389745,1.3920541,-0.654445,1.9111258,-1.9992774
-0.8340327,-2.8781798,-0.9692215,6.042544,1.3088137,-0.62701255,2.1249387,-2.2074335
-0.66565,-2.9159484,-0.98371,6.156437,1.0737422,-0.66246486,2.2294424,-2.2420464
-0.8437895,-2.9309032,-0.8555862,6.3612437,0.8474255,-0.853141,2.2955582,-2.1240015
-1.0380702,-2.8341863,-0.42449465,6.0736165,0.52134675,-0.82851154,2.1363702,-2.1815078
-0.5513064,-2.8987114,0.056060363,6.263765,0.28236878,-0.7318286,2.1379611,-2.0536623
-0.53652173,-3.1174488,-0.22237879,6.323786,0.45535487,-0.5974363,2.2718024,-2.1469927
-0.9220104,-2.8942225,-0.64666295,6.3606505,0.6387916,-0.6673271,2.0642755,-2.1940079
-0.9467615,-2.8874133,-0.5816838,6.525809,0.3504514,-0.72471136,2.0580316,-2.216351
-0.56869763,-3.03064,-0.501781,6.511696,0.48495948,-0.62981004,1.8140199,-2.190384
-0.816404,-3.0098891,-0.77286047,6.758296,0.48265824,-0.6287731,1.8943669,-2.0541413
-0.78072417,-2.8001878,-0.70255065,6.2490716,0.87822586,-0.6251562,2.1047678,-2.239683
-0.5358787,-3.0908673,-0.6988673,6.4894753,0.7436106,-0.5877877,1.9815074,-2.3036258
-0.83611625,-2.89164,-0.7437473,6.606182,0.54184127,-0.7661631,2.0854473,-2.0759318
-0.62523663,-2.8769414,-0.2027705,6.0614567,0.7174718,-0.58894867,1.9800962,-2.1028967
-0.7845205,-2.9263744,-0.23485588,5.7670918,0.7763425,-0.7261435,2.2037733,-2.1179938
-0.6863801,-2.8681843,-0.057175912,5.7037864,0.8824056,-0.56043065,2.072918,-2.1143684
-0.8841625,-2.837595,-0.032500573,5.7490044,0.75919425,-0.63881665,2.0362487,-2.206907
-0.66976035,-2.8189912,-0.089711346,5.2199225,1.3992654,-0.59548724,2.1842372,-2.105652
-0.8060328,-2.9929714,-0.29126027,5.749373,0.8688609,-0.693333,1.7620186,-2.1542141
-0.472361,-2.9751604,0.012111569,5.4814706,1.0882591,-0.5711809,2.1721628,-2.1048877
-0.63358814,-2.7831073,0.19672929,5.460999,0.9958818,-0.65588224,2.161014,-2.0695698
-0.9087848,-2.8918445,-1.4549117e-05,5.1581984,1.0776834,-0.8871861,2.116621,-1.9648415
-0.7059799,-2.8655014,-0.02977107,5.334811,1.1140475,-0.6561807,2.0418673,-2.032071
-1.0292655,-2.7965794,-0.22724977,5.6636224,0.93751055,-0.9509036,1.9085639,-2.0324106
-0.9560486,-2.8769486,-0.42418253,5.74604,1.0048785,-0.6312618,2.1124132,-2.1599758
-0.82583666,-2.9822748,-0.52847785,5.8454285,0.944241,-0.84782577,2.0843134,-1.9274063
-0.6611504,-2.8546333,-0.49058115,6.034777,1.0157697,-0.5639554,2.1051965,-2.0800407
-0.79716724,-2.9902968,-0.15329032,5.646655,0.85449237,-0.7628708,2.04806,-2.1639361
-0.8696777,-2.8298907,-0.22479348,5.3065658,1.276777,-0.67918897,2.0669775,-2.1641457
-0.8879956,-2.9664357,-0.44776693,5.356502,1.3465796,-0.78086996,2.0505788,-2.1403542
-0.7149709,-2.9534745,-0.5602723,5.7157025,1.2945118,-0.6397124,2.2260861,-2.0177019
-0.76130986,-3.015778,-0.82917583,6.2490706,0.99197227,-0.7317206,2.3051078,-2.2009823
-0.7898524,-2.8054934,-0.34518853,6.143486,0.61858255,-0.6044159,2.1057255,-2.228904
-0.8977472,-2.8353434,-0.48022327,6.121641,0.7018011,-0.70732236,2.1703522,-2.1522949
-0.9230763,-2.8155007,-0.53146183,6.3415403,0.5418396,-0.6288669,2.178531,-2.2020016
-0.67707324,-2.9273076,-0.4718903,6.305008,0.6564371,-0.6359887,2.0754259,-2.0268598
-0.86059374,-2.8974917,-0.26443616,6.09369,0.48093244,-0.8335993,1.9704564,-2.080771
-0.6712019,-2.9742348,-0.45621884,6.3473477,0.46963575,-0.6678531,2.1729865,-1.9772762
-0.7777822,-2.910567,-0.28523824,6.421478,0.26458833,-0.80467546,1.9952028,-2.2691524
-1.2266921,-2.7496018,-0.25183037,6.412974,0.055617485,-0.7211528,2.0642645,-2.1249204
-0.97721404,-2.8793435,-0.5564837,6.3253255,0.52447325,-0.73693675,2.0593717,-2.1485271
-0.63058674,-2.9247394,-0.61414117,6.467673,0.7944461,-0.60535794,2.102801,-2.1458192
-0.8828905,-2.9460518,-0.6347137,6.4059277,0.6415033,-0.68656987,2.0181751,-2.3170834
-0.81631285,-2.9311438,-0.840298,6.5910325,0.6960702,-0.7537567,2.0559428,-2.069374
-0.8213563,-2.908512,-1.1375176,6.7232366,0.8193989,-0.63321227,1.8631659,-2.0920267
-0.79189616,-2.809691,-0.9749929,6.589132,0.74137807,-0.7041339,2.0752547,-2.1197433
-0.42300457,-2.9727538,-0.8307629,6.856621,0.7069398,-0.6229042,1.9693826,-2.083754
-0.71794295,-2.8421087,-1.0726464,6.542373,0.91782475,-0.5789001,2.1549718,-2.0948687
-0.81468743,-2.998183,-1.0168885,6.4209337,0.89062625,-0.92232597,2.0465355,-2.176075
-0.6955774,-2.8868146,-0.8980553,6.339071,1.0266426,-0.68118155,2.1236079,-2.1965334
-0.8165367,-2.957343,-0.811512,5.7884474,1.3798069,-0.8185275,2.1890926,-2.2109995
-0.7693425,-3.0161538,-0.39690328,5.908202,0.94896364,-0.7557736,2.0516074,-2.1198635
-0.92117506,-2.9129303,-0.3059367,5.8515244,0.6831932,-0.6796296,2.1204805,-2.1923404
-0.8039501,-2.8148983,-0.3075282,6.0415707,0.71787876,-0.72534,2.1850138,-2.1563807
-1.0795659,-2.7768571,-0.4774197,5.84943,0.7225831,-0.79252046,1.971632,-2.0273414
-0.94686687,-2.7925067,0.11075947,6.0447288,0.0763779,-0.7908429,2.1046689,-2.1154892
-0.83873343,-2.8328083,0.3378549,5.747685,0.37893814,-0.6142141,2.1588671,-2.0698566
-0.7204375,-2.8674178,0.12999989,5.9608088,0.37490606,-0.70449024,2.0244572,-2.2480426
-0.6231465,-2.9069128,-0.49250475,6.4550905,0.45689884,-0.6543794,2.1378598,-2.1276028
-0.7288284,-2.978466,-1.0653149,7.085367,0.38774908,-0.65902585,2.1106975,-2.2496207
-0.57739544,-3.1302414,-0.9154268,7.1101885,0.33652544,-0.5973666,2.1822886,-1.8767124
-0.8380616,-2.7600763,-0.85015094,7.092445,0.30531117,-0.83880436,2.0188744,-2.0784273
-0.94871914,-2.9088264,-0.728347,6.930558,0.0011928122,-0.76936185,2.1063557,-2.1467814
-0.91819215,-2.920283,-1.0965033,6.9385967,0.56517243,-0.8276987,2.2754388,-2.1882117
-0.8275747,-2.9538674,-1.2545488,7.1553044,0.52451545,-0.7159436,2.073403,-2.2932007
-0.9824544,-2.7983935,-1.032676,6.9113026,0.43027917,-0.8864593,2.2328594,-2.1686542
-0.875711,-2.9241874,-0.6452353,6.7602983,0.2015059,-0.7603403,2.1729639,-2.088985
-0.5752827,-2.9729447,-0.61365783,6.6843743,0.5268772,-0.5437824,2.1818585,-2.0785115
-0.5522152,-3.035659,-0.48850292,6.65507,0.4755732,-0.6567566,1.9425938,-2.073712
-0.68757087,-2.9299455,-0.34521925,6.8590236,-0.09933131,-0.64581186,1.975919,-2.0382597
-0.8760926,-2.8238277,-0.027578438,6.7321634,-0.42090005,-0.8026519,2.0417757,-2.0325286
-0.66974956,-2.9683757,0.14139165,6.451479,-0.14952905,-0.6437987,2.109202,-1.9555504
-0.87293273,-2.8290825,0.09624791,6.730541,-0.52580243,-0.64259595,2.1009462,-2.119894
-0.65693396,-2.9173355,0.40827236,6.4986796,-0.4165567,-0.58168644,1.9488442,-2.119898
-0.6738528,-2.7852917,0.3833891,6.618529,-0.43334576,-0.55332696,1.8975623,-2.0884411
-0.9723652,-2.7802877,-0.25401786,6.58061,-0.112264715,-0.6183701,2.045506,-2.040372
-0.81522065,-2.8424752,-0.15477231,6.465705,0.043140113,-0.6519784,1.9162022,-1.9750819
-0.6964325,-2.9859996,-0.5542215,6.804743,0.12542403,-0.626578,1.8479115,-1.9493037
-0.8715881,-2.8391035,-0.32026055,6.6725802,-0.0188103,-0.7065619,2.3418546,-2.022936
-0.8533374,-2.901764,-0.31527042,6.5088387,0.14721508,-0.7879256,1.9561704,-2.2644968
-0.8351583,-2.8514826,-0.3513527,6.619712,0.20346758,-0.7734729,2.0215251,-2.253337
-0.8076982,-2.7942777,-0.3728881,6.5481496,0.2750267,-0.63189536,2.1486573,-2.1214452
-0.8602456,-2.7949264,-0.43014845,6.600071,0.21684602,-0.6239123,2.023083,-2.1945777
-0.6135653,-2.9462073,-0.40340343,6.7279444,0.1983957,-0.6006782,1.9174398,-1.9286208
-0.84382707,-2.9034424,-0.17635207,6.651558,-0.0386896,-0.61821,2.1960433,-2.136278
-1.0859601,-2.7989485,-0.21389543,6.4311185,-0.16121331,-0.9541346,2.0609941,-2.099835
-0.60526735,-2.958138,-0.006604792,6.5711493,-0.10002738,-0.8015303,1.9719294,-2.088318
-0.7256473,-2.9325721,0.10048175,6.540457,-0.19904341,-0.6547408,1.9526044,-2.0173972
-0.7137639,-2.948064,-0.22888407,6.5215936,0.13213553,-0.72733253,2.1689205,-2.3410828
-0.88287216,-3.0531645,-0.07075294,6.275224,0.10448449,-0.7860921,2.135876,-2.1319535
-0.95727366,-2.826482,-0.34976432,6.5218453,0.11384164,-0.6475087,1.9161127,-1.9573816
-0.8406488,-2.8215923,-0.3601812,6.64367,0.10459343,-0.76673657,2.1515932,-2.1178765
-0.9234295,-2.7651746,-0.51629454,6.440249,0.43827033,-0.74138373,1.9584513,-2.0975397
-0.59319896,-2.9175806,-0.5293531,6.2809887,0.79739213,-0.5989822,1.9013814,-2.2459571
-0.7160298,-2.9560606,-0.72877,6.3215218,0.7568341,-0.78291905,2.0179565,-2.1188734
-0.62545,-2.8645093,-0.45825973,6.5490313,0.4080731,-0.7112816,2.0571156,-2.2225592
-0.6205933,-3.0441904,-0.37174073,6.5069447,0.3360281,-0.7737184,1.9889301,-2.033025
-1.0082711,-2.7152169,-0.18200591,6.3969216,0.19951072,-0.6594785,2.0504014,-1.9253296
-0.8607122,-2.8520737,-0.48045298,6.6013465,0.17206565,-0.7560452,2.0644119,-2.1113408
-1.0969737,-2.8395345,-0.617423,6.7170854,0.07128191,-0.95548254,2.1723964,-2.0932002
-0.91893107,-2.9265137,-0.8052962,7.077354,0.0863001,-0.7504255,2.0739205,-2.1003587
-0.4391358,-2.9796064,-0.5315644,6.6639314,0.48372337,-0.6548894,1.9214741,-2.2159057
-0.6868496,-2.917637,-0.6166475,6.7831545,0.40923002,-0.72860813,1.9540048,-2.0988955
-0.8327645,-2.8989286,-0.95687765,6.655658,0.75973815,-0.6639295,2.2240996,-2.1030602
-0.7703263,-2.906486,-1.0596058,6.8087015,0.68326974,-0.78461933,1.9514449,-2.0116174
-0.71443254,-2.9493244,-0.829739,6.778672,0.41800547,-0.6308954,2.121386,-2.1171122
-0.67734075,-2.9942515,-0.66902554,6.628407,0.39416507,-0.7018255,2.1921506,-2.2504005
-1.1545722,-2.764665,-0.55165386,6.505763,0.25531152,-0.81897146,1.8561307,-2.063877
-0.8360995,-2.8976536,-0.51312834,6.529166,0.30220202,-0.7484057,1.984244,-2.1113896
-0.7421402,-2.862038,-0.37948564,6.431696,0.40410462,-0.6640519,1.9856107,-2.2391808
-0.8247104,-2.834843,-0.5567269,6.596576,0.31175104,-0.730069,1.9746027,-2.0084183
-0.8323591,-2.8997195,-0.8240742,6.5710506,0.7103612,-0.675235,2.2192907,-2.3065906
-0.96745026,-2.7683048,-0.8820324,6.7146196,0.43852568,-0.6279985,1.9267421,-2.1323786
-0.9673743,-2.9236321,-0.06510053,5.9742584,0.4189745,-0.7154879,2.0905561,-2.130396
-0.97261363,-2.7362788,-0.44543287,6.181711,0.64045215,-0.90931344,2.0311244,-2.102153
-1.0512376,-2.8184183,-0.24623784,6.023683,0.5060015,-0.79928815,2.12362,-2.1012793
-0.7949358,-2.9725263,-0.78585786,6.5220084,0.6707724,-0.6299391,2.1557608,-2.1125576
-0.7212244,-2.9150999,-0.49552494,6.3499756,0.5782823,-0.62984043,2.1443458,-2.225498
-0.6736708,-2.8152924,-0.91334695,6.8289,0.6402812,-0.6792674,1.980196,-2.0823283
-0.7853664,-2.8557584,-0.6036672,6.5639925,0.54964805,-0.6027531,2.212546,-2.0980785
-0.6715764,-2.959738,-0.8177215,6.40503,0.78592926,-0.7138796,2.2875557,-2.1839275
-0.755701,-2.8270683,-0.69233507,6.1816564,0.8701522,-0.78426856,2.0506272,-2.182329
-0.7559308,-2.9488602,-0.3524194,6.3374357,0.3862627,-0.5896136,2.062848,-2.193229
-0.5712105,-2.9502945,0.11341942,5.9722366,0.45669627,-0.6500015,2.1114976,-2.1239777
-0.7556461,-2.927673,0.45533487,5.7161446,0.30035627,-0.65556717,2.3421907,-2.0275636
-0.66194564,-2.9096632,0.228461,5.7344456,0.57371354,-0.5862306,1.9661845,-2.2093456
-0.809381,-2.9293149,0.13613509,5.9762015,0.2851538,-0.7308363,2.045722,-2.1598525
-0.82804793,-2.8413265,-0.5221577,6.313329,0.58731514,-0.7078186,2.0345247,-2.1432183
-0.88509285,-2.9887362,-0.3553741,6.441926,0.18402153,-0.75593436,2.021227,-2.152012
-0.84734535,-2.927413,-0.02461804,5.9676776,0.40698496,-0.60043675,1.9141375,-2.2117517
-0.95447767,-2.8024383,-0.2719145,6.1978955,0.3191859,-0.66335785,2.0678046,-2.0506518
-0.9148559,-2.93026,-0.13378435,5.799964,0.68010193,-0.73493224,2.0428488,-2.2468913
-0.5190888,-3.0044146,-0.24485292,6.268451,0.55214703,-0.66257954,1.9190634,-2.1234932
-0.64781207,-2.9222672,-0.22322083,6.286532,0.5076613,-0.67851543,2.1516058,-2.2490427
-1.1254184,-2.8154755,-0.098242044,6.2058067,0.066378154,-0.6880756,2.217258,-2.0129027
-0.8530921,-2.83891,0.23532358,6.0078645,0.1258653,-0.82695717,1.8373417,-2.2309527
-0.78819025,-2.9521942,0.14905186,6.4368267,-0.2058446,-0.5997994,2.000002,-1.895539
-0.8414803,-2.9534461,0.61774087,5.8350625,-0.19069086,-0.80490774,2.147826,-2.3262224
-0.92515033,-2.7322674,0.4667673,5.885718,-0.0253882,-0.6056864,2.4303305,-2.148771
-0.67494357,-3.0786602,0.64703554,5.7284894,0.13195543,-0.70220304,2.0212681,-2.0286264
-1.0145146,-2.8470855,0.22368647,5.944837,-0.01113259,-0.7767527,2.302965,-1.9967734
-0.76391447,-2.848057,0.26006836,5.980137,0.15273103,-0.6386523,1.9967276,-2.297313
-0.8420577,-3.0165503,0.050025534,6.134193,0.05953607,-0.66272736,2.134093,-2.0256393
-0.7736712,-2.8351781,-0.2524509,6.2476325,0.44037557,-0.6391363,1.844146,-2.2014272
-0.658504,-2.9375257,-0.6650056,6.807038,0.27697763,-0.7875962,2.2848392,-2.0813012
-0.5864077,-2.981525,-0.5075778,7.228271,-0.16240485,-0.70907414,2.2404509,-2.253439
-0.6528748,-2.8785923,-0.42076468,7.369536,-0.4632555,-0.680108,2.3267975,-2.017893
-0.77237606,-2.8609512,-0.39501375,7.172304,-0.29330567,-0.60949713,2.0368264,-2.0315108
-0.63275224,-2.856059,-0.5972884,7.228612,-0.11515637,-0.65867984,2.2141314,-2.0912611
-0.9531525,-2.8226404,-0.8593426,7.031271,0.0770965,-0.7662857,1.8908628,-2.2193875
-0.9115403,-2.745125,-0.57529473,6.677203,0.19389895,-0.6106018,2.288449,-1.968363
-0.74154514,-2.9275577,-0.6504998,6.5972586,0.36642164,-0.81618947,2.168587,-2.0322974
-0.80902904,-2.9314325,-0.4333017,6.293783,0.46338376,-0.7269304,2.1586504,-2.1548233
-0.7453818,-2.9982946,-0.57233936,6.5604925,0.40806115,-0.7857293,1.9225007,-2.2236207
-0.5716836,-2.989859,-0.47480816,6.737752,0.3216689,-0.78462875,2.3119342,-2.0986917
-1.037239,-2.7356865,-0.46507886,6.097765,0.6242899,-0.9362337,2.1158743,-1.9257139
-0.88523936,-2.7535424,-0.03625067,6.019896,0.3065753,-0.72473264,2.2646525,-2.213814
-0.5454532,-3.0432868,-0.011680409,6.0393353,0.4732556,-0.6246278,2.026453,-1.9744831
-0.48161408,-2.931705,0.16736452,5.8943896,0.49531358,-0.58211374,1.9452307,-2.1637552
-0.57792765,-2.9452264,0.15439479,5.8338165,0.5752669,-0.63968784,2.0543044,-1.9776589
-0.8474983,-2.8998814,0.5514753,5.5222397,0.25609323,-0.6424794,2.0923564,-1.9906076
-0.74043894,-2.8970675,0.161645,5.670565,0.5803742,-0.6938851,2.1773415,-2.1353967
-0.8325817,-2.8368824,0.2250068,5.584299,0.6761452,-0.7147106,2.3149564,-2.1174219
-0.81003916,-2.891352,0.263061,5.4456654,0.71914506,-0.73266745,2.1313407,-2.316323
-0.74507046,-2.9877844,-0.13786127,5.579401,1.0349313,-0.64836735,2.0475159,-2.1421177
-0.8496031,-2.982569,0.22274621,5.0506215,1.049704,-0.6399412,2.2472546,-2.1949022
-0.796514,-2.9177675,0.2353784,4.877668,1.4001566,-0.6730214,2.0612495,-2.2621396
-0.92555845,-2.7653627,-0.54113066,5.245907,1.5059822,-0.78356,2.066144,-2.2457094
-0.9539028,-2.729343,-0.3790652,5.407031,1.2751383,-0.74005914,1.853585,-1.9768531
-0.95257,-2.871021,-0.6039103,5.1948376,1.8125111,-0.7641778,2.2131503,-2.1706016
-0.8235679,-2.801191,-0.31002092,4.6513844,1.9670278,-0.76360345,2.187552,-2.2623131
-0.79186314,-2.8098943,-0.30872416,4.585341,2.2588947,-0.64601916,2.1636727,-2.2227101
-0.9985292,-2.9602408,-0.382257,4.5922675,2.00646,-0.91013634,2.0275543,-2.13305
-0.67916024,-2.901588,-0.1705159,5.257254,1.2856097,-0.80012876,2.1750464,-2.0701742
-0.9596526,-2.793876,0.1426982,5.0196114,1.207054,-0.7061483,1.9344888,-2.181725
-0.525565,-3.0638509,0.4848539,4.661816,1.4155204,-0.6176046,2.117812,-2.2210736
-0.83862925,-2.9201174,0.44634402,4.709451,1.3385917,-0.79662037,1.9905705,-2.1270976
-1.1554998,-2.9423625,0.022465548,4.635278,1.5327736,-0.7446977,2.0799317,-2.2171488
-1.2718811,-2.7439127,-0.28097168,4.9985666,1.5843619,-0.72234976,1.9791527,-2.13481
-0.80477995,-2.8297307,0.10370515,5.1486287,1.2349912,-0.76462436,2.375395,-2.0962765
-0.9663592,-2.8639638,-0.34708363,5.1750736,1.4468292,-0.8039699,2.3103507,-2.2058935
-0.52130014,-3.019128,-0.22075087,5.247338,1.3362529,-0.63652784,1.9768661,-2.0682495
-0.8368707,-2.955897,-0.5270561,5.2214365,1.5850474,-0.72081804,2.1609538,-2.0393207
-0.7649537,-2.8761895,-0.17607507,4.977013,1.6332328,-0.8030146,2.1107461,-2.2199917
-0.48442036,-3.149418,-0.32577065,5.1009865,1.9420246,-0.7284444,2.0258684,-2.1393905
-0.7183182,-2.9092073,-0.19768432,5.0135903,1.7506133,-0.65381324,2.1033924,-2.133251
-0.89064914,-2.9215543,0.14095779,4.9155087,1.2721976,-0.7963879,2.1900542,-2.1621025
-0.5872335,-2.9154983,-0.34261814,5.699723,1.299266,-0.63039213,2.1515977,-2.0573971
-0.65598,-2.869081,-0.45806295,5.912527,1.1138511,-0.62041855,2.0871532,-2.262493
-0.8570369,-2.7127416,-0.34806386,6.045715,0.80100274,-0.7229422,2.1589773,-2.0635014
-0.9228949,-2.8665233,-0.18026756,5.7040706,0.7628669,-0.78249544,1.9348161,-2.1564949
-0.7533112,-2.9234915,-0.5714843,6.127585,0.8437088,-0.7862171,2.0154738,-2.3009374
-0.7812059,-2.9339435,-0.21996234,6.02143,0.7059829,-0.7556052,2.033179,-2.1486528
-0.8053007,-2.8872187,-0.012108019,6.0337873,0.40057147,-0.66953963,2.1311202,-2.1772015
-0.9183874,-2.8576033,0.03521093,5.9441767,0.36315814,-0.6284021,2.1936727,-2.1515033
-0.6381168,-2.919147,0.34959164,5.7981496,0.35675263,-0.5915221,2.1042836,-2.0995245
-0.6950264,-2.9525259,0.4073598,5.5020447,0.5622507,-0.6290487,2.0143065,-2.0550578
-0.85658115,-2.8910198,0.2509593,5.736455,0.49081194,-0.6657883,1.976445,-1.9651513
-0.99002457,-2.7864482,0.17409638,5.178249,0.9622543,-0.6390718,2.1285143,-2.1010118
-0.9984006,-2.770535,0.04383504,5.5109167,0.7654279,-0.60214984,1.9655968,-2.0871682
-0.9610812,-2.9550183,-0.021073626,5.447958,0.8118921,-0.7746457,2.0042984,-2.1305451
-0.9853991,-2.8470507,-0.038132053,5.6527734,0.6643208,-0.75348127,2.084029,-2.242883
-0.9402814,-2.8729732,0.16543542,5.580471,0.43498638,-0.7629731,2.2058973,-2.014376
-0.9238441,-2.8551483,-0.15163445,5.9960213,0.41875285,-0.6404375,2.1773252,-2.1237612
-0.5556296,-2.9951549,0.018539678,6.066379,0.37157685,-0.6791285,2.3125305,-2.2556674
-0.6965193,-2.8376796,-0.48171225,6.3367467,0.60486645,-0.63992995,1.9409415,-2.0299942
-0.84221107,-2.8704674,-0.73773414,6.3094616,0.77027404,-0.78123635,2.0202546,-2.1105697
-0.5197583,-2.8282835,-0.14139126,6.489617,0.35248488,-0.55430746,2.0780447,-2.061197
-0.8015019,-2.919565,-0.24063198,6.2645392,0.4126456,-0.7542167,2.0992806,-2.2367544
-0.83948684,-3.0093737,-0.083521776,6.2239556,0.1998592,-0.71434677,2.0508265,-2.0978217
-0.7572603,-3.103584,-0.46644107,5.9011674,0.88105214,-0.9854213,1.950123,-2.0855668
-0.9691159,-2.8908138,-0.11943505,5.7244773,0.73232526,-0.89749545,2.065347,-2.13705
-0.5624684,-3.0678453,0.21569356,5.759778,0.50858724,-0.6100405,2.1836748,-1.950913
-0.8336867,-2.8120174,0.41176105,5.237615,0.8331947,-0.74178576,2.1375377,-2.1202896
-0.8164243,-2.9522965,-0.022667253,5.2478724,1.0625564,-0.7711632,2.2112048,-2.2249935
-0.9166423,-2.7501667,0.15885428,4.8811812,1.2114689,-0.71788394,2.079417,-2.1383936
-0.81277484,-2.9688404,0.029872548,5.007618,1.2498679,-0.6606434,2.2089705,-1.9657271
-1.1345912,-2.7850206,-0.2731631,5.218592,1.3955997,-0.7433556,2.110286,-2.066943
-0.9150887,-2.9640214,-0.67860264,5.262511,1.87559,-0.73474044,2.054308,-2.350978
-1.0621135,-2.8622396,-0.38389388,5.037841,1.6088923,-0.7477096,2.1793458,-1.8599213
-0.9811743,-2.975502,-0.89664817,5.699978,1.6506023,-0.76073056,2.3527668,-1.9400913
-0.6355953,-2.8585513,-0.8893842,5.3461285,2.042095,-0.6353114,2.229091,-2.077809
-0.5181817,-2.981471,-0.0031031237,5.0820675,1.5793519,-0.50509226,1.9251975,-1.9992883
-0.71063805,-3.0568063,-0.36768916,5.387269,1.4703051,-0.68830335,2.0296435,-1.9994988
-0.54448384,-2.8852465,-0.30616596,5.342863,1.4868481,-0.6675077,2.0113533,-1.9914689
-0.95978165,-2.9884388,-0.50129217,5.3833284,1.4270849,-0.74042076,2.0357723,-2.07032
-0.50925034,-3.0920079,-0.4652514,5.461281,1.4714859,-0.7200141,2.079048,-2.1393428
-0.8357588,-2.8609767,-0.58401185,5.582267,1.352278,-0.75756204,2.1877508,-2.1515105
-1.0416548,-2.7896247,-0.48445776,4.9089494,1.7407496,-0.7886257,2.0714588,-2.0845501
-0.62579006,-3.1157715,-0.39608794,5.246149,1.5544205,-0.6806729,2.0647118,-2.0195765
-0.5807594,-3.026822,0.3468567,4.978658,1.1534438,-0.6900801,2.2573857,-2.1614661
-0.81879735,-2.8629386,0.17390758,5.113718,1.0896872,-0.7130676,2.2986398,-2.0883806
-0.98928416,-2.7954893,0.6155883,5.1592193,0.52722794,-0.68977994,2.124109,-2.1406431
-0.890704,-2.786987,0.7359621,5.28558,0.30262777,-0.6041369,2.3079047,-1.9476122
-0.6467482,-2.8597548,0.7889156,5.696749,0.07638527,-0.6388884,2.125481,-1.9645704
-0.9240083,-2.7939003,1.363757,5.1558275,-0.1414428,-0.6652847,2.1251886,-2.2088997
-0.838437,-2.9763072,0.91266,5.142633,0.22165933,-0.7577329,2.0275934,-1.9590803
-0.89387685,-2.9436114,0.836052,5.2240915,0.18944012,-0.8522242,2.4210637,-2.1901183
-0.85976326,-2.7897336,0.95846546,5.0338235,0.40367004,-0.61452675,2.2156818,-2.033902
-0.70899504,-2.8530858,0.73387575,5.560681,0.10510451,-0.6327122,2.0163746,-2.0818758
-0.9868523,-2.7981846,0.7945973,5.262152,0.13549015,-0.8550828,1.7688878,-2.095751
-0.79826736,-2.7719197,0.87729925,5.3327312,0.11468748,-0.67020315,2.3762014,-2.0730631
-1.0859001,-2.794696,0.7591695,5.50289,-0.07264058,-0.9001588,2.033296,-2.137301
-0.7985403,-2.8526478,0.7464045,5.5719233,0.027238678,-0.805418,1.8697392,-2.0658414
-0.98980653,-2.870492,0.6321153,5.3443546,0.20606932,-0.8539059,2.08414,-1.9471208
-0.75650233,-2.8823647,0.9338582,5.462906,0.008393983,-0.6724892,2.1465774,-2.1804504
-0.8962249,-2.9698277,0.6399033,5.715623,-0.1828329,-0.80351394,2.1955602,-2.1470652
-0.71767634,-2.9000306,0.55129445,6.0848074,-0.31766403,-0.7094627,1.9858857,-2.116858
-0.7343416,-2.8064322,0.4279922,6.4687037,-0.42527124,-0.72144455,1.9945716,-2.0656242
-0.7340645,-2.9025033,0.25017762,6.4080424,-0.15258116,-0.8107229,2.1531956,-2.1228285
-0.78375435,-2.9537723,0.2192642,6.0189743,0.17721865,-0.7578532,2.0030775,-2.1300197
-0.7910513,-2.9599195,-0.15204576,6.5866704,-0.0030181853,-0.73374593,2.2302432,-2.1425118
-0.84019893,-2.778564,-0.26102373,6.29765,0.3431565,-0.729162,2.0053818,-2.143549
-1.2100799,-2.6715293,0.25423726,5.896277,0.08065128,-0.8901292,2.0704498,-2.2684164
-0.7668204,-2.900136,0.20468318,5.5966167,0.46569788,-0.8853651,2.177435,-2.1734862
-1.1540909,-2.7147877,0.41221505,5.6049604,0.19467543,-0.8038695,2.2084823,-2.3603468
-0.5886095,-2.8981345,0.109449945,5.8585114,0.4966724,-0.5813323,1.9920373,-2.0800858
-0.7360675,-2.8930905,0.12814814,5.80933,0.53554094,-0.72443324,2.0102618,-2.1348655
-0.82443273,-2.9016984,-0.0021171186,5.602538,0.7879934,-0.70121664,2.0348547,-2.2027462
-1.0019267,-2.9567149,-0.30843598,5.7247243,0.94893944,-0.84535515,2.1325758,-2.2137027
-0.9049887,-2.9351945,-0.47631425,6.1816516,0.61034,-0.7479398,2.1083062,-2.1733625
-0.9646313,-2.8472385,-0.5515012,6.240572,0.54691225,-0.85110176,2.2514713,-2.1331704
-0.6617404,-3.0639215,-0.57775307,6.388592,0.6008657,-0.71378756,2.2020938,-2.0915031
-0.7920224,-2.976133,-0.1483357,6.0358396,0.54353964,-0.6090101,2.099974,-1.9727484
-0.8956176,-2.8532808,0.2718605,5.8130665,0.12611705,-0.72280496,2.2638533,-1.93087
-0.7739185,-2.8728495,-0.081194624,6.224462,0.19224088,-0.6314373,1.9868218,-2.2541072
-0.6885063,-2.8932703,-0.271453,5.903244,0.79989934,-0.5889904,2.2035127,-2.1352954
-0.81121725,-2.8914206,-0.04417938,5.517195,0.8922087,-0.6423749,2.1962845,-2.1169646
-0.62503064,-2.902116,-0.2516413,5.680989,1.024469,-0.5955371,2.048601,-2.167886
-0.8847474,-2.9979746,-0.22762339,5.919376,0.6295368,-0.8453616,2.1240458,-2.1098988
-0.8393417,-2.8078475,0.11983139,5.3700356,0.936166,-0.7004108,2.044077,-1.9631709
-0.8575033,-2.9239967,-0.047266766,5.4328766,0.95722353,-0.698317,2.2488682,-2.0055869
-0.60557926,-2.9439452,0.4466431,5.6591296,0.50763404,-0.5542188,2.1794925,-2.1876917
-0.56317073,-3.1346374,0.6772709,5.2544107,0.67661476,-0.70877373,2.186024,-1.9253631
-0.666021,-3.0756109,0.54961485,5.346136,0.65422237,-0.7195402,2.0042095,-2.1768794
-1.1164365,-2.833069,0.37419948,5.539614,0.19384469,-0.7477983,2.2410898,-2.2179608
-0.77888906,-2.9985316,0.30900958,5.80189,0.29104462,-0.6505127,2.1810648,-1.9307342
-0.7599605,-2.9359694,0.19844677,5.5022087,0.69038063,-0.6278792,2.17963,-1.9468399
-0.7431761,-2.9431813,0.05861234,5.864904,0.46913218,-0.6168262,2.4869654,-2.0968142
-0.4593218,-2.9645274,0.1414749,6.329414,0.13526666,-0.68092203,1.7836266,-2.0655801
-0.5691911,-3.0664594,-0.09826263,6.094448,0.33604085,-0.8702623,2.1172073,-2.0890007
-0.78737473,-2.907529,0.43550193,5.763113,0.2135837,-0.7547339,2.050795,-2.065108
-0.95604736,-2.7676961,0.53535026,5.94863,-0.16023369,-0.70266783,2.059831,-2.0117505
-0.8080211,-2.9559457,0.7126737,5.647423,-0.07736889,-0.7744849,2.1039221,-2.028561
-0.7080281,-2.9577494,0.40719688,5.4820237,0.5141725,-0.8157576,2.1565104,-2.1840427
-0.8266717,-2.8480752,0.25271642,5.740511,0.44178492,-0.63207555,2.1589475,-2.0228975
-0.8783835,-2.719107,0.25987616,5.4407697,0.689102,-0.6331768,2.216816,-2.092315
-0.9070635,-2.9223864,0.30673602,5.237364,0.73432666,-0.7370173,2.0533655,-2.1851373
-0.99208605,-2.9304764,0.20863494,5.387863,0.6844799,-0.6213628,2.0448928,-2.1786997
-1.0871065,-2.785725,-0.5445402,5.7317724,0.948215,-0.8026139,2.0148487,-2.1221495
-0.8622547,-2.9634092,0.087962806,5.6008053,0.65447927,-0.8301595,2.2268028,-2.4234312
-0.8683805,-2.854664,0.1351319,4.9993205,1.1991963,-0.7471385,2.0768664,-2.0923173
-0.4958786,-3.1072521,0.0069170473,5.6728473,0.9241966,-0.60047215,1.9823644,-2.2931037
-0.80954534,-2.8568234,-0.36422232,5.653935,1.0412006,-0.8680974,2.0193737,-2.0621989
-0.8195347,-2.916073,-0.04200107,5.23605,1.2488163,-0.7090776,2.1535397,-2.0089402
-0.7857127,-2.920302,-0.14677332,5.3278856,1.2435378,-0.7211278,2.1222537,-2.069494
-1.0346557,-2.738458,-0.42386577,5.5724597,1.0883645,-0.74819666,1.9832001,-2.06813
-0.96658266,-2.9618514,-0.21437839,5.4565086,0.9724656,-0.9213693,2.1400545,-2.293429
-0.78559023,-2.9443033,-0.07704009,5.6240563,0.88150233,-0.7790182,2.1623337,-2.0900974
-0.82230693,-2.8200288,-0.17147215,5.50281,1.0407076,-0.6894367,2.0938137,-2.1068206
-0.4883769,-3.0358205,-0.08236352,5.573189,1.0611415,-0.6319594,2.023961,-2.0445967
-1.0084682,-2.8286316,0.0059456117,5.8329597,0.5030956,-0.7317277,2.0717058,-2.028123
-0.8202972,-2.8994117,-0.105316065,5.818747,0.62388384,-0.6121702,1.899304,-1.9558831
-0.90572333,-2.79336,0.028813465,5.967633,0.40630832,-0.67368907,2.2088525,-2.1850216
-1.0853324,-2.80094,-0.1583982,5.786589,0.532165,-0.7586945,2.056723,-2.1820228
-0.9277308,-2.7915483,-0.10072598,5.9889803,0.45545542,-0.6624945,2.0827088,-2.0991979
-0.9013403,-2.8314412,-0.13417289,6.241009,0.3081192,-0.70735306,2.0160267,-2.152526
-0.6637687,-3.072583,-0.413618,6.715906,0.1503891,-0.7476482,2.1080265,-2.0127609
-0.7421107,-2.9874377,-0.67596745,6.5020337,0.47051185,-0.6971579,2.0807574,-2.0645845
-1.0643262,-2.7969813,-0.71955866,6.254673,0.66230625,-0.87650996,1.962141,-2.2595088
-0.9572151,-2.8368723,-0.5743985,6.539678,0.22557949,-0.8850865,2.0201318,-2.0221395
-0.6680456,-2.9667277,-0.3799197,6.3492475,0.49023402,-0.5893278,2.0211723,-2.223158
-0.9273852,-3.0006227,-0.4577123,6.0149894,0.65032685,-0.71983695,2.1259584,-2.0908432
-0.5784586,-3.0202153,0.71784085,6.618363,-0.79667425,-0.62398,2.2707846,-2.3285754
-0.7938388,-2.8573053,0.4053867,6.8562036,-0.8453792,-0.6321476,2.356547,-2.099162
-0.70060194,-2.9239676,0.5228476,6.5596848,-0.6967621,-0.60930604,2.1096284,-2.0717766
-0.9498607,-2.7494078,0.21140042,6.3574634,-0.26653937,-0.6035456,2.240386,-2.035584
-0.96908504,-2.921596,0.10877579,6.4163094,-0.1875537,-0.74914455,2.0458279,-2.263894
-0.86080384,-2.8636227,0.328678,6.48677,-0.42655402,-0.64586735,1.9467968,-2.015586
-0.77255106,-2.9014108,0.3107185,6.618839,-0.4525603,-0.6247515,1.9306002,-2.2366734
-0.94710106,-2.8221362,0.31204402,6.4664965,-0.45432895,-0.67032427,2.2153533,-2.2491877
-0.75891626,-2.9471714,0.52826536,6.2817206,-0.3413345,-0.7125769,1.9284326,-2.2092288
-0.61815774,-2.8834178,0.5463382,5.9502907,0.09539026,-0.65924484,1.9923028,-2.1891613
-0.6398207,-2.902271,0.5805765,6.062368,-0.2431078,-0.67578536,2.0108914,-2.0774877
-1.1009431,-2.8392913,0.29228267,6.209238,-0.30645293,-0.7324379,2.2022657,-2.0058172
-0.72017485,-2.9290817,0.41847068,6.147302,-0.13048747,-0.73454636,2.088769,-2.1176832
-0.64103645,-2.9176214,0.2676231,6.2276125,-0.06913089,-0.6474392,2.1056597,-1.957621
-1.0054173,-2.8818414,0.3579793,6.0099254,-0.13232696,-0.7995231,1.8690668,-2.142108
-0.97186357,-2.804571,0.54016155,6.396602,-0.6422642,-0.80884457,2.1721814,-2.0969741
-0.99631757,-2.7883592,0.4472363,6.2243233,-0.46422598,-0.7225447,2.0560915,-2.041164
-0.8125564,-2.8639333,0.5463304,6.061076,-0.17253627,-0.7069922,2.040506,-2.0023777
-0.88498485,-2.9205165,0.40030527,5.9887834,0.006683947,-0.73613584,2.0262911,-1.9559126
-0.97231305,-2.809391,0.18544781,5.9658995,0.07424876,-0.7637919,2.2584262,-2.1611161
-0.95922387,-2.8758266,0.15312989,5.554738,0.6465416,-0.67562294,2.0503156,-2.0156512
-0.840246,-2.7986152,0.33044684,5.3218307,0.69570917,-0.69814163,2.1745894,-1.9613427
-0.913054,-2.8244014,0.32871938,5.183289,0.8123086,-0.7140619,1.8719752,-2.1636574
-0.9910237,-2.8378122,0.31841797,5.1093407,0.81223214,-0.8110166,2.0307305,-2.0782404
-0.8937255,-2.905037,0.46059904,4.92141,0.9657717,-0.77895886,2.1493287,-2.0420344
-0.32568976,-3.0200787,0.36342782,5.201639,1.1271119,-0.65490127,1.9480478,-2.0813043
-0.69662195,-2.9988697,-0.10343,5.740952,0.86650705,-0.66938436,2.0594065,-2.062487
-0.7536525,-2.8080597,0.11183777,5.595458,0.78957844,-0.6154816,2.0986862,-2.1535988
-0.79847455,-2.9066763,0.28493783,5.416306,0.68713427,-0.77997476,2.043952,-2.1177578
-0.9192034,-2.8650675,0.09238348,5.4738307,0.76709354,-0.68853295,1.9676006,-2.1597633
-0.53017217,-2.9280767,0.17551802,5.8838615,0.5319814,-0.60122615,1.9937953,-2.0010247
-0.8226811,-2.7874992,-0.106080584,6.245187,0.36118,-0.67676556,2.15457,-2.113679
-0.81730944,-2.787965,0.018838257,5.9628134,0.3796198,-0.74721736,2.2432463,-2.113817
-0.6416518,-2.9195714,0.34838346,6.5591445,-0.3389359,-0.6146334,2.0457811,-2.0630105
-0.81063575,-2.8824372,0.26145136,6.582935,-0.5615652,-0.6860096,2.009603,-2.1742723
-0.7389813,-3.0648663,0.18374905,6.9049535,-0.65521383,-0.7472835,2.0655513,-2.1478877
-0.65877134,-2.866918,0.380374,6.6262937,-0.48349822,-0.55598444,2.1677618,-2.1872764
-0.7380772,-2.972883,0.60172546,6.3880205,-0.50039536,-0.5849501,1.9273661,-1.9834532
-0.93439543,-2.7409263,0.60734594,6.250598,-0.43166476,-0.7681332,2.2032788,-2.0142438
-0.7663069,-2.8130968,0.7264931,6.13805,-0.3434381,-0.7138172,1.9201022,-1.932619
-0.88778645,-2.9410253,0.2002871,6.064179,-0.09058947,-0.72170794,1.9145193,-1.9863694
-0.72636,-2.937315,0.25571257,5.906876,0.09762331,-0.7721892,1.9326516,-2.1571574
-0.82318777,-2.923929,0.32947525,5.878219,0.17853916,-0.6916248,2.3392582,-2.2402518
-0.5694309,-2.8693948,0.6392477,5.804098,0.11723097,-0.5573844,2.1165094,-2.080711
-0.846118,-2.8533998,0.25910348,5.621085,0.43564758,-0.732011,1.9958756,-2.2605705
-0.8070987,-2.9008121,-0.13047928,5.831865,0.78281057,-0.5531988,1.9802914,-2.0832279
-0.84686095,-2.9250169,-0.1284167,5.6592755,0.80983555,-0.64690226,2.1667418,-2.1890771
-0.59325266,-2.9489079,0.11415786,5.6453094,0.82627064,-0.5467285,2.1913621,-2.037973
-0.7659555,-2.8828366,-0.008302146,6.016161,0.47869298,-0.61930335,2.1041155,-2.1957684
-1.0357457,-2.8138385,-0.0846452,5.7837853,0.66399395,-0.6674449,1.9293528,-2.0902493
-0.86531657,-2.8848019,-0.08617196,6.0129967,0.45819244,-0.75534445,2.026195,-2.1584785
-0.53744316,-2.9455698,-0.22447124,5.9673796,0.94215643,-0.7071262,1.9422616,-2.0498405
-0.5528501,-3.003071,-0.18502128,5.8185654,1.0073081,-0.59565175,2.1047957,-2.0833495
-0.6849304,-2.9061232,-0.11330513,5.1530857,1.4842495,-0.70344293,1.9850585,-2.1617062
-1.0029103,-2.8345356,0.27475145,5.110269,0.9260578,-0.7273612,2.2091362,-2.1937382
-0.8934527,-2.9487467,0.22396824,5.550704,0.4134097,-0.8994962,2.1970017,-2.095439
-0.8145474,-2.9257648,0.51946753,5.437859,0.37153906,-0.6729522,2.0712636,-2.1801872
-0.8817467,-2.9017582,0.30315807,5.702248,0.37635615,-0.6075473,1.9557161,-2.142104
-0.85704005,-2.9011676,0.59458935,5.6543407,0.13797954,-0.63292974,2.033933,-2.2133818
-0.8417965,-2.8912203,0.005091277,6.128704,0.14689124,-0.8252017,2.1384854,-2.1158125
-0.91221076,-2.879886,0.14011344,6.297637,-0.103044555,-0.7878552,2.322784,-2.1723902
-0.65556115,-2.9663239,0.15624347,6.2960033,0.044260122,-0.7138284,2.0775025,-2.1548576
-0.7363294,-2.9384882,0.15081966,6.521257,-0.16215125,-0.66347486,2.0593004,-2.0702746
-0.5931074,-2.8764002,-0.31052387,6.722236,0.11208372,-0.67088604,2.2095957,-2.1049244
-0.6423383,-2.885353,-0.12720302,6.4788857,0.15760385,-0.63741285,2.0913758,-2.1569047
-0.8000593,-2.8927765,-0.14171487,6.292581,0.18388207,-0.9604058,2.0588965,-2.1064537
-0.9008087,-2.9069705,0.27695438,5.9533086,0.19182567,-0.72008073,2.2302446,-2.047168
-0.721057,-2.9707923,-0.29443792,6.311407,0.33341268,-0.7094797,2.0807195,-2.3174605
-1.0096494,-2.7571967,-0.4463539,6.6249084,0.19996472,-0.7602906,2.242767,-1.9470246
-0.88722247,-2.8392236,-0.33256978,6.3976464,0.2645531,-0.59375894,1.9669856,-1.9828848
-0.7222753,-2.897882,-0.35952,6.202921,0.7042823,-0.6924145,2.1186917,-1.946038
-0.83219314,-2.9545968,0.14780404,6.1039863,0.12504058,-0.67449236,2.223233,-2.2164896
-1.050642,-2.7748284,-0.010882071,5.8455243,0.38720182,-0.8275366,2.0292282,-1.9943736
-0.69985694,-2.8411694,0.17324531,5.5840764,0.7871195,-0.6009428,1.9889101,-2.033643
-0.58897924,-2.966163,0.46402666,5.3997326,0.5914632,-0.72110593,1.8460354,-2.0884087
-0.61878973,-2.8231611,0.23289691,5.7633576,0.5921683,-0.62775964,2.0469503,-2.1163363
-0.4679694,-3.08518,0.42101544,5.633147,0.52972305,-0.5709298,2.1753478,-2.065607
-0.7943826,-3.0390475,-0.10986497,5.93899,0.57262987,-0.7198946,2.1036623,-2.093711
-0.9199132,-2.921004,0.11510936,5.3560276,0.7087953,-0.68385494,2.2382145,-2.0856512
-0.71910644,-2.952184,0.06618266,6.033542,0.358978,-0.7533703,1.827817,-2.309223
-0.48159003,-2.9563205,0.288136,5.912316,0.30435506,-0.68979245,2.0015013,-2.1772726
-0.7641849,-3.005334,0.5584127,5.8501935,0.037177216,-0.6775287,1.969658,-2.230721
-0.48161,-2.9646382,0.262824,5.7736726,0.49205855,-0.72040075,1.9918334,-2.008729
-0.60770196,-3.0104716,0.52770203,5.1470094,0.6990256,-0.686369,2.0006533,-2.168772
-0.6857309,-2.8508,0.89872015,4.7352514,0.90022355,-0.5858006,2.0546381,-2.106332
-0.8259464,-2.8374102,0.77895945,4.5210934,1.0596462,-0.7680599,2.1379893,-2.0190685
-1.0839068,-2.9600174,0.63092816,4.742781,0.88245136,-0.72200984,2.2290437,-2.2589574
-0.9656363,-2.963961,0.081777744,4.9702053,1.0863545,-0.75848216,2.0857375,-2.1554976
-0.8520481,-2.9620724,0.3883521,5.1690845,0.792251,-0.8604665,2.2052596,-2.1455398
-0.93853027,-2.7919056,0.31116107,5.051784,1.100624,-0.6394806,1.962592,-2.1531417
-0.78144205,-2.8575053,0.660397,5.0116496,0.74442077,-0.8202991,2.2404976,-2.014741
-0.6415373,-2.9476588,0.51624835,5.069705,0.82439715,-0.7108342,2.312873,-2.1885834
-0.8867323,-2.9765227,0.2739725,5.0249853,1.0885861,-0.6754417,2.1475148,-2.1770487
-0.61880004,-2.7945538,0.43160927,4.603588,1.507602,-0.6211668,2.1100817,-2.3159275
-0.74600375,-2.8797612,-0.2458152,4.558411,2.1196294,-0.7043345,2.078533,-2.1085007
-0.82190925,-2.999209,-0.31538042,4.4521813,2.2549422,-0.70286,2.204913,-2.1938431
-0.6050526,-3.1555176,-0.0942722,4.4853888,2.1877353,-0.7039874,2.2012753,-2.2453606
-0.74171126,-3.1199324,0.1993264,4.702327,1.5375096,-0.6117157,2.200568,-2.2814867
-0.48901108,-2.8477442,0.28689963,5.194446,1.0464017,-0.5800383,2.1092033,-1.9357064
-0.6958777,-2.9356265,0.3912758,4.981391,1.0629746,-0.66685593,2.169706,-2.287542
-0.7508222,-2.8643584,0.3440044,6.1090856,0.087401226,-0.59016645,2.1110325,-2.2223926
-1.1683896,-2.720726,0.080705315,5.7800035,0.2524243,-0.8215623,1.9846758,-2.0399284
-0.75758904,-2.9286308,0.69328785,5.73292,-0.027578307,-0.61756784,2.0502553,-2.263865
-0.90240234,-2.8598704,0.630286,5.7332516,-0.14955112,-0.71751606,2.1155417,-2.179364
-0.7584647,-2.886104,1.0085163,5.589226,-0.18176968,-0.6895087,2.2295325,-2.129015
-0.9097526,-2.8583722,0.8944196,5.5014563,-0.115213,-0.80717915,2.0812926,-2.105158
-1.0624938,-2.871018,0.31734064,5.5306168,0.2994673,-0.7700556,1.899425,-2.202559
-0.9115714,-2.802074,0.0879648,5.593677,0.726918,-0.71698326,2.0868356,-2.0601766
-0.82373595,-2.932291,0.5684649,4.8902216,0.9162105,-0.659786,2.0570264,-2.284556
-0.6271483,-3.1222985,0.824394,4.795969,0.8633883,-0.71293294,2.2848294,-2.2136626
-0.86008334,-2.8808131,0.7654807,4.569204,1.0884246,-0.7312681,2.1103835,-2.2038639
-0.92445415,-2.8631177,0.8280607,4.3515596,1.3689905,-0.74632895,2.149302,-2.252308
-0.9403706,-2.9113262,0.5143229,4.7187376,1.1950058,-0.699569,2.1798708,-2.1276581
-0.85924673,-2.932568,0.2421861,4.6801157,1.4442364,-0.7073862,2.3509185,-2.0243843
-0.703001,-3.0395496,-0.114124775,4.536495,1.8624343,-0.698071,2.277267,-2.0200408
-0.8252115,-2.878571,-0.013790622,4.8989353,1.3715782,-0.8299282,2.1934233,-2.1653037
-0.74601233,-3.0084376,0.77368283,4.620239,1.0684702,-0.69891477,2.249181,-2.348077
-0.89979744,-2.8873885,0.6769678,4.8179913,0.83925354,-0.68657154,2.082171,-2.085385
-0.52295744,-2.9335105,0.81207955,4.5486217,1.3802572,-0.60819745,2.1919284,-2.0029411
-0.9069228,-2.8837354,0.6405647,4.2621455,1.4360585,-0.75865036,2.0190763,-2.1164262
-0.5012835,-2.904057,1.111971,4.462569,0.9536882,-0.5698901,2.1389215,-2.1013565
-0.79808867,-2.8899474,1.0430795,4.5487056,0.71364284,-0.74133545,2.1736827,-2.100422
-0.5804036,-2.9814463,1.398821,4.1884494,0.9201607,-0.6030969,2.2787998,-2.23867
-0.96995205,-2.870512,0.98871464,3.995147,1.3459044,-0.75937206,2.167162,-2.295515
-0.665765,-2.836376,0.7521711,4.518823,1.34843,-0.7236588,2.0915515,-2.0639787
-1.0088992,-2.8470259,0.38314164,4.8230085,1.1263853,-1.0625077,1.9470263,-2.2750995
-0.8708735,-3.0870168,0.27621284,4.5253553,1.5222268,-0.893123,2.0936022,-2.139029
-1.009629,-2.883284,0.5216402,4.0506377,1.7578979,-0.7397531,2.1534085,-2.1316102
-0.78558433,-2.9290142,0.41010025,3.993454,1.9022259,-0.78979367,2.0688694,-2.3381214
-1.2632928,-2.6142287,0.19022267,3.9063177,2.1261432,-0.79209334,2.2239609,-2.323468
-0.9840895,-2.996012,0.35639787,4.905007,1.1966047,-0.7907713,2.019306,-2.2140286
-0.76128244,-2.8559031,0.23098093,4.7875257,1.3618984,-0.6980266,2.174587,-2.2106042
-0.6692023,-2.9994256,0.45652986,4.3987217,1.6779062,-0.61296135,2.2834156,-2.0938854
-0.83328843,-3.0023391,-0.2701503,4.855275,1.7261835,-0.6393297,1.8764375,-2.1837995
-1.1105932,-2.8258405,-0.5232408,4.5623927,2.1691935,-0.65997934,2.132263,-2.2658112
-1.1251335,-2.928302,-0.7472389,4.7807984,2.4252179,-0.7698433,2.1294007,-2.3620307
-0.6505065,-3.0762453,-0.6382818,4.7324367,2.518943,-0.5809825,1.9760743,-2.1661267
-0.70601547,-3.051423,-0.68740976,4.823036,2.3858783,-0.81938595,2.18592,-2.3130789
-0.4347444,-3.0455525,-0.37488648,5.565242,1.3745967,-0.6347312,2.1291351,-2.165315
-0.7655717,-2.8936465,-0.3381832,5.829048,0.99380374,-0.7686799,2.1654258,-2.1283321
-0.69717276,-2.801154,-0.02832185,6.091813,0.46266824,-0.8082863,2.1005147,-2.0497615
-0.72634,-2.8833237,0.10449663,5.988567,0.38058043,-0.7271752,2.012785,-1.9893986
-1.0816774,-2.7506664,-0.04187449,5.6983414,0.6032073,-0.81184906,2.0498736,-2.2580605
-0.9200001,-2.839417,-0.16713847,5.5076795,1.03647,-0.67523235,2.004469,-2.1711035
-0.68442655,-2.9166765,-0.029231377,5.6084504,0.8985359,-0.66694945,2.1985967,-2.1574621
-0.41276035,-2.941709,0.33628583,5.4007273,0.9247758,-0.6448609,2.099907,-2.1755834
-0.73507994,-2.891751,0.4554086,5.3930097,0.70316327,-0.5806811,2.0360098,-1.9621497
-0.76293194,-3.1002817,0.27586734,5.5630903,0.6038902,-0.6729724,2.1915228,-2.2429705
-0.9056581,-2.9030118,0.12538262,5.6125646,0.49616006,-0.86678964,2.199651,-2.0251079
-1.0649347,-2.849807,0.35510743,5.2833714,0.6201134,-0.762759,2.255678,-2.1696086
-0.9225339,-2.800842,0.08911082,5.5067916,0.66543984,-0.78384674,1.842763,-2.0708525
-0.6155238,-2.9651425,0.28198373,5.8248897,0.40603817,-0.68091315,2.0702312,-2.203641
-0.81199044,-2.8400607,0.020840887,5.8880944,0.493842,-0.76157975,2.0101504,-2.107279
-0.8191687,-3.0169778,0.3277483,5.6084146,0.42789036,-0.62381005,2.0285923,-2.1130054
-0.951291,-2.7368498,0.8276344,4.641579,0.7387106,-0.7483819,2.177991,-2.1938694
-0.7846333,-2.9110367,0.54424137,4.9336395,0.87717676,-0.753906,2.0528014,-2.1507754
-0.89893717,-3.0165088,0.322815,5.1355743,0.9071144,-0.6874048,1.8612529,-2.184228
-0.75427836,-2.9216075,0.26699346,5.0899477,1.119881,-0.68175375,2.2819788,-2.1410635
-0.728693,-2.7946515,0.18140079,5.1490245,1.2145241,-0.66694653,1.9173168,-2.0099196
-0.7302457,-2.9602835,0.42679957,5.368046,0.5219311,-0.5808571,1.9316095,-2.048593
-0.7913484,-2.8554897,0.6344427,5.3362174,0.5834125,-0.7885561,1.9695907,-2.0769296
-0.8013947,-3.0199094,0.41088828,5.296013,0.54829335,-0.650346,2.0236177,-2.1504188
-0.9958973,-2.8484802,0.124173515,5.239091,1.0319989,-0.76165617,2.1173232,-2.3635786
-0.9119893,-2.7715778,0.036172315,5.180075,1.0690593,-0.72150123,2.1006796,-2.1863134
-0.85867125,-2.938304,-0.29465073,5.035038,1.6405629,-0.7890498,2.2189,-2.3048625
-0.8309368,-2.9630172,-0.23328257,5.102302,1.543009,-0.742458,2.076772,-2.2434576
-0.8857772,-2.8214564,-0.264437,5.103012,1.4508018,-0.60801697,2.2965946,-2.000642
-0.74020886,-2.9129052,-0.29021496,4.9986243,1.6403891,-0.6343177,2.0400186,-2.239875
-1.1242055,-2.664853,-0.72778684,5.0154505,2.0055087,-0.8337546,2.05393,-2.3427937
-0.98186386,-2.7885323,-0.7454859,5.031415,1.9188381,-0.855829,2.196025,-2.1827354
-0.8340692,-3.0930314,-0.6675191,5.1203685,2.0600653,-0.6432351,2.0930882,-2.285041
-0.69133633,-2.9110975,-1.0938797,5.556197,1.9634417,-0.6558929,2.2730303,-2.1417227
-0.6057333,-2.9573746,-1.3129618,5.617424,2.178898,-0.71848184,1.89869,-2.1960516
-1.0066103,-2.8305483,-1.0858142,5.408271,1.9482502,-0.89449555,2.1026077,-2.1227584
-0.87140536,-2.8896294,-1.1356442,5.2929425,2.2401981,-0.7988047,2.2090487,-2.1384554
-0.8501552,-3.0182908,-0.9235423,5.76677,1.5957172,-0.677954,2.2277668,-2.2059321
-1.1202369,-2.7144723,-0.49517125,5.6730638,1.1019974,-0.7446849,2.173649,-2.1766958
-0.75347364,-2.9575937,-0.7187449,6.071541,1.0195763,-0.754155,1.9150499,-2.1710227
-0.44122714,-2.793859,-0.5228961,5.910403,1.2687246,-0.7316898,2.1067648,-2.2124794
-0.85031825,-2.8961387,-0.18338612,5.338056,1.2729757,-0.61334103,2.1955981,-2.252845
-1.030324,-2.8472598,-0.48871747,5.552215,1.3521357,-0.61821985,1.960054,-1.993239
-0.8406468,-2.8738468,-0.59028834,5.3195014,1.6766461,-0.7139506,2.0121725,-2.2035193
-0.7467728,-2.939007,-0.960697,5.564724,1.8537253,-0.93948936,1.8877451,-2.0688357
-0.78769094,-2.8760653,-0.96206445,5.6495748,1.6856556,-0.7538687,2.024366,-2.2594767
-0.6518285,-2.941745,-1.0796766,5.8210387,1.7546828,-0.7338992,2.021772,-2.265348
-0.56212103,-2.8982892,-0.7005907,5.8348756,1.5615274,-0.6022748,2.0710053,-2.3281746
-0.6991551,-2.974755,-0.46091193,5.902047,1.0377282,-0.5818995,2.059639,-2.2623518
-0.8536416,-2.878702,-0.14931561,5.8416595,0.6891603,-0.63892394,2.012255,-2.0049174
-0.7923856,-3.0030699,-0.3741607,6.3698792,0.3274589,-0.769616,2.0640118,-2.1013024
-0.8885288,-2.8725219,-0.36209214,5.9518404,0.66069585,-0.8782421,2.0843954,-2.1628091
-0.94531244,-2.7804873,-0.071225494,6.0586944,0.3082508,-0.73449874,1.9894403,-2.0906343
-0.94898474,-2.7717874,-0.32861468,6.1977434,0.49031812,-0.78410155,2.1753492,-1.9642055
-0.50513077,-2.8947604,-0.18792434,6.4395957,0.3902455,-0.5751823,2.2036157,-1.9572995
-0.73368645,-2.8970957,-0.4764429,6.4430537,0.47402826,-0.71408576,1.9982302,-2.2188418
-0.8966254,-2.973006,-0.20989136,6.078012,0.5025102,-0.7716799,2.0620053,-2.1262894
-0.8950899,-2.8658786,-0.2713255,6.1638904,0.3926427,-0.78483266,1.9001048,-2.200875
-0.9890249,-2.8360415,-0.08433404,5.70129,0.64817303,-0.789695,2.012257,-2.0502849
-1.1460494,-2.7894032,0.13640997,5.290925,0.67881083,-0.90833014,1.9533182,-2.0934193
-0.7805405,-3.0035994,-0.36290407,5.8048353,1.0790341,-0.6491424,2.0803533,-2.1235633
-0.5759986,-2.948203,-0.24692762,5.5495133,1.1506418,-0.6389776,2.2979078,-2.1190135
-0.87832755,-2.9047496,-0.22690725,5.3005342,1.2385523,-0.7013121,2.14056,-2.0283818
-0.8508916,-2.8125982,0.11472965,5.151321,1.1678276,-0.68813807,2.079721,-2.0818841
-0.7123423,-2.7487051,-0.008502735,5.326932,1.1251394,-0.63112044,2.121112,-2.0350459
-0.6590711,-2.9581594,0.3069187,5.0367765,1.1836253,-0.60435444,2.1501887,-2.2427678
-0.98441553,-2.856145,0.4108512,5.0044723,0.8066846,-0.7479196,2.026453,-2.2064688
-0.81648016,-2.7713346,0.3158051,5.0145154,1.1736614,-0.67710155,2.1766467,-1.9850042
-0.7466429,-2.8879144,0.17141975,5.271488,1.0336215,-0.8337017,2.08364,-2.071228
-0.70817184,-2.9035525,0.1273562,5.3078184,0.9652823,-0.70195967,2.0312698,-2.1598015
-0.7681101,-2.9100394,0.326671,5.11019,0.869609,-0.6342649,2.067965,-2.011863
-0.96239287,-2.8566835,0.55636007,4.849813,1.0302391,-0.6637584,2.2395945,-2.109402
-0.91959256,-2.8986793,0.36837533,4.819191,1.0782372,-0.7007205,2.0239086,-2.268487
-0.80220896,-2.9842627,0.38470608,4.5476794,1.4232724,-0.71082824,2.1028166,-2.1085656
-1.0636138,-2.7682123,0.14538756,4.895811,1.1583617,-0.8174779,2.1508784,-2.3608584
-0.8717975,-2.9399426,0.19708824,5.08802,1.156022,-0.57933074,2.2117949,-2.055924
-0.5911206,-3.0555863,0.34255904,5.4505982,0.7119374,-0.78060365,2.0916688,-1.9884411
-0.8274915,-2.8966405,-0.11729957,5.795989,0.77122027,-0.7101488,2.1022458,-2.0343134
-0.7721105,-2.9422028,-0.054333027,6.026475,0.34072158,-0.7246188,2.0472355,-2.1942875
-0.6684464,-2.911351,0.23565178,6.1194196,0.20569804,-0.61799985,2.0579212,-2.1869555
-0.7055187,-2.8875473,0.039753504,6.1136723,0.2958022,-0.6519732,2.0697293,-2.042259
-0.7861165,-2.9209137,-0.26175612,6.449678,0.14555112,-0.68966615,2.1928697,-2.1483018
-0.80166954,-2.8326147,-0.0080460785,6.1755643,0.1633457,-0.65619457,2.2661836,-2.237532
-0.7895735,-2.9061315,0.2772771,6.380031,-0.20884666,-0.63373387,2.1813734,-2.2274508
-0.619963,-2.9170904,0.26545474,6.4265227,-0.13504916,-0.68287206,1.945449,-2.1717823
-0.78040415,-2.9454098,-0.07496271,6.3909607,0.066670515,-0.7003754,1.8687701,-1.9854316
-0.50735784,-3.0387897,0.27377778,5.689348,0.64700794,-0.6228652,2.320033,-1.7966839
-0.5434536,-2.9645674,0.018054297,5.95049,0.4361152,-0.6976414,2.1620378,-2.0230541
-0.73013175,-2.9376523,0.40775603,5.6054277,0.32273373,-0.72100896,2.2939675,-2.0366855
-0.91576385,-2.9687319,0.13210683,5.5039034,0.69909316,-0.6867528,1.96391,-2.126253
-0.82581055,-2.8776164,0.46456474,5.66699,0.2770778,-0.7238063,2.026722,-2.1260035
-0.9996637,-2.9059865,0.5785803,5.5207267,0.17966579,-0.828841,2.0749106,-2.294554
-0.78408766,-2.9198732,0.40769935,5.6743164,0.27200502,-0.7427985,2.0326126,-2.3524253
-0.77674,-2.965797,0.44818425,5.7510285,0.24885733,-0.59174234,2.1762743,-2.159627
-0.88633525,-2.8582962,0.5454434,5.595522,0.15828404,-0.6808663,2.2020974,-2.0649018
-0.8601662,-2.8498523,0.61724895,5.344941,0.3857448,-0.67641854,2.1244001,-2.2640376
-0.9901514,-2.8396163,0.7606585,4.972597,0.5399562,-0.64821386,2.060957,-2.0759094
-0.75172627,-2.8577206,1.0245612,4.8781157,0.5009092,-0.741013,2.0400417,-2.0809965
-0.98958236,-2.8689072,0.72854435,5.0123878,0.4871954,-0.7506604,2.3341334,-2.0750146
-0.8249368,-2.9127164,0.62889624,4.997244,0.7007308,-0.6765956,2.1695085,-2.110517
-0.9656048,-2.7531555,0.5878991,4.658215,1.0881444,-0.6401053,2.1189165,-2.0912597
-0.86601424,-2.9233918,0.8346329,4.6301994,0.9298469,-0.7459119,1.8299028,-2.198312
-0.68195224,-3.0414507,0.79942924,4.7136025,0.9368484,-0.74348533,2.3027263,-2.2057967
-0.7944263,-2.8144033,0.6583062,4.380849,1.2438838,-0.73160595,2.3209076,-2.0100973
-0.5114744,-2.8552053,0.15176383,5.0444064,1.2856209,-0.61031264,2.2505093,-2.2332447
-0.92181104,-2.8081424,0.015638188,5.1656804,1.2546473,-0.9085651,2.2585278,-2.1215587
-0.86920387,-2.8524344,0.03413977,4.8605285,1.427619,-0.72844505,2.090335,-2.144303
-0.68290967,-2.9127605,0.2963839,5.138721,1.058497,-0.643232,1.994467,-1.9259399
-0.8051193,-2.9969351,-0.022779483,5.0801954,1.1928267,-0.7616685,2.0702345,-2.1923687
-0.6872636,-2.9009542,-0.034256205,5.248539,1.2419611,-0.6272371,2.0338128,-2.0061743
-0.9495914,-2.835029,0.019587973,4.899872,1.4062358,-0.73194623,2.1689377,-2.264666
-0.85999423,-2.908793,0.21392475,4.535604,1.5774788,-0.72663504,2.209959,-2.2199407
-0.7333556,-2.7155907,0.14862913,4.0909896,2.2332213,-0.5897815,1.966833,-2.228862
-0.56511724,-2.92568,0.2739085,4.4031143,1.8441012,-0.67944515,2.1625526,-2.106777
-0.6824574,-3.0131993,-0.25321755,5.0422835,1.6993586,-0.6235187,2.3108568,-2.1380706
-0.67671245,-2.956834,0.18933336,4.508516,1.7309561,-0.655742,2.191972,-2.1815968
-0.7354522,-2.9325619,-0.03140475,5.0647435,1.5325298,-0.7656276,2.053191,-2.2902305
-0.80930334,-2.9585557,0.50727975,4.982831,0.8602822,-0.7938307,2.2351925,-1.921882
-0.8987388,-2.923277,0.30364195,5.2505636,0.8042004,-0.6095537,2.251603,-2.068409
-0.68017733,-3.0162132,0.22733137,5.402883,0.79491925,-0.7162424,2.1961799,-1.9491453
-0.9455881,-2.8445354,-0.20581624,5.9604297,0.5443774,-0.7868168,2.089761,-2.032094
-0.80305254,-2.9245725,-0.21404105,6.1855073,0.35977796,-0.6365751,2.0615432,-2.4087553
-0.7023809,-2.8595924,-0.097502634,6.2702293,0.393095,-0.6257895,2.238486,-2.1694853
-0.6715066,-2.988478,0.2136908,5.945531,0.44418266,-0.6649091,2.181201,-2.1742907
-0.6159956,-3.0694976,-0.070602894,5.756816,0.9592484,-0.69523346,2.1147425,-2.1763415
-0.84236634,-2.9052527,0.32295093,5.2794876,0.7679301,-0.61324745,2.0895364,-2.116707
-0.80644476,-2.953455,0.43247792,5.319712,0.6022057,-0.73485744,2.066531,-2.238445
-0.83986175,-2.854381,0.50152725,5.426151,0.47117352,-0.6715375,2.2365487,-2.1234343
-0.53939277,-2.9376483,0.3676704,5.7818007,0.5161586,-0.61910903,1.9540864,-2.1754282
-1.1463332,-2.9315808,0.1313168,5.2283115,0.8042625,-0.75314546,2.0629075,-2.2786345
-0.88499194,-2.8594618,0.0692651,5.3997912,0.78746915,-0.7792986,2.37401,-2.1061652
-0.5315213,-2.9985816,0.13067801,5.629866,0.79348814,-0.5690992,1.982208,-2.1124775
-0.9829608,-2.9090457,0.091962606,5.9635344,0.2847639,-0.6083362,2.0620146,-2.206207
-0.66671264,-2.8720438,-0.309129,6.0630617,0.6347983,-0.70178133,1.9469782,-2.0540113
-0.8776012,-2.8764477,-0.4875873,6.3270283,0.5733168,-0.6013403,2.0567613,-2.0308077
-1.0326171,-2.8137298,-0.45088843,6.488781,0.28106576,-0.74152476,2.06205,-2.2194898
-0.97984403,-2.8487353,-0.2893449,5.8319507,0.8168136,-0.6343143,2.0529046,-2.252552
-0.5636859,-2.958579,0.206043,5.4411254,0.7697671,-0.60577834,2.0162034,-1.9860138
-0.5820204,-3.0399883,0.22752737,5.7003765,0.59202945,-0.76791584,1.9396966,-2.0272875
-0.5118886,-2.9416099,-0.042502414,5.9876165,0.6730007,-0.7185337,1.9028279,-2.184908
-0.7908909,-2.9374475,0.10493282,5.5665216,0.65018433,-0.7304147,2.2576063,-2.247243
-1.0337315,-2.8571389,0.14145887,5.612063,0.5620349,-0.82532746,2.2259796,-2.102962
-0.7326339,-2.913919,0.41929975,5.178181,0.71580803,-0.72062373,1.9694141,-1.9810116
-0.80558425,-2.860072,0.3837683,5.2361007,0.70936596,-0.82222736,2.1148415,-2.0277803
-1.0995159,-2.816238,0.30182183,5.183222,0.8043862,-0.78707886,2.1710637,-2.2414875
-0.95067483,-2.9227006,0.12131796,5.52268,0.60049915,-0.9619582,2.0820234,-2.2402704
-0.85530925,-2.8375895,0.02723597,5.713605,0.6189389,-0.6682802,2.32528,-2.05317
-0.64862025,-2.965917,0.21133907,5.550747,0.7163646,-0.67117745,2.134744,-2.0333705
-0.8702939,-2.806207,0.1951379,5.8734674,0.40199515,-0.6718198,2.0441723,-1.9039438
-0.81191665,-2.9148674,0.15427083,6.057043,0.22719377,-0.63492924,2.1248987,-2.081871
-1.0428978,-2.7992043,-0.33580777,6.3504534,0.23265475,-0.8755902,2.004962,-2.2511575
-0.772483,-2.9716277,-0.3013998,6.1563907,0.48937243,-0.7049424,2.338346,-2.1593547
-0.77901375,-2.9012108,-0.3862932,6.562996,0.22013594,-0.8249176,1.9189972,-2.0294406
-0.7210969,-3.097879,-0.14103627,6.3340645,0.18959346,-0.7311321,2.1716154,-2.008253
-0.61288625,-2.9259338,-0.20859745,6.2507963,0.4463721,-0.6998335,2.0967436,-2.057242
-0.7323761,-2.9503133,-0.049611136,5.912153,0.49562278,-0.73650193,2.0612805,-2.0350056
-0.6223761,-2.9468122,-0.05650729,6.1672726,0.35521704,-0.605195,1.9934983,-2.2001002
-0.60651696,-3.0662234,-0.078905545,5.4475617,1.2752832,-0.6883622,2.2449129,-2.0066178
-1.0046326,-2.751708,-0.26918405,5.695594,0.8920329,-0.69046795,2.1302912,-2.1694717
-0.93820316,-2.8739176,-0.08476252,5.501531,0.8581479,-0.6949549,2.2260332,-2.0565095
-0.9942718,-2.89952,0.028795108,5.6595697,0.5290605,-0.8269419,2.0982225,-2.058728
-1.0795977,-2.9480727,-0.33616316,5.6233487,0.8839575,-0.69783115,2.1499763,-2.267302
-0.9695758,-2.8524253,0.11004208,5.3762274,0.8445339,-0.876806,2.166724,-1.9654078
-0.6880706,-2.93376,-0.012073983,5.560826,0.82854396,-0.6711897,2.014592,-2.1526918
-0.9599246,-2.9606452,-0.10866998,5.3617883,1.011865,-0.76192844,2.2548745,-2.2480314
-0.8661675,-2.8880692,0.11031025,5.8487515,0.4870055,-0.74156564,1.8691353,-2.1158905
-0.7575714,-2.940446,0.36403015,5.6624675,0.4847334,-0.7182181,2.1401975,-2.0578153
-0.7476248,-2.8863196,0.017986827,6.0881705,0.280656,-0.70091236,2.0053809,-2.1265142
-0.67506313,-2.8835816,0.43796852,5.9256177,0.25445682,-0.64671165,2.001321,-2.0633357
-0.7862572,-3.003651,0.28633577,5.667169,0.49144015,-0.73405457,2.1387103,-2.1910243
-0.87199444,-2.8053548,-0.042579927,5.552754,0.8507059,-0.7353617,2.2526882,-2.1417997
-1.0195292,-2.9203672,-0.07517105,5.441354,0.89982647,-0.7372628,1.9316202,-2.1978693
-0.87594974,-2.8196979,0.26768124,5.501441,0.57840204,-0.6547017,1.8663617,-2.0687294
-0.8939706,-2.8601792,0.20920244,5.1446633,0.9859275,-0.62972605,1.8309778,-2.1693602
-0.64282024,-2.8996863,0.40098965,5.179734,0.89086455,-0.56786644,2.2425838,-2.0177739
-0.8660026,-2.9037323,0.39544064,5.475526,0.51020104,-0.83379364,1.8129822,-2.2490258
-0.6442237,-2.916452,0.8074007,5.3855934,0.39135885,-0.6222141,2.1122074,-2.2991452
-0.6909402,-2.937828,0.67982584,5.3985243,0.43354043,-0.6070618,1.9739153,-2.288791
-0.9334131,-2.8755388,0.17836018,5.6905994,0.49828517,-0.7383527,2.0574348,-2.2062123
-0.9772994,-2.8326142,0.28142625,5.5742297,0.40747452,-0.8456286,2.0018218,-2.273711
-0.7116286,-2.9851995,0.49751273,5.466415,0.54626924,-0.6377948,2.1209526,-2.1860318
-0.7264162,-2.935932,0.57710123,5.1528993,0.70216167,-0.64172816,1.9038032,-2.184761
-0.6986571,-2.881195,0.4666777,5.582724,0.4022169,-0.624886,2.2477188,-2.2658
-0.65809447,-2.9942534,0.33105418,5.411037,0.66837984,-0.8604065,2.306507,-2.0256324
-1.4125437,-2.7369215,0.19301967,5.2396665,0.5502868,-1.0463398,2.1202881,-2.087038
-0.5790138,-3.0072722,-0.18383242,5.3321185,1.5003285,-0.6716718,2.1812859,-1.9870671
-0.8073272,-2.9604175,-0.14308043,5.735287,0.84912837,-0.6753657,2.2011497,-2.2430959
-0.93415594,-2.9294882,-0.06574514,5.777031,0.6556707,-0.8907172,1.955318,-2.0704417
-1.000676,-2.8038805,-0.024462968,5.7300634,0.55908746,-0.80630547,2.2792602,-2.1199322
-0.6012457,-2.8818488,-0.049078453,5.9665394,0.54180247,-0.6787574,1.924687,-2.2389405
-0.65496475,-2.9087,-0.37431645,6.0611815,0.8386795,-0.6917127,2.1060433,-2.1146696
-0.8546049,-2.959072,-0.34435675,5.6791887,1.1015584,-0.68920016,2.0623388,-2.0960844
-1.0086279,-2.8850048,-0.4938126,5.405804,1.2471535,-0.7757876,2.3059025,-2.1499112
-1.1042111,-2.8856924,-0.66942286,5.839116,0.94212085,-0.6894675,2.1593366,-1.9863001
-0.59162986,-2.9520304,-0.3004464,5.857318,1.0079254,-0.6382846,1.9270672,-2.0991092
-0.72329164,-2.9824512,-0.48483554,5.954574,0.94654274,-0.80071914,2.0331645,-2.117573
-1.076181,-2.7213957,-0.64016026,6.020754,0.8179679,-0.67987275,2.041371,-2.2332401
-0.9982468,-2.9195113,-0.05588344,5.4889627,0.96694195,-0.66041696,2.2893128,-2.1907744
-0.69513637,-2.8534257,0.41784027,4.6933208,1.2729925,-0.62550646,2.0885878,-2.0020463
-0.8521132,-2.8937292,-0.07824984,5.236099,1.2177752,-0.6434907,2.1236858,-2.0699277
-0.571597,-2.8866677,0.6537645,4.8478813,0.9627229,-0.74584377,2.1795104,-2.053754
-0.7810646,-2.8480613,0.47650275,5.3997293,0.33431533,-0.7096936,2.3578522,-2.1609466
-0.9066415,-2.9521875,0.67777985,5.47002,0.21752167,-0.80053586,1.9835721,-2.1732192
-0.93542695,-2.8531888,0.8650083,5.234513,0.21873933,-0.8011164,1.862762,-2.0989838
-0.70461684,-2.9990602,0.42456448,5.277632,0.88811874,-0.620887,2.2622354,-2.0426922
-0.6977942,-2.9776106,-0.35751605,5.798886,1.0015274,-0.96193576,1.8780081,-2.110197
-0.9305952,-2.9656067,-0.3077693,5.82443,0.7335319,-0.8889852,1.7672238,-1.9525734
-0.90748686,-2.8202524,0.045744065,5.6560397,0.6056802,-0.60198903,2.144056,-2.1297638
-0.84183764,-2.9145818,0.08341152,6.010759,0.22613595,-0.6750766,1.9699612,-2.1286325
-0.86216694,-3.0017354,0.00048509287,6.1935115,0.11940121,-0.69517547,1.9726038,-2.0665467
-1.0505905,-2.8834398,-0.14851896,5.652098,0.7019925,-0.803352,2.0938478,-2.1965833
-0.74656826,-2.842217,-0.06310325,5.923312,0.56377184,-0.69801295,2.2179022,-2.0561078
-0.90341717,-2.7999887,0.0252393,5.769269,0.58141094,-0.8211207,2.1738453,-2.0150254
-1.0597676,-2.9293559,-0.15560636,5.817987,0.58972603,-0.95322007,2.0570495,-2.1037402
-0.7116447,-2.9585533,-0.32309452,6.153708,0.7599956,-0.61275285,1.9953537,-1.954338
-0.8578951,-2.9560745,-0.019197552,5.895302,0.46446213,-0.8676654,1.9263493,-2.0717804
-0.7440366,-2.912549,-0.13233402,5.9310493,0.65949625,-0.67741346,2.1709635,-1.9641773
-0.60489446,-2.7176783,0.022003673,5.4937263,0.96864885,-0.6210232,2.018338,-2.0051308
-0.7913893,-2.946901,-0.15091427,5.5806155,1.0111868,-0.66291636,2.1561127,-2.0625842
-0.71298116,-2.9740076,-0.5487825,5.66096,1.3316995,-0.6954571,1.9839337,-2.1953998
-0.48876694,-3.1238153,-0.5013017,6.121566,1.1398778,-0.594806,2.1370423,-2.2555852
-0.56974226,-2.924036,-0.7153785,6.0216074,1.2299432,-0.6864259,2.0030205,-2.0461965
-0.77169895,-2.8843646,-0.69650346,5.767623,1.4410998,-0.6086325,2.0972753,-2.2102656
-0.3614498,-2.9862118,-0.12984872,5.712529,1.066873,-0.69549966,2.0929794,-2.106293
-0.65401256,-2.8351061,0.10933552,5.2858205,1.144572,-0.64476496,2.1109412,-2.0642133
-0.8996858,-2.8163817,0.18267092,5.2518477,0.9370991,-0.6747338,2.1700273,-1.9974416
-0.691445,-2.890276,0.17529503,5.1957746,1.0464894,-0.7125696,2.2696385,-2.2070527
-0.9715692,-2.8634717,0.14167626,5.1591434,0.9382818,-0.89100236,2.052701,-2.2598858
-0.7320276,-2.9907176,-0.032911908,5.4506,1.0453997,-0.68916684,2.06079,-2.1425083
-0.7498919,-3.0315363,-0.3980786,5.2102838,1.6360542,-0.7097246,2.2014945,-2.2652333
-0.96770424,-2.780265,-0.11142679,5.1174726,1.3201847,-0.73676324,2.253587,-2.1515663
-1.0299683,-2.815991,-0.4276028,5.392492,1.2806457,-0.74635255,1.9650384,-1.9785017
-0.87582195,-2.802035,-0.5201196,6.0087523,0.8000823,-0.61620146,2.0201256,-2.0912397
-1.0203224,-2.7733717,-0.2897818,6.108101,0.39908478,-0.78915143,2.2720244,-2.0110478
-1.011816,-2.750538,-0.25793743,6.044404,0.6045669,-0.62091523,2.192922,-2.0986073
-0.8030196,-3.0146823,-0.49013,6.123314,0.73796386,-0.7353918,2.2982097,-2.0721455
-0.8609091,-2.7652667,-0.5647955,6.0389633,0.8756671,-0.71474296,2.2465951,-2.146043
-0.45471358,-3.0240946,-0.41238615,6.3018064,0.72654116,-0.5872673,2.1071494,-2.1377919
-0.7538157,-2.8564053,-0.4067892,6.168177,0.662616,-0.7437302,2.2600913,-2.0601342
-0.89520365,-2.9330356,-0.37900537,6.306455,0.4215578,-0.64768076,2.2531629,-2.2818286
-0.7380249,-2.8934355,-0.40866587,6.489512,0.27859133,-0.66848207,2.00335,-2.0709736
-0.55458236,-2.8690586,-0.01093379,6.43085,0.14829932,-0.6212004,2.1032386,-2.0761058
-0.60646945,-2.9906142,0.26072663,5.8649807,0.47773558,-0.5828116,2.049605,-2.2500825
-0.39781207,-2.9897041,0.15702601,6.001582,0.5720091,-0.60429657,2.0013936,-2.15427
-0.5843909,-2.9918344,0.14926156,5.841934,0.5828028,-0.6257726,2.0212708,-2.1491618
-0.6912186,-2.8006968,-0.064380646,5.943611,0.682103,-0.6501373,2.3306434,-1.9125352
-0.7688579,-2.9611614,-0.041562725,6.066725,0.4357452,-0.6118946,2.0903175,-2.1441555
-0.77078164,-2.9559987,-0.03525531,6.2655597,0.0031041964,-0.79508877,2.0095837,-2.0612264
-0.922613,-2.9445612,0.25163367,6.0924387,-0.12996905,-0.8632951,2.1160896,-2.2190514
-1.1557287,-2.764185,0.10646687,5.7759795,0.3752915,-0.8097605,2.0648649,-1.98564
-1.2527897,-2.6636145,0.12045093,5.8381777,0.08695085,-0.75124365,2.2095754,-2.1095593
-0.91655815,-2.8024886,0.100670636,5.6257415,0.55344075,-0.72829455,1.7514067,-2.1352055
-0.8649856,-2.8067007,0.28230372,5.8845706,0.19545797,-0.6816372,1.9512165,-2.1311848
-1.0408767,-2.8537629,0.24730639,5.908194,0.019383192,-0.8402741,2.102795,-2.0771735
-0.5850147,-2.9717758,0.40321124,6.202806,-0.062818535,-0.68980694,2.270922,-2.0755715
-0.80133903,-2.7962983,-0.23675084,6.0660286,0.53652346,-0.74177265,2.0722451,-2.0050862
-0.46695736,-2.9909992,0.052593235,6.3123794,0.20197903,-0.7208098,1.9341702,-1.9881154
-0.81225276,-2.8180158,0.23804334,6.391897,-0.21505408,-0.6855459,1.9291425,-1.9684914
-1.1215737,-2.7475667,-0.21537231,6.47256,-0.036248315,-1.1103808,2.0050488,-2.1802635
-0.6775915,-2.9234862,-0.013596521,6.5403614,-0.045560684,-0.6778762,2.2348943,-2.0421984
-0.42213124,-2.9455698,-0.16319174,6.389195,0.32536837,-0.62309265,2.0008104,-2.1102378
-0.9692721,-2.837757,-0.11320182,6.20172,0.20705846,-0.7586756,2.2092605,-2.201509
-0.8450044,-2.9378304,0.00840934,6.359254,0.00874598,-0.65539414,2.1444588,-2.0648057
-0.91797096,-2.8296537,0.019580824,6.3992066,-0.16884875,-0.69368255,2.331828,-2.1314316
-0.57891965,-2.8571777,0.5441666,5.983627,0.061210908,-0.65406984,2.169061,-1.926714
-0.88682556,-2.8906083,0.5179448,6.2182426,-0.30326882,-0.6380198,2.0461764,-2.1786373
-1.0050364,-2.7809968,0.4346011,5.9657516,-0.12034314,-0.849561,2.1522145,-2.0371234
-0.9316595,-2.8803263,0.5317962,5.8294635,-0.25627324,-0.77935463,2.100074,-2.0480711
-0.74232304,-2.868359,0.30612874,6.065531,0.082778245,-0.6731765,1.9201168,-2.2856789
-0.58937675,-3.0451047,0.30503377,5.972382,0.19040535,-0.5934245,2.0243263,-2.1975386
-0.48002195,-2.8978617,-0.19213618,6.2834134,0.5038015,-0.63493407,2.0705972,-2.0185513
-0.8102969,-2.8898084,-0.11901569,6.156046,0.30106714,-0.79515666,2.0638506,-2.1919634
-0.65482336,-3.0550058,-0.08537361,6.216231,0.33377808,-0.63089967,2.0047467,-2.1528955
-0.5411769,-3.0454998,-0.1687882,6.2167764,0.32385972,-0.71326315,2.0602891,-2.0764093
-0.6836191,-2.9734643,-0.08625585,6.1862006,0.22742473,-0.73121566,1.9801532,-2.1366658
-0.8336004,-2.8779738,-0.25650743,6.410316,0.11266366,-0.645591,2.113652,-2.3527038
-0.92067057,-2.7959697,-0.30984032,6.4846873,0.108436964,-0.7672564,1.98296,-2.2803822
-0.8704187,-2.8688147,-0.24164255,6.414408,0.23817658,-0.7470247,2.0949242,-2.2924445
-0.83127546,-2.8905325,-0.34023264,6.445565,0.19598906,-0.67841804,2.0164752,-2.167628
-0.8860919,-2.9262228,-0.22436191,6.3534827,0.12252844,-0.6659952,2.2316065,-2.0497541
-0.46989268,-2.974476,-0.68862456,6.7790713,0.37759277,-0.62715447,2.0787208,-2.1350815
-0.6404045,-2.9748726,-0.5420262,6.4500566,0.6206366,-0.5604065,2.1408927,-2.252683
-1.0564613,-2.803381,-0.61736983,6.361471,0.51415336,-0.73380256,2.1719959,-1.9890583
-0.72995263,-2.9876313,-0.2675897,6.617632,0.058033194,-0.6505965,2.0643246,-2.1875992
-0.5672407,-3.02647,-0.4802638,6.979073,0.009849678,-0.62958694,1.9237536,-2.1583893
-0.51240695,-3.0388927,-0.4882793,6.9615455,0.021645764,-0.68440574,2.271914,-2.1465178
-0.6774583,-2.9378319,-0.56858605,7.177882,-0.2034101,-0.7567109,2.0748754,-2.0569835
-0.7922943,-2.903219,-0.5165104,7.241301,-0.34672484,-0.79070866,2.284873,-1.9782348
-0.826236,-2.8427536,-0.20562103,7.252335,-0.70672107,-0.77262425,2.2574816,-2.1741514
-0.70262086,-2.910727,0.04579427,7.257124,-0.79859096,-0.6946875,2.034948,-2.1969123
-0.74679315,-2.8544908,0.36023578,7.138287,-1.1020426,-0.5669617,2.1718528,-1.9878814
-0.6885999,-2.8818817,0.6377678,6.5167923,-0.6418804,-0.5552282,1.9892709,-1.9498711
-0.7189888,-2.9519377,0.3802328,6.674226,-0.63186073,-0.6110103,2.1941023,-1.9228237
-0.8715677,-2.9000797,0.41307485,6.251408,-0.29671615,-0.6287965,2.0908794,-2.0475497
-0.7197333,-2.8966792,0.42126808,6.039724,-0.051388364,-0.890356,1.94621,-2.1485453
-0.91941756,-2.9088788,0.6342602,5.9546556,-0.2505294,-0.7557516,2.1103566,-2.2123747
-0.7418613,-2.986447,0.7508069,6.0105844,-0.40244746,-0.8143997,2.1034799,-2.1098075
-0.95674175,-2.8489997,0.69220376,5.8472524,-0.20026144,-0.84625757,2.0402348,-1.9728993
-0.928586,-2.8572698,0.68143296,5.9594927,-0.3463079,-0.73417056,1.9685866,-1.8507334
-0.7464955,-2.9726562,1.0202096,5.698751,-0.32675603,-0.73803157,2.1066725,-2.0474467
-0.9545374,-2.8822534,1.0134349,5.277892,0.05252904,-0.92077833,1.7701705,-2.3203316
-0.9488241,-2.7347429,0.86430115,5.478185,-0.020266758,-0.70066994,2.0887532,-2.1898565
-0.9731081,-2.85191,0.69308674,5.486386,0.10837133,-0.7183269,2.0097318,-2.06088
-0.8308201,-2.697319,0.751507,5.5517573,0.24513678,-0.71022606,2.164311,-2.029251
-0.59208137,-2.8853965,1.0672966,5.3661604,0.1413092,-0.5868457,2.0503514,-2.079616
-0.90786153,-2.8952458,0.84175843,5.438084,0.12746269,-0.8072429,2.0030508,-2.0536437
-0.66999745,-2.821327,1.1760213,5.673261,-0.37807122,-0.6889241,1.9337589,-2.1678858
-0.84140706,-2.8438506,1.097061,5.6820965,-0.32835636,-0.6807138,2.0475519,-2.1429565
-0.8188259,-2.9656887,0.9446006,5.659767,-0.19652575,-0.68618524,1.8750018,-2.0639
-0.7506274,-2.8899288,0.73320866,6.0323205,-0.32434383,-0.67526656,2.1143482,-2.114748
-0.489877,-2.9657156,0.60992694,6.322136,-0.33307314,-0.5725531,1.99191,-2.1221838
-0.8570565,-2.7710283,0.12479337,6.6800804,-0.38519013,-0.54813987,2.0750306,-2.1180623
-0.9654467,-2.895358,-0.01615465,6.919301,-0.55939895,-0.87810475,2.102896,-2.005792
-0.8329466,-2.9235017,-0.2093796,7.017522,-0.51926756,-0.79260004,2.0469334,-1.9422756
-0.74957925,-2.9653862,-0.2387488,6.9075036,-0.24044529,-0.6293958,1.8864447,-2.2205162
-0.9694144,-2.8868525,0.053006604,6.684552,-0.4196897,-0.81086636,1.9865513,-2.151733
-1.0398446,-2.8033626,0.09998732,6.2438555,-0.08919594,-0.7748842,1.946336,-2.1222038
-0.8886451,-2.8567393,-0.02867621,6.2671647,0.13792057,-0.7649238,2.0530074,-2.2090251
-1.0343667,-2.8495922,-0.2307477,6.597626,-0.16847609,-0.7399233,2.3255863,-1.9010774
-0.9523089,-2.8237739,0.07020786,6.349923,-0.067268595,-0.7827972,2.201764,-2.2699435
-0.7229123,-2.955216,0.0052442825,6.060557,0.26744282,-0.7510052,1.8756171,-2.242482
-0.8108457,-2.8914971,-0.19706912,6.165634,0.43327084,-0.6858618,2.1647654,-2.1923494
-0.6896914,-2.8528845,-0.18833427,6.580495,0.2105911,-0.58688766,2.1470287,-2.1618106
-0.9297115,-2.8900418,-0.060384393,6.14932,0.20364223,-0.70614034,2.096185,-2.035344
-0.72649354,-2.8310575,0.01733936,6.010669,0.37489986,-0.6273418,2.1052246,-2.2296834
-0.699302,-2.9079957,0.5222097,5.894373,-0.06829527,-0.7571173,2.1450515,-2.141519
-0.8437487,-2.775221,0.75568867,6.0343695,-0.3691874,-0.67385703,1.970748,-2.1034124
-0.77379966,-2.9122708,0.5032998,6.235626,-0.2837823,-0.63465196,2.0742412,-2.262051
-0.8677005,-2.9450805,0.71687144,5.937634,-0.3970466,-0.8755966,1.9904901,-2.1992083
-0.7299976,-2.8432662,0.5711684,6.133353,-0.28302902,-0.62421775,2.1165009,-1.9478122
-0.7918417,-2.852714,0.6666161,6.050755,-0.14990771,-0.65753627,1.9201252,-2.0944963
-0.91807616,-2.9043446,0.76419353,5.7658787,-0.1511091,-0.79262686,2.0800753,-2.0852816
-0.89838606,-2.7893434,0.84753555,5.8429685,-0.28590605,-0.69674367,2.1350217,-2.183105
-0.9057606,-2.7973368,0.48815534,5.986122,-0.26414385,-0.789305,2.1239614,-2.0620987
-1.3101298,-2.6693013,0.30260113,5.865541,0.02964571,-0.8729389,2.1972444,-2.1027694
-0.9992662,-2.8868163,0.3640992,5.9749565,-0.13939393,-0.65861785,2.2561276,-2.0748706
-0.7118712,-2.9019184,0.6216716,6.0428324,-0.247092,-0.81923276,2.0511389,-2.1755357
-1.0691744,-2.8233602,0.86765444,5.9802127,-0.5506784,-0.7638711,2.207946,-2.0676513
-0.980675,-2.8267584,0.54447347,6.2260904,-0.6412004,-1.0801896,1.8985305,-2.1358998
-0.7088281,-2.9007683,0.33119997,6.5751953,-0.44941965,-0.6546893,1.8497928,-2.2408888
-0.85989535,-2.854992,0.039255954,6.8180437,-0.43653432,-0.75554633,2.1379852,-2.1586602
-0.9092585,-2.8010187,-0.22831883,6.6306434,-0.0487729,-0.6705448,2.263098,-2.1412153
-0.9668038,-2.7685084,-0.12993611,6.503233,-0.06379679,-0.9424701,1.8950566,-2.0644164
-0.6986362,-2.9171185,0.12355173,6.2554073,0.08696384,-0.7589139,2.0523415,-2.2352118
-0.5854403,-2.955598,0.21190861,6.3120456,-0.024403034,-0.60066056,2.1046927,-2.148642
-0.6725418,-2.9301474,-0.02202499,6.4675603,0.10296756,-0.6080771,2.1675673,-2.213111
-0.7685086,-2.8297708,-0.022666551,6.466798,0.047023643,-0.69766164,1.9227276,-2.0970259
-1.3276839,-2.711061,-0.25204524,5.8936715,0.33376583,-0.8778455,2.200623,-2.0295155
-0.92610115,-2.7815964,-0.046460643,5.941979,0.34660673,-0.88737345,2.1212091,-2.1199327
-0.7528845,-2.9118493,0.28635806,6.3063154,-0.18438664,-0.70360273,2.084057,-2.2561364
-0.82398605,-2.8584435,0.16577776,6.5452294,-0.38142726,-0.72246456,2.0468073,-2.0840857
-1.0266423,-2.8016007,0.075564876,6.478544,-0.43921065,-0.92404896,2.0182555,-2.1434124
-0.829345,-2.9290667,0.2752246,6.425755,-0.26498717,-0.6281417,1.893517,-2.0593262
-0.9140732,-2.8902488,0.31299335,6.151893,-0.16010489,-0.74648565,2.215145,-2.019597
-0.8545121,-2.922586,0.3437832,6.1405435,-0.1269061,-0.7474914,2.067941,-2.1138878
-0.49537793,-3.1043613,0.5941544,6.1952367,-0.24469063,-0.7154056,2.2461295,-2.197684
-0.5293074,-3.0870774,0.28629893,6.2423744,0.039506663,-0.6374566,2.0223074,-2.169915
-0.79102993,-2.9287555,0.20829442,6.422381,-0.37375042,-0.73235345,1.8986238,-1.958814
-0.7874589,-2.910773,-0.11339088,6.3833356,0.060662117,-0.8700318,1.9727287,-2.0024824
-0.7998171,-2.8771605,-0.17993355,6.5855103,0.030964684,-0.7443581,1.9194162,-2.047507
-0.98209447,-2.8865526,0.064128794,6.247916,-0.020163044,-0.73141766,2.3205397,-2.2353728
-0.807801,-2.9850395,-0.19595216,6.5080194,0.0756792,-0.74470377,2.004065,-2.0751963
-0.7076305,-3.0893276,-0.8346606,6.261139,1.0372709,-0.6956667,2.2495387,-2.2788875
-1.0886878,-2.7126908,-1.2144191,6.314123,1.1822444,-0.7111099,1.9986768,-1.9554276
-0.7428069,-2.9880357,-0.83558404,6.2951913,0.9569966,-0.61304444,2.1632211,-2.0281932
-0.79097116,-2.9144018,-0.94251716,6.0650797,1.2048202,-0.74194986,1.9945153,-2.1036153
-0.66168064,-2.947351,-1.1432717,6.2746625,1.2724873,-0.7945735,2.1387365,-2.3406413
-0.6584093,-3.1018212,-0.95260876,6.223712,1.1982085,-0.623252,2.1879215,-2.1211228
-0.8225651,-2.8585281,-0.38323802,5.637939,1.2064801,-0.7530843,1.9070927,-2.141685
-0.9598453,-2.9648094,-0.158872,5.433689,0.9937645,-0.7561778,2.1773834,-2.1374478
-0.78594726,-3.0023162,-0.454646,5.625502,1.2419397,-0.7550428,2.179962,-2.0813003
-1.0412159,-2.7136817,-0.063877836,5.1767964,1.0912391,-0.83124655,2.2114897,-2.1858802
-0.89327943,-2.9087427,0.26998892,4.658839,1.3512065,-0.79480547,2.1850057,-2.1427414
-0.9270509,-2.962618,0.5981902,4.4733953,1.2299675,-0.6891098,2.0859714,-2.2343504
-0.82351446,-2.8685703,0.78555036,4.619519,1.0214351,-0.8819157,1.9866625,-2.1706629
-0.94512355,-2.8004901,0.85338974,4.638132,0.78693545,-0.70539856,2.120383,-2.047821
-0.87318397,-2.9650638,0.6598651,4.8942966,0.82078284,-0.6996314,2.0609565,-2.0823379
-0.8008385,-2.8808877,0.771127,4.642851,1.1467324,-0.64134413,1.9801328,-2.2161317
-0.82676536,-2.9232273,0.90590155,4.527023,0.83458036,-0.78831494,2.0328834,-1.9498572
-0.6494182,-2.8197618,0.7826961,4.734861,0.878226,-0.6672364,1.909818,-2.0192916
-1.0973305,-2.9994106,-0.05974489,4.938352,1.2795895,-1.1222024,2.0171933,-2.290182
-0.902569,-2.9598978,0.23191127,5.1168003,0.9267986,-0.6773125,2.1214283,-2.038267
-0.5737579,-2.9197946,0.6530326,4.7632494,1.08384,-0.66288084,1.9326954,-2.0841506
-1.0936818,-2.9019458,0.33995235,4.7974434,1.0805457,-0.8044649,1.9818885,-2.2017426
-0.7091749,-3.0274096,-0.04335834,5.5336494,0.9542541,-0.701393,1.8530309,-2.0215924
-0.88414884,-2.7765355,-0.16140628,6.06117,0.6298245,-0.5663793,2.0422506,-2.1324747
-0.57478,-2.8558657,0.033744466,5.3676066,1.1851674,-0.62026703,2.0888948,-1.995982
-0.9193871,-2.908364,-0.06353086,5.1584253,1.2868471,-0.69870675,2.16788,-2.236965
-0.89647776,-2.988129,0.012466968,5.0731606,1.2078768,-0.7282755,2.0308554,-2.1853595
-0.65618885,-2.95217,0.39774302,4.4015784,1.6543304,-0.71492803,2.2746644,-2.1119394
-0.84164715,-2.8578835,0.31918418,4.317377,1.7512779,-0.74814576,2.109938,-2.1911266
-0.70950466,-2.8070197,0.54354054,4.447847,1.6524584,-0.65254426,2.2193863,-2.1686707
-0.9460802,-2.7733276,0.40427792,4.413394,1.6082895,-0.6482791,2.2721262,-2.2405767
-0.9034959,-2.9304638,0.46585083,4.4092755,1.4678892,-0.7896784,2.024397,-2.2318895
-0.66992563,-2.8801703,0.62477756,4.3474703,1.5214701,-0.69870186,2.1188233,-2.0983238
-0.951439,-2.9523814,0.5520344,4.105598,1.7608154,-0.75747234,2.0611932,-2.338142
-0.7701236,-2.8863933,-0.13594142,5.011671,1.6326594,-0.7442592,2.1996357,-2.0497518
-0.56446093,-3.0320315,0.12994881,5.3495026,1.1002094,-0.58594376,2.1071057,-2.146798
-1.101784,-2.8086736,-0.021079293,5.29587,0.970171,-0.6535635,2.1442015,-2.27329
-0.83950526,-2.8792684,0.5969599,5.179218,0.52595454,-0.78529316,2.1234145,-2.2516742
-0.97437346,-2.7396457,0.60103863,4.8544574,1.0125736,-0.70457417,2.2095857,-2.0001109
-0.82775056,-2.7819045,0.53977376,4.5962596,1.1972653,-0.69966835,2.0935116,-2.1057558
-0.6443025,-2.9406319,0.34784412,4.9706445,1.1556079,-0.57975787,2.0707035,-2.247802
-0.7057333,-3.0402467,0.5267325,4.8409476,1.1435759,-0.7688219,2.1428936,-2.0384312
-0.84433985,-3.024723,0.84824705,4.023751,1.4591396,-0.7865299,2.208931,-2.1742902
-0.7807494,-3.0478847,1.4512067,3.6828027,1.3362497,-0.7122871,2.198239,-2.205086
-1.1445616,-2.7143445,1.4855033,3.6497562,1.1956513,-0.8024869,2.108652,-2.0886712
-0.92028564,-2.9298785,1.6447346,3.4282577,1.2801458,-0.81864,2.3091125,-2.2707806
-0.804689,-2.7787416,1.3096994,3.4766734,1.6343321,-0.8011139,1.8112531,-2.00626
-0.92762285,-2.728352,1.5957329,3.1714468,1.4674745,-0.68871737,2.215323,-1.9788204
-0.8530956,-3.068675,1.6664445,3.3236744,1.2624702,-0.8994073,2.2348607,-2.336606
-1.0615767,-2.8497221,1.8683157,3.617874,0.91503394,-0.73667425,2.0116832,-2.3624597
-0.89021176,-2.90988,1.7817184,3.737016,0.7864554,-0.7357416,1.98081,-2.2941198
-0.7503864,-2.9652228,1.708833,3.67859,1.1287618,-0.64199436,2.1937377,-2.141597
-0.7320111,-2.8052752,1.6044835,3.4139624,1.5077682,-0.6943427,2.1368082,-2.1572835
-0.9502201,-2.7521214,1.406066,3.6129005,1.2215723,-0.7171688,2.165356,-2.3709657
-0.65917516,-2.9121165,1.5166203,3.4968746,1.4706383,-0.7354282,2.0139997,-2.1920362
-0.7270725,-3.1039937,1.0849712,4.022684,1.2998862,-0.76661927,1.918613,-2.1299944
-0.79571086,-2.9700737,0.7979703,4.2963715,1.2304732,-0.7514439,1.9560121,-2.0988739
-0.60491407,-3.054059,0.6718858,4.846056,0.9745054,-0.649772,2.2150624,-2.1774235
-0.7074536,-2.9399855,0.6582829,4.766476,1.072046,-0.60214466,2.2422743,-2.1326957
-0.9106096,-2.8251257,0.48010358,4.4629207,1.4567907,-0.6982602,2.0420969,-2.0768645
-0.84745485,-2.9706478,0.40428883,4.5873117,1.2005868,-0.84461623,2.0349643,-2.2708285
-0.92422944,-2.7561061,0.40907145,4.697014,1.2646916,-0.6771282,1.9307598,-1.9204124
-0.87443936,-2.8851075,0.42099583,4.393905,1.5375481,-0.7126755,2.060365,-2.1404285
-0.87717223,-2.957827,-0.29223472,4.8949323,1.7431561,-0.70078355,2.0759501,-2.071777
-0.88031495,-2.8836086,-0.009738214,5.1656466,1.1766975,-0.6048151,1.9352199,-2.1059072
-0.8503101,-2.985929,0.176331,4.906289,1.1801523,-0.7241136,2.3189583,-2.2052767
-1.097315,-2.7129855,0.2604623,5.1132054,0.9844229,-0.64739835,2.1001825,-2.0380347
-0.7746304,-2.8991892,1.0666673,4.8883843,0.53008395,-0.7470599,2.1718411,-2.111569
-0.9100031,-2.968762,1.4492502,4.4172087,0.4654906,-0.65759903,1.9972482,-2.211384
-1.0568193,-2.7008767,1.1995673,4.9237823,0.30154765,-0.8564125,2.0469692,-2.0821555
-1.0322182,-2.8131328,0.8054058,5.095653,0.42391327,-0.69711274,2.2149696,-2.124056
-0.9362429,-2.8436832,0.3674773,4.9719253,0.9935845,-0.7593445,2.170838,-2.1666973
-0.76410615,-2.9659271,0.17155945,4.5202513,1.605456,-0.74279684,2.053697,-2.1863112
-0.8703621,-2.954451,0.07800058,4.4103374,1.7678581,-0.73860013,2.1845899,-2.0653338
-1.1726767,-2.7224069,-0.105671175,4.447635,1.9710552,-0.76340353,2.1695263,-1.994594
-0.8969165,-2.8858998,0.049685907,4.3804755,1.9816,-0.65098715,2.0482035,-2.2022567
-0.6898488,-2.8550465,0.21250978,4.5642557,1.7972798,-0.68828243,2.1280525,-2.182125
-0.68029195,-2.873334,0.10296335,4.9788556,1.4288632,-0.729761,2.0309958,-2.281313
-0.81971115,-3.019067,0.052620012,4.865394,1.5130707,-0.7665935,1.9424789,-2.3659663
-0.91265243,-2.8664057,-0.09301394,4.9007688,1.544574,-0.85489005,1.8961376,-2.1535223
-0.9903272,-2.757927,-0.28133494,4.7804847,1.6713254,-0.8605017,2.0972962,-2.2582135
-0.77426577,-2.9084,0.059287395,4.719258,1.666527,-0.72402555,2.0605469,-2.3955197
-0.54391366,-3.069278,0.42538425,5.189687,0.9088792,-0.66739607,2.248374,-2.1588802
-0.85645074,-2.8334394,0.25513455,5.549328,0.54585624,-0.909596,1.9705992,-2.1325178
-0.8262029,-2.8977637,0.50604343,5.414394,0.483648,-0.7607758,2.1521723,-1.996872
-0.81902033,-2.9714158,0.67043513,5.289576,0.38071448,-0.67759717,1.9858575,-2.2117944
-0.82659006,-2.81855,0.541209,5.2547393,0.63674957,-0.70003784,1.9563812,-2.2110214
-0.824401,-2.9454165,0.6009796,5.1462884,0.5195466,-0.77453035,2.0886745,-1.9722573
-0.6359797,-2.986544,0.52220047,5.428455,0.48334524,-0.6358484,2.1351867,-2.33414
-1.0592579,-2.7617037,0.6210557,5.337723,0.3229164,-0.7138615,2.3381314,-1.8903121
-0.7166906,-3.0596924,0.920518,5.2657413,0.25422883,-0.74189997,2.315642,-2.1766803
-0.6002672,-2.9127097,1.1885766,4.9953957,0.317015,-0.7835558,2.056841,-1.9416906
-0.8480126,-2.801012,0.7696172,5.0963063,0.512745,-0.68697554,2.339128,-2.3243463
-0.8182918,-2.9235005,1.3749211,5.1718507,-0.21084659,-0.6849496,1.9390943,-2.143542
-0.8995051,-2.861411,1.4564066,5.1137667,-0.14698651,-0.71512073,2.0208507,-2.0336628
-0.7148182,-2.9207604,1.449018,5.03412,-0.04044919,-0.72585547,2.2664466,-2.0389736
-0.6876853,-2.8599494,1.5075396,5.2546043,-0.25641313,-0.6472929,2.0910592,-2.114719
-0.9422808,-2.827966,1.3036722,5.218851,-0.16206154,-0.81372684,2.2828686,-2.0670762
-0.8708812,-2.9736934,1.2972519,5.213133,-0.12698561,-0.6857203,2.2084258,-2.3133368
-0.74221706,-3.041853,1.2031208,5.0789194,0.27349046,-0.68022466,2.046617,-2.2236006
-0.89971685,-2.804146,-0.44474748,6.1965976,0.66458815,-0.6769972,1.938037,-2.3095005
-0.5374178,-3.0882533,-0.56396616,6.4452624,0.7824103,-0.6254221,1.851655,-1.9465631
-0.8800858,-2.8637671,-0.77895397,6.4528375,0.6933184,-0.59841484,2.0509682,-2.1901639
-1.1292028,-2.7906823,-0.89776856,6.3156204,0.8893507,-0.7884352,2.1825242,-2.3175502
-0.6721282,-3.043307,-0.52841425,6.4471626,0.5733516,-0.70326287,2.1895726,-2.2047696
-0.63915163,-2.859084,-0.4237319,6.388882,0.5703848,-0.6302837,2.0672143,-2.1710043
-0.87590635,-2.8811815,-0.2743246,6.243507,0.3703148,-0.66748405,2.081415,-2.1790633
-1.048189,-2.803848,-0.0051070033,6.419193,-0.25573823,-0.9508746,2.1588624,-2.2108238
-1.1498754,-2.7780445,-0.30715498,6.784471,-0.3467921,-0.84700996,1.8603803,-2.1611564
-0.74207157,-2.9514396,-0.40958327,7.0048194,-0.24940483,-0.6207842,2.0613718,-2.0175831
-0.79061806,-2.8468933,0.021665398,6.614292,-0.20555452,-0.65275854,2.04653,-2.0305264
-0.6508652,-3.0136948,0.3331876,6.366008,-0.22314784,-0.67239946,2.0905528,-2.1395547
-0.9231188,-2.7456248,0.20786266,6.2316575,-0.14001001,-0.6135903,2.1119368,-2.1011465
-1.1125258,-2.759852,-0.088055305,6.2829475,-0.04931383,-0.80801976,2.1153922,-2.1927917
-1.0512228,-2.7525032,-0.22015911,6.465205,-0.007454829,-0.84420836,1.9629518,-2.2421727
-0.6786322,-2.9229271,-0.14929898,6.647763,0.12711102,-0.58607864,2.0740585,-2.0091157
-0.66161835,-2.824143,0.34936365,6.4194694,-0.23873354,-0.67004573,2.195706,-2.1021433
-0.69018257,-3.010918,0.5107469,6.1693006,-0.21999043,-0.774922,2.2367685,-2.0915115
-0.70585644,-2.9710393,0.48621505,6.051106,-0.102397755,-0.6378873,2.0962532,-2.0604255
-0.66682863,-2.8454945,0.5237993,6.1416535,-0.14247842,-0.64491105,2.28346,-1.978634
-0.99137175,-2.7842128,0.32711112,6.3363647,-0.3320574,-0.82754993,1.9236462,-2.1293645
-0.76963806,-2.8537471,-0.10639456,6.3512087,0.23862396,-0.6628422,1.9413205,-2.2288742
-0.62566113,-2.9729054,0.10127284,6.614433,-0.22750898,-0.6092915,2.069527,-1.926525
-0.6020149,-2.8326797,0.2974422,6.6111565,-0.29459134,-0.58558756,2.0952463,-1.9759773
-0.8847717,-2.906916,0.013293169,6.5825,-0.28569674,-0.6985895,2.1528382,-2.2137835
-0.9132167,-2.8711348,-0.0077201137,6.455143,-0.11065844,-0.7684275,1.9646099,-2.143285
-0.785937,-2.8208048,-0.15857461,6.6020374,-0.034991324,-0.6865441,2.152407,-2.1256633
-0.60376865,-3.0104432,-0.13614812,6.3498354,0.1554338,-0.7271979,2.0799458,-2.1115398
-0.66834277,-2.9059563,-0.2966574,6.5893474,0.27099016,-0.66602606,2.175217,-1.9782616
-0.93096757,-2.835095,-0.25876254,6.4353623,0.20956984,-0.7423059,2.0913835,-2.1619158
-0.6333241,-3.0492406,-0.3926056,6.3309617,0.43359104,-0.65818155,2.066532,-2.0782382
-0.47982845,-2.846067,-0.3660514,6.3327475,0.6127987,-0.5830614,2.1381507,-2.179098
-0.7026185,-3.0186198,-0.24765716,6.371756,0.43453562,-0.63376254,2.113267,-2.0414438
-0.91383004,-2.9126039,-0.7747588,6.449023,0.62467164,-0.67528546,2.2044156,-2.239225
-0.98592776,-2.8117635,-0.56997806,6.264755,0.6391404,-0.82793266,2.1822076,-2.0813282
-0.7908938,-2.8466077,-0.044691443,6.126364,0.35982442,-0.6175725,2.093918,-2.1540718
-1.0767882,-2.7265043,-0.30325747,6.0435452,0.63340485,-0.6561184,2.0398176,-2.1586716
-1.2161528,-2.731842,0.12465625,5.7598114,0.27224985,-0.66570413,2.1676407,-2.0746107
-1.0354431,-2.8251035,0.050306667,5.777071,0.42658618,-0.86993164,2.0643785,-2.2836118
-0.87454385,-2.9711509,-0.082928896,5.351664,0.9482637,-0.70857394,2.0242078,-2.2696242
-0.91281766,-2.877916,0.30886817,5.158183,0.993815,-0.6170269,1.8047664,-2.0744336
-0.89824986,-2.8709261,0.20209129,5.587709,0.5243722,-0.74104583,2.3132646,-2.2021573
-0.84980005,-2.9265478,0.39014012,5.7946987,0.07761892,-0.77871597,2.203655,-2.0348415
-0.776118,-2.9248703,0.32060665,5.4848466,0.623275,-0.7508505,2.0350363,-2.0512576
-0.6827979,-2.9449313,0.5510774,5.067414,0.82485056,-0.57574505,2.1001651,-2.029669
-0.5900021,-2.9211307,0.5938091,5.1623673,0.8493506,-0.5870168,2.1680274,-2.207211
-0.79034907,-3.0284429,0.42642742,5.313357,0.63853073,-0.5965012,2.2573729,-2.1556025
-0.6331803,-3.038546,0.6259274,5.012377,0.85668796,-0.73075664,2.1103559,-2.225635
-0.9926831,-2.9994617,0.32458892,4.9030113,1.033363,-0.93955714,2.1288826,-2.1178305
-0.7531817,-2.88811,0.9573354,4.743555,0.6383446,-0.7062343,2.300704,-2.0610454
-0.6951397,-2.8552685,1.0069078,4.889059,0.6382278,-0.6146168,2.3475468,-2.2700212
-1.0624326,-2.902876,0.91944045,4.608194,0.63133276,-0.8597064,1.9323019,-1.9002413
-0.9393989,-2.8531482,0.34520522,5.0827346,0.8691246,-0.7082236,2.0480323,-2.1187787
-0.7262521,-2.905754,0.4644029,5.378689,0.6795405,-0.61462986,2.1905947,-2.0958977
-0.640704,-2.9276066,0.10463397,5.2305613,1.093865,-0.5282129,2.0874155,-2.082477
-0.89232147,-2.8767471,0.20738366,5.354603,0.7369764,-0.85343254,1.8685493,-1.9219935
-0.79827386,-2.915479,-0.05203937,5.711155,0.7399968,-0.641773,2.0117865,-2.2042465
-0.8383038,-2.9885845,0.24703027,5.6395903,0.4687641,-0.7513811,1.8296978,-2.2312653
-0.7280949,-2.754028,0.58285,5.8563995,0.18167187,-0.7303405,2.253026,-1.959074
-0.5658317,-3.0141952,0.6101499,6.2301373,-0.31432712,-0.6553407,2.0744145,-2.0697372
-0.7296091,-2.9160342,0.59678566,5.7449546,0.059213318,-0.705782,2.0863059,-2.0247335
-0.99843526,-2.8003943,0.4124312,5.496329,0.3073279,-0.69888145,2.256143,-1.995008
-0.7690392,-2.7737012,0.4644374,5.517333,0.45694688,-0.6496053,2.030626,-2.1122482
-0.6100552,-2.991463,0.4631872,5.580774,0.41420323,-0.5806105,1.9598846,-2.191586
-0.7703703,-2.926888,0.28087246,5.891717,0.28931072,-0.7238431,2.12513,-2.1052105
-0.85231334,-2.8699307,-0.24863693,5.732765,0.852381,-0.7235043,1.9211617,-2.2360392
-0.95563316,-2.8933024,-0.05774129,5.406917,0.9082239,-0.71143687,2.02744,-2.088929
-0.7888445,-2.8809564,-0.37815407,5.5150886,1.1388264,-0.71530944,2.2079773,-1.9769074
-0.8650665,-2.993744,-0.46996656,5.596591,1.1653359,-0.6976233,2.1360593,-2.1174748
-0.85984117,-2.804516,-0.15845354,5.6214447,0.9805248,-0.6308693,2.0172076,-1.9971935
-0.63335764,-2.968339,0.34819955,5.372821,0.77715814,-0.7241696,2.0283782,-2.0706594
-0.6861248,-2.8943274,0.3614175,5.539511,0.5116916,-0.68483037,2.0737972,-2.0426075
-0.95429206,-2.7796938,0.40934268,5.58642,0.3439241,-0.66488105,2.0845397,-2.2000263
-0.8545533,-2.9107988,0.30985183,5.528127,0.54423535,-0.72685605,2.388793,-2.1135457
-0.8040942,-2.7833636,0.5998239,5.2446504,0.5113781,-0.7474591,1.9875575,-2.1671376
-0.93336666,-2.9630485,0.33163202,5.4487724,0.45503578,-0.6682773,1.9670908,-2.183919
-0.66934776,-2.9100947,0.5155446,5.4559293,0.53873414,-0.67726797,1.957228,-2.1343782
-0.8537822,-2.8193495,0.1557666,5.4503946,0.65800864,-0.76503694,2.0331068,-2.1479914
-0.5772791,-3.0446694,0.15754892,5.691515,0.8229626,-0.56015086,1.9703066,-2.0594816
-0.97341704,-2.8118973,0.016092582,5.612101,0.74207103,-0.71909475,1.9569412,-2.184353
-0.78580976,-2.9623137,0.103867814,5.286423,1.0834689,-0.682919,2.130754,-2.3020754
-0.78702796,-3.1323993,-0.26840582,4.970434,1.5017562,-0.6798003,2.2359033,-2.3411417
-0.8020986,-3.0383565,-0.27657208,4.8457494,1.923822,-0.8525186,2.1557627,-2.16602
-0.6992451,-2.809891,0.09486187,4.5161495,1.8210337,-0.60794884,2.0860674,-1.9585463
-0.61957866,-3.1166763,-0.22092594,4.877863,1.8185899,-0.6070563,2.0726075,-2.0987453
-0.73471457,-2.853114,-0.5051741,5.3433237,1.5411454,-0.75877523,2.0441227,-2.1481752
-0.657965,-2.8846061,-0.87044734,6.068991,1.2997366,-0.6564526,2.145802,-2.1425552
-0.88954085,-2.9331172,-0.64328164,6.0615163,1.0820688,-0.7106098,2.1283374,-2.2288337
-0.71189606,-3.0537922,-0.855621,6.25055,1.0582805,-0.62549466,2.139151,-2.0694773
-1.0041775,-2.8840556,-0.8265474,6.4524407,0.554472,-0.7775609,2.3169794,-1.9711869
-0.7892366,-2.8924167,-0.18181524,6.121785,0.37943652,-0.63915807,2.2150185,-2.2949064
-0.8041503,-2.907349,-0.31385761,6.4006977,0.30976146,-0.683798,2.0376267,-2.0944877
-0.64115435,-2.9504673,-0.28737727,6.2603536,0.48732883,-0.86616856,2.077858,-2.095908
-0.9449444,-2.7521367,-0.5230633,6.4775887,0.3101873,-0.7238995,1.9000006,-2.025607
-0.67641646,-2.99308,-0.6333516,6.0817976,0.961938,-0.6672306,1.8670626,-2.1505172
-0.6987055,-2.8911984,-0.1946801,5.8029504,0.8383258,-0.6012416,2.0933616,-2.1193774
-0.50624985,-3.0704696,-0.008587116,6.113359,0.53654045,-0.5982958,2.142166,-2.0940416
-0.791392,-2.807693,0.110062644,6.2934546,0.033276763,-0.67361706,2.1804328,-2.1621675
-1.0177633,-2.8449788,-0.4121857,6.4038086,0.32986948,-0.6913909,1.9657762,-2.1845992
-0.7367024,-2.8705895,-0.46721253,6.6851115,0.27878672,-0.6830737,2.0130286,-2.1287851
-0.66359264,-3.0002832,0.28496608,5.11791,1.0055993,-0.753455,2.4635398,-2.075003
-0.72726166,-2.8903935,0.23096068,5.2167654,0.9404212,-0.7050412,2.0446754,-2.2236056
-1.029648,-2.8092017,0.5169034,4.678069,0.957433,-0.73707396,2.2988212,-2.004639
-0.6829147,-2.9819028,1.0793751,4.453561,0.8806046,-0.6840289,1.9223639,-1.9984586
-1.2329308,-2.894313,0.7349255,4.3262973,0.99312276,-0.97003126,2.1386473,-2.055745
-0.7827373,-2.847658,1.0748723,4.7148457,0.5824505,-0.61600274,2.3406265,-2.064812
-0.63917565,-2.8809814,0.36329415,5.0537024,1.0636059,-0.75633395,2.078277,-2.0282583
-0.9226976,-2.9518855,0.2979637,4.787115,1.1822579,-0.8085481,1.9606469,-2.3581555
-0.6144398,-3.0225902,0.509571,4.928519,1.0333501,-0.6950403,2.1721148,-2.2403286
-0.74235576,-3.0261416,0.7264147,4.4204593,1.1554458,-0.90473217,2.3981256,-2.0522785
-0.78097916,-2.947274,0.7288766,4.651237,1.0775764,-0.7298772,2.1826684,-2.1700125
-0.8038385,-2.9320204,0.4732943,4.9695034,0.9095043,-0.8701602,1.9587461,-2.2018476
-0.6919636,-2.869412,0.9016092,5.058315,0.5682225,-0.67669153,2.0922887,-2.3549848
-0.893004,-2.8900993,0.40318957,5.3024387,0.61527914,-0.80868095,2.2669861,-1.9580232
-0.6155334,-2.8621287,0.13673697,5.3177514,0.9845528,-0.64534044,2.050638,-2.0330026
-0.78632903,-2.876168,-0.10392396,5.6092343,0.9070553,-0.60253334,2.0929549,-2.084781
-0.837564,-3.0018606,-0.20005499,5.586366,0.9693724,-0.7220436,2.0608451,-2.0139337
-0.78607637,-2.9536896,-0.27298415,5.3802404,1.2784735,-0.7413763,2.0231936,-2.1726649
-0.769404,-2.9736857,-0.43167725,5.382652,1.4951768,-0.6553367,2.2445064,-1.88831
-1.0384549,-2.8247778,-0.15949729,5.2254515,1.2570832,-0.9139429,2.0291333,-2.1938941
-0.9806537,-2.8811753,-0.16191812,5.406903,1.0632851,-0.8307997,1.7604097,-2.1363144
-0.8785487,-2.9569695,0.030950991,5.236575,1.056597,-0.7385168,1.9662786,-2.050382
-0.9311335,-2.8235364,0.45529774,5.6161466,0.27987996,-0.7320771,2.210897,-2.155348
-0.96026856,-2.8199105,0.73992676,5.507205,0.052232094,-0.7533047,1.982936,-1.8696543
-0.6084339,-3.038567,0.17016886,5.5859303,0.680515,-0.783506,1.8336788,-2.1316566
-0.83225244,-2.9613862,0.22549328,5.628573,0.43567052,-0.6573895,2.215896,-2.2892911
-0.7525683,-2.9372616,0.14006865,5.7750793,0.49337584,-0.7515491,2.2905805,-2.1473463
-0.9815112,-2.8210073,0.805118,6.001919,-0.46923658,-0.77667135,2.2122679,-2.1058156
-0.7238745,-2.866977,0.6064672,6.059045,-0.21980381,-0.69094306,2.1432598,-2.1479013
-0.8083325,-2.885241,0.604383,6.1876307,-0.40069956,-0.7028777,2.1374469,-2.0779672
-0.6142805,-2.8819816,0.68129367,6.2569003,-0.37169275,-0.6822865,2.169753,-1.9985032
-0.7655452,-2.9447978,0.6758617,6.3685327,-0.630789,-0.5935617,2.0557187,-2.2782035
-1.0647937,-2.8277915,0.70623773,5.9670153,-0.36021712,-0.9740872,2.199646,-2.1966608
-0.94579417,-2.857869,0.7072958,5.8017535,-0.19378422,-0.6182843,2.0214198,-1.9716703
-0.7457591,-2.8858395,0.66085404,5.6340017,0.09293989,-0.6527644,2.267738,-2.0621395
-0.81275964,-2.8927512,0.53282964,5.707276,0.18002208,-0.7606374,2.0996766,-2.0961807
-0.73854786,-2.9627826,0.17989877,5.9019356,0.32999822,-0.6435288,2.2709289,-2.153975
-0.6398627,-2.9278052,0.26849553,5.9591665,0.25526327,-0.5346364,2.0792203,-2.084205
-1.1099371,-2.7869954,0.0045183585,5.943504,0.24017292,-0.76322365,2.1748602,-2.3424385
-0.889476,-2.8087785,-0.3970307,6.1541634,0.6354296,-0.82765645,2.2243767,-1.9426373
-0.838524,-2.7629423,-0.2960806,6.2711163,0.39726824,-0.76674694,2.102242,-2.2131145
-0.6068065,-3.0033333,0.1419915,5.8260503,0.49570763,-0.6069525,2.2695475,-2.271066
-0.8249485,-2.86484,-0.098774284,6.0485826,0.46409303,-0.68375736,1.9858505,-2.1834373
-0.6654014,-2.835733,0.41086632,6.2309513,-0.01798106,-0.71242726,2.0663052,-2.0427241
-0.83543414,-2.7969353,0.38543797,6.130556,-0.16444024,-0.7171225,2.1541197,-2.1266391
-1.0310857,-2.7421324,0.49875668,5.732813,0.05887919,-0.7048088,2.0768948,-2.1407764
-0.8248841,-2.872161,0.006089624,5.82813,0.5427145,-0.73402405,2.0806506,-1.9641597
-0.7227326,-2.8594515,-0.01569525,5.6233454,0.7960474,-0.7161319,2.0709453,-2.1791408
-0.78097427,-3.0476298,-0.04734227,5.6731024,0.8835667,-0.67497176,2.0224688,-2.0754025
-0.7819105,-2.7053528,-0.08588619,5.5582933,0.8743064,-0.5704161,2.3078742,-1.9660606
-0.92963165,-2.9842217,0.04074487,5.6892886,0.56374997,-0.7630185,2.2000093,-2.1952584
-1.0422435,-2.8534875,-0.17081094,5.980944,0.41276285,-0.79965484,2.1496372,-1.9757686
-0.57245773,-2.8787823,0.16087595,5.7666516,0.5520032,-0.61621684,2.0195806,-2.030565
-0.8690398,-2.971207,-0.14253305,5.921041,0.5221413,-0.7269348,2.0716448,-2.2931786
-0.99939746,-2.839516,0.47525957,5.688275,0.11127211,-0.86924523,1.9828895,-2.1347775
-0.9892047,-2.8151498,0.16114168,5.737931,0.4320579,-0.6341587,2.14308,-2.2204292
-0.6959011,-2.8835068,-0.07030608,5.6464224,0.8528787,-0.7007284,2.1216536,-2.1545424
-0.65269357,-2.983624,0.068296894,5.797398,0.56693506,-0.61708796,2.059825,-2.013668
-0.6955705,-2.8914208,0.35121366,5.8474975,0.31184435,-0.6118729,1.9842014,-2.0362914
-0.8122591,-2.9545941,0.37558955,6.1357427,-0.22857353,-0.7627625,2.1345327,-2.1252267
-1.050517,-2.7813823,0.19742504,6.1440525,-0.05079115,-0.8720653,2.2024863,-2.1357083
-0.90396285,-2.7636983,0.28414038,6.346452,-0.19786648,-0.6414815,2.104006,-2.146821
-0.9716943,-2.8884785,0.3848852,6.153458,-0.35219333,-0.8590111,2.1762187,-2.1104493
-0.8099564,-2.8379226,0.5819265,6.200382,-0.35552654,-0.6844086,2.0525124,-2.2002525
-0.9192518,-2.939168,0.34577125,6.2269454,-0.3064043,-0.8801625,2.0423312,-2.2941892
-0.620859,-3.0029233,0.830925,5.8298626,-0.22287038,-0.6586777,1.7923061,-2.1282907
-0.598738,-2.9668639,1.4260527,5.5554905,-0.5512601,-0.76909447,1.9353487,-2.2061338
-0.6993654,-2.9480338,1.7347265,5.4783463,-0.743775,-0.6435142,2.1750503,-2.1748803
-0.9835917,-2.7721646,1.5626792,4.983291,-0.14500384,-0.76025826,2.003689,-2.1585524
-0.9424735,-2.8231013,1.2847573,4.972363,0.009094685,-0.814157,1.9332715,-2.072306
-0.86459917,-2.9260745,1.2281209,4.714256,0.34814528,-0.81220114,2.0556314,-2.1753561
-1.0536591,-2.8405092,0.9976057,4.801454,0.5851408,-0.7624545,2.1505618,-2.399032
-1.0324827,-2.829913,0.70642626,4.805176,0.7830556,-0.6668552,2.0342596,-2.150851
-1.052878,-2.7852745,0.46593028,5.072359,0.7099311,-0.7476849,2.0762534,-2.3048234
-0.7400303,-2.9433148,0.659636,5.1329665,0.5399535,-0.6534784,2.2092547,-1.9777782
-0.59022844,-2.8983147,0.6935549,5.124082,0.68124235,-0.63936305,2.2276099,-2.1663353
-1.1028165,-2.7319436,0.5623601,5.043814,0.6930751,-0.72525847,2.2808056,-2.0992882
-0.8490945,-2.806276,0.24991968,5.132779,1.1516461,-0.75495505,2.1523058,-2.0112243
-0.9215521,-2.9028158,0.28798088,5.236669,0.80551815,-0.73445725,1.9510032,-2.2524135
-0.8423957,-2.857487,0.36419395,5.1663713,0.8298449,-0.6829006,1.9912153,-2.1143744
-0.92853606,-2.7477262,0.3967796,5.1242447,0.9378371,-0.68762946,2.130921,-2.3041108
-0.9930784,-2.9546928,0.4489717,5.049626,0.7855064,-0.79154915,2.0663056,-2.2070026
-0.8468393,-2.8694167,0.8241617,4.788984,0.7269594,-0.69332886,2.2907248,-2.1770115
-0.60353374,-2.8112755,0.40962586,5.018987,1.303088,-0.6264986,2.0659106,-2.0613565
-0.36757442,-2.8728004,0.3208704,5.175187,1.3001544,-0.5767891,1.9627386,-1.9748743
-0.89323306,-2.7869246,0.433471,5.2958713,0.68218637,-0.6933973,2.235939,-2.3259706
-0.655849,-2.8069267,0.123465374,5.5613847,0.8704643,-0.63639015,2.2955813,-2.1511571
-0.7988714,-2.9028373,-0.09617405,5.7223825,0.513171,-0.9111594,2.1727614,-1.8863968
-1.2179008,-2.7838087,0.22218753,5.287292,0.7347124,-0.7457512,2.0235858,-2.2091813
-0.77427536,-3.0250216,-0.10562115,5.0693297,1.4515736,-0.7063207,2.1020596,-2.1841273
-0.70027727,-2.9183786,-0.038502216,5.267205,1.2481099,-0.74772507,2.061595,-2.0605614
-0.6135666,-2.942197,0.014855671,5.8077097,0.66470367,-0.7713208,2.02755,-2.0388296
-0.7448993,-2.8719783,0.16945471,5.6667166,0.6370448,-0.72195524,2.0762322,-2.2179627
-0.74335015,-2.9098136,-0.061318725,5.6291137,0.78870577,-0.54806703,2.028846,-2.0565588
-0.4469676,-3.0344377,-0.29547495,5.7415085,1.0653185,-0.63059074,2.2212505,-2.2255836
-0.8050268,-2.9289548,-0.25093344,5.557987,1.1699247,-0.74782693,2.078774,-2.2236435
-0.9237868,-2.8116806,-0.2682141,5.5620728,1.0274864,-0.66872615,2.1573586,-2.1148443
-1.0445436,-2.8756618,0.03333,5.4567523,0.77536,-0.7644346,2.0477073,-2.2397604
-0.9079938,-2.7279656,0.17722791,5.6801343,0.58134997,-0.6707796,2.124931,-2.0507262
-0.7648279,-2.942,0.20268886,5.7515965,0.5003278,-0.7361374,2.1533844,-2.0237424
-0.68502533,-2.8572273,-0.51410484,6.4547977,0.49775186,-0.684372,2.0890734,-2.01043
-0.7430478,-2.892399,-0.24759549,6.3348074,0.46252888,-0.4959523,1.9694419,-2.1349132
-0.70812124,-2.9164486,-0.214893,6.319679,0.32543877,-0.6184876,2.177771,-2.0997477
-0.43765166,-3.0417886,0.08793967,6.212523,0.37526095,-0.5930378,2.0533614,-2.0892515
-0.70001256,-2.809638,0.17431535,6.153139,0.14914158,-0.67083263,2.1769607,-2.0450323
-0.6912819,-2.9398143,-0.030840455,6.2993293,0.1812219,-0.6512633,2.2003388,-2.1117926
-0.48303974,-2.9539425,0.24282868,6.4995456,-0.0036388927,-0.5198717,2.0179803,-2.0735662
-0.55480003,-2.9677415,0.11743839,6.486421,0.10221954,-0.6771807,2.1441824,-2.0738962
-1.0284206,-2.8708665,-0.23038605,6.2335706,0.17026961,-0.7547493,1.9322057,-2.2200289
-0.8150104,-2.8121853,-0.43569413,6.515519,0.29910347,-0.67033136,1.8739225,-2.2622378
-0.9481533,-2.9085836,-0.52076584,6.125608,0.6800081,-0.8408624,2.1500168,-2.2293344
-1.0396093,-2.7867794,-0.26889658,5.782623,0.7699183,-0.6720398,2.2002401,-2.1440804
-0.73362625,-2.8913503,-0.6424236,6.0957546,0.95680845,-0.6603631,2.0742266,-2.2601779
-0.86704767,-2.9267843,-0.6519716,6.1049924,0.92881787,-0.77438045,1.9803181,-2.389507
-0.79549,-2.8789616,-0.9354377,6.246428,0.9984794,-0.800558,2.014137,-2.0220919
-0.55349976,-2.9605753,-0.78511,6.278361,0.9936151,-0.6106522,2.0744176,-2.172698
-0.6332429,-3.0362651,-0.36427313,6.006143,0.85152537,-0.69927144,2.1430035,-2.1526523
-0.8948236,-2.8978522,-0.42945895,6.223612,0.55034935,-0.64582735,2.0437791,-2.310897
-0.9187022,-2.809097,-0.16014493,5.8479342,0.6266682,-0.642165,2.0403528,-1.8087742
-0.77596474,-2.8535302,-0.0069570527,6.2711525,0.25843072,-0.6852107,2.2607603,-2.1134439
-0.48606652,-2.9733617,-0.101987064,6.296977,0.40673557,-0.5496132,2.2574022,-2.0393257
-0.5559935,-2.9048517,0.00645816,6.2771587,0.27266917,-0.6276707,2.2091806,-2.1405056
-0.7813032,-2.8126438,-0.055049248,6.5274553,-0.042918947,-0.6168552,2.2151651,-2.1246002
-0.67591774,-2.981053,0.07556984,6.329343,0.04716762,-0.647912,2.0762718,-2.050689
-0.8062838,-2.9013958,0.06909505,6.1994953,0.07432058,-0.6728382,2.0670233,-2.147741
-0.72700644,-2.8587244,0.504327,6.0256057,-0.08259503,-0.6197011,2.0136628,-2.179116
-0.6663235,-2.9064984,0.5219937,5.8429375,0.066656426,-0.604459,1.985381,-2.0908153
-0.8873525,-2.8547206,0.47930488,5.8753686,-0.040837962,-0.7861075,2.2323122,-2.1379895
-0.67666394,-2.971851,0.6339537,5.834579,-0.014313278,-0.81191444,2.0487719,-2.027655
-1.0572817,-2.8988304,0.669265,5.6162634,-0.06880065,-0.8170736,1.9312996,-2.0504763
-0.7918491,-3.007503,0.50408965,5.920148,0.01473494,-0.57236326,2.057043,-2.0228038
-0.79414135,-2.7217338,1.0697005,5.2695456,0.10407378,-0.6279213,2.2439806,-2.1871753
-0.94022346,-2.9543433,1.196496,4.9737306,0.16530803,-0.742957,1.9625006,-2.1343575
-1.21264,-2.7552729,1.2628314,4.909303,0.08364826,-0.86243725,2.0539184,-2.0133
-0.7996909,-2.8963232,1.6857826,5.035494,-0.35228294,-0.7054498,2.0028753,-2.0993803
-0.9482979,-2.8097742,1.5857764,5.5660734,-0.8905572,-0.75986165,1.8226546,-1.9120082
-0.9901909,-2.849371,0.93878555,5.96632,-0.60615635,-0.7469095,1.942707,-2.1262307
-0.85707,-2.7445006,0.9681311,5.8595657,-0.35413677,-0.6011055,2.1957648,-2.1220324
-0.5057053,-2.9711008,0.9210821,5.7354374,-0.10980693,-0.62161356,2.1192725,-2.2449837
-0.6504776,-3.1206172,0.7883625,5.909624,-0.1965222,-0.67535764,2.1957746,-2.1148891
-1.0388079,-2.8101826,0.8578377,6.0400915,-0.54372495,-0.72196627,2.1436095,-2.1381862
-0.83791596,-2.875706,0.606241,6.276944,-0.5593896,-0.76410687,2.357476,-2.1204684
-0.9357054,-2.7185297,1.1221758,5.811449,-0.5905613,-0.7195443,2.0482297,-2.0607896
-1.097613,-2.8184013,1.1540674,5.412166,-0.4149404,-0.91989845,2.0948513,-2.2288947
-0.49714628,-2.874638,1.0384972,5.3991637,0.34376785,-0.59501475,2.1269963,-2.1051624
-0.88082457,-2.9305577,0.62330264,5.2021875,0.5949015,-0.654836,2.2083063,-1.9370091
-0.869812,-2.8485248,0.27425283,5.3999114,0.73355764,-0.7451795,1.8642755,-2.1646905
-0.7928864,-2.9184124,0.5505408,5.682079,0.1600264,-0.87745863,2.0769138,-2.0880847
-0.9976238,-2.860371,0.54694766,5.3095727,0.3295314,-0.7287146,2.0480711,-2.138975
-0.60506874,-2.972471,0.6552711,5.1338205,0.7888176,-0.62149775,2.0523791,-2.0258553
-1.116984,-2.7368267,0.7395556,4.7376204,0.74407166,-0.89120185,2.2241092,-2.059078
-0.93401086,-3.0199788,1.0117092,4.9711246,0.3332956,-0.8599139,2.2739425,-2.1097753
-0.91773933,-2.9640436,0.9751623,4.9018016,0.40608186,-0.76057315,1.9970572,-2.176709
-1.0168887,-2.7806625,0.90673876,4.9722657,0.39451528,-0.7226875,2.0303183,-2.008751
-0.95054376,-2.8401675,1.0872825,5.232315,0.018613545,-0.667394,2.012357,-2.2398732
-0.80522394,-3.062089,0.59172505,5.457374,0.38257462,-0.66883796,1.9608508,-2.2025146
-0.6941567,-2.9297721,0.7387791,5.1690965,0.5033841,-0.67694336,2.1876419,-2.2486105
-0.52742195,-3.0079715,0.7228665,5.3183613,0.42128304,-0.6718698,2.1008127,-1.960939
-0.73740965,-2.858438,0.4427662,5.565375,0.5332733,-0.6302311,1.955998,-2.2544882
-0.79043657,-2.9939451,0.29749495,5.9485373,0.09476651,-0.696357,2.040544,-2.0386548
-0.78415847,-2.915743,0.3344769,5.631422,0.4455246,-0.8365988,1.9053084,-2.308118
-0.85137314,-2.8389437,0.26888162,5.2517147,0.9143986,-0.73308617,1.983975,-2.1379747
-1.0162367,-2.8865607,-0.64085704,5.9294076,0.9746839,-0.75318235,2.135057,-2.199983
-1.1524371,-2.6501985,-0.5513759,6.091615,0.78317857,-0.8392823,2.143296,-2.084725
-0.6338816,-2.9643734,-0.13948712,6.0370727,0.52829397,-0.71950585,2.113036,-2.1289442
-0.76645184,-2.9341128,-0.1701385,6.2501864,0.39453602,-0.8041133,2.0580385,-2.2395074
-0.69709224,-2.8093271,-0.052829836,6.3997035,0.16160727,-0.67216665,2.2379634,-2.2027493
-0.9161478,-2.9118288,-0.39977676,6.604534,0.04528953,-0.74268216,2.0121992,-2.1870334
-0.9108863,-2.9170065,-0.4782566,6.552864,0.2574566,-0.7506959,2.173749,-2.1799984
-0.8581643,-2.8886013,-0.41673267,6.461799,0.3358368,-0.7547367,2.0831068,-2.1900501
-0.5226892,-2.9202192,-0.24284361,6.4081116,0.40235445,-0.65961844,1.9729469,-1.9437802
-0.6974156,-2.9460618,-0.15852351,6.328571,0.30304378,-0.6265217,1.9817363,-2.0808399
-0.9202221,-2.779077,0.11629344,5.874183,0.4050538,-0.73854464,2.0659451,-2.0328372
-0.8822511,-2.944742,0.07404627,5.9113226,0.32455033,-0.6608879,1.9776412,-2.2439165
-0.8076993,-3.0148711,0.6084604,5.5710964,0.109409094,-0.7551018,2.0722628,-2.0567539
-1.0018506,-2.802141,0.5373029,5.647423,0.19554006,-0.83074933,1.9651225,-2.0922415
-0.87422764,-2.8052192,0.54144037,5.6918416,-0.008090153,-0.8011157,2.0676632,-2.1803534
-0.7052462,-2.8746676,0.8742795,5.438298,0.10386825,-0.71018815,2.0477402,-2.158747
-1.0082991,-2.8282475,0.5905236,5.0140576,0.64215565,-0.80541855,2.133692,-2.0022185
-0.8364405,-2.765116,1.0634291,4.653272,0.67261624,-0.6525966,2.0244873,-2.0507393
-0.92612404,-2.8106427,1.0500709,5.0717316,0.32744098,-0.7002743,2.1628752,-2.0695045
-0.3957622,-2.9877517,0.9289529,5.2986875,0.43723014,-0.48658782,2.0387866,-1.9187275
-0.659063,-3.0075264,0.71857595,5.570485,0.15084405,-0.6902305,1.9871687,-2.0949273
-0.7201969,-2.8994377,0.39061853,5.7704277,0.26304048,-0.68702775,2.0389278,-2.140645
-0.7355282,-2.9384305,0.4599919,5.877056,0.078957215,-0.68571097,1.9414917,-2.1565573
-0.84031504,-2.920256,0.50629306,5.811499,0.015339322,-0.79443955,1.999648,-2.2252162
-0.7858001,-2.9470828,0.46278277,5.8869414,0.16386801,-0.73844564,2.1059825,-2.1629474
-0.66244847,-3.0231068,0.19112925,5.7266135,0.54969317,-0.76318115,2.18221,-2.030956
-0.8494937,-2.8432648,0.20321202,5.4603662,0.6433547,-0.78612864,2.2417042,-2.0974295
-0.7756976,-2.9789524,0.06535061,5.8056574,0.5609146,-0.7643431,2.0769188,-2.1666906
-0.93544334,-2.9630072,-0.2408426,5.737089,0.7420922,-0.72308207,2.1515577,-2.0769436
-0.6930704,-2.915562,-0.18423387,5.8258877,0.79404145,-0.6612439,2.1715174,-2.0441358
-1.0207354,-2.855,-0.13185847,5.611941,0.75150436,-0.71894956,2.0715265,-2.1463802
-0.56616193,-2.9590676,-0.07105804,5.8625655,0.81086457,-0.70454514,1.8439549,-2.2275262
-0.49214184,-3.0692062,-0.46343625,6.2719946,0.71601504,-0.6208889,2.0850823,-2.278885
-0.36062032,-3.0243535,-0.31590497,6.251821,0.81634814,-0.57434213,1.9423896,-2.0275054
-0.74827904,-2.9036758,-0.009797377,5.91809,0.50378543,-0.71416086,1.9659983,-2.0340447
-0.52023333,-3.0132072,0.6994607,5.518693,0.33508685,-0.67707425,2.0875337,-1.9562223
-0.7088608,-2.9438114,0.3218662,5.497611,0.63593155,-0.68466586,2.1176102,-2.256378
-0.8633608,-2.9192014,0.37473112,5.3812447,0.61849874,-0.72957623,2.0186367,-2.2599328
-0.6135645,-3.0136344,0.1724406,5.971326,0.37905037,-0.7026569,2.2225194,-1.8989468
-0.95457083,-2.9334455,0.17251255,5.956412,0.17466451,-0.7145219,2.0594387,-1.9986941
-0.5495483,-3.096245,0.9513015,5.6255383,-0.07801272,-0.8025688,2.1221616,-2.0350068
-0.72898126,-3.013846,0.7353413,5.32112,0.48363242,-0.7297958,1.9270146,-2.3816836
-1.1433946,-2.8361802,0.8235794,5.126714,0.29332775,-0.91515285,2.188308,-2.1056232
-0.82253104,-2.914184,1.076433,4.927673,0.2926043,-0.80862045,1.7586058,-2.1338515
-0.82073045,-2.8610246,1.53185,4.9541345,-0.10911386,-0.650257,2.189368,-2.1361368
-0.8105041,-2.9075267,1.2111936,5.233774,-0.1527046,-0.7728866,1.7663265,-2.0927618
-0.9322554,-3.0166895,0.9081314,5.424148,-0.017952515,-0.68394804,2.0914054,-2.20682
-0.79357874,-2.8537588,1.0278847,5.3509674,0.06398762,-0.534527,2.1345704,-1.9452336
-1.1326021,-2.8531249,0.77996045,5.776984,-0.45108935,-0.8884062,2.2244668,-2.1231964
-0.8380738,-2.8624356,1.0939826,5.708304,-0.43422997,-0.7154893,2.2399852,-2.335557
-0.94270027,-2.768117,0.9570938,5.862519,-0.3636009,-1.0206987,2.1892533,-1.9777691
-0.76619506,-2.9171162,0.6509009,5.837253,-0.064491555,-0.6607386,2.0341668,-2.0792868
-0.7244945,-2.8710232,0.7097606,5.822284,-0.034430034,-0.6436395,2.1917207,-2.2616758
-0.68838984,-3.0242004,0.43065718,6.0709386,0.0013414185,-0.61803263,2.1521902,-2.2678668
-0.9306882,-2.8239691,0.4588449,6.2611637,-0.3334244,-0.81724924,2.0505917,-2.0443134
-0.7108297,-2.936944,0.5386083,6.130329,-0.13032751,-0.66969687,2.0584705,-2.147358
-0.8333773,-2.8944237,0.47399604,6.255005,-0.31514272,-0.69591135,2.1582499,-2.1430361
-0.8350064,-2.86407,0.6265972,6.141998,-0.30417317,-0.7198969,2.3412452,-1.9848698
-0.9576132,-2.7963579,0.35155737,5.9929166,-0.03170224,-0.66485643,2.1703753,-2.2063634
-0.5295001,-2.9370797,0.5144489,5.678353,0.38238975,-0.59930795,2.212224,-2.0208023
-0.8647783,-2.8296397,0.5520899,5.9083686,-0.0023462563,-0.7523177,2.0629454,-2.2580407
-0.83915013,-2.8422108,0.46991646,6.080047,-0.1424167,-0.8763433,2.0140102,-2.011416
-0.8406933,-2.9210699,0.5565659,6.055026,-0.38700527,-0.68337935,2.0412998,-2.140718
-0.7372587,-2.8709435,0.34198388,6.117326,0.011175685,-0.7078488,2.0376256,-2.0716307
-0.8826661,-2.8202043,0.46433902,5.7626467,0.08573348,-0.6609611,2.1244073,-2.124547
-0.7172377,-2.8391926,0.32445282,6.1591625,-0.015804624,-0.6991571,2.0515802,-1.9756671
-0.7897701,-2.8581235,0.25264892,5.98504,0.08876555,-0.74834627,2.0280607,-2.0962713
-0.89007604,-2.8326883,-0.10504848,6.250324,0.21307175,-0.6103818,2.217542,-2.3007288
-1.0987473,-2.6647031,-0.27185386,6.438735,0.032626186,-0.77986807,2.30004,-2.0991063
-0.8192445,-2.9381452,-0.35249415,6.537799,0.17159037,-0.71003,2.0943186,-2.2786133
-0.8347655,-2.8120863,-0.16717665,6.4043474,0.17781277,-0.75021106,2.2624981,-1.912116
-0.85530126,-2.8663743,0.084988885,6.355503,-0.0288057,-0.7332032,2.0532432,-2.1776803
-0.80830497,-2.9389162,0.28158563,5.8294606,0.16831066,-0.6106679,2.1822357,-2.0094686
-0.8201786,-2.8837883,0.395835,6.0243864,-0.12699297,-0.76014596,2.1133037,-2.1746464
-0.8653471,-2.8664734,0.2649931,6.151957,-0.04703871,-0.72842914,2.190143,-2.1855333
-0.75590867,-2.9489923,0.50591594,5.9055877,-0.025927557,-0.7833749,2.056748,-2.2506907
-0.75421786,-2.9002244,0.25897345,6.1529813,0.03348871,-0.632917,2.0030413,-2.1956544
-0.6578895,-2.9966667,0.5407333,5.875977,0.075552024,-0.59275824,1.9372029,-2.0922153
-0.70649934,-2.9889138,0.57295996,6.0222607,-0.17790443,-0.5725634,2.023134,-2.1727622
-0.87982064,-2.8536353,0.08216907,6.031161,0.17990695,-0.75341856,2.1077125,-2.1973677
-0.9794057,-2.8340156,0.13165995,5.911641,0.29061246,-0.7684077,2.0127127,-2.2324648
-0.712923,-2.8663757,0.08185038,5.989565,0.4548172,-0.6261824,2.067365,-1.8927635
-1.0703264,-2.8700147,0.1085223,5.7130265,0.49112263,-0.7030839,2.1239045,-2.0894816
-0.70635504,-2.8975892,-0.14381993,5.332441,1.2575446,-0.71449864,2.0726516,-2.1001978
-0.79220814,-2.970441,-0.12115459,5.0488653,1.4664754,-0.7603671,2.0438497,-2.140278
-0.5292572,-3.161533,-0.3621321,5.3972626,1.5091866,-0.6758548,2.1486292,-2.1317933
-1.0941311,-2.787839,-0.71985865,5.619719,1.3969725,-0.78133976,2.1254907,-2.2697039
-0.62238705,-2.840315,-0.80385995,5.7992983,1.5824989,-0.6203855,2.0385432,-2.1410098
-1.0234164,-2.82647,-0.74313337,5.6142015,1.5359966,-0.782467,2.0473957,-2.329204
-0.92996216,-2.8540127,-0.99482596,5.5905743,1.6146357,-0.81465787,2.1611574,-2.0803711
-0.66223,-2.9939885,-0.803797,5.860663,1.3393862,-0.6749293,2.1535327,-1.9546429
-0.74651223,-2.9933815,-0.60108507,5.6016192,1.4885901,-0.6804965,2.1904185,-2.2540655
-0.76626045,-2.8984318,-0.3984132,5.5510173,1.198488,-0.7097183,2.3433065,-2.1644638
-0.5255827,-3.0006573,0.14373471,5.30372,1.0155902,-0.7099707,1.8184783,-1.9857072
-0.8971368,-2.871295,-0.1146371,5.444859,1.0735277,-0.7480446,2.142854,-2.1228397
-0.82643497,-2.913827,-0.45584455,5.6963763,1.0753814,-0.69548315,2.2353714,-1.9761652
-0.73614615,-3.01195,-0.40415588,5.497376,1.4227645,-0.6977317,2.152701,-2.2928343
-0.7906272,-2.7919097,-0.37500745,5.5410957,1.2946224,-0.61821294,2.1622462,-2.1490927
-0.8102614,-2.943657,0.0045988346,5.549947,0.8597881,-0.76174873,2.120696,-2.0559824
-0.7674243,-2.9830751,-0.24346755,5.7688994,0.92928016,-0.6282345,2.0616405,-2.1651819
-1.181519,-2.776614,-0.24097167,5.5287833,0.86358297,-0.75528675,2.0828981,-2.0808516
-0.9016571,-2.8747396,0.16916882,5.337094,0.8719267,-0.6367748,1.8808701,-2.1490128
-1.0109833,-2.897279,0.025461221,5.240175,1.0603119,-0.6955374,2.1008487,-2.1703553
-0.5452304,-3.0004025,-0.14530605,5.7179346,0.9757431,-0.74232376,2.2418096,-2.0203247
-0.6332328,-2.880895,0.29720673,5.382569,0.87936455,-0.6432227,2.029952,-2.1065395
-1.098448,-2.776325,0.019688226,5.318411,0.7996195,-0.76651204,2.3389478,-2.1860886
-0.7977552,-2.92006,0.3199494,5.497404,0.48618534,-1.0172228,1.9810185,-2.0512955
-0.9521694,-2.8974288,0.33688566,5.8488836,0.09910331,-0.8352804,2.0088656,-2.1433058
-1.0503366,-2.7926824,0.057098296,5.6017237,0.6304514,-0.6849018,2.0474534,-2.0721521
-0.98694277,-2.7315717,0.29901168,5.2296524,0.8901958,-0.79221404,2.3480625,-2.0108228
-1.0139832,-2.8324265,-0.0502473,5.1799736,1.1410035,-0.66132456,2.1777618,-2.2971034
-0.69815934,-2.9997485,0.301881,5.1897054,0.9738166,-0.62684375,2.1926386,-2.2659092
-0.93520236,-2.80978,0.007968015,5.6178694,0.77844095,-0.76573664,1.8768884,-2.1241791
-0.8016992,-2.8794281,-0.30268902,5.820434,0.8464694,-0.77701145,2.1057096,-2.210119
-0.55201674,-2.9828057,0.07346797,5.895057,0.45952666,-0.59443134,2.186047,-2.0441086
-0.63411933,-2.910368,0.28485817,5.575684,0.5838125,-0.6648755,2.2050717,-2.0721567
-0.95839214,-2.8991108,0.09198252,5.464136,0.7904484,-0.7953732,2.0516264,-2.129935
-0.8238145,-2.877427,0.24215639,5.3377943,0.8114503,-0.62836576,1.9741884,-2.0812612
-0.6061625,-2.9550488,0.6762159,5.0663195,0.92373914,-0.79145443,2.1068437,-2.0104978
-0.91906154,-2.834997,0.4565469,4.9119496,0.90132046,-0.64468366,2.1457627,-1.9772794
-1.122971,-2.667443,0.3706631,5.2739506,0.4834471,-0.7503313,2.1850867,-2.0013213
-0.9356696,-2.8597429,-0.47747183,5.584461,1.1864357,-0.7297765,2.358711,-2.1536384
-0.8062988,-2.9355164,-0.6151956,5.9317627,0.9495369,-0.78636277,2.0817647,-2.2547789
-0.53634274,-2.9866579,-0.23085517,5.6061306,1.206069,-0.6489123,2.0216434,-1.9970027
-0.6804827,-3.0189722,-0.19812746,5.8736115,0.79108465,-0.7406358,2.0690808,-2.02057
-0.7724782,-2.9149435,-0.3163786,5.930732,0.8052283,-0.6102887,2.1848679,-2.0573802
-0.8694584,-2.8908615,0.034462184,5.67178,0.75002867,-0.66238874,2.0568206,-2.2193034
-0.87285817,-2.9128523,0.1905593,5.6322565,0.48612842,-0.7176206,2.224659,-2.2489195
-0.8298832,-2.8740797,0.4102756,5.187748,0.83050704,-0.79667044,2.161834,-2.3335774
-0.73665416,-2.9449346,0.47722962,5.5472507,0.48204082,-0.6542793,2.215871,-2.1310115
-0.48419306,-2.8496587,1.1450849,5.312032,0.26814398,-0.59257567,1.9594573,-1.9033173
-0.5925089,-2.83879,1.3455733,5.085141,0.12793157,-0.6720313,2.1887145,-2.148165
-0.8261813,-2.8354511,1.1195518,5.4779367,-0.055942096,-0.6207383,1.9968071,-2.3255684
-0.6529626,-2.9187543,1.3529282,5.1421366,0.024491535,-0.56445336,2.2293906,-2.1125548
-0.7092444,-2.970048,1.1097174,4.636551,0.6884058,-0.7017447,2.0075204,-2.2538872
-0.8832264,-2.9089382,0.88690597,4.755926,0.5711211,-0.85655093,1.9875702,-2.0384443
-1.0432618,-2.8134143,0.72276616,5.047484,0.53592825,-0.7717745,1.9117153,-2.2116776
-0.7314218,-2.99956,0.9644658,4.781605,0.67052794,-0.7535683,2.3242376,-2.1341538
-0.6889149,-2.8854578,0.5221827,5.237649,0.75558585,-0.67598236,1.919369,-2.192567
-0.9318939,-2.8724253,0.48000664,5.2161717,0.6031685,-0.80146563,2.1815486,-1.9876635
-1.0390394,-2.874649,0.61538744,5.3472743,0.35469282,-0.92001194,2.0862763,-2.0508206
-1.1528984,-2.6837826,0.7593578,5.1227036,0.28048667,-0.74634093,2.2511024,-2.0526938
-0.91267043,-2.8917375,0.2577969,5.3883767,0.6142108,-0.9027366,1.9189953,-1.9955115
-0.8332502,-3.122303,0.38805097,5.160335,0.74767476,-0.7402981,2.0261712,-2.1266572
-0.99195385,-2.8748822,0.2714926,5.1665773,0.82879615,-0.76060456,2.0009375,-2.260727
-0.9187452,-2.7343454,0.27872807,5.2144003,0.8099152,-0.705913,2.0703733,-2.233809
-1.061134,-2.7435994,0.7223814,5.073976,0.4166002,-0.85277086,2.1493804,-2.0514255
-0.74001086,-2.9512064,0.35678616,5.0264325,0.94537485,-0.64828783,2.1569095,-2.0643241
-0.46262473,-2.8639789,0.85051614,5.0419025,0.765709,-0.6851965,2.2052739,-2.0681498
-0.7664993,-2.9629111,0.35240424,4.9430823,1.0834984,-0.6650369,2.1698263,-2.1259558
-0.65011257,-2.8639507,0.67756027,4.567257,1.2002559,-0.59976745,2.030375,-2.1533334
-0.9251248,-2.867202,0.552866,5.0102377,0.89045227,-0.6160713,2.1609182,-2.1307962
-0.7656391,-2.906198,0.3109601,4.8280463,1.1438038,-0.79644185,2.0859542,-1.9785966
-0.6107524,-2.9497993,0.26732823,5.172559,1.0293816,-0.72806,2.0410438,-2.2168252
-0.71439683,-2.8745437,-0.13430357,4.8328032,1.7128052,-0.73500663,1.9528232,-2.057462
-0.94998866,-2.7796774,-0.027213443,5.280441,1.1685379,-0.7214879,2.2729735,-2.1917317
-0.6883364,-2.9609406,0.044315517,5.2660503,1.1112653,-0.7891011,2.067574,-1.9669503
-0.7013454,-2.939504,0.032398973,4.8915424,1.5675488,-0.70935094,2.0222201,-2.2671611
-0.8900095,-2.8234153,-0.41717896,5.075894,1.6886444,-0.67679495,2.0773115,-2.2845504
-0.6222775,-2.8554738,-0.059779562,5.065133,1.384811,-0.6533264,2.2059503,-2.1226928
-0.7526401,-2.9112048,0.10769464,5.2260213,0.9032663,-0.8141728,2.1501217,-2.1634836
-0.6746176,-2.9424644,-0.16328189,5.628466,0.9323836,-0.5851875,2.0896897,-2.0502644
-0.5372773,-2.972611,-0.3437923,5.8172846,1.0005596,-0.6829935,2.3869917,-2.070038
-0.74189085,-2.9403968,-0.64825743,5.950313,1.090303,-0.5556348,2.0166638,-2.2466178
-0.71883655,-2.8434384,-0.57649416,5.995306,0.9145049,-0.70855486,1.9915907,-2.1728184
-1.1839979,-2.757194,-0.22724245,6.036836,0.3799491,-0.8413119,2.048399,-2.2624595
-0.6771592,-2.789175,-0.33887142,6.170274,0.6007493,-0.7069542,2.1698244,-2.2897441
-0.98364884,-2.7977393,-0.46038035,6.125042,0.530456,-0.7929912,2.1618207,-2.2527125
-0.80972934,-2.9230409,-1.1364075,6.505208,0.9973995,-0.66413486,2.1875556,-2.1185465
-0.8106107,-2.9690492,-0.7158478,6.454463,0.6950259,-0.755152,2.212563,-2.1177182
-0.948707,-2.866825,-0.46321937,6.067314,0.6924987,-0.86045897,2.2658863,-2.1734593
-0.5935594,-2.8647654,-0.64414555,6.058272,1.2181866,-0.6072432,2.0829687,-2.1174545
-0.49195147,-2.864367,-0.7346663,6.0027995,1.406352,-0.56943375,2.152706,-1.9784458
-0.7080409,-3.0171943,-0.6815852,5.8287215,1.2430862,-0.67396975,2.102581,-2.1414258
-1.0193162,-2.7894573,-0.8814124,5.813247,1.3844085,-0.712452,2.0673304,-2.1560009
-0.8504475,-2.9297807,-0.63622195,6.166313,0.781699,-0.6931041,2.0533812,-2.25726
-0.8647936,-2.9599888,-0.5751162,6.3446093,0.5490489,-0.7381518,2.1280372,-2.2058117
-1.0252883,-2.8427727,-0.42793036,6.1948185,0.43877485,-0.69538754,2.145924,-2.036752
-0.71571726,-2.8888707,-0.13322704,6.1173162,0.4778423,-0.62486714,2.1130128,-2.2600708
-0.5464925,-2.8564095,-0.2727819,5.9649496,0.8854383,-0.662596,2.0420368,-2.0820444
-0.8721301,-2.8597763,-0.1344095,5.9413033,0.5032457,-0.73341286,1.8977093,-2.1372783
-0.9167763,-2.8467457,-0.09619095,5.9143677,0.4636992,-0.7507265,1.9216135,-2.2868252
-0.8637793,-2.7769508,-0.21508436,6.382954,0.33439967,-0.6862453,2.2315443,-2.1807525
-0.6858311,-2.9395897,-0.065648966,6.2838745,0.30092072,-0.76301163,1.8738611,-2.1590257
-0.5463502,-3.025351,-0.03661599,6.219398,0.32989278,-0.58720785,1.9977534,-2.1011863
-0.68559587,-2.962227,0.057071064,6.1521926,0.28910512,-0.6439916,2.1530457,-2.2237706
-0.6977555,-2.8645382,-0.22091354,6.1092453,0.52954423,-0.71388835,2.1862576,-1.9928703
-1.0138223,-2.855837,-0.5294379,5.8207245,0.88979757,-0.71715647,2.0487792,-2.2931094
-0.55879915,-3.0026028,-0.2129439,5.7837186,0.9084234,-0.7134735,2.1319528,-2.1631567
-0.8576457,-2.7727463,-0.3751574,5.880726,0.87944263,-0.7057504,2.1804035,-2.0944796
-0.77059484,-2.909732,-0.34817898,6.233821,0.50034297,-0.74383116,2.1075103,-2.3861232
-0.88600093,-2.8202982,-0.23330107,6.0848885,0.5398622,-0.65789515,2.1582105,-2.2525387
-0.7641703,-3.0244665,0.06921423,5.858526,0.60771763,-0.8048391,2.0963824,-1.9354361
-0.7969771,-2.9827857,-0.06445567,5.7128367,0.70546633,-0.7689705,2.095262,-2.1461835
-0.54008037,-2.998942,0.05939564,5.522921,0.9885432,-0.65236497,2.213613,-1.9890438
-0.9311442,-2.9105422,0.3112509,5.497628,0.40443596,-0.6868103,2.189957,-2.0338967
-0.71930945,-2.8655899,0.44814816,5.2675815,0.86722946,-0.6628837,2.1623447,-2.2583377
-0.5829999,-2.9621665,0.82234883,5.2851343,0.32712126,-0.6749225,1.9953012,-2.1634586
-0.8659567,-2.8111682,0.8307765,5.2413077,0.41956478,-0.74067646,2.05902,-2.0188315
-1.0671666,-2.7440894,0.7040719,5.0965,0.47763598,-0.8439471,2.3368125,-2.0797687
-0.82769006,-2.9060764,1.2844735,4.792394,0.35472873,-0.8451822,1.9205216,-2.2249978
-0.8537223,-2.8639057,1.4480613,4.727011,0.32330167,-0.7236174,1.9956868,-2.2859902
-0.94836825,-2.8233266,0.7514966,4.8158703,0.85963976,-0.706174,2.0293577,-2.1715055
-0.8608187,-2.8747668,0.62099975,4.8891835,0.89211035,-0.70576847,2.3845334,-2.1102595
-1.0041461,-2.863306,0.58628297,4.929505,0.81273985,-0.83685195,2.1009161,-2.0790274
-0.94597185,-2.8152082,0.27211973,5.174626,0.88990647,-0.7964523,2.4551625,-1.9443167
-0.9221954,-2.910829,0.24441077,4.981048,1.1793002,-0.6667193,2.0673246,-2.282693
-0.62392116,-2.8177054,-0.04319751,5.4655514,1.1043844,-0.6156985,2.1855881,-2.0564754
-0.95862955,-2.7650359,-0.42990786,5.6641564,1.2208798,-0.7015442,2.1776123,-2.0485263
-0.68426377,-2.8914716,-0.44094723,5.4631352,1.4212059,-0.74286133,2.2310226,-2.2006648
-0.89523405,-2.916792,-0.33652258,5.5393147,1.1743379,-0.6925548,2.0429227,-2.1681354
-0.7226374,-2.8864698,-0.26013187,5.4412374,1.2793165,-0.7486506,2.3084793,-2.194695
-1.0278302,-2.798081,0.08214964,5.1398563,1.0862026,-0.71826,1.9429477,-2.1375978
-0.66445196,-2.9734015,-0.039773565,5.620347,0.852848,-0.6674647,2.0396764,-2.150961
-0.590626,-2.9670281,0.15515843,5.1151543,1.1524173,-0.70646274,2.1327968,-2.0213532
-0.67660457,-2.925379,0.9927577,5.043664,0.32400325,-0.71992475,2.0716558,-2.165719
-0.9425215,-2.8170714,1.0233856,5.225871,0.09874487,-0.6677169,2.200021,-1.9262097
-0.8044324,-2.8847702,0.9636443,5.2318606,0.21614887,-0.6930949,2.1654198,-2.174552
-0.7259478,-2.9341505,1.0396265,5.331404,0.061477415,-0.7284978,2.023927,-2.0234456
-0.9751342,-2.8742266,0.9520057,4.92,0.3427045,-0.7059412,1.9543971,-2.3719795
-0.7798719,-2.917099,0.76670915,4.5048065,1.1351265,-0.6781387,2.1719315,-2.069635
-1.1322869,-2.833753,0.30955768,4.354295,1.4299073,-0.9173051,2.3772106,-1.977595
-0.9727316,-2.8373659,0.35308775,4.928658,1.0612513,-0.7008006,1.989115,-2.1079826
-1.0343544,-2.8471558,0.30206582,5.1965694,0.92450863,-0.8268818,2.1715348,-2.1064293
-0.9334982,-2.8118498,0.25077406,4.9263735,1.1765897,-0.7744588,2.3476949,-1.9793015
-0.81540465,-2.875988,0.051621996,4.5636625,1.7967007,-0.81433815,2.0171096,-2.1787117
-1.0120016,-2.857835,0.3529456,4.2246165,1.6419554,-0.80579585,1.8995765,-2.146662
-0.97948456,-2.9649246,0.38982326,4.5312343,1.325203,-0.78461856,2.1317034,-2.2670615
-0.65989226,-2.8945937,0.2602404,4.323274,1.8667719,-0.63645816,2.1371408,-2.1904042
-0.90773946,-3.0309153,0.51977855,4.45769,1.4469444,-0.76736826,2.2213058,-2.1748157
-0.67862,-2.9355667,0.57629275,5.0135612,1.0300477,-0.6757331,2.0540478,-2.1685598
-0.820795,-2.8772793,0.8786596,4.9862466,0.47423595,-0.6579421,2.2454486,-2.2473903
-0.8218341,-2.9359775,1.1008964,5.0229936,0.3701736,-0.7104004,2.1197004,-2.1862097
-1.0772465,-2.7891073,1.1989392,5.0619764,0.029763328,-0.67839754,1.9309685,-2.2096136
-0.5755923,-3.0007255,1.4733384,5.3521156,-0.33305198,-0.79437447,2.112477,-2.1849532
-1.1248294,-2.7671838,1.222811,5.457779,-0.50178015,-0.94133085,2.032386,-2.160757
-0.9417757,-2.8430822,1.107156,5.881466,-0.682985,-0.7199216,2.083423,-2.2529256
-0.6504386,-3.0614047,0.89295715,5.830258,-0.34468582,-0.6991361,1.80242,-1.9072095
-1.0329169,-2.7913635,-0.5393515,6.1302943,0.7307673,-0.7909575,2.057569,-2.1837287
-1.1101711,-2.8487308,-1.0053422,6.1193705,1.04392,-0.84399724,1.9001087,-1.9743383
-0.88274,-2.8798187,-0.6447407,6.2296777,0.7506715,-0.72585905,2.2110577,-2.0200386
-0.9878946,-2.9026773,-0.6190931,5.9699264,0.8848893,-0.87033904,2.1309373,-2.0492237
-0.9742082,-2.8269029,-0.76985407,5.940346,1.1701196,-0.734124,2.0137324,-2.2596295
-0.7613372,-2.9578447,-0.90694577,6.057616,1.2052126,-0.7272445,1.9438171,-2.0997717
-0.8745212,-2.8593054,-0.6761089,5.885012,1.2791296,-0.7004312,2.0039775,-2.1964629
-0.8628455,-2.9905472,-0.9846636,5.9676743,1.3073028,-0.64701897,2.2659512,-2.1930566
-0.8544963,-2.9799497,-0.69712365,5.8287234,1.179139,-0.7405599,1.9967004,-2.1715825
-0.775858,-2.876314,-0.5718678,6.0781245,0.966479,-0.69683015,2.1629567,-2.1612713
-0.76939577,-3.0678978,-0.09862601,5.892971,0.6271541,-0.6632348,1.9649087,-1.9498056
-0.82506526,-2.8236406,-0.17423223,6.2414403,0.45296207,-0.6571223,2.0734262,-2.0580084
-0.5653231,-3.099864,-0.1407548,6.3548374,0.29756168,-0.6468646,2.1806095,-2.1437309
-0.8239716,-2.8493226,-0.29983538,6.352189,0.3428541,-0.681479,1.9778727,-2.0958476
-0.71755546,-2.9233904,-0.46629295,6.2478414,0.6932787,-0.58057904,2.166432,-2.1210823
-0.82722974,-2.8958461,-1.0158412,6.8856773,0.5436562,-0.8252058,2.0712686,-1.9979291
-1.1162052,-2.760417,-0.44773704,6.691777,-0.025069429,-0.92771304,2.1480129,-2.0206344
-1.1829308,-2.784172,-0.5201772,6.561803,0.1382929,-0.8058579,2.1997766,-2.3816295
-0.74617016,-2.887774,-0.5957294,6.5171976,0.46149054,-0.83458203,1.952909,-2.1710038
-0.73614854,-3.0413268,-0.35447127,6.4432364,0.42431155,-0.50598717,2.0717535,-2.1410673
-0.79122275,-2.8588617,-0.39472973,6.3866343,0.32657573,-0.85704243,2.1806264,-2.1040812
-0.81026185,-2.8601484,-0.23194279,6.3905587,0.23447528,-0.59785986,2.139813,-2.1749496
-0.6278437,-2.9501994,-0.21663304,6.237162,0.43386626,-0.7261017,2.2125146,-2.0279324
-0.7951091,-2.7873726,0.21632914,6.084299,0.11848222,-0.83395135,1.9394313,-2.0298114
-0.8422507,-2.8488178,0.34347782,5.8987837,0.010740247,-0.6932765,2.0671184,-2.158426
-0.8268683,-2.8773072,0.3520972,5.954414,0.084614776,-0.78977174,1.884586,-2.142118
-0.83649385,-2.892267,0.18164502,6.359597,-0.1687402,-0.81722605,1.9154258,-2.1308503
-0.7254202,-2.904398,0.636553,6.11415,-0.40245128,-0.6623183,2.233788,-2.1142173
-0.93884903,-2.9331744,0.4898348,6.2153525,-0.44074163,-0.687785,2.1084385,-2.0252252
-0.8762283,-2.858346,0.73485655,6.244194,-0.5799364,-0.7427656,2.2089732,-1.975933
-0.7414708,-2.9252317,0.610961,6.315065,-0.6103632,-0.69761515,2.3626153,-1.9892327
-0.6631669,-3.106989,0.62878674,6.4313564,-0.6316103,-0.69462866,2.1062303,-2.1285446
-1.0065527,-2.799007,0.7094906,6.30848,-0.73307943,-0.8521086,1.9282397,-2.1761045
-0.90242255,-2.7686017,0.7757111,6.061739,-0.4510255,-0.6861535,2.061411,-2.1561146
-0.6196041,-2.9078496,1.0373474,5.749577,-0.2628669,-0.6526288,2.1669054,-2.1704857
-0.54118425,-3.0025811,1.0404925,5.6886663,-0.20833363,-0.6777053,2.0130742,-2.0799494
-0.8120299,-2.9312007,1.0757697,5.654662,-0.38553712,-0.6856887,2.1916444,-2.029044
-0.97562253,-2.7994306,0.90649056,5.4547973,-0.01755267,-0.6717364,2.1679604,-2.3606899
-0.74525094,-2.8453996,0.5329981,5.9769773,-0.02223669,-0.61160386,2.185318,-2.2817078
-0.883385,-2.9118521,0.27090383,6.1109686,-0.08423593,-0.8661742,2.1631458,-2.076994
-0.6127961,-2.9289057,0.6879142,5.8606825,-0.07633113,-0.67196137,2.2437577,-1.9709522
-0.50217676,-3.0469942,1.0631864,5.9097905,-0.3472339,-0.64881873,2.0808337,-2.0665038
-0.9860716,-2.7494655,0.54610986,6.0170984,-0.20305917,-0.7313535,2.3899808,-2.0771399
-0.68642414,-3.0140185,0.026259841,6.100489,0.27508652,-0.6358261,1.9764767,-2.1687102
-0.84825546,-3.0064714,-0.043930028,6.2735295,0.08681708,-0.78241086,2.132338,-2.1342304
-0.9805074,-2.8224597,-0.28247645,6.425,0.16541079,-1.0813435,1.9061677,-2.0812614
-0.8336973,-2.8713021,-0.26083663,6.127185,0.50841606,-0.6455855,2.1157608,-2.2532508
-0.7193988,-3.0030532,-0.05649955,6.258257,0.21578747,-0.5885779,1.983352,-1.8493629
-0.97337276,-2.9301295,-0.02345032,6.3606825,-0.06308232,-0.6975649,2.0563507,-2.1606612
-0.9644422,-2.8308666,0.19126621,6.3268585,-0.14692488,-0.71381694,2.3047206,-2.1319425
-0.8652921,-2.8416383,-0.51870203,6.4270678,0.40545437,-0.67060494,2.094995,-2.1444836
-0.7265073,-2.8826616,-0.46320987,6.6663165,0.29611072,-0.57737577,2.2286224,-2.0964477
-0.77516544,-2.9030495,-0.59561056,6.675925,0.27992094,-0.7192071,2.063751,-2.2379737
-0.9036935,-2.931465,-0.53194094,6.4974647,0.36121356,-0.8262828,2.1065388,-1.998711
-0.5373755,-2.9747121,-0.38089156,6.8379235,0.12676004,-0.6698855,2.1097238,-2.2028162
-0.8066233,-2.7521977,-0.41835183,6.276232,0.5992257,-0.56248283,2.1786358,-1.898315
-0.4260633,-3.1165788,-0.81115496,6.213054,1.1340367,-0.7580704,2.2671466,-2.1287751
-0.5654605,-2.969677,-0.59901774,6.1310925,0.95641285,-0.62754637,1.9292045,-1.918847
-0.748379,-2.9552724,-0.31001297,6.243787,0.54463035,-0.686437,2.1346965,-2.3086128
-0.81074506,-2.8807843,-0.06457856,6.32674,0.20987423,-0.70458096,1.9730453,-2.0803308
-0.83329874,-2.968064,-0.089835495,6.463307,-0.008743651,-0.7398358,2.0763016,-2.0280447
-0.7423673,-2.9951444,0.119633675,6.416317,-0.2396626,-0.633551,2.1135123,-2.1532228
-0.968599,-2.8303592,0.30621868,6.496053,-0.4604658,-0.7996253,2.2007911,-2.2474887
-1.2324091,-2.7226725,0.2461932,6.1286426,-0.213054,-0.796836,2.050041,-2.276886
-0.5667009,-2.912667,0.1090243,6.3480597,0.12533867,-0.64060897,2.1924014,-2.1695654
-1.0139186,-2.7600791,-0.12174955,6.247114,0.15605302,-0.738854,2.092334,-2.1047788
-1.0054895,-2.7941816,-0.26184705,6.203711,0.3461664,-0.64717907,2.1629589,-1.9636976
-0.85876125,-2.8790877,-0.17724498,6.323836,0.23908383,-0.7255916,1.9699242,-2.0379663
-0.9569354,-2.8433106,-0.35676283,6.442603,0.1782517,-0.75716215,2.1987224,-2.2016034
-0.7995539,-2.8729413,-0.4667093,6.5623693,0.3473269,-0.68540937,2.0567815,-2.254153
-0.802304,-2.8170595,-0.63037425,6.300967,0.81938875,-0.7182357,2.142722,-2.1386342
-0.8494281,-2.8187778,-0.7096533,6.25292,0.86748576,-0.81830746,2.036018,-2.1922643
-0.5537645,-2.9143517,-0.13708308,6.121109,0.6107204,-0.7028213,1.9595381,-2.0637732
-0.62976134,-2.9894328,-0.20217474,6.1580176,0.5619157,-0.54131144,2.2374177,-2.0633307
-0.961234,-2.7824752,-0.31007767,6.286924,0.32015544,-0.64365685,1.9465808,-1.9246972
-0.79344696,-2.838047,0.092519954,6.3802385,-0.00089377095,-0.6732831,2.0331733,-2.1786547
-0.93960536,-2.8153772,-0.0007829706,6.341537,-0.028565636,-0.7485744,1.7806653,-2.0790071
-0.85533696,-2.9716716,0.21624935,6.2014956,-0.040927727,-0.8381567,1.9092873,-2.189877
-0.8871805,-2.803656,0.19712305,6.3847756,-0.18674244,-0.70459306,2.2151859,-2.1018643
-0.7090652,-2.8651326,0.12869667,5.8789077,0.40296406,-0.5603084,2.1476135,-2.1275916
-1.0561743,-2.7718184,-0.0066302163,6.0287876,0.35774824,-0.57045704,2.2743485,-2.0937576
-1.0341307,-2.7542903,-0.0990789,5.789135,0.5420782,-0.8502292,2.2521381,-2.2128408
-0.89836884,-2.771926,-0.15259908,5.693514,0.681896,-0.7548874,2.1334107,-2.1197166
-0.6691578,-2.8611543,-0.16460261,5.7782397,0.83470464,-0.5888147,2.1422129,-2.2407756
-0.77135634,-2.9121366,-0.3678145,5.7360916,1.0327386,-0.70686287,2.1476197,-2.0100734
-0.5958175,-3.0025923,0.0056869406,5.820216,0.7974677,-0.5612923,1.9795475,-1.9837087
-0.8685951,-2.8173494,0.1452979,5.6901474,0.48258972,-0.7330312,2.2664466,-2.098331
-0.78764766,-2.9199817,0.30601946,6.076386,0.070397206,-0.7520859,2.1515882,-2.1427004
-0.6320703,-2.994809,0.17594686,6.1593595,0.13573055,-0.66024786,1.9488232,-2.0447655
-0.7997484,-2.8255317,0.19563924,5.921462,0.32301152,-0.663339,1.8956919,-1.9933441
-0.78398275,-2.9372642,0.059909564,5.990824,0.32907462,-0.7240367,2.1654618,-2.1215746
-1.2083997,-2.7667904,0.16721933,5.802291,0.15629397,-0.8423261,2.2002392,-1.9920236
-0.91432524,-2.8464525,-0.15136108,5.8236947,0.65084535,-0.8363034,2.0189443,-2.1345575
-0.89746124,-3.0156322,0.008348908,5.8789682,0.6049943,-0.67135215,2.1383622,-2.1696653
-0.7660448,-2.7992816,-0.20723332,5.857718,0.7994502,-0.69572365,2.0886066,-1.94954
-0.77065575,-2.990492,-0.32304275,5.897817,0.8409658,-0.62088174,2.1492648,-2.0714662
-0.65931576,-3.03497,-0.51053894,6.260777,0.88232464,-0.70426965,1.7140661,-2.337094
-0.93637586,-2.8404965,-0.5478241,6.141258,0.69646144,-0.7183432,2.0727549,-2.172197
-0.6633415,-2.97602,-0.78176284,6.1432486,1.1295735,-0.6261433,2.1047027,-2.1784158
-0.87807256,-2.866159,-0.5768857,5.738922,1.091691,-0.8209574,2.167587,-2.23705
-0.76866704,-2.9399326,-0.053790983,5.948081,0.53186965,-0.7441067,2.036245,-2.0316687
-0.7987227,-2.9410713,-0.03928962,6.1332817,0.25864992,-0.6757076,2.1668475,-2.1604972
-0.6746487,-2.9920213,0.3617487,5.9805403,0.2807774,-0.70172834,2.0792243,-2.2124019
-0.8038238,-2.9097314,0.045776717,5.749245,0.6409445,-0.76373124,2.1122193,-2.055928
-1.0249797,-2.7572734,0.47733545,5.1075215,0.6388644,-0.9963083,1.7921758,-2.1729984
-0.958485,-2.7103386,0.5556062,5.2706122,0.4912773,-0.80692255,2.118694,-2.058362
-1.3286424,-2.6898665,0.54634243,5.489947,-0.068243936,-1.1225313,1.9962622,-2.1305592
-1.1004438,-2.7292278,0.8264571,5.746332,-0.44077265,-0.8106232,1.930737,-1.9708228
-0.8846678,-2.9784532,1.2655065,5.568224,-0.495621,-0.8136963,2.1788201,-2.179617
-0.9050693,-2.8740637,1.2097536,5.8982954,-0.73918265,-0.8520448,2.0573025,-2.1607049
-0.8177408,-2.8161294,1.2804145,5.6241765,-0.5145838,-0.7475601,2.0691433,-2.2029634
-1.0385737,-2.7921453,1.1966321,5.91033,-0.784911,-0.7082596,2.2836401,-2.2871654
-0.9152171,-2.8306508,1.0873176,6.097693,-0.6922397,-0.6994937,1.9995219,-2.102334
-0.693761,-2.9974606,0.57192266,5.5794272,0.24277014,-0.7885264,2.1177948,-1.9624276
-0.7598001,-2.927428,0.79190403,5.547325,-0.0011742337,-0.9229158,2.0432374,-2.1908998
-0.6669835,-2.9800127,1.009309,5.5564647,-0.110292904,-0.5989453,2.0033302,-1.9489725
-0.57598937,-2.8678403,1.2140347,5.5689907,-0.24985866,-0.6013776,2.06447,-2.1224136
-0.8603852,-2.8821945,0.9946061,5.6856594,-0.35880116,-0.73584676,1.8930686,-2.1746657
-0.8900455,-2.9028773,0.96179485,5.6523595,-0.4217702,-0.7418829,2.2540367,-2.196489
-1.0595104,-2.7791867,1.0251313,5.5946794,-0.34571952,-0.78400713,1.9563531,-2.0042353
-0.9822442,-2.8187437,0.790653,5.6726575,-0.13183068,-0.74172485,2.1185577,-2.0411677
-0.70104766,-2.9027543,0.74434984,5.8058596,-0.10436705,-0.67504525,2.108357,-2.097315
-0.7498737,-2.9978557,0.46961722,5.81376,0.09128328,-0.86754096,2.0740292,-2.198211
-0.96986735,-2.8458397,0.54054594,5.553197,0.2322054,-0.7806417,2.2155454,-2.1160946
-0.75196284,-2.9389784,0.8084274,5.4786754,0.11181608,-0.65053797,2.0745645,-2.2188048
-0.47853336,-2.8147385,0.53641945,5.68813,0.4322972,-0.6152837,1.973557,-1.9852091
-0.79314256,-2.914572,0.120702505,6.0277114,0.22458942,-0.71402866,1.9665954,-2.1068208
-0.8026747,-2.8521543,0.011053583,5.8485823,0.48851416,-0.65384865,2.0522141,-2.1322045
-0.5951383,-2.8690712,-0.12427302,5.9287314,0.74725085,-0.68433183,1.8372613,-2.1821148
-0.60844094,-2.906087,-0.3105993,6.5265026,0.41260448,-0.63595057,2.268281,-1.9899433
-0.5856315,-2.9974923,0.03489897,6.531013,-0.01689458,-0.64237565,2.1103868,-2.0905669
-0.89665085,-2.8392098,-0.20858313,6.6163645,-0.1778806,-0.711636,2.007769,-2.1239238
-0.74075174,-2.9127324,-0.07512042,6.980105,-0.5085055,-0.6521812,2.0517826,-2.1295116
-0.6129526,-2.9455009,-0.521413,6.9582944,0.06056074,-0.58337295,1.8453583,-1.8794878
-0.65689665,-2.8874686,-0.551083,7.147251,-0.052222956,-0.6598132,2.1861253,-1.9621025
-0.5847632,-3.0431514,-0.4200313,7.3483176,-0.3984245,-0.71611726,2.2523477,-2.2425072
-0.7235936,-2.8825455,-0.4040441,7.34068,-0.4276737,-0.6206863,2.2094884,-1.965031
-0.55462545,-3.0362384,-0.3117137,7.4964504,-0.6382387,-0.60324955,1.9688416,-1.939817
-0.677119,-3.0458162,-0.3452827,7.5524426,-0.8004793,-0.6123216,2.129141,-2.0599775
-0.70414454,-2.9167085,-0.19110133,7.6167216,-0.92459893,-0.69063115,2.0509577,-2.0077958
-0.8778597,-2.8521311,-0.403878,7.647369,-0.8928951,-0.7053462,2.1251857,-2.1718333
-0.828482,-3.0245593,0.009651125,7.4571238,-1.1614808,-0.7205245,2.103391,-2.325407
-0.5309207,-2.9273493,0.00036518095,7.5805054,-0.927356,-0.7755289,2.3060691,-2.1401622
-0.6072658,-3.0155742,0.21009332,7.3145404,-1.1014473,-0.65698564,1.9614364,-2.069909
-0.7692044,-2.8916488,0.6163739,6.544092,-0.68704313,-0.64846146,2.3846447,-2.187541
-0.8366935,-2.7740483,0.6193276,6.198309,-0.43580464,-0.67307585,1.9479086,-2.0106106
-0.6753768,-2.886275,0.5951788,6.2199197,-0.384139,-0.6665086,1.8446801,-2.0712101
-0.9313703,-2.8745794,0.8992276,5.4126897,-0.08891291,-0.77632743,2.1169813,-2.0526946
-0.95041895,-2.7774293,0.94532025,5.8634725,-0.48303515,-0.7575422,2.1535273,-2.1475148
-0.6899527,-2.9819698,1.1008569,5.9416313,-0.5626782,-0.608484,1.6392597,-2.013212
-0.6719002,-2.9282901,0.829447,5.8661942,-0.17061634,-0.6718912,2.2070258,-2.174312
-0.8324237,-2.8968575,0.80624205,5.5011826,-0.023045627,-0.63897634,1.9754447,-2.186512
-0.7754837,-2.8458369,1.0027416,5.4602857,0.0038217474,-0.69819134,2.0769975,-2.0948927
-1.0900563,-2.8516562,0.707554,6.0963316,-0.5066868,-0.8137384,2.1764536,-2.1866713
-1.1310109,-2.6656892,0.36420205,6.0180087,-0.21959294,-0.7989841,1.9562308,-2.0548897
-0.91710144,-2.8144054,0.16692688,6.169077,-0.052634213,-0.83720475,1.9039034,-2.2784092
-0.8018997,-2.8328707,0.5117457,6.132323,-0.24905127,-0.71415335,1.9983953,-2.1307518
-0.90118057,-2.884075,0.39967132,6.1801124,-0.31189448,-0.7764891,1.8497977,-2.1018052
-0.74565494,-2.873428,0.48684806,6.147716,-0.23749575,-0.7410742,1.9808171,-2.1395166
-0.5424086,-3.065555,0.98269814,5.6228256,-0.0636366,-0.60375845,1.8221979,-2.0037816
-0.76840764,-2.9246078,0.8811987,5.750032,-0.22658086,-0.6456611,2.235873,-2.2015622
-0.9134649,-2.9266672,0.5432114,5.9889193,-0.13732491,-0.74153244,2.2400973,-2.014362
-0.90721416,-2.925692,0.617464,5.6739216,0.11450504,-0.6324889,2.073424,-2.0476253
-0.72161317,-2.802367,0.6178339,6.021951,-0.087543435,-0.7450395,2.0985212,-2.0392387
-0.8298822,-2.9761684,0.24698693,6.3459754,-0.2477052,-0.6063943,2.1749938,-2.222481
-0.74443054,-2.8149514,0.31033295,6.294757,-0.07206473,-0.6559752,1.9722614,-2.1262846
-0.7308484,-2.8782291,0.45485935,6.1966453,-0.22755216,-0.57971865,2.2007303,-2.2129385
-0.7269643,-2.8994107,0.27893856,6.21855,-0.062349256,-0.62607485,1.9244606,-2.233949
-0.8663811,-2.8888886,0.359103,6.2047806,-0.25559667,-0.6495619,2.0151393,-1.9915228
-0.44340533,-2.9859023,0.14236882,6.5099435,0.031792272,-0.5838944,2.0992496,-2.1617887
-0.58255625,-3.1584337,-0.1965176,6.766411,-0.14790855,-0.61358124,2.0726686,-2.1237645
-0.782902,-2.886086,-0.22640544,6.614954,-0.02878803,-0.8257382,2.172556,-2.073171
-0.9055405,-2.8643403,-0.19436616,6.7478814,-0.28989902,-0.6929463,1.9973536,-1.9698974
-0.93406224,-2.8288844,-0.36720458,6.908034,-0.15770796,-0.6498375,2.1061366,-2.0240314
-0.69748765,-2.8504884,-0.7243531,6.9740863,0.2451501,-0.6358818,2.0503101,-2.1345708
-0.83903384,-2.9523723,-0.5303912,6.504503,0.3337888,-0.75744754,2.025944,-2.145037
-0.6975466,-2.954172,-0.13625011,6.1235356,0.50557834,-0.65401673,2.2062747,-2.0419552
-0.8683024,-2.846988,-0.25449046,6.1215124,0.46644354,-0.6979001,2.165604,-2.153078
-0.74970156,-2.9385452,-0.1870195,6.254868,0.36081967,-0.83463645,2.1388543,-2.187685
-1.025106,-2.8327184,-0.03133257,6.10557,0.15137844,-0.80813056,2.307177,-2.1507742
-1.1684022,-2.8083653,-0.34892467,5.947535,0.5836704,-0.8893573,2.1204717,-2.1199567
-1.0921761,-2.8265786,-0.27682394,5.9079947,0.57897747,-0.7348032,1.9816233,-2.1936905
-0.6341565,-2.9845726,-0.48601162,6.643649,0.33083686,-0.61808246,2.1756227,-2.1813452
-0.9993193,-2.8616486,-0.113331236,6.3383174,0.027416486,-0.7296296,2.1026902,-2.1247842
-0.818598,-2.9345646,-0.64157546,6.5560145,0.3539462,-0.7436386,2.365965,-2.0616364
-0.7565644,-2.830808,-0.8625795,6.832029,0.5336005,-0.72588605,2.2488234,-2.2161403
-0.6979093,-2.866136,-0.8626315,6.560679,0.8209335,-0.66787666,2.1799817,-2.2300053
-0.6860132,-2.9814036,-0.90551615,6.848389,0.51250064,-0.77619904,2.2412806,-2.2357368
-0.7371294,-3.1354928,-0.7905578,6.9411,0.22759306,-0.7059911,2.1718318,-2.1225915
-0.8129151,-2.889586,-0.51040477,6.9901485,-0.035848483,-0.6883495,2.0729756,-2.1601396
-0.7837819,-2.8777852,-0.5639258,6.8130913,0.08562573,-0.7707255,2.038921,-2.0115998
-0.69523835,-3.0095787,-0.8268676,7.21242,0.095579796,-0.71390736,2.050101,-2.149619
-0.678986,-2.9629025,-1.1227365,7.235115,0.29192737,-0.7695624,1.9578204,-2.2023265
-0.83887535,-2.952661,-1.0782517,6.8449426,0.57224303,-0.7410151,2.0727956,-2.1019175
-1.169868,-2.7789798,-1.1328486,6.627532,0.6957965,-0.824501,2.1708558,-2.0943058
-1.0441759,-2.8057437,-1.0619794,6.551675,0.7515301,-0.95527834,2.0051348,-2.1292317
-0.86003363,-2.8057177,-1.2851326,6.655835,0.9649411,-0.7958814,2.0396495,-2.1501412
-0.58095473,-2.8958654,-1.2714373,7.031439,0.83336556,-0.624895,2.0531485,-2.099495
-0.74404174,-2.772894,-0.81355435,6.991042,0.23813015,-0.60775125,2.044023,-2.0232446
-0.8297839,-2.9191837,-0.6986551,6.6577396,0.39024085,-0.6701263,2.122123,-2.1231043
-0.61108994,-2.9814878,-0.094820976,5.5432854,0.84807265,-0.673717,2.0738907,-2.0984807
-0.88882715,-2.9474008,-0.13683924,5.7258472,0.8030878,-0.69590133,2.0921593,-2.0939016
-0.7897161,-2.9222176,-0.8081508,5.541933,1.7705977,-0.707178,1.8296094,-2.0379379
-0.49467298,-2.8094745,-0.97536594,5.426554,2.1202168,-0.50299126,1.9713818,-2.265027
-0.89261323,-3.0038722,-0.5821405,5.1564445,1.7455475,-0.6998828,2.311878,-2.0995235
-1.1932281,-2.8272548,-0.7218393,5.4270444,1.4843822,-1.0006026,1.91031,-2.051967
-0.99244976,-2.8547595,-0.6557724,5.225799,1.6912929,-0.8346524,1.9716563,-2.2186325
-0.6395706,-3.0206203,-0.21053846,4.9706016,1.7039174,-0.70801175,2.086416,-1.9726974
-0.9035282,-3.0532408,-0.70360446,5.2668223,1.759884,-0.8550083,1.9034555,-2.2577822
-0.8511145,-2.9063952,-0.23646694,5.295701,1.2768917,-0.66673,2.1086085,-2.3116639
-0.8179877,-2.8979685,0.11669525,5.4794207,0.8197539,-0.703409,1.8994712,-2.1292717
-0.8016883,-2.9553027,-0.173211,5.6681046,0.87196183,-0.65569293,2.1048484,-2.1353576
-0.5880547,-3.062677,0.0130050415,5.5589223,0.9523133,-0.65510464,2.3139324,-1.9498132
-0.8943971,-2.856299,0.62515414,5.292004,0.4884606,-0.6825651,2.149428,-2.18628
-0.7523346,-2.86293,1.0576313,4.65675,0.7826426,-0.6049356,2.1767244,-2.1843295
-0.7009455,-2.9770207,0.5676221,4.593411,1.3119588,-0.67281795,2.0393543,-2.1735077
-0.9453984,-2.7764795,0.52645504,4.690232,1.0906932,-0.7684619,1.9282683,-2.149451
-1.1132444,-2.794777,0.6697713,4.630223,1.0499502,-0.8872668,2.029155,-2.2401648
-0.75360554,-2.9929316,0.5120097,4.470269,1.491633,-0.67758083,2.2271326,-2.2490444
-0.7612929,-3.0306928,0.4541041,4.790524,1.1870352,-0.7175739,2.1288629,-2.137331
-0.7700065,-2.8865266,0.12493447,4.9761243,1.2995137,-0.7422225,2.0052285,-2.1726284
-0.69803596,-2.9263725,-0.12997687,5.421265,1.207365,-0.76287365,2.1013808,-2.1147616
-0.5564833,-3.004788,-0.6412227,5.8150086,1.4115863,-0.5088631,2.1716976,-1.8312302
-0.927146,-2.9187446,-0.2937893,4.947823,1.6252638,-0.6372454,2.0468986,-2.2242112
-0.86672544,-2.791611,-0.82257175,5.682526,1.3388423,-0.7740628,1.8271391,-1.9781363
-0.6267507,-2.9246187,-0.48842835,5.7332253,1.300838,-0.5767854,1.8651185,-2.0472906
-0.6916652,-3.0098517,-0.4610413,5.731675,1.1467335,-0.76494503,2.0989447,-2.14543
-0.7384204,-2.9911592,-0.6910004,5.6858835,1.3770323,-0.7024049,1.9199582,-2.2605774
-0.6574612,-2.9022555,-0.7762501,5.6443753,1.6373439,-0.77743655,1.9151528,-2.065955
-0.4672839,-3.1731162,-0.7620005,5.677953,1.6808501,-0.6780601,2.2166724,-1.9394742
-0.814658,-2.897377,-0.80559367,5.2446966,1.9771634,-0.7553178,2.3129387,-2.1121838
-0.9629693,-2.9578862,-0.88201946,5.5022154,1.6791635,-0.7516405,2.162353,-2.1626291
-0.664083,-2.85607,-0.84784025,5.6033115,1.6702714,-0.7180993,2.1448379,-2.1208532
-0.9361484,-2.7951822,-0.37696812,5.3092637,1.4856625,-0.7069742,2.017845,-2.264333
-0.78444594,-2.8002908,-0.15997462,5.183227,1.4230343,-0.70365417,2.3046153,-2.1684973
-0.56674767,-2.850092,0.034940295,5.4951863,1.1901343,-0.5902521,2.1210535,-2.069545
-0.7968462,-2.992531,-0.09893074,5.4054112,0.9842987,-0.6343113,2.061343,-2.0111623
-0.8614073,-2.8179948,-0.5442602,5.8197703,1.0428431,-0.79951,2.049842,-2.1612535
-0.73346615,-2.8993642,-0.31468317,5.6724257,1.0958158,-0.686503,2.1786504,-2.106618
-0.69063514,-2.9577646,-0.22840646,5.480553,1.1492436,-0.7417494,2.0857942,-2.1065655
-0.7887826,-2.7912786,-0.32007214,5.7188168,1.0987817,-0.72530067,1.856083,-1.9068419
-0.8570833,-2.8947413,-0.87163603,5.824079,1.4255694,-0.71487993,2.1377618,-2.408433
-0.6060932,-3.0246296,-0.5109674,5.8885155,1.0955837,-0.6134352,2.2250922,-2.0663013
-0.9185754,-2.8357782,-0.7511726,5.652476,1.6460664,-0.6715037,2.0363305,-2.1376495
-0.96275556,-2.852422,-0.60486025,5.717246,1.212804,-0.7268501,2.126381,-2.1016893
-0.92549694,-2.8824465,-0.25266883,5.820895,0.82240343,-0.78802305,2.1113725,-2.16873
-0.577847,-2.9516203,-0.44759968,5.811255,1.2143453,-0.64788234,2.1981187,-2.0522037
-0.49163774,-2.9002185,-0.4469285,5.821106,1.1266439,-0.59054995,2.1282012,-2.2294812
-0.586594,-3.0080233,-0.76414746,5.97494,1.3259329,-0.6723391,2.161291,-2.0967567
-0.54757327,-3.0820508,-0.9167032,5.81211,1.5897177,-0.65541226,2.081672,-2.2636366
-0.6277644,-2.9979992,-0.6413925,6.0874557,0.9971561,-0.7883004,2.2114527,-1.9514549
-0.88390404,-2.8370361,-0.81827676,6.0440483,1.1474202,-0.6896703,2.3332899,-2.1562743
-0.6200606,-2.9185486,-0.5900359,6.216441,0.86287844,-0.60006374,2.337844,-2.2314878
-0.7118221,-2.969347,-0.8125469,6.381268,0.9038749,-0.6532804,1.9692172,-1.964046
-0.79942584,-3.025857,-0.822046,6.1514316,1.0411682,-0.79618275,2.0980182,-2.3616812
-0.9976106,-2.7610042,-0.5797568,5.9947844,0.91719675,-0.7411877,2.2833242,-2.309647
-0.8461431,-2.717679,-0.89317733,6.4626427,0.82759047,-0.6695866,2.1652236,-1.9794168
-0.81101507,-2.9005055,-0.6400427,6.1037927,0.93362206,-0.7087537,2.1417072,-2.1365805
-0.86920387,-2.973045,-0.4820859,5.7621675,1.0339195,-0.7786719,2.0881557,-2.081462
-0.9009761,-2.8773422,-0.5341904,5.562951,1.3220596,-0.7819392,1.9514091,-2.1563427
-0.8148193,-2.9383705,-0.13382325,5.354197,1.0959533,-0.65263987,2.0107505,-2.1167328
-0.74718904,-2.9720063,0.2986912,5.7451696,0.30450207,-0.735301,2.1277835,-2.16063
-1.0373901,-2.9056888,0.20603457,5.560925,0.3922699,-0.91231954,2.2291117,-2.1647975
-1.1114213,-2.859214,0.26191446,5.4319334,0.50038093,-0.6793015,2.0268674,-2.2761958
-0.6104675,-2.853653,0.39864343,5.33107,0.8335309,-0.66392356,1.9989506,-2.010409
-0.9935163,-2.8372114,0.17990904,5.2505736,0.7933699,-0.8000256,2.1544545,-2.0496323
-0.77641135,-2.9755485,-0.0022905355,5.1930423,1.2042958,-0.8328426,2.0812597,-2.124334
-0.69600636,-2.955597,-0.55694836,5.3288226,1.6026918,-0.70811737,2.0507975,-2.161487
-0.6901288,-3.0458565,-0.59378624,5.231378,1.7829639,-0.780248,2.0930557,-2.055826
-0.8529526,-2.7506392,-0.32079938,4.800084,1.8644973,-0.7283529,2.179457,-2.114783
-0.7742889,-3.112593,-0.20264117,4.464888,2.1230226,-0.73901975,2.1597002,-2.2103696
-0.8813211,-2.8018048,0.4384937,4.5468917,1.4663233,-0.74145675,1.9795876,-2.3453667
-0.9275658,-2.916557,0.37278265,5.16036,0.8365321,-0.8258517,1.9170095,-2.2641675
-0.512667,-3.033088,0.5122113,5.0534196,0.97876185,-0.63072366,2.0365343,-2.1718113
-0.64462125,-2.9320128,0.76436883,5.2598023,0.49348524,-0.7382795,1.9281096,-1.974505
-0.65291226,-2.972453,0.5158747,5.618477,0.43304217,-0.6326716,2.2779222,-2.083987
-0.851559,-2.89295,-0.1312963,5.6164136,0.75826484,-0.77945304,1.9624312,-2.1456099
-0.6941293,-2.9780567,-0.4165418,5.8918614,1.0798411,-0.63959736,2.1804633,-2.132522
-0.7501742,-2.8511276,-0.3304476,5.674902,1.0074646,-0.729234,2.1878617,-2.088344
-0.7755049,-2.8102481,-0.52203053,5.82725,1.14567,-0.7533858,1.6967912,-2.188679
-0.606859,-3.0265968,-0.1680036,5.785092,0.87536603,-0.62884927,2.2665012,-2.1379542
-0.7654418,-2.8040993,-0.1909245,5.6736674,0.9687401,-0.68737894,2.2216098,-2.058975
-0.8783326,-3.0219746,-0.23618309,5.7445545,0.7479004,-0.7172471,2.1523392,-2.1702142
-0.64538157,-3.0604784,-0.058249313,5.3627377,1.2167788,-0.6704987,2.1330664,-2.1678467
-0.9942625,-2.7180028,-0.2670553,5.4373803,1.1267068,-0.7366494,2.1351635,-2.0736146
-0.99930567,-2.875838,-0.15060148,5.2370667,1.2333654,-0.7980611,2.0929816,-2.2697444
-0.56828654,-3.0374236,0.19098492,5.446578,0.8164168,-0.71016836,2.1065397,-2.0352461
-0.7045246,-2.9537575,0.37778756,5.4740076,0.63512117,-0.61574894,2.109614,-2.1530724
-0.7250079,-2.9272687,0.062433545,5.8216043,0.5027224,-0.67859584,1.9597689,-2.100076
-0.5066319,-2.9296465,0.2858581,5.807754,0.50857097,-0.65481764,2.3460193,-2.150525
-0.7334909,-2.8657854,0.24018851,5.6735015,0.42836782,-0.91076934,2.1417592,-2.1531496
-0.9032921,-2.920508,0.28520295,5.758402,0.22034429,-0.70189595,2.1730697,-2.0559807
-0.70692,-3.0562928,0.37973583,5.8219705,0.1967866,-0.6042493,2.1063218,-2.186453
-0.72337353,-3.0551257,0.34680295,5.561695,0.57552576,-0.65726537,2.0986042,-2.1459744
-0.9260675,-2.9613597,0.45785192,5.5383015,0.3215938,-0.792459,2.235768,-2.1921487
-0.8795761,-2.9053154,0.69503576,5.085287,0.50574726,-0.85409886,2.154923,-2.0828142
-0.80113757,-2.93686,0.41631812,5.6343546,0.33864164,-0.7531394,2.099182,-2.157375
-0.69649345,-2.905986,0.6882807,5.417209,0.45925188,-0.7715305,2.140908,-2.1486757
-0.89882076,-2.9149172,0.44126484,5.0742774,0.81195664,-0.73528945,2.2298696,-2.1297715
-0.5982059,-2.9805248,0.89902306,5.1740756,0.5147971,-0.7050471,2.1742487,-2.0728424
-1.0031106,-2.8003867,0.6701769,5.7359176,-0.20066279,-0.90786296,2.0473163,-1.9319646
-1.1943678,-2.8556361,-0.12194807,5.880541,0.39851138,-0.7978057,2.1742947,-2.044522
-1.0632486,-2.8016295,-0.0997609,6.007044,0.33496168,-0.6458881,2.0980601,-2.299964
-0.6318533,-2.7839494,-0.41960874,6.057321,0.9947171,-0.55096054,2.086441,-2.1487134
-0.8884969,-2.9617248,-0.3460517,5.7632523,0.8952114,-0.75865006,2.1475265,-2.2266438
-0.75388217,-2.885007,-0.2514943,5.6923833,0.96635526,-0.6545898,2.3213627,-1.9815317
-0.61511725,-2.9010499,-0.3450486,5.730547,1.121118,-0.5959264,2.2227275,-2.1536248
-0.92516756,-2.8583763,-0.19670701,5.8110075,0.83606654,-0.76453125,2.3351493,-2.0258055
-0.71599114,-2.8853662,-0.4949122,5.9899387,0.8961035,-0.7615943,2.0692096,-2.0815184
-0.6621746,-2.9761581,-0.2804692,6.2933455,0.33633602,-0.6497591,2.1553817,-2.112593
-0.7930117,-2.8525639,-0.58505225,6.599507,0.4053212,-0.6843389,2.048989,-2.1417532
-0.64504254,-2.847132,-0.8148305,6.850189,0.49442354,-0.64392704,1.9482851,-1.9488889
-0.5733361,-3.1015286,-1.0676707,7.025711,0.5097199,-0.6874874,1.9837089,-2.218234
-0.6074442,-3.045992,-1.2728522,6.872527,0.9327899,-0.61945206,2.0926852,-1.9856573
-0.9156279,-2.8673427,-0.9664957,6.3563375,0.93458366,-0.6639943,1.9880558,-2.1992638
-0.84972537,-2.923539,-1.1123946,6.646946,0.8062015,-0.63832515,2.0934634,-2.1444097
-0.89926815,-2.7712035,-1.0586776,6.819175,0.7718917,-0.61240715,1.9397986,-1.99701
-0.67995316,-2.9558728,-0.8969939,6.959396,0.43546852,-0.67067,2.3493295,-2.1583424
-1.0094379,-2.931008,-1.180484,6.901055,0.5268949,-0.76174587,2.0623283,-2.079894
-0.9333685,-2.934155,-1.1384189,7.356601,0.06569134,-0.725355,2.1516404,-2.2529826
-0.7575562,-3.0024066,-0.72766453,7.2345595,-0.13341637,-0.65219265,2.1441576,-2.3051162
-0.77045953,-2.9842918,-0.6946243,7.0285664,0.08272,-0.7249474,2.2303996,-2.3683903
-0.6635131,-2.929792,-0.8456171,7.40422,-0.09347133,-0.75086135,1.7726203,-2.0702727
-0.9692289,-2.7944288,-0.580511,7.2122264,-0.39619398,-0.7827902,2.1979039,-2.179109
-1.0385981,-2.6617892,-1.1431506,7.456198,-0.06264218,-0.69803953,2.0896184,-2.116926
-0.9111063,-2.8400621,-1.1139088,7.272046,0.18621989,-0.84154737,2.0683515,-2.1536677
-0.7663329,-2.95563,-1.1240315,7.4374123,-0.0354277,-0.6726912,1.920606,-1.9582886
-0.7026169,-2.939705,-1.0016329,7.1420727,0.31187144,-0.7276419,2.270238,-2.1794403
-0.8345785,-2.954974,-1.2694834,7.32116,0.33197486,-0.996997,1.9945301,-2.0999525
-0.7729348,-2.7498627,-1.1705644,7.420469,0.15421659,-0.6500035,2.131105,-2.0338113
-0.53990185,-2.919902,-0.9804647,7.176654,0.426298,-0.682708,2.1247475,-2.38618
-0.77325404,-2.9061627,-0.8067995,7.1716323,0.014773734,-0.7390697,2.3111565,-2.257052
-0.8572512,-2.8487065,-0.7600021,7.052425,0.061141647,-0.6850704,2.0169382,-2.2683973
-0.8475513,-2.9520295,-0.8244211,7.1257753,0.031241782,-0.6649481,2.190441,-2.1054232
-0.60499173,-2.89947,-1.1339277,7.683584,0.03160257,-0.7447391,2.0574906,-1.9829627
-0.96091586,-2.8483472,-1.753104,7.697925,0.3023625,-0.8080452,1.981107,-2.0055757
-0.5702096,-2.9317682,-1.1154364,7.6542377,0.14115924,-0.7223894,1.9761022,-2.2871935
-0.9866176,-2.7909372,-1.5331618,7.3233223,0.472367,-0.8503284,2.1736228,-1.880202
-0.81125176,-2.8455546,-1.010034,7.2251496,0.2326941,-0.59002596,2.081566,-2.2459197
-0.7687083,-2.9324622,-0.79383665,7.1330895,0.11735668,-0.7267475,2.0980902,-1.967697
-1.0351427,-2.83532,-0.9882249,6.7416463,0.48500142,-0.73287576,2.0879903,-2.3539212
-0.86636275,-2.9449174,-0.7993094,6.68156,0.35916317,-0.8179652,2.2721868,-1.9346606
-1.1122406,-2.8808599,-0.57325613,6.3996234,0.32030895,-0.91390693,2.1680086,-2.2536743
-0.69763947,-2.8892086,-0.71359354,6.393831,0.78966767,-0.6774447,2.2615147,-2.061057
-0.7875451,-2.7449903,-0.71570474,6.1139846,0.9456453,-0.5604397,2.2598062,-2.2557964
-0.9961598,-2.8992367,-0.7707558,6.2230725,0.7489831,-0.89176255,2.1204705,-2.0857866
-0.8938904,-2.8672242,-0.35641703,6.2404637,0.48272,-0.7418406,2.122592,-2.0869524
-0.84084255,-2.872088,-0.72405344,6.249636,0.7618798,-0.7548504,1.942014,-2.152881
-1.1220095,-2.7533944,-0.69050246,6.1629148,0.8143512,-0.88029975,2.2382753,-2.069022
-0.9414399,-2.935962,-0.55933595,5.978619,0.77287257,-0.7821156,2.2357442,-2.0307176
-0.8251376,-2.934258,-0.6181852,5.97086,0.92204106,-0.67424953,2.0709622,-2.14105
-0.51723725,-2.9803524,-0.565777,5.8664484,1.2456053,-0.6104401,2.0695295,-2.3296182
-0.8133056,-2.7803962,-0.6294792,6.0249753,1.1415974,-0.90766406,2.0098045,-2.31392
-0.9702637,-2.85576,-0.6295394,5.8727574,1.2148978,-0.64917266,2.2056534,-2.025671
-0.82165945,-2.8971486,-0.5349231,5.8854,0.95653874,-0.819143,1.8756943,-2.0211937
-0.68917954,-2.9067166,0.31690308,5.436601,0.77013904,-0.6258602,2.084443,-2.1494422
-0.6357316,-2.9655912,0.1438463,5.421149,1.0037937,-0.6371308,2.1334162,-2.2343004
-0.91974133,-2.9128501,0.19454256,5.453087,0.756175,-0.69734097,2.0828238,-2.17182
-0.9208967,-2.867277,0.41144484,5.6232963,0.2606668,-0.6802353,1.978788,-2.1570365
-0.86030424,-2.8622131,0.12657748,6.030888,0.22002666,-0.7512033,2.0095923,-1.9794732
-0.80050516,-2.8819764,0.19013488,5.969266,0.27831003,-0.70424056,2.2651186,-2.1833858
-0.9828347,-2.8156328,-0.20246285,6.0835285,0.4324462,-0.69018793,2.1971939,-2.1469119
-0.6788581,-2.8894541,-0.12534621,6.240384,0.3123716,-0.7208815,2.2105258,-2.2156703
-0.70534986,-2.9914582,0.036366247,5.9298334,0.48335192,-0.6485995,1.9681093,-2.1650295
-0.7628632,-2.9163442,-0.12618215,5.759134,0.7635508,-0.7472229,1.9904411,-2.132199
-0.83453494,-2.9820406,-0.43484974,6.3285375,0.4198118,-0.6656393,2.1322246,-2.2081623
-0.5870631,-2.8817885,0.16311306,6.080656,0.33667615,-0.5486705,2.1397645,-2.1838288
-0.7951315,-2.7437077,0.17600465,5.7439227,0.47320652,-0.6368199,2.1911495,-2.044528
-0.83099127,-2.8413126,0.33039978,5.948892,0.18230301,-0.6130847,2.090575,-1.8774171
-0.87523204,-2.9620333,0.62492675,5.9568415,-0.2579683,-0.7232111,2.3097754,-2.0487616
-0.560903,-2.884532,0.3415997,6.011953,0.31199387,-0.61046356,1.8983526,-2.0270295
-0.7609256,-2.981038,0.62605745,5.4872575,0.386521,-0.6745372,2.2601504,-2.183081
-0.84110266,-2.9974332,0.45346472,5.5435433,0.17925072,-0.7321654,2.3513577,-2.0095081
-0.97852665,-2.7894685,0.42165363,5.690975,0.263286,-0.66853493,2.088127,-2.1054268
-1.0058082,-2.8344433,0.57891595,5.6000304,0.13727969,-0.7849237,2.1090164,-2.1207428
-0.93578094,-2.894099,0.41675523,5.7357545,0.12606554,-0.7473038,1.9808093,-2.2191436
-1.038611,-2.8158126,0.3496711,5.725054,0.23104213,-0.77526695,2.0264685,-2.0580292
-0.7625146,-2.902934,0.2801711,5.5772705,0.6362971,-0.6840856,2.1454806,-2.0308998
-0.84022593,-2.8630872,0.06492412,5.721015,0.67303324,-0.6253817,2.1761363,-2.2279243
-1.0616509,-2.8103378,-0.2897092,5.792696,0.749959,-0.7417764,2.0333178,-2.2023866
-0.8636706,-2.9113722,-0.45428702,5.618759,1.1369278,-0.7015156,1.9179547,-2.2420664
-0.9335478,-2.8360596,-0.40051794,5.5722384,1.127312,-0.73777413,2.137286,-2.1703312
-0.6485383,-2.919899,-0.19883464,4.9969196,1.6830497,-0.6464269,1.9425815,-2.1478164
-0.99661136,-2.8211358,-0.38579422,5.383606,1.1728861,-0.92603546,2.111392,-2.2060313
-0.9108417,-2.7882419,-0.49416637,5.7841625,1.0412538,-0.7224251,2.081113,-2.2883713
-0.9509672,-2.9301708,-0.30766806,5.616293,1.0208477,-0.7527769,2.071492,-2.2329385
-1.1156756,-2.6713715,-0.2378801,5.76835,0.7850061,-0.7229204,1.9735951,-2.1339948
-0.72888595,-2.8884957,-0.33106366,5.9449987,0.8438624,-0.6300333,1.9410077,-2.1180518
-0.7982682,-2.967018,-0.4271816,6.2288895,0.5841137,-0.73188895,2.1715877,-2.091642
-1.000201,-2.8879583,-0.7246796,6.464777,0.53423053,-0.94060266,2.3026624,-2.169959
-0.85176104,-2.873718,-0.9060174,6.8070865,0.52134573,-0.89043236,1.9598666,-2.041399
-1.1147082,-2.7620766,-1.05863,6.791182,0.47544423,-0.9347454,2.0903935,-2.212224
-0.9216725,-2.877021,-0.7914218,6.58877,0.58870137,-0.69107264,2.1714096,-2.314672
-0.8785939,-2.8369167,-1.09435,6.766244,0.74137676,-0.6231254,2.1151345,-2.0853488
-0.8683554,-2.8380663,-0.96521586,5.7467313,1.687402,-0.8961854,2.0529199,-2.1436381
-0.8658681,-2.8920722,-0.8704564,5.653912,1.6099175,-0.67773783,2.2120535,-2.0691328
-0.7095342,-2.887834,-0.6914461,5.798118,1.3712267,-0.6017864,2.271411,-2.045812
-0.8196053,-2.892473,-0.7526872,5.6823387,1.5431049,-0.6009768,2.0186133,-2.2078977
-0.8314739,-2.9265532,-0.7301773,5.4522057,1.6497685,-0.6469957,2.0212104,-2.1188543
-0.6524073,-3.1687415,-0.82095605,5.377737,1.939607,-0.8636544,2.060416,-2.2362833
-0.8885919,-2.9106784,0.8780584,4.7839985,0.7037999,-0.71272403,2.3051116,-2.1042511
-0.60169876,-2.9467394,0.90693945,4.910063,0.6972278,-0.8101012,1.9438405,-1.9976602
-0.7190105,-2.9792876,1.1857412,5.0496655,0.2085233,-0.69928724,2.2333937,-1.9572221
-0.60079545,-3.0091145,0.89059424,5.3471932,0.3140592,-0.5764562,2.0246456,-2.3214922
-0.73747885,-3.0506568,0.9680012,5.354404,0.017378883,-0.67478746,2.048863,-2.0416799
-0.6219608,-2.8609242,0.9090103,5.7107487,-0.21803325,-0.6921129,2.120965,-2.0317683
-0.7884198,-2.8319955,0.46845946,5.95851,0.06654432,-0.7222139,2.1168363,-2.178344
-0.5586065,-2.9351368,0.37478697,6.2065587,0.0370033,-0.70821124,2.1508512,-1.8218566
-0.85129726,-2.7847843,0.37017158,6.016775,0.059519887,-0.6277248,2.020135,-2.18626
-0.8749433,-2.9066947,0.31818485,5.9868016,0.030489892,-0.70725256,1.9888313,-2.2282467
-0.7847535,-2.8787377,0.51710063,5.9692535,0.01921322,-0.6780974,2.2288687,-2.133479
-0.6087263,-2.948171,-0.07673048,6.4904537,0.095854,-0.6432267,2.061881,-2.1323812
-0.79303056,-2.912901,-0.08631774,6.637613,-0.21578078,-0.6548069,2.2660341,-2.1076016
-1.0063932,-2.8395169,-0.0050745485,6.7114725,-0.5051399,-0.7118741,2.0135412,-2.0338452
-0.8458984,-2.922992,0.021136785,6.773179,-0.51287013,-0.6907851,2.190161,-1.7667056
-0.876994,-2.8790715,0.058238342,6.9539013,-0.6583621,-0.6668826,2.0651858,-2.0371158
-1.0066837,-2.9084144,0.056973197,6.9658065,-0.73714423,-0.7263745,2.0310886,-2.2574873
-0.84468365,-2.8195317,0.1593659,7.0919538,-0.90271705,-0.6148829,2.1237211,-2.2286212
-0.99665123,-2.8404012,0.13427994,6.9270177,-0.71909726,-0.69721055,1.9534047,-2.1936786
-1.0895329,-2.7458477,-0.12009913,7.003693,-0.68105996,-0.7599868,2.1392267,-2.0276887
-0.7387882,-2.944837,-0.16617236,6.6733613,-0.19232205,-0.6381426,2.150063,-2.130317
-1.1317433,-2.6976006,-0.26563352,6.5338616,-0.08947879,-0.64369226,1.9368593,-2.2156274
-0.79785573,-2.9980443,-0.16602921,6.544926,-0.16274491,-0.74390393,2.018472,-2.0184035
-0.9002401,-2.865467,-0.12053717,6.7708855,-0.2763704,-0.6842997,2.2977347,-2.0530658
-1.1059738,-2.6884649,-0.30558717,6.7607694,-0.19686495,-0.7075626,2.1334722,-2.0897553
-0.8797502,-2.7965426,-0.09760163,6.8881865,-0.4081039,-0.74050826,2.0225751,-2.176839
-1.1360837,-2.7258852,-0.2289633,7.0046124,-0.6199597,-0.8039865,2.203048,-1.9861084
-0.944191,-2.820393,-0.44315332,7.0164165,-0.24311285,-0.6725086,2.1720507,-2.0557866
-0.93297845,-2.8894916,-0.5394251,7.0728545,-0.27585274,-0.78661853,2.0632918,-2.2694917
-0.92365813,-2.9054072,-0.3337973,6.854174,-0.24778552,-0.8370687,1.9624726,-2.1371803
-0.5998103,-2.9328232,-0.14102477,6.8232517,-0.17430133,-0.6988178,2.021494,-2.1804595
-0.6867622,-2.9613585,-0.15959807,6.8314834,-0.15179224,-0.7084517,1.9596201,-2.0334883
-0.96022564,-2.7812905,-0.06821533,6.658333,-0.2184603,-0.5519811,2.1598084,-1.9478974
-0.9147765,-2.7611084,0.08407159,6.2569194,0.020065147,-0.7277952,2.0589752,-2.2206368
-1.0181096,-2.8577583,0.13869648,5.9559813,0.2558809,-0.93128556,2.0151768,-2.2190197
-0.9526297,-2.7688398,0.45225453,5.7304044,0.14316474,-0.6668567,2.1582499,-2.2292943
-0.90805864,-2.8880696,0.4216571,5.691605,0.15718007,-0.6300461,1.9973354,-2.156799
-0.83231574,-3.0155165,0.7788278,5.3776183,0.29402426,-0.6875381,2.3775904,-2.0859663
-0.64305604,-2.946029,0.6024413,5.4819965,0.44392064,-0.73813736,2.0124235,-2.1050189
-1.0335902,-2.8979232,0.6411598,5.104325,0.61994034,-0.79966205,2.1535838,-1.9779164
-0.48446652,-2.9581995,0.24530709,5.4984,0.84001285,-0.646808,2.1404796,-1.9617224
-0.6505854,-2.9148538,0.19429493,5.800307,0.61644024,-0.6352625,1.9028562,-2.0864098
-0.8594991,-2.8876388,-0.13661298,5.925433,0.5576339,-0.66449213,2.1073654,-2.2335088
-0.80118865,-3.001838,-0.018284488,5.7374234,0.701103,-0.7407315,2.1042678,-2.1244538
-1.0241317,-2.881864,-0.014076397,5.8499246,0.4067495,-0.694059,2.0531514,-1.9525028
-0.80055296,-3.0611687,-0.2783458,5.850628,0.77347124,-0.8487945,2.0228653,-2.1404698
-0.8210425,-2.8203685,-0.32728848,5.7756286,1.0013971,-0.6675654,2.163963,-2.1847112
-1.0110807,-2.7702427,-0.08650489,5.438808,1.0137374,-0.7266749,2.04692,-2.1013455
-0.9073437,-2.8156807,0.15263812,4.999675,1.1752044,-0.6531643,2.112711,-2.201318
-0.8211098,-2.7589138,0.19057964,5.050558,1.0739202,-0.69796765,2.0560954,-2.0278733
-1.0205885,-2.738323,0.03265544,5.342733,0.9037357,-0.6879936,2.0058115,-2.2780561
-0.49111584,-3.0762503,0.38530344,5.392758,0.7078466,-0.7124224,1.9928315,-2.00772
-0.6795677,-2.922963,0.5325808,5.419054,0.5688403,-0.6848325,1.9646859,-1.9455516
-0.97904015,-2.7789047,0.056480717,5.843167,0.37488046,-0.76303315,2.0562377,-2.0375736
-0.80265146,-2.8431332,0.057714667,5.7367353,0.6077506,-0.75939083,2.0502782,-1.9800037
-1.0277102,-2.8583155,0.37405553,5.8560224,-0.0025226919,-0.81142664,2.15184,-2.0806358
-1.0014935,-2.815761,0.23400843,6.080472,-0.082097486,-0.7599865,2.2545207,-1.9888864
-0.7771471,-2.8491724,0.44806352,5.8056054,0.09609833,-0.78114426,1.9407926,-2.1440501
-0.7676991,-3.0595167,0.3541334,5.5346313,0.4505637,-0.8397964,2.0139477,-2.1017537
-0.7937166,-2.8195956,0.6649276,5.12212,0.62357503,-0.83338505,2.090679,-2.0591166
-0.9583698,-2.8372872,0.78920394,5.353487,0.16958891,-0.7480299,2.1849322,-2.1182861
-0.5055711,-2.8921757,0.30728465,5.584929,0.72474134,-0.61647624,2.3150983,-1.9873433
-0.7321284,-2.896637,0.42582574,5.397088,0.7855022,-0.7038253,2.0246797,-2.2678623
-1.0088937,-2.8453803,0.3970334,5.109704,0.84581494,-0.801236,2.056032,-2.1091893
-0.8387532,-2.9936128,0.5576692,4.991302,1.1032718,-0.6377724,1.9834241,-2.2259765
-0.8564392,-2.9512494,0.3837593,5.136459,0.8727269,-0.7742014,1.728055,-1.8031349
-0.7388119,-2.8707175,-0.12892489,5.498838,1.0470482,-0.7634842,2.1250324,-2.15591
-0.96984875,-2.9976988,-0.20236966,5.4255185,1.0358784,-0.73121554,2.0054946,-2.139634
-0.26439846,-2.8686616,0.054117564,5.6064796,1.2013042,-0.58752877,1.831795,-2.0642395
-1.0201166,-2.8873327,-0.53253704,5.872024,0.89825517,-0.7781303,2.227766,-2.280339
-0.88746977,-2.8522863,-0.33378786,5.740376,0.91579455,-0.7169911,2.0842,-2.0972257
-0.85075635,-2.7888694,-0.2864769,6.027776,0.74735314,-0.78151536,2.081431,-2.095239
-0.61999446,-2.9683075,-0.36727932,5.92477,0.9000296,-0.7580761,2.2126718,-2.2258172
-0.8326763,-2.9170973,-0.7524004,5.968611,1.1000491,-0.73324656,2.1489253,-2.1427128
-0.85879815,-2.890331,-0.6098469,6.0635066,0.80507225,-0.73223937,2.1692934,-2.0947948
-0.6871308,-2.8700843,-0.31006655,5.9771576,0.88242686,-0.6402819,1.976383,-1.9060876
-0.64142203,-3.0185633,-0.6442581,6.118028,0.9662608,-0.68077195,2.1965764,-2.1070042
-0.8313691,-2.8943782,-0.5156023,5.983553,0.90228605,-0.6826696,2.3373053,-2.170786
-0.9518908,-2.8456001,-0.6035369,6.0712986,0.7341537,-0.92297095,1.9853755,-2.0330133
-0.75523376,-2.9538498,-0.3350476,6.0872674,0.7367206,-0.6088269,2.1569023,-2.1986623
-0.9144103,-2.89015,-0.26503676,6.0958734,0.4606798,-0.6550282,2.2040653,-2.1668768
-0.9955817,-2.7948585,-0.37136334,5.952974,0.797778,-0.6298667,2.2061396,-2.206169
-0.73048,-2.9864159,-0.44258943,5.862918,1.0064824,-0.7154307,1.9721863,-2.0796788
-0.73205537,-2.9542668,-0.36410487,5.622405,1.2155915,-0.5856948,2.005614,-2.1979945
-0.7693943,-2.811314,-0.19131652,5.6461196,0.9954226,-0.682826,2.0729685,-2.14227
-0.98309016,-2.8402104,-0.40368748,5.568902,1.2030267,-0.6481408,2.1181393,-2.133949
-0.88553166,-2.83298,-0.34790358,5.9454923,0.6940023,-0.7803948,2.0795972,-2.1385934
-0.8518059,-2.861541,-0.7336858,6.302629,0.7533382,-0.65472156,2.0192306,-2.1421146
-0.6054124,-3.0270133,-0.4399171,5.988293,0.99493515,-0.60337764,2.2303605,-2.257658
-0.8180977,-2.9219315,-0.32557228,5.562483,1.0870872,-0.623286,2.1740093,-2.225186
-0.7391129,-2.9144804,-0.06397632,5.425924,1.0967748,-0.6409211,1.8348303,-2.0322819
-0.69167155,-3.0121958,0.26635325,5.168903,0.9968118,-0.8246895,2.0119178,-2.2458417
-0.81740785,-3.0416732,-0.25267625,5.1475773,1.4330993,-0.6986541,2.2813644,-2.1102793
-0.69683146,-2.8734195,-0.17540784,4.8603415,1.7914023,-0.6789947,2.1239083,-2.354446
-0.776093,-2.9418974,-0.08200319,4.858775,1.6708508,-0.68049973,2.279057,-2.1786823
-0.6505787,-2.9536166,0.050310537,4.7010317,1.4976997,-0.65496457,2.1315854,-2.0444841
-0.47983298,-2.880276,0.18525311,5.0676594,1.3453078,-0.553976,2.1064143,-2.1852946
-0.8921518,-3.008794,0.41698325,4.665776,1.2789769,-0.5941451,2.0644777,-2.2374942
-0.5775808,-3.31075,0.3896026,4.384201,1.5858932,-0.7160811,2.0750167,-2.1876926
-0.58676887,-2.8073478,0.5362779,4.5021343,1.592344,-0.6039273,2.0628645,-2.1531389
-0.69509447,-2.9408953,-0.051025104,6.07483,0.37638533,-0.6743476,2.1644397,-2.082553
-0.9049548,-2.9835334,-0.49247646,6.2584805,0.5855027,-0.7309882,1.9287534,-2.2661412
-0.90120035,-2.8981118,-0.33152556,5.963418,0.65670425,-0.6638478,2.0903344,-2.2123585
-0.8800974,-2.8061213,-0.06070831,6.1485443,0.29074186,-0.7241824,2.0822642,-1.9114511
-0.86778194,-2.9769945,-0.2784981,6.008598,0.6752048,-0.76505184,1.9937826,-2.2088392
-0.6827576,-2.93869,-0.3477318,5.874932,0.93708724,-0.61723584,2.0309544,-2.1181653
-0.91349775,-2.9159813,-0.37461194,6.088791,0.53815097,-0.7940399,2.1754029,-2.0271997
-1.0732998,-2.8775625,-0.4559823,6.0689616,0.52123475,-0.89274,2.2991447,-2.3099682
-0.82571465,-2.866721,0.09253232,5.953898,0.32746142,-0.6949644,2.32101,-1.9125777
-0.7201404,-2.8247504,0.10823482,5.9915366,0.3397178,-0.70302993,2.2824278,-2.216549
-0.8754946,-2.7892506,0.4959595,5.748835,0.18951043,-0.6672912,2.0520933,-2.0664568
-0.8278883,-2.8922186,0.2995191,6.01363,0.013518078,-0.9110161,1.9855645,-2.030301
-0.8900339,-2.800421,0.30993554,6.2292175,-0.17516714,-0.6950802,1.9653986,-2.1920671
-0.7507143,-2.8879285,0.19478118,6.311539,-0.18288668,-0.68885165,2.334662,-2.1794012
-1.0739248,-2.7890904,0.4284872,5.994597,-0.18737166,-0.84119236,2.0695958,-2.1989124
-0.7493774,-2.8154283,0.52452725,6.0976615,-0.17086087,-0.73900914,2.2389703,-1.9960656
-1.0284413,-2.870631,0.20480108,5.7703443,0.25899345,-0.6114132,2.1469636,-2.1835485
-0.87143314,-2.9070795,0.58316785,5.3163233,0.45208734,-0.7994033,1.8809522,-2.2180662
-0.5313997,-3.0716293,0.7586174,5.7186236,0.22685021,-0.586153,2.0714064,-2.1438253
-0.6764543,-2.9523249,0.4176125,5.8536787,0.27535102,-0.6225726,2.0013945,-1.9405333
-0.8678033,-2.918103,0.70076954,5.61017,-0.15910894,-0.67439735,2.0663803,-2.2689714
-0.7969887,-2.812864,1.0069791,5.684616,-0.3009725,-0.6774766,2.15688,-2.153916
-0.8898306,-2.830688,1.2267917,5.3892465,-0.14238915,-0.6011048,2.221817,-2.121243
-0.85729223,-2.8953404,1.3977811,5.230649,-0.34307358,-0.7777056,2.127858,-2.1338303
-0.6821469,-2.9118528,0.83333725,5.6882424,-0.063812904,-0.63453674,2.1463883,-2.0803864
-0.83052516,-2.8585246,0.99947053,6.0149174,-0.67191786,-0.7197867,2.0985725,-2.0927103
-0.78507537,-2.9742484,0.89035183,5.9104757,-0.48123696,-0.7457789,2.2023287,-2.1384168
-0.98014784,-2.7897093,0.8070904,6.0667205,-0.5795238,-0.74815804,2.2839806,-1.9205368
-0.8324997,-2.8793135,0.89604414,6.2046566,-0.7737813,-0.74237186,2.1997266,-2.2508502
-0.82531136,-2.856058,1.0348192,5.961002,-0.5196313,-0.8066237,2.0992694,-2.0800905
-1.0230162,-2.8122535,0.97029376,5.6405973,-0.33827576,-0.8404897,1.9289726,-2.0204322
-0.5860684,-2.9596124,1.0180441,5.43855,0.011041801,-0.6299057,2.227196,-2.0997062
-0.89869,-2.934767,0.6638334,5.697757,0.012073,-0.6820952,2.169263,-2.1859848
-0.942423,-2.9666042,1.0299343,5.2496257,0.002652977,-0.8177303,2.0893993,-2.222446
-0.9196157,-2.7620735,0.89456564,4.9766555,0.39293936,-0.8507887,1.8853914,-2.1817958
-0.85602516,-2.8837326,0.46815017,5.2276874,0.7187301,-0.74518925,1.9983103,-2.289405
-0.8451996,-2.9748793,0.66464466,5.165199,0.54645264,-0.78360075,2.0773487,-1.9649378
-0.6732173,-2.8995962,0.08070501,5.6905556,0.69660276,-0.6806408,2.145652,-2.0579925
-0.55146956,-3.0930872,0.042458434,5.92811,0.4820154,-0.68753827,2.0671992,-1.9397398
-0.99689275,-2.830012,-0.10041738,5.680259,0.6974126,-0.83107114,2.1223307,-2.2564197
-0.8877475,-2.7278595,-0.159181,5.4799414,1.0549055,-0.56941295,2.1370656,-2.2086933
-0.6912036,-2.9072177,-0.38932905,5.569351,1.2857072,-0.660134,2.0603607,-2.1657958
-0.6864096,-2.9557595,-0.6908207,5.922363,1.2134237,-0.60407096,1.9683938,-2.3008056
-0.8750874,-2.9179356,-0.38259313,5.8057103,0.941835,-0.6602304,2.2257001,-2.0493882
-0.45985758,-2.9404225,0.018727751,5.864975,0.7915068,-0.61909807,2.195808,-1.9549153
-1.0366611,-2.8075945,-0.0964761,5.53741,0.8132797,-0.7445734,2.0984795,-2.146507
-0.83148986,-2.9380426,-0.0037889262,5.572268,0.80876523,-0.7381187,2.0860639,-2.14889
-0.8491967,-2.9180815,0.0044244635,5.6812677,0.67287856,-0.74104846,2.045292,-2.0792625
-0.8970158,-2.9078395,0.25133386,5.2386723,0.91530895,-0.717075,2.1899812,-2.1632555
-0.9539289,-2.9262822,0.22293785,5.1091633,0.97258395,-0.68558353,2.1540933,-2.305113
-0.74132335,-2.9782348,0.71374124,5.1266747,0.5183862,-0.67790854,2.1485271,-2.0084705
-1.1867976,-2.7506912,0.3776182,5.2192345,0.5093795,-0.73907554,2.0436993,-2.0505111
-1.0755424,-2.8560157,0.39916247,5.375922,0.46944886,-1.0239892,1.8377917,-2.2111692
-0.68961173,-2.9744296,0.5278633,5.1511946,0.74451196,-0.59510595,2.0909498,-2.122616
-0.94551015,-2.8799813,0.78831697,4.7319617,0.64527583,-0.857221,2.1542168,-2.1375396
-1.1370254,-2.8006573,0.67404246,4.940956,0.527515,-0.8240098,2.1873665,-2.083346
-0.5160468,-3.0176246,0.45353508,5.1010246,1.0416268,-0.6522415,2.2513843,-1.8715205
-0.9537538,-2.8519323,0.36405638,5.066861,0.8633844,-0.8178739,2.014364,-2.2186322
-0.847416,-2.8878229,0.3615954,5.01448,1.0554124,-0.7074496,2.2203772,-2.202233
-1.1711099,-2.8227432,0.3326924,5.0572605,0.8207244,-0.78239447,2.2297182,-2.3156366
-1.0598968,-2.7074423,0.83220685,4.6937113,0.7454811,-0.74226975,2.1262507,-2.0361784
-0.75286514,-2.8113623,1.2695676,4.5335436,0.7035227,-0.69972533,1.8651866,-2.0331712
-0.7475861,-3.1122231,0.51145893,5.432356,0.43084252,-0.65402097,2.099875,-2.0603015
-0.98652685,-2.7216468,0.61149883,5.6338005,-0.009467134,-0.7349174,2.2088387,-2.2356646
-0.713754,-2.9176002,0.63584286,6.099311,-0.36468542,-0.7885796,2.055889,-2.1886497
-0.90601045,-2.7646954,0.6951083,6.0831227,-0.46212596,-0.7015056,2.043691,-2.122342
-1.0750557,-2.8292663,0.3601584,6.1725216,-0.29414138,-0.9306992,1.9039425,-2.0857146
-1.1059147,-2.8003025,0.34764844,6.218843,-0.3662553,-0.7532071,2.1451628,-2.2481184
-0.6454255,-3.0594232,0.6531561,5.9350476,-0.031441055,-0.65151393,2.0536416,-2.029608
-0.70470226,-2.940688,0.5025196,5.887689,0.09102509,-0.74192,2.059701,-2.1800854
-0.9392398,-2.8166325,0.7137549,5.6361804,-0.109360546,-0.93676,1.9827651,-2.088077
-0.87609184,-2.8207903,0.6791692,5.4079475,0.31270662,-0.6516242,2.2652519,-2.0727875
-0.86020565,-2.9832482,0.15064146,6.07758,0.109744,-0.7534749,2.0004106,-2.247223
-0.6475005,-2.9224489,0.53298825,6.101321,-0.09650077,-0.6196996,2.0885506,-2.1619875
-0.79141,-2.9322996,0.5827618,5.744394,-0.012704638,-0.70274955,2.1581953,-2.1750703
-0.5334137,-2.907697,1.0695158,5.483838,0.13102083,-0.53053945,2.1571474,-1.974891
-1.0731862,-2.7857392,0.9207569,5.336599,0.012207828,-0.7956062,2.0486999,-2.1453712
-0.59567386,-3.0038326,1.0818366,5.034293,0.30271018,-0.7074013,2.0695632,-1.94232
-0.6421916,-2.91273,0.65978616,5.3404446,0.5742905,-0.5985431,1.9808422,-2.315939
-0.49039873,-2.876858,0.37856814,5.9025097,0.14184639,-0.6496948,2.0606775,-2.0737805
-0.71825147,-2.8107157,0.05014027,5.4954176,0.8482838,-0.6512886,2.0930645,-2.1228752
-0.90562683,-2.8311546,-0.2384335,5.7631125,0.70800686,-0.8027397,2.0399,-2.1086211
-0.96235764,-2.8816082,-0.34565768,6.1680117,0.47147796,-0.74168456,1.8795384,-2.1662118
-0.95031625,-2.850522,-0.7257749,6.5466213,0.4611434,-0.7840085,1.8794469,-2.395774
-0.7729389,-2.9567645,-0.4588126,6.5266423,0.36385074,-0.7463294,1.7347035,-2.148392
-0.8651021,-2.9448278,-0.3720684,6.3990707,0.34184384,-0.69519025,2.1640108,-2.2647173
-0.75623304,-2.990414,-0.07356907,5.9052896,0.53614223,-0.5722367,2.000808,-2.1250677
-0.7242433,-2.9656873,0.11764812,5.494084,0.7833222,-0.73906124,2.12081,-1.9425273
-0.87510854,-2.8805707,0.006027067,5.7213807,0.64210874,-0.646889,2.315313,-2.125439
-1.0237751,-2.8192353,-0.30184522,5.6341662,0.8237857,-0.79477084,2.1445858,-2.0276887
-0.64131993,-2.826061,-0.20378347,5.884425,1.0085839,-0.64612055,1.9858823,-2.25628
-0.6916971,-3.0145252,-0.8013497,6.3857102,0.9323942,-0.5880147,2.0278175,-2.3239229
-0.95827895,-2.8426425,-1.0081271,6.2771473,1.0137746,-0.7371368,1.9879539,-2.1928174
-0.93358666,-2.9861345,-0.6686452,6.2270613,0.7107517,-0.7707895,2.0739994,-2.1833692
-1.0264763,-2.9340339,-0.3953566,6.224059,0.5288445,-0.7828371,2.3762133,-2.1505048
-0.6295142,-2.9046028,-0.7720026,6.2783747,1.0525116,-0.6303941,2.1315718,-2.1252716
-1.060936,-2.8830621,-0.49160075,5.7107415,1.09288,-0.7770972,2.2445052,-2.2479692
-0.92715526,-2.8197773,-0.37364343,5.6451674,1.0198942,-0.76023006,2.064276,-2.276344
-0.91768664,-2.9133415,-0.11905296,6.0811515,0.3397291,-0.73177046,1.9976809,-2.2394407
-0.7677027,-2.9958546,0.20889792,5.8113203,0.34178764,-0.75042415,2.1746092,-2.1118307
-0.9963864,-2.882521,-0.28401056,6.0826883,0.48883352,-0.60890716,1.9994202,-2.0089464
-0.982437,-2.8727276,-0.23452431,6.0867496,0.37240902,-0.7131692,2.1737962,-2.1264067
-0.83268166,-2.871651,0.08554784,5.8330746,0.5578263,-0.71129185,2.2270455,-2.1573744
-0.7536134,-2.966534,-0.36906528,6.126023,0.74406165,-0.642474,2.0159984,-2.2133107
-0.726049,-2.8647478,-0.43537545,6.2598996,0.56755984,-0.7090208,2.124016,-1.9363166
-0.8874309,-2.946647,-0.6035134,6.687873,0.1439173,-0.77025884,2.1505346,-2.2306125
-0.79608333,-2.836107,-0.55169547,6.495263,0.50690496,-0.64682573,2.0742266,-2.1287932
-1.0677505,-2.6898093,-0.43305945,6.4441686,0.18411303,-0.8936008,1.9350194,-2.0771232
-0.5234183,-2.8897655,-0.15752216,6.097372,0.51799273,-0.59345555,2.1736717,-2.0814004
-0.9646595,-2.8294733,-0.25095966,6.333638,0.23321868,-0.71205187,2.304268,-2.0464501
-0.8880142,-2.9302201,-0.26083976,6.440616,0.04282472,-0.88537604,1.995363,-2.131445
-0.77680534,-2.8350601,-0.008847846,6.531584,-0.013432553,-0.6353673,2.1961439,-2.0634637
-0.66372055,-2.9318845,-0.013046255,6.7018957,-0.22606078,-0.75012517,2.106346,-2.0364263
-0.8462396,-2.9082508,-0.12415382,6.7193227,-0.2748283,-0.6778885,2.0388443,-2.120568
-0.79612434,-3.0146985,-0.054443583,6.636469,-0.21449965,-0.7573992,2.0987659,-2.1127872
-0.89957124,-2.8732064,-0.032493945,6.525801,-0.13154632,-0.7730691,2.133631,-2.16757
-0.8055251,-2.9460478,-0.08453807,6.3653736,-0.0061022253,-0.69421566,1.9682891,-2.1787395
-0.98709923,-2.7884505,-0.047543194,6.019687,0.3803615,-0.6383839,2.0092382,-1.9786931
-0.8947133,-2.912098,-0.16989443,6.0211654,0.46840295,-0.7967267,2.2316246,-2.113879
-0.9746256,-2.8552878,0.022356821,5.885787,0.41315407,-0.6877287,1.9922171,-2.250056
-0.9392852,-2.8099446,0.15864351,5.5821424,0.53295505,-0.72796345,2.2823231,-2.2086868
-0.8062829,-2.9789567,0.037173036,5.567564,0.7179643,-0.9470808,2.0653207,-2.0292253
-0.65718555,-2.9895778,0.3513274,5.574064,0.4586997,-0.741982,2.2675712,-2.0854793
-0.7928443,-2.9882927,0.4377062,5.4145384,0.4689253,-0.87317455,2.1056573,-2.1601036
-1.0291581,-2.9323235,0.36784077,5.6300645,0.285835,-0.75369066,2.2381024,-1.9129907
-0.904221,-2.844448,0.5687205,5.4628882,0.252714,-0.74419373,2.2382069,-2.156483
-0.90351003,-2.9152913,1.0366702,5.1661043,-0.085189044,-0.78384465,2.116369,-1.9990407
-1.2005936,-2.6773884,1.2120447,5.002288,-0.055625737,-0.8119801,2.224205,-2.26709
-0.71807986,-2.8735025,0.9595614,5.3322287,0.12795666,-0.75427514,1.9492099,-2.273303
-0.8469957,-2.8532708,0.6534854,5.6153727,0.06016363,-0.6254319,2.088956,-2.170235
-0.8924862,-2.912711,0.75496143,5.7126036,0.04700406,-0.7149026,2.023686,-2.0181165
-1.0185226,-2.8114736,0.4294887,5.973238,-0.17486253,-0.71732664,1.7714452,-2.2703764
-0.8078666,-2.923975,0.8778846,5.6143665,-0.15525715,-0.71746206,2.08748,-2.1388774
-0.7214357,-2.8453338,1.2452457,5.5946503,-0.21593536,-0.6310518,2.1146357,-2.0239692
-1.071146,-2.7707322,1.1311506,5.3067155,-0.14745925,-0.7672954,2.2587104,-1.9872148
-1.217829,-2.7521448,0.6448909,5.123791,0.40085968,-0.72520816,2.3925653,-2.1297848
-0.8307463,-2.9068313,0.80497414,5.0479403,0.6078211,-0.70057607,2.1226962,-2.293274
-0.9844982,-2.7589417,0.60122883,5.1079435,0.63775873,-0.8595759,2.3127398,-2.160826
-0.753121,-2.959406,0.6834981,4.8484488,0.9656117,-0.6753655,2.1496418,-2.2473369
-0.6932137,-2.9281821,0.98259884,4.627666,1.0318309,-0.5857824,2.1075883,-2.1564274
-0.86802435,-2.8372998,1.2365484,4.539667,0.69318354,-0.6651496,2.197011,-2.133412
-1.0658537,-2.8194432,1.1123663,4.722129,0.4198003,-0.71027344,2.306564,-2.0925193
-0.6003221,-2.8847454,1.2319931,5.07062,0.28422913,-0.6039079,2.1778011,-2.048549
-0.8626434,-2.8417094,0.8024498,5.3138227,0.29956517,-0.71568346,2.0863557,-2.016815
-0.99344265,-2.8234076,0.80933696,5.7272806,-0.27190888,-0.66470146,1.9996657,-2.1965175
-0.630945,-2.873353,1.2383275,5.6848183,-0.3765042,-0.60343957,1.986206,-2.1068697
-0.53098196,-2.9821951,1.3969915,5.781315,-0.60073173,-0.5348817,2.1926413,-1.9374163
-0.58644557,-2.9889297,1.3231611,5.4709587,-0.29742575,-0.5868748,2.0830648,-2.1186173
-0.8245971,-2.840045,1.4932044,5.489915,-0.5667914,-0.6536239,2.0733225,-2.1882834
-0.88712937,-2.8389175,1.2727469,5.728121,-0.6980196,-0.8081423,1.8907264,-2.059537
-1.0087011,-2.8066514,0.9678433,6.0159435,-0.6369316,-0.73778105,1.9448489,-2.0877414
-0.95453644,-2.8313801,0.93556947,6.1531243,-0.78606,-0.7257139,1.9504942,-2.1161163
-1.1387231,-2.8307085,1.1491772,5.9323306,-0.92257184,-1.0219886,2.042823,-2.142143
-0.986376,-2.90009,1.4519016,5.960653,-1.1194003,-0.6561833,1.97746,-2.0942507
-0.5774551,-2.9924538,1.5411391,5.973316,-0.9523708,-0.64368415,2.388578,-2.1427753
-0.696839,-2.837049,1.1650769,5.7277627,-0.38399774,-0.58485883,2.045378,-2.1381397
-0.88520885,-2.8375216,1.3660533,5.1249714,-0.17071334,-0.7887909,2.2927089,-2.2366173
-0.7807692,-2.8720348,0.5210789,5.1870723,0.77812576,-0.68909466,2.0919802,-2.0147717
-0.8204597,-2.8390195,0.70199335,5.306978,0.39114708,-0.6759209,2.0420356,-2.1912458
-0.8584682,-2.8220916,0.64639163,4.9119725,0.777166,-0.7176777,2.1946862,-2.1606548
-0.8044157,-2.8960319,0.43148693,5.0674467,0.9430469,-0.60745126,2.073486,-2.0747135
-0.8135936,-2.7099748,0.32064536,4.8318124,1.2151178,-0.7992494,2.1542075,-1.8923866
-0.92441946,-2.8360665,0.27877098,5.2184043,0.9256047,-0.7745103,1.9114778,-2.0426824
-1.0077314,-2.8021984,0.3106207,5.061817,0.9049521,-0.7991923,2.144936,-2.173872
-0.75252825,-2.8421984,0.18604594,5.3100505,0.9808275,-0.685353,2.2011075,-1.9742893
-1.2396106,-2.8061128,0.1731051,4.9522862,0.983026,-0.9395405,1.8055661,-2.210324
-0.53958863,-2.9774418,0.41015828,5.371601,0.7219135,-0.6086906,2.2325199,-2.0333533
-0.9243244,-2.8810387,0.46441764,5.5309825,0.30691692,-0.75829554,2.1219273,-2.1859906
-0.95966494,-2.8426685,0.48940098,5.521525,0.40769088,-0.72324765,1.8872441,-2.1570232
-0.70445794,-2.8892915,0.88718045,4.946443,0.7003806,-0.6795711,1.8774053,-2.2597969
-0.5415845,-2.8653913,0.79418063,4.4700723,1.2210226,-0.65181726,2.2854898,-2.0583372
-0.47924393,-3.0138376,0.75910085,4.5045905,1.4628136,-0.6097646,1.95067,-1.9632218
-0.7647764,-3.0133772,0.7820862,4.5217676,1.1428025,-0.783755,2.242239,-2.2464938
-1.0222698,-2.88906,0.5284888,4.445256,1.3038307,-0.849578,2.4730535,-2.087583
-0.95119274,-2.7234755,0.9142867,4.747498,0.64220643,-0.6025601,2.202405,-1.9241651
-0.6776736,-2.9680014,0.64808756,5.186054,0.60084873,-0.65679973,2.3234172,-2.0723267
-0.8816272,-2.9013798,0.25204638,5.273998,0.8221321,-0.789019,2.1000588,-2.302534
-0.8444023,-2.92935,-0.18764424,5.549762,0.9066735,-0.6215106,2.0620453,-2.1141307
-1.0178778,-2.8139393,-0.39561218,5.198962,1.4036992,-0.9990383,1.9903144,-2.175243
-0.8993574,-2.929932,-0.23315307,5.1215987,1.2401515,-0.94682366,2.2173188,-2.1079628
-0.6393745,-3.0460503,-0.1078519,5.2626934,1.3033923,-0.6530768,2.089011,-2.0394857
-0.6492997,-3.0550525,-0.35426083,5.3617086,1.4928727,-0.7762766,2.1882281,-2.0736701
-0.7878664,-2.8818893,-0.119458616,5.698064,0.852884,-0.7163474,2.054595,-2.255064
-0.7689858,-2.9407094,0.39810714,5.387037,0.64253277,-0.7893706,1.8542502,-2.0293796
-0.8584326,-2.9064643,0.5633732,5.398406,0.4837761,-0.57780963,1.8860675,-2.0988727
-0.86565834,-2.9006855,0.97900337,5.3319607,0.028215077,-0.609805,1.8163176,-1.9549222
-0.9873914,-2.8567207,0.76056105,5.3995137,-0.038982265,-0.8390608,2.1683593,-2.2458246
-0.6361422,-2.9684982,0.93026733,5.2635083,0.2946145,-0.6443805,2.0335736,-2.2192724
-0.65034974,-2.9692893,0.8305853,5.2082124,0.4520172,-0.581161,2.250695,-2.0902352
-0.72422576,-2.9248369,1.0964525,4.9098506,0.46714696,-0.67135996,2.0559723,-2.0712492
-1.0333842,-2.7566051,0.6372202,5.1369143,0.4864542,-0.70988405,1.9645052,-2.0190582
-0.81953156,-2.9636652,0.7538178,5.164551,0.4242517,-0.7698889,2.1506202,-2.2361064
-0.9310527,-2.8409984,0.43984208,5.4845233,0.46852592,-0.6883812,2.081012,-2.3996336
-0.8318215,-2.873444,-0.105520844,5.900803,0.6709114,-0.7459353,1.9294484,-2.243812
-0.56999993,-3.065659,-0.23598483,5.5778127,1.1660513,-0.7286162,2.0052006,-2.1818564
-0.704315,-3.0523088,-0.3614317,5.6133943,1.1532222,-0.75158733,2.0276227,-2.1877105
-0.93312323,-2.796369,0.013489818,5.6611953,0.6849677,-0.8622108,2.1296496,-2.1207962
-0.8234122,-2.8978374,0.23671061,5.7440186,0.3658415,-0.6299966,2.2523794,-2.0432994
-0.8069366,-2.7823918,0.78470933,5.716304,-0.119295426,-0.7274226,2.1004608,-2.0410166
-0.83560073,-2.827417,0.4579639,6.4477224,-0.52778447,-0.6623484,2.1881804,-2.0683897
-0.85792136,-2.9151056,-0.79797125,5.6939673,1.546205,-0.8044818,2.005959,-2.162593
-0.88906527,-2.8806386,-0.8565442,5.8945613,1.2569457,-0.699758,1.8969924,-2.2102005
-0.8337634,-2.8849556,-0.99488497,6.0019226,1.3670311,-0.81010723,1.9244051,-2.1706092
-0.7406793,-2.8932927,-1.1419951,6.503942,1.1178606,-0.60506755,2.1331859,-2.0331562
-0.90706784,-2.942045,-0.7445202,6.109261,0.908882,-0.7145832,2.218822,-2.0361955
-1.034572,-2.7989085,-0.72717834,6.26629,0.7228296,-0.7970342,2.071109,-2.186409
-0.7961472,-2.875639,-0.73263234,6.3226037,0.8288503,-0.7547941,2.3649817,-2.0895998
-0.8267211,-2.9269457,-0.5498964,6.4213223,0.41420817,-0.7090064,2.1060543,-2.255204
-0.61025274,-3.0026114,0.06498714,6.068531,0.36801848,-0.66427016,2.0920968,-2.1593258
-0.4399866,-2.8861964,0.16318949,6.0821304,0.2940946,-0.5957796,1.9619145,-2.127406
-0.7376184,-2.8877094,-0.062577784,6.1110053,0.49766126,-0.6297394,2.226692,-2.043404
-0.72959536,-2.9070728,-0.25680336,6.1366506,0.58090866,-0.6690342,1.9685972,-1.9915171
-0.6656406,-2.9896488,-0.4163988,6.0245004,0.80712754,-0.6289515,2.0723512,-2.2008226
-1.2080218,-2.68217,-0.52954364,6.2340107,0.5036126,-0.7139288,2.2931721,-1.991719
-0.8736364,-2.821036,-0.15685105,6.0502143,0.59436107,-0.7239033,2.1445196,-2.16009
-0.59337115,-2.914322,-0.4891959,6.136449,0.8320903,-0.73897797,2.1101658,-2.1048374
-1.0038154,-2.8407815,-0.3041242,5.8262076,0.93928754,-0.7225525,2.0788045,-2.1773026
-1.0648776,-2.9359686,-0.26042098,5.160893,1.2599359,-0.8558661,2.1893284,-2.115852
-0.684246,-2.9668264,-0.007207676,5.0847287,1.3246082,-0.7446504,2.14654,-2.1341531
-0.8778108,-2.974954,0.048170913,4.6695027,1.813518,-0.7518048,2.130566,-2.2034535
-1.1102874,-2.923875,0.16547246,4.5176272,1.7207153,-0.70685166,2.220549,-2.2844121
-0.77365315,-2.8559659,0.41610977,4.3097086,1.6677601,-0.71898836,2.1264029,-2.3164425
-0.6159108,-2.8945847,-0.2658344,5.0505047,1.7821633,-0.6628836,1.9506568,-2.0997596
-0.67967635,-3.0055392,0.08415134,5.3457255,1.0255247,-0.7016973,2.0722637,-2.1063929
-0.9072761,-2.7928605,-0.18761481,5.2095404,1.277922,-0.90914303,2.1551445,-1.9863861
-0.96962786,-2.9261482,-0.5679925,5.394157,1.5008156,-0.7617882,2.007897,-2.2648315
-0.8726556,-2.9196377,-0.6264266,5.547992,1.382657,-0.70913315,2.238371,-2.0989077
-0.662788,-3.0389886,-0.24923825,5.6323986,1.1423199,-0.6463863,2.1235387,-2.0634143
-0.7442709,-2.9045084,-0.10637086,5.4860106,1.1567792,-0.60486674,2.1479542,-2.173699
-0.67384905,-2.875993,0.32842144,5.1782517,0.99010706,-0.58649033,2.1210978,-2.08598
-0.9126973,-2.866659,0.066079035,5.4490805,0.84641945,-0.6929354,2.1059067,-2.1328769
-0.5740775,-2.9666858,0.19226298,5.629106,0.64093477,-0.7112918,2.0667124,-1.9558355
-0.7001139,-3.0227978,0.28891736,5.42057,0.69710964,-0.64169854,2.0233126,-2.0318162
-0.6700335,-3.0286827,0.58077335,5.2723165,0.6727268,-0.5699468,2.1882877,-2.060853
-0.8002102,-2.8940527,0.6820288,4.8642488,0.8430026,-0.64434,2.2077432,-2.1733212
-1.0794865,-2.816761,0.8482282,4.810024,0.52111757,-0.87244505,2.042758,-2.1948802
-0.9430326,-2.760514,0.8516292,4.567831,0.91442996,-0.8044444,1.9885062,-2.0585136
-1.0959032,-2.8253274,0.6715385,4.541736,1.0717049,-0.70823103,2.1911604,-2.122238
-0.91457015,-2.7949438,0.881093,4.5794826,0.82053936,-0.9205127,2.2666008,-2.1801777
-0.93537647,-2.8086693,0.8965265,4.7323008,0.65808004,-0.73866487,2.1156275,-2.200269
-0.9225068,-2.7417552,0.90068454,5.1677613,0.3558518,-0.62248456,2.0122886,-2.0889866
-0.6894996,-2.9118645,0.7237716,5.3163805,0.36423662,-0.646509,2.1137004,-2.0414288
-0.5188964,-3.0227423,0.58311516,5.6410117,0.34572867,-0.6697887,2.011165,-2.206477
-1.041233,-2.7603314,0.7573603,5.3312254,0.11492491,-0.8793442,2.0825138,-2.1251278
-0.8036277,-2.8512948,0.18845053,5.3432527,0.95629716,-0.7886899,2.0899732,-2.174989
-1.0507021,-2.732935,0.248813,5.2965984,0.7183298,-0.70439214,2.1498888,-2.076702
-1.015035,-2.740855,-0.14411375,5.4724617,0.96590537,-0.66611826,2.2359352,-1.8775159
-0.642318,-2.8104732,-0.39986807,5.6530614,1.268472,-0.6062397,2.0704813,-1.9040325
-0.66766715,-2.9468637,-0.4107756,5.7718496,1.2539377,-0.75597274,2.4435232,-2.0395954
-0.60890764,-3.0309563,-0.6954684,5.834746,1.4411433,-0.602677,2.2201674,-2.3898792
-0.74602973,-2.9380972,-0.65193474,5.7474203,1.4048399,-0.6437867,2.2484152,-2.1099575
-0.50175065,-3.0044599,-0.6055085,5.9665723,1.2848904,-0.83366233,2.2150514,-2.201068
-0.9399634,-2.9465415,-0.61985147,5.546697,1.378713,-0.7605521,2.079356,-2.3269188
-1.0452324,-2.8594384,-0.24116884,5.422295,1.1172953,-0.793396,2.0933988,-2.341725
-0.88832563,-3.0216985,0.05267487,5.263051,1.0928986,-0.6487919,2.046384,-2.258542
-1.0539615,-2.7860491,0.17490244,4.7981887,1.199548,-0.7796389,2.235186,-2.1514843
-0.6497371,-2.9324195,0.07449431,5.109162,1.211993,-0.6646653,2.1359193,-2.1027348
-1.036909,-2.840998,0.3721007,4.998033,0.98776674,-0.83053607,2.2202847,-2.0406175
-1.1143721,-2.8204608,0.49954626,4.794309,0.8764626,-0.7710482,1.9776945,-2.1636913
-0.8596714,-2.7573504,0.5775007,4.9094453,0.94881284,-0.67985576,2.2092617,-2.189589
-0.84701866,-2.8913345,0.5207289,4.867788,1.082214,-0.8467519,2.0816033,-2.2156146
-0.8692056,-2.9991522,0.60500824,5.019001,0.7669259,-0.6051312,2.0247693,-2.1706266
-0.9140963,-2.8216636,0.8002533,5.1111326,0.60118026,-0.8545375,1.908215,-1.9762449
-0.7331442,-2.8818252,0.5773123,5.3122373,0.66667014,-0.58749527,2.063525,-2.1891866
-0.6088741,-2.8831222,0.66830575,4.9288025,0.9489528,-0.60882074,1.966366,-2.2816267
-0.9808151,-2.8495002,0.72874194,4.833502,0.7079023,-0.79465365,2.0572135,-2.079744
-0.7885829,-2.8710198,0.84274626,5.016487,0.4793391,-0.7350955,2.1490963,-2.1185515
-0.8428767,-3.0012705,0.7656339,4.9498305,0.5559445,-0.7307986,1.8909326,-2.1548634
-0.759249,-2.854401,0.26035887,5.283311,0.73957026,-0.7675875,2.0607338,-1.9797997
-1.1113346,-2.6842387,0.36096826,5.1253357,0.8615076,-0.7320442,1.929577,-2.0033257
-0.8478622,-2.8376832,0.479167,5.066006,0.83794236,-0.69519967,1.9038963,-2.086483
-0.7838166,-2.8486423,0.22684477,5.4520745,0.77211356,-0.7329166,2.0350866,-2.0712981
-0.8704881,-2.86144,0.28992656,5.5288253,0.59864867,-0.78331804,2.2464802,-2.074698
-0.6174861,-2.8836648,0.4230302,5.3675966,0.7102827,-0.61476046,2.0506177,-1.9908831
-0.6488699,-2.9497786,0.28263894,5.5105057,0.66374177,-0.59461296,1.9855253,-2.113055
-0.7905181,-2.9108737,0.27688032,5.4034066,0.7290287,-0.6910227,2.1329296,-2.128449
-0.7952183,-2.8470905,0.08886361,5.81968,0.3865504,-0.6660246,2.0512044,-2.0333502
-0.9625187,-2.759201,0.13159397,5.799365,0.4192624,-0.76347363,2.1832147,-2.1131334
-1.0263395,-2.8212347,-0.044870835,5.6899376,0.5289345,-0.831808,2.1620572,-2.0672889
-0.74347925,-2.8659027,-0.012485059,5.813018,0.59178835,-0.64406466,2.1418214,-2.163355
-0.825786,-3.0059319,-0.43944025,5.9345617,0.88885236,-0.72597265,2.0723364,-2.25367
-1.1606041,-2.8124163,-0.46470854,5.5901933,1.1422119,-0.8975202,1.9185985,-2.166201
-0.9683321,-2.841082,-0.1515702,5.3988,1.1427073,-0.7394009,2.0406747,-2.272202
-0.904779,-2.9840863,-0.08736652,5.420538,0.93663317,-0.771843,2.24668,-2.1104488
-0.89421594,-2.9228692,0.15309246,5.3858356,0.91977733,-0.6417936,2.2099352,-2.3481526
-0.87688357,-2.8359482,-0.34636146,5.1496453,1.4269438,-0.8134507,2.2350624,-2.0056562
-0.6059488,-2.9393172,-0.22527231,5.195573,1.2863939,-0.7395884,2.0431883,-2.0512958
-0.74441266,-2.9804456,-0.3357628,5.4416943,1.3234437,-0.73736525,2.034417,-2.043736
-0.64346755,-2.9698262,-0.39730158,5.6374216,1.1964797,-0.7357551,2.2488296,-2.186938
-0.95033205,-2.7556777,-0.67972046,5.7389207,1.1685162,-0.61789006,2.3229022,-2.065938
-0.94144034,-2.8794875,-0.5496393,6.045977,0.94959366,-0.63992345,2.0620973,-2.2815647
-0.8068034,-2.9544623,-0.579871,6.274255,0.6515775,-0.6996206,2.2581556,-2.1717887
-0.9287044,-2.8419926,-0.65154165,6.0658774,1.0661991,-0.63839936,2.2587008,-2.0089028
-0.83305305,-2.9763367,-1.1620387,6.015737,1.4142594,-0.68061656,1.9375651,-2.159733
-0.93638617,-2.88055,-0.9886375,6.015777,1.3278468,-0.8305642,2.1147041,-1.9303083
-0.5629962,-3.0293393,-0.6693501,5.7483926,1.5082906,-0.70484835,2.1768787,-2.244485
-0.73234546,-3.0082254,-0.45890415,5.3110294,1.5368378,-0.6605466,2.1554358,-2.2890022
-1.0925664,-2.7566962,-0.5562417,5.0377083,1.6286612,-0.7594593,1.9754646,-2.0932567
-0.8666446,-2.8876,0.11066868,4.791738,1.5782787,-0.68054986,2.1984024,-2.2318819
-1.0745283,-2.7848876,0.028880382,4.955785,1.1982385,-0.7950478,2.0329316,-2.1708515
-0.7023274,-2.8660312,0.6631155,5.157058,0.5189815,-0.71155787,2.2998471,-2.2313073
-0.8292531,-2.945106,0.526856,5.399295,0.4571025,-0.6459678,2.1430404,-2.051801
-0.5860398,-2.995669,0.08581717,5.1180973,1.1678381,-0.6993712,2.1404903,-1.9178425
-1.0035495,-2.832438,-0.25224465,5.129259,1.390975,-0.7744755,2.0495956,-2.1043513
-0.41242212,-3.0592277,0.2064476,5.5577974,0.9946417,-0.6097785,2.2902226,-2.1279666
-0.6412044,-2.8227832,0.039837167,5.5582733,0.94253254,-0.68578565,1.911447,-2.025483
-0.5992522,-2.7625756,-0.011805197,5.570838,1.0703464,-0.69018066,2.23507,-2.0935683
-1.1492405,-2.9108899,-0.28719002,5.3713484,1.0300134,-0.85623705,2.2492936,-2.0930886
-0.95359534,-2.7342105,-0.065969236,4.903789,1.3412396,-0.748532,2.2171082,-2.0878215
-1.1684711,-2.8924809,-0.021476608,5.430783,0.7953348,-0.82147837,2.3504376,-2.1610866
-0.90960103,-2.870502,-0.45704046,5.86777,0.8366827,-0.73496056,2.0595098,-2.0677722
-1.052503,-2.8557706,-0.56392676,5.6637793,1.1361672,-0.7610707,2.0960805,-2.211544
-0.72745043,-2.9489958,-0.26692164,5.6987925,1.0058554,-0.6749945,2.269457,-2.0644069
-0.9691596,-2.7799845,0.020671118,5.589753,0.88247544,-0.72260505,1.9184881,-1.9457335
-0.8504025,-2.853524,0.20427024,5.6674557,0.5565183,-0.72511774,2.2174492,-2.0752585
-1.1197618,-2.8030453,-0.23846723,5.9118576,0.45078042,-0.8092949,2.2470677,-2.1929486
-0.8556458,-2.9185321,-0.17156129,5.9387784,0.5968464,-0.6491349,2.1144476,-2.0840878
-0.81494194,-2.9037647,0.2493051,5.7991576,0.38989064,-0.57278067,2.14489,-1.9965582
-0.72897434,-2.8786702,0.5443812,5.2582965,0.58071834,-0.67942405,2.1193597,-2.0356557
-0.8133875,-2.9229715,0.14544497,5.5702825,0.5958772,-0.7185605,2.0577486,-2.2803576
-0.8481876,-2.9527838,0.08701038,5.5610833,0.71663386,-0.65325356,2.2429497,-2.2958474
-0.97622204,-2.9116282,-0.4468538,5.712437,1.0117627,-0.86333555,2.175136,-2.2867773
-0.6754991,-2.902984,-0.21914698,5.3248963,1.3978941,-0.6444069,2.0190537,-2.275486
-0.65721196,-2.8728602,-0.10660271,5.556753,1.0404893,-0.770857,2.0182846,-2.2132974
-0.7292032,-3.0206382,-0.3263336,5.7779427,0.99715,-0.71909267,2.0938027,-2.2873487
-0.7396176,-3.0554183,0.026124006,5.7005625,0.6297818,-0.76385397,2.1579607,-2.215796
-0.73548424,-2.809594,-0.31757212,6.260991,0.57102424,-0.66641647,2.1035252,-2.2415917
-0.84586895,-2.9113817,-0.779428,6.226237,0.8959141,-0.66111606,1.9892972,-2.0862243
-0.78565186,-2.9020774,-0.96408165,6.2463074,1.1985164,-0.71394116,1.8540378,-2.2758298
-0.6257432,-2.9070807,-0.9574514,6.1708083,1.2679336,-0.70210284,1.8817625,-2.1816196
-0.6126674,-2.9071503,-0.3989251,6.458476,0.53060114,-0.7072323,2.0511968,-2.211647
-0.5592269,-2.9378846,-0.32496282,6.491385,0.52793074,-0.6334809,2.2608364,-1.9907185
-0.64683694,-2.986986,-0.39009672,6.394154,0.52699256,-0.6378651,2.113273,-2.1502867
-0.7553325,-2.8992774,-0.11923624,6.3687596,0.1947099,-0.62271833,2.1660175,-2.0448997
-0.9634692,-2.760507,0.043588493,6.483258,-0.13237354,-0.67122483,2.1665971,-2.065784
-0.9951778,-2.8357625,-0.2676658,6.61495,-0.128519,-0.61792314,2.0331857,-1.878854
-0.5374199,-3.010984,-0.23958188,7.031387,-0.24336529,-0.5866571,1.8387539,-1.91081
-0.7620552,-2.8707907,0.19259718,6.7050405,-0.46270233,-0.5882965,2.0786304,-2.1007857
-0.72428036,-2.8630223,0.24734758,6.9459667,-0.6432126,-0.67862064,1.931403,-2.1236172
-0.99824655,-2.8058343,0.11056099,6.7092137,-0.5083542,-0.7097416,2.0632856,-2.1316378
-0.6386828,-2.959726,0.3190576,6.58913,-0.41587698,-0.5435717,2.0088284,-2.007923
-0.6979778,-2.9377546,0.041411463,6.81265,-0.46944532,-0.7996089,2.034917,-2.2960265
-0.57805365,-2.943267,-0.034857932,6.685854,-0.09637475,-0.6115909,2.156836,-2.2431595
-1.0635298,-2.8049264,0.04036144,6.1041946,0.025989989,-0.6918302,2.0780709,-2.0286756
-0.75187856,-2.8782828,0.57220274,5.982477,-0.07939517,-0.6564815,2.0750391,-2.2096148
-0.8357332,-2.814371,0.31302395,6.081534,-0.0110074375,-0.6972411,2.1041849,-2.058906
-0.67393804,-2.9175153,-0.053130176,6.4546084,0.1527108,-0.7109152,1.9487566,-2.0683
-0.68935376,-2.8551226,0.0915912,6.2393546,0.18976878,-0.6712301,2.2372217,-1.9671136
-0.7608001,-2.9039104,0.6860317,5.767685,-0.058530252,-0.6786069,2.0121667,-2.1590414
-0.8455733,-2.7587416,0.25804323,5.903122,0.21567217,-0.67215925,2.0228245,-2.0566335
-0.8869995,-2.869039,0.3549431,5.937318,0.029104896,-0.7600552,2.0755444,-2.3887
-0.7440121,-2.7840672,0.77706075,5.609243,0.07048768,-0.65590364,2.0818336,-2.1540508
-0.7321346,-2.9090793,0.5483434,5.5737133,0.26861298,-0.7186448,2.0428429,-2.0077832
-0.88765913,-2.8254354,0.7748292,5.037431,0.5570142,-0.7722098,1.7619236,-2.033908
-0.9390519,-2.9432654,0.44988897,4.854701,1.0872545,-0.6808502,2.027069,-2.3588567
-0.8553589,-3.0119646,-0.050330672,5.519676,0.7579856,-0.67347467,2.253945,-2.1717331
-0.8808126,-2.911925,-0.055257726,5.5857725,0.8059529,-0.6227017,2.1224246,-2.2228143
-0.80373704,-2.9097426,-0.1514212,5.769568,0.7935542,-0.6286922,2.2413826,-2.2347012
-0.6204971,-2.958367,-0.46928445,6.395897,0.5512309,-0.6317469,2.321237,-2.0484521
-0.78559613,-2.8821235,-0.44122988,6.415154,0.42523083,-0.6305208,2.0112002,-2.144798
-1.0276017,-2.8081715,-0.1771417,5.816359,0.67073107,-0.7329086,2.246762,-2.0130537
-0.82562256,-2.9138937,0.20612311,5.7219677,0.47020972,-0.7920334,2.1799395,-2.1247437
-0.8416388,-3.0150611,0.34459633,5.4814625,0.4292669,-0.6381389,2.0269892,-2.1333113
-0.85984784,-2.8373623,0.022118235,5.773058,0.6328212,-0.8023344,1.9087056,-2.0482845
-0.9805329,-2.856633,0.19910833,5.6995726,0.44982994,-0.84138954,2.164143,-2.0383482
-0.80558056,-2.7922704,0.1688977,5.603021,0.64090633,-0.5999744,2.2013707,-2.082808
-1.0690472,-2.7811863,-0.084165804,5.9462028,0.39744374,-0.72697425,1.9780136,-2.0590696
-1.0998993,-2.7589195,0.1942092,5.7654095,0.15918216,-0.83971524,2.1798387,-2.3091075
-0.7081704,-2.9738193,0.5619653,5.821842,0.13848327,-0.66476035,1.9363792,-2.176848
-0.6433008,-2.9504898,0.8155785,5.7746344,-0.17299718,-0.6897675,2.061917,-2.1912706
-0.7933829,-2.904227,0.8868337,5.4883313,0.053596463,-0.58838046,2.2199187,-2.1949131
-0.5856294,-3.06539,0.9086681,5.7348723,-0.14016344,-0.624805,1.8868445,-1.9870268
-0.876014,-2.8700542,0.33088654,6.016331,0.02966874,-0.72603965,2.3239496,-1.93897
-0.8454516,-2.8557682,0.1437682,5.937682,0.27733952,-0.65360475,2.3144429,-2.0567944
-0.6029322,-2.9742265,0.22222178,6.181154,0.16427599,-0.6809355,2.0433755,-2.15573
-0.55838984,-2.8957026,0.53701526,5.843968,0.11775256,-0.57783335,2.1263037,-2.2131164
-1.0462244,-2.6826377,0.45731288,5.8838754,-0.04342089,-0.8046321,2.0442111,-2.211978
-0.9076276,-2.7834032,0.30498442,6.1849937,-0.049310103,-0.84414226,2.1662974,-2.0949428
-0.8092351,-2.8787162,0.3208567,5.992997,-0.015952112,-0.63544965,2.179122,-2.211434
-0.68160564,-2.9225712,0.21528031,6.107487,0.11675221,-0.79848975,2.0578997,-2.0531127
-0.6127933,-2.9254472,0.3394672,5.8887596,0.26473698,-0.6171858,1.9265538,-2.259108
-0.9284522,-2.7555363,0.41679797,5.4401984,0.4016253,-0.6697967,2.1188893,-2.1016412
-0.78538984,-2.8547683,0.42898983,5.385151,0.641466,-0.6356268,1.9388165,-2.1655173
-0.9945169,-2.8481147,0.08653756,5.2528586,0.8833456,-0.7398315,2.0661864,-2.186491
-0.90352607,-2.8815553,0.07570343,5.4321146,0.8982839,-0.6926305,2.1799235,-2.1492581
-0.72930944,-2.7989314,0.17830056,5.4469986,0.9114416,-0.60636115,2.0499117,-2.2277164
-1.026077,-2.7457497,0.087233715,5.3377953,0.890055,-0.6810835,2.1213386,-2.129026
-0.8547256,-2.8054492,-0.056881532,5.7353115,0.7768364,-0.6389408,1.8552021,-2.1582377
-0.8448349,-2.8585122,-0.3064862,5.8223977,0.8854596,-0.7285846,2.2489328,-2.2208004
-0.6616922,-2.9283938,-0.24492471,6.0059586,0.69572324,-0.6890403,2.0401218,-2.1408358
-0.6232479,-2.9884856,-0.2152725,5.949116,0.8001048,-0.58167315,2.0459824,-2.012589
-0.7494915,-2.9398375,-0.3249602,5.9856677,0.71951675,-0.5957773,2.009113,-2.0131147
-0.94457483,-2.8000085,-0.5673018,6.0268426,0.7813082,-0.9422473,1.9330876,-2.0710907
-0.675132,-3.050885,-0.5478321,5.7861147,1.1729699,-0.64155257,2.1222548,-2.149179
-0.8038695,-2.8924508,-0.22452207,5.346512,1.2808369,-0.78200656,2.0581045,-2.256278
-1.0901784,-2.8443587,-0.5920895,5.372737,1.4732175,-0.8343394,2.1138537,-2.0261748
-0.78673935,-2.8604684,-0.74523926,5.498184,1.6598417,-0.7165198,2.0428224,-2.1844177
-0.8530738,-2.9045284,-0.23618756,5.551373,1.0354275,-0.73492235,1.9787406,-2.2324932
-0.6759734,-2.8301544,-0.45802447,5.6687036,1.3004783,-0.6004486,2.3286514,-2.112272
-0.8245349,-2.854291,-0.36787206,5.7963953,0.9552837,-0.69049895,1.9789099,-2.0872996
-0.636253,-2.9395719,-0.37447226,6.287917,0.5941012,-0.5588915,2.232065,-2.1850693
-0.6607638,-3.0281026,-0.70155954,6.581268,0.57124645,-0.66363865,2.0455666,-2.0643926
-0.80378354,-3.0159175,-0.926144,6.342047,1.052818,-0.66410613,1.9978743,-2.3031824
-0.6882086,-2.966708,-0.70523167,6.2637167,0.79488164,-0.7672128,1.9571323,-1.9793872
-1.028771,-2.8506882,-0.9099393,6.31674,0.96285117,-0.71319973,2.1433449,-2.1651113
-0.8494232,-2.8498232,-0.54185236,6.2084117,0.7263551,-0.6782666,2.1580124,-2.1216984
-0.7724598,-2.8618493,-0.7514239,6.3409348,0.8288861,-0.6653801,1.9563605,-2.1819139
-0.73851246,-2.9648817,-0.77403426,6.4741917,0.8657507,-0.71208805,2.1553702,-2.1521378
-0.86776966,-2.9168363,-1.3471808,6.3088064,1.2628492,-0.86046714,2.0670576,-1.9369332
-0.89768344,-2.9283667,-1.4137583,6.076944,1.6202351,-0.9097842,2.0618918,-1.9604568
-0.8500014,-2.7772238,-0.6216984,5.561082,1.5072451,-0.6839795,2.091787,-2.1156275
-0.76249707,-2.888445,-0.10614806,5.6569853,0.9579468,-0.7723199,2.1879902,-2.1138654
-0.8131005,-3.0423467,0.13146093,5.422761,0.72917515,-0.77502465,1.8696457,-2.1019309
-0.7065407,-2.9473472,0.33356595,5.6497974,0.6007779,-0.6966048,2.336127,-2.2478182
-0.7411547,-2.9361756,0.2903931,5.7180004,0.35993272,-0.825422,1.8620484,-2.2755117
-0.7382595,-2.909632,0.14305782,5.539647,0.65436983,-0.78217006,2.1950405,-2.1751893
-1.041576,-2.817853,0.7046298,5.4317017,0.12888806,-0.81892896,2.1061463,-2.0376859
-0.7281504,-2.9901109,0.43808848,5.65734,0.3105132,-0.7551178,1.9714353,-2.3410997
-0.7046544,-2.9819627,0.37357044,5.739781,0.48433214,-0.69557434,1.9523288,-2.077446
-0.701208,-2.9809139,0.2707105,5.3379374,0.8584751,-0.6118975,2.1612136,-2.212033
-0.64610976,-3.034694,0.27545512,5.3783264,0.93987906,-0.6113552,2.040677,-2.1301107
-0.91978806,-2.912746,0.45348668,4.891818,0.96807927,-0.88314605,1.9144852,-2.105669
-0.38238606,-2.90584,0.25788498,5.6560574,0.8245079,-0.54539824,2.2676535,-2.1885042
-0.75598425,-2.987038,0.4288399,5.068515,0.9186032,-0.7429425,2.0984561,-2.1156456
-0.7237787,-2.9470158,0.6629083,5.245733,0.4851653,-0.6542033,2.1922333,-2.0620086
-0.7116952,-2.8659258,0.23889658,5.9342294,0.21884693,-0.66664207,1.9991032,-2.0756571
-0.6989342,-2.9458091,0.25282264,5.9574857,0.036358386,-0.6702832,2.0954332,-2.1182277
-0.61885756,-2.9407983,0.17487037,5.927152,0.3808264,-0.6060927,1.7914708,-2.0272853
-0.7494658,-2.8733733,-0.029889246,6.1218853,0.3846336,-0.62383276,2.0162544,-2.195322
-0.6988027,-2.8600314,0.024725748,6.1621327,0.31846288,-0.54553956,2.2325308,-2.1975667
-0.79779166,-2.9101985,0.08426513,5.837577,0.4903579,-0.7103172,2.0698032,-1.9486921
-0.6612611,-2.9341383,0.0052855867,6.2851744,0.27531394,-0.72930384,2.1111925,-2.0035176
-0.66277146,-2.8842642,0.3922082,6.2262397,-0.077591084,-0.7678289,2.1658988,-1.906175
-0.855299,-2.7358968,-0.11227621,6.4161763,0.12699251,-0.5917802,2.2559104,-2.1262076
-0.56656575,-3.0521815,0.17818663,6.1754856,0.17799415,-0.63640875,1.9297252,-2.1019928
-0.4690694,-3.0320587,-0.019624455,6.128969,0.4872931,-0.5672987,1.7592252,-2.0153213
-0.6293781,-2.951225,0.3589282,6.121075,0.060796518,-0.7861578,1.9045236,-2.2256238
-0.84929323,-2.97193,0.59770906,5.7226553,0.00875755,-0.67797774,2.252854,-2.042533
-0.9210511,-2.773125,0.92870885,5.35197,-0.09033663,-0.7434598,2.1900148,-2.1739094
-1.0160859,-2.8968425,0.8080664,5.357533,0.08791511,-0.8556207,1.8933098,-2.1525037
-0.84735876,-2.8413422,0.5567994,5.517612,0.36759192,-0.66864616,1.9891754,-2.183634
-0.4878697,-2.9612231,0.48397037,5.9028206,0.29311278,-0.54367733,2.047042,-2.0666022
-0.5427134,-2.959826,0.8155297,5.7395477,0.05970566,-0.5394198,2.1078718,-2.0857592
-0.7379185,-2.8949265,0.54788315,5.4673433,0.30330086,-0.5974427,2.25094,-1.9994289
-0.6423622,-2.9861746,0.88403475,5.1524134,0.48014876,-0.70984954,2.061533,-2.0823433
-0.9242635,-2.790065,0.6815831,5.595984,0.171126,-0.6273591,2.0476887,-2.0080957
-0.8973927,-2.8079119,0.48658162,5.4428396,0.5627205,-0.6543003,2.108369,-2.215757
-0.95455277,-2.7411332,0.28108752,5.5052357,0.5885322,-0.72147137,1.9190059,-2.1033366
-0.7932246,-2.873419,0.48478764,5.284527,0.59842795,-0.74180245,1.833191,-2.1578891
-0.97585946,-2.944688,0.57159126,5.299244,0.41709855,-0.7903781,2.3338592,-2.121778
-0.60859764,-3.0257933,0.59222335,5.275309,0.5714465,-0.8033396,1.9175907,-2.1261723
-0.8085112,-2.9392722,0.1738431,5.3294644,0.86307406,-0.6254364,1.9315126,-2.1872265
-0.82699525,-2.800212,-0.08513869,5.670012,0.7551929,-0.74005574,2.1091352,-2.0339556
-0.6232368,-2.9018986,0.010853819,5.8780656,0.76286775,-0.6285521,2.1383154,-2.0947602
-0.94792336,-2.832534,-0.14752848,5.499222,0.96283793,-0.75542545,2.161702,-2.0679214
-0.82711655,-2.9714522,-0.28600267,5.761913,0.86757934,-0.6636411,2.0474243,-2.209318
-0.7371114,-2.9342246,-0.29345718,6.047443,0.73770773,-0.674344,2.1073835,-2.2031083
-0.7296959,-2.8652487,-0.27357343,6.1655564,0.4777723,-0.62615466,2.201117,-2.181307
-0.89185363,-2.7266538,-0.35772735,6.084999,0.7284684,-0.65613604,2.1816306,-2.2099886
-0.46942252,-3.115934,-0.46318188,6.466724,0.6078364,-0.64217883,1.9823761,-1.918967
-0.52628046,-2.927402,-0.4177243,6.4848127,0.6244112,-0.6119011,1.8660593,-2.1217923
-0.6548239,-3.0462298,-0.84229046,6.8019605,0.5482994,-0.74744284,1.9178613,-2.0885966
-0.99031854,-2.8125417,-0.50002635,6.615801,0.15687005,-0.8055602,2.2441785,-2.2154834
-0.6876213,-2.9602427,-0.281597,6.3724785,0.45242223,-0.7689334,2.2496428,-2.0433047
-0.71343017,-2.8487043,-0.5817554,6.2869635,0.74644905,-0.72261244,2.1958015,-2.142599
-0.67983514,-2.877239,-0.5743199,6.571209,0.5970193,-0.59089726,2.0057857,-1.9963795
-0.9172701,-2.8127089,-0.87098926,6.697972,0.6476378,-0.69278973,1.9275562,-2.1842084
-0.78596085,-2.8820908,-0.8852696,6.6605806,0.6091807,-0.8103011,1.9921832,-2.2145593
-0.8514483,-2.9623625,-0.7265898,6.1864247,1.0241671,-0.7432214,2.1509464,-2.224188
-0.8794023,-2.8648684,-0.8770112,6.009606,1.1951503,-0.6606615,2.307837,-2.2536016
-0.81724364,-2.913721,-0.9605777,6.142673,1.2808648,-0.7046151,2.0780303,-1.9131455
-0.83805436,-2.9156957,-0.6765918,5.6891394,1.3403068,-0.7205457,1.940179,-2.0792506
-0.7881183,-2.8542454,-0.4008782,5.647107,1.2368331,-0.74144846,2.121277,-2.283511
-0.9199945,-2.7875752,-0.5147453,5.816082,1.0989006,-0.6531513,2.1899705,-2.1221766
-0.8057591,-2.9306097,-0.42459458,5.9125094,1.0054144,-0.6527174,2.2408106,-2.0169559
-0.7366931,-2.957758,-0.46027336,5.705041,1.3053522,-0.8141474,2.0163465,-2.0742655
-0.775073,-3.0299098,-0.73865813,5.883062,1.2571725,-0.7175854,1.9226274,-2.1570444
-0.75398564,-2.9771435,-0.99870723,5.9889874,1.49024,-0.62428665,1.9329232,-2.0818496
-0.72464246,-2.8732831,-1.1377294,6.247779,1.2821668,-0.6671748,2.085058,-2.0119126
-0.72743404,-2.8794496,-0.8844342,5.883965,1.341567,-0.6333271,2.151504,-2.1431055
-0.88120395,-2.8231065,-0.8402812,5.9594536,1.273618,-0.87073916,2.191115,-2.155383
-0.944236,-2.9322774,-0.50561136,5.4732122,1.3247868,-0.7471121,2.0832734,-2.1068273
-1.2045972,-2.7145002,-0.532503,5.272713,1.419945,-0.91860044,1.9999179,-2.0670843
-0.84068507,-2.8219047,-0.22021335,5.1591783,1.5044273,-0.77871376,2.099818,-1.9916123
-0.6520449,-2.9806046,0.3233176,5.038866,0.9903526,-0.84032995,2.0870886,-2.216851
-0.5911787,-3.0112908,0.6830839,5.032064,0.87620485,-0.66272616,2.073946,-2.1881962
-0.89779675,-2.9037712,0.537722,4.783068,1.1340971,-0.72004545,2.0960262,-2.120208
-0.88981867,-2.857847,0.51312995,4.826533,0.94584465,-0.7615159,1.9810088,-2.1666799
-0.82149035,-2.894925,0.89272845,4.7116237,0.8127393,-0.7437589,2.1311343,-1.9708512
-0.79130137,-2.8455725,1.0044246,4.85527,0.6645653,-0.73671246,2.2542622,-2.0273187
-0.7346689,-2.9312625,1.0147922,4.6780715,0.71844715,-0.7840087,1.998131,-2.2008302
-0.82517844,-2.9259794,0.8594438,4.822055,0.7825024,-0.69601405,2.4293141,-1.9389629
-0.7781287,-3.107869,0.7622598,4.9708395,0.7201081,-0.67786676,2.0213082,-1.9892256
-0.79377556,-2.7942367,0.81278336,4.7965765,0.81228155,-0.57578826,1.890487,-1.9767944
-0.9998643,-2.8964124,1.0216951,4.542447,0.633915,-0.83454597,2.097048,-2.003919
-0.7653095,-2.8460631,1.1250957,4.6655087,0.62950116,-0.57448936,1.9058396,-2.156903
-0.7434639,-2.991637,0.91039705,5.0226793,0.4409881,-0.759405,2.0195718,-2.0812776
-0.88759696,-2.8517919,1.1100029,5.272946,0.047795646,-0.66730696,2.119636,-2.1890624
-0.61989725,-3.0148816,1.0591688,5.6860495,-0.194926,-0.6038347,2.0980756,-2.117401
-0.806329,-2.9355555,0.8201454,5.4439645,0.16512495,-0.70909053,2.19752,-2.206379
-0.92758596,-2.9761422,0.3082655,6.296147,-0.44383094,-0.8034252,2.0992768,-2.2466557
-0.65451396,-2.9316804,0.69460666,5.833657,-0.16390415,-0.7174185,2.2724822,-1.973584
-1.0401947,-2.8850396,1.0094868,5.8840356,-0.69760007,-0.7788663,2.1233377,-2.0523167
-0.5493233,-2.868628,1.0847492,5.74071,-0.28054363,-0.6189717,2.1745222,-2.157183
-0.7945619,-2.8359838,0.67855376,6.3533516,-0.5126947,-0.65468675,2.1146154,-2.210284
-0.9256237,-2.819418,0.7474547,6.31598,-0.76540715,-0.84157085,2.177173,-2.057906
-0.69547796,-2.9865768,0.80988324,6.3754616,-0.725146,-0.70298135,2.2055628,-2.0484953
-0.55938613,-2.8430789,1.0645574,5.653176,-0.14883971,-0.5402138,2.1449726,-2.1866226
-0.78928655,-3.0091405,1.1790128,5.421079,-0.13507566,-0.6260363,1.9132264,-2.2211962
-0.4414393,-2.9574628,1.6136266,5.8381534,-0.76525605,-0.60473436,2.0079997,-2.0248983
-0.5962917,-3.0373619,1.6570548,5.5517864,-0.7496135,-0.7282271,2.2101653,-2.2851906
-0.89754325,-2.8626287,1.6969025,5.3352227,-0.72585624,-0.63557893,2.157262,-2.1840582
-0.7992336,-2.809607,1.4903258,5.566112,-0.54820925,-0.7599732,2.0665686,-2.0451663
-0.90203893,-2.8960176,1.3315097,5.6613064,-0.6355543,-0.79770166,2.1943479,-2.297718
-0.85935414,-2.8360665,1.1543837,5.581303,-0.40362966,-0.79623353,1.9819843,-2.1333616
-0.947148,-2.8256326,1.1988232,5.3429914,-0.15959279,-0.8965348,2.0861251,-2.2095132
-0.75741374,-2.938827,1.1810879,5.3248935,-0.106351964,-0.60886425,2.0182285,-2.076256
-0.58375585,-2.9228418,1.3564649,5.1441183,-0.009729455,-0.6757529,1.76608,-1.8989651
-0.8829067,-2.8228328,1.5073342,5.0540824,-0.33054972,-0.72466564,2.128206,-2.0507224
-0.90595734,-2.8637316,1.2501729,4.9664865,0.12279831,-0.6593711,2.0426698,-1.9897848
-0.9064172,-2.9031641,1.5112762,4.6580615,0.14644699,-0.7829193,2.1111395,-2.1562877
-0.8484489,-2.7820196,1.1977603,4.7120423,0.3774796,-0.7722797,2.038029,-1.9872774
-0.8803931,-2.908698,0.9332967,4.687743,0.7088292,-0.67714506,2.2123103,-2.347223
-0.82150495,-2.8921654,0.39281166,5.1246233,0.82320505,-0.6822765,2.1120727,-2.045606
-0.9306915,-2.748108,0.49792057,5.0940824,0.62405044,-0.70023406,2.0383012,-2.104115
-1.0141906,-2.7383707,0.5599897,4.80546,0.8771688,-0.91730493,2.0501616,-1.9995085
-0.71520853,-3.0783703,0.72387,5.343282,0.38714194,-0.8625388,1.9142922,-2.2127273
-0.67414105,-2.881976,1.0308092,5.2863765,0.31310397,-0.65420765,2.0281415,-2.3280754
-1.0347885,-2.8692842,0.80063766,5.298581,0.20525312,-0.6979915,2.0864885,-2.1587703
-0.63008803,-3.028618,1.1161838,5.567917,-0.17829861,-0.6803031,2.0169501,-2.090497
-0.5794802,-2.8896716,1.0171444,5.7407656,-0.17940915,-0.64749974,2.1546655,-2.2427754
-0.588223,-2.9900546,0.82137674,6.189232,-0.46475598,-0.6431269,2.037083,-2.0220149
-0.60534817,-2.9196007,0.6004881,5.950843,-0.10250631,-0.6347793,2.0787387,-2.1816173
-0.82612187,-2.8969815,0.6086847,5.820213,0.040910676,-0.68863654,1.9452627,-1.9538914
-0.9268508,-2.9217556,0.6163143,5.4133787,0.33523518,-0.77598447,1.9765278,-2.269498
-0.7758456,-2.9220996,0.2507963,5.514435,0.5392578,-0.7862481,1.9410801,-2.0807645
-1.1369553,-2.7667823,0.21469188,5.703454,0.25108534,-0.72428405,2.1222277,-2.1020682
-0.6588385,-2.9204328,-0.2274106,5.9219418,0.8126426,-0.5625541,1.989547,-2.004805
-0.6842615,-2.9976695,-0.23664282,5.8722973,0.7702008,-0.65317285,2.0221174,-2.1288576
-0.98561984,-2.7761607,-0.4185186,5.716478,1.0243998,-0.70453435,2.1471806,-2.3199558
-0.915233,-2.8862755,-0.48592302,5.8728595,0.804325,-0.7727289,2.2320976,-1.984802
-0.7900084,-2.9137497,-0.4986008,6.3139133,0.64675987,-0.8459462,2.0892467,-2.0695992
-0.94950527,-2.8571243,-0.8305757,6.3471875,0.7666475,-0.731887,2.1453514,-2.1011827
-1.011583,-2.8429801,-0.7573236,6.282864,0.69674045,-0.8318475,2.2682621,-2.089372
-0.9161391,-2.8439903,-0.6777445,6.0930986,0.8532936,-0.69566274,2.1100714,-2.0232556
-0.6084698,-3.0300765,-0.23645397,5.8878655,0.91691834,-0.63017035,2.0366988,-2.2097425
-0.66659844,-3.026237,-0.22271973,5.712351,0.9988099,-0.588386,2.0259035,-1.9898261
-0.8432592,-2.8402946,-0.10858251,5.091146,1.3739026,-0.7368672,2.0879133,-2.0220768
-0.77732444,-2.8432071,-0.110351294,5.502846,1.1970415,-0.5614633,2.0725613,-2.203406
-0.8635101,-2.8544192,0.30911705,5.230964,0.8167497,-0.766695,2.4020593,-1.9805555
-0.77485764,-2.982534,0.3966726,5.3812375,0.66689134,-0.7043806,2.0363324,-2.2356951
-0.7750142,-2.9375067,0.30345175,5.535077,0.5404736,-0.73198384,1.9200332,-2.186148
-0.76032376,-2.9378324,0.2722639,5.713485,0.48173165,-0.7459146,1.9890897,-2.1940916
-0.95596266,-2.791912,0.17515483,6.127023,0.058733948,-0.6725766,1.9695479,-2.0052712
-0.6697163,-2.8842769,0.33570698,6.034278,0.23219271,-0.6692293,2.0375395,-2.0777884
-0.9640078,-2.8122787,0.21039759,6.1767554,-0.10715733,-0.7651622,2.1690304,-2.0772524
-0.9543945,-2.9547985,0.04490741,6.456149,-0.25505114,-0.72625583,2.0800228,-2.106962
-0.78058946,-2.9085782,0.0481002,6.5462804,-0.11558276,-0.67801785,1.9494948,-2.191125
-1.0300529,-2.806596,-0.2290611,6.505405,0.029274816,-0.736274,2.0425029,-2.1017892
-0.7353301,-2.9565396,-0.26949632,6.5423098,0.13955423,-0.7303501,2.3541589,-1.9387829
-1.08797,-2.8542967,-0.33973593,5.844799,0.53614515,-0.79987824,2.2746584,-2.0687218
-0.86917704,-2.9344249,-0.09736141,5.7264137,0.73937064,-0.7078272,1.9374522,-2.1441624
-0.51943725,-2.970076,-0.07876941,5.962287,0.7290703,-0.5368817,1.8627939,-2.2387495
-0.8174386,-2.952992,-0.16863233,5.8083205,0.5689842,-0.8308193,1.893615,-2.2210476
-0.7661874,-2.9317539,0.23185976,5.4510612,0.88659376,-0.7363548,2.1036136,-2.0005777
-0.5380107,-2.9390008,0.10360268,5.168484,1.2374041,-0.66915244,2.0602076,-2.1549268
-0.66216767,-3.056332,0.42198533,4.7731614,1.1666291,-0.71154714,1.9001063,-2.1789749
-0.8890392,-2.9582653,0.061799023,4.8556166,1.4964591,-0.7480768,2.1519866,-2.366087
-0.9046663,-2.970669,-0.0032576064,5.122292,1.1905067,-0.67404693,2.1905677,-2.0795524
-0.5716806,-3.0846312,0.20781514,5.214241,1.0704994,-0.76498544,2.0965981,-2.1247158
-0.82475597,-2.951758,0.4823047,5.1327977,0.78495145,-0.7925046,2.013896,-2.3826163
-0.9186086,-2.8568575,0.5837955,5.024547,0.5283935,-0.81505674,2.2095125,-2.0624216
-0.8505529,-2.9041913,0.776939,5.190785,0.5019834,-0.72138625,2.0820432,-2.1632946
-0.65553725,-3.1791677,1.304666,4.7708664,0.4045534,-0.6665379,2.0857801,-2.1254299
-0.8602648,-2.9096322,0.8672896,4.778847,0.8121196,-0.6351085,2.0537674,-2.1194437
-0.8709491,-2.9481819,0.87651134,4.7741156,0.668169,-0.72509974,2.0928326,-2.1591933
-0.83779657,-2.9501023,1.0664154,4.7727704,0.5163419,-0.65316653,2.2609696,-2.2954125
-0.9562922,-2.8677135,1.2679387,4.4877687,0.5808141,-0.7642389,2.1038373,-2.227754
-0.67820626,-2.8713539,0.8143062,4.6748567,1.0206443,-0.543745,2.3460658,-2.0192463
-0.59913754,-2.9025147,0.8542656,4.7132792,0.8858483,-0.63011897,2.2100012,-2.0385647
-0.7274735,-2.8694677,0.71476907,4.894957,0.9130472,-0.65613526,1.9580103,-2.0312207
-0.83668643,-2.9367208,0.37779436,5.092858,0.931312,-0.73607236,2.018709,-2.0229843
-0.7978606,-2.811149,0.27612713,5.22561,0.8437916,-0.8766364,1.9679562,-2.2062497
-0.98406345,-2.9726598,0.44041684,4.878525,0.9674786,-0.814753,2.197914,-2.1319597
-0.9813034,-2.7893858,0.32553187,4.8091173,1.1598519,-0.6684491,2.1210852,-2.3033009
-0.889174,-2.94136,0.33026505,4.499292,1.4496559,-0.7102382,2.064581,-2.134367
-0.9629307,-2.8791697,0.42484877,4.775852,1.028092,-0.7920435,2.1769404,-2.1273851
-0.9300859,-2.787569,-0.1844983,5.4002347,1.1758814,-0.7303904,2.0623298,-2.0743847
-0.7268688,-2.878347,-0.45712948,5.5800233,1.4001746,-0.6609364,1.9795836,-2.0254958
-0.8269796,-2.8692956,-0.7788986,5.637096,1.5750122,-0.66818786,2.0354316,-2.2428687
-1.0224915,-2.8021195,-1.040316,5.730588,1.5271554,-0.7334797,2.2628107,-2.2637095
-0.8622144,-2.9202378,-0.73591334,5.5382547,1.480224,-0.65078026,2.1259449,-2.1888177
-1.0079979,-2.8108737,-0.36255136,5.6359825,1.0599613,-0.60876256,2.1955023,-2.0461755
-1.1288081,-2.8485022,0.03663541,5.21698,0.905852,-0.7661442,2.3920321,-2.0409076
-0.7246359,-2.9686618,0.02855512,5.3244114,0.9955934,-0.6916631,2.0737314,-2.0658414
-0.8122127,-2.830026,-0.18557179,5.423224,1.073929,-0.6400127,1.9990176,-2.0304112
-0.7428784,-2.8947327,-0.09772373,5.7054286,0.8602166,-0.6102633,1.964395,-2.1457717
-0.65276754,-3.0281858,0.020665066,6.031535,0.45042816,-0.69688714,2.038757,-2.1608748
-1.2546648,-2.7103777,-0.09262917,5.722707,0.48754817,-1.0255518,2.3384116,-2.096478
-0.8793782,-2.9719465,-0.12718007,5.767772,0.6545779,-0.682932,2.258724,-2.2154498
-1.1597577,-2.6677065,0.1664461,4.4157605,1.6092211,-0.73715353,2.2126298,-2.2211316
-0.89186585,-2.9766002,-0.029080303,4.9022884,1.4935074,-0.72978234,1.890078,-2.1309729
-0.6406076,-2.8916087,0.13879465,4.8015356,1.556024,-0.72326636,2.2300553,-2.2916365
-0.5904843,-2.9603713,0.059221417,5.18449,1.2921834,-0.67875046,2.1888995,-2.0369816
-0.695723,-2.9841738,0.09732278,5.2662044,1.0877562,-0.56778485,2.1721566,-2.2348266
-1.0357529,-2.672449,-0.056777317,5.411682,0.9741342,-0.80626684,2.2107923,-2.0523381
-0.80368274,-2.8085139,0.0060917493,5.5873966,0.79310155,-0.7403228,2.104327,-2.0814774
-0.8247779,-2.9172394,-0.09598545,5.7961464,0.5783464,-0.6887098,2.0495467,-2.258028
-0.6757493,-2.95006,-0.14795466,6.056886,0.46711567,-0.83613956,2.049919,-2.096202
-0.7412092,-2.835987,-0.22829044,6.2473407,0.43532664,-0.6498055,2.0836403,-1.9180998
-0.48199946,-2.9634476,0.25228536,6.388638,0.0015356471,-0.5330286,2.0809488,-2.1180685
-0.90163326,-2.8254461,0.08777255,6.5269327,-0.17847393,-0.64867944,2.284075,-2.0560863
-0.85623556,-2.908625,-0.14705987,6.7793627,-0.32290906,-0.6607441,2.3073022,-2.0834265
-0.7265098,-2.963845,0.038960733,6.77901,-0.448468,-0.65248775,2.1625154,-2.1557658
-1.114291,-2.8566225,-0.0625985,6.4775577,-0.14933695,-0.5815626,2.1915576,-2.007063
-0.8410477,-2.8791783,-0.2519402,6.5687323,-0.006323049,-0.7501389,2.149,-2.092825
-0.85824436,-2.916394,-0.28715202,6.5274725,0.08231802,-0.7689365,2.036551,-2.0975895
-0.5901368,-2.9015398,0.24811326,6.248007,0.04148752,-0.59160316,1.7584361,-1.9257699
-0.70998746,-3.091382,0.29801428,6.0981274,0.0015390766,-0.69639236,1.9451649,-2.180297
-0.7299426,-2.9526432,0.3959475,6.062271,-0.07276861,-0.79414654,1.9869306,-2.1634116
-0.7268842,-2.7992775,0.35325184,6.214484,-0.106286325,-0.66202825,2.2254431,-2.0903053
-0.8469946,-2.8368475,0.22603628,6.097862,0.07744815,-0.7684096,1.9708658,-2.2628498
-0.95372206,-2.804997,0.048236173,6.3669915,-0.062383957,-0.70926386,2.2047057,-2.0594108
-0.91626126,-2.9310317,-0.057076436,6.375395,0.00848108,-0.705127,2.1444802,-2.172885
-1.0109333,-2.8731287,-0.16006391,6.374005,0.017618263,-0.7266011,1.999556,-2.2495039
-0.87750715,-2.8281994,-0.12909427,6.4802966,0.089636415,-0.6669974,1.989463,-2.195859
-0.80602187,-2.8478193,-0.18215051,6.2182245,0.36977994,-0.71970594,2.1891255,-2.1923673
-0.8124688,-2.857649,-0.31357783,6.2425904,0.3978079,-0.67102206,2.2335265,-1.9992746
-0.8548763,-2.8813798,-0.5147067,5.968427,0.829802,-0.6795284,1.9744923,-1.9747285
-0.6681598,-2.9576867,-0.22637482,6.0720654,0.67718464,-0.6980057,2.1294663,-2.1706417
-0.7786984,-2.8979454,-0.50947404,6.260271,0.65320206,-0.73575073,2.0725412,-1.9302033
-0.61591977,-2.9552338,-0.37890035,6.567319,0.35222515,-0.6053564,2.3184373,-1.9349928
-0.78555757,-2.9184294,-0.45179537,6.466994,0.35744232,-0.7227596,2.313977,-2.2591565
-0.786203,-2.979576,-0.6638778,6.6598477,0.3888284,-0.66694844,2.3211775,-2.1517003
-0.7020797,-2.9676204,-0.14683518,6.3169255,0.24212635,-0.7330232,2.2675078,-2.2087674
-0.9300699,-2.8491416,-0.045425862,6.175487,0.3335924,-0.8660503,2.1783874,-2.178577
-0.91845495,-2.9100895,0.0007686288,6.1518264,0.112571076,-0.90890884,1.9172826,-2.334255
-0.8529873,-2.862283,0.041597392,6.2689366,0.046298213,-0.8336261,2.0494359,-2.1052814
-1.0201986,-2.9388642,-0.20289983,6.6182427,-0.2271572,-0.90714365,1.947057,-1.9458292
-0.69565845,-2.9459655,0.36033836,6.2093725,-0.15107445,-0.58823985,2.0291743,-2.0345404
-0.6997565,-2.9895515,0.37423563,6.1334724,-0.04793818,-0.6631582,2.0817137,-2.199242
-0.695676,-3.1910558,0.5766253,5.917678,-0.097123064,-0.7273853,2.0312603,-2.1152234
-0.73681295,-2.8442678,0.19180919,6.343087,0.020387402,-0.6745727,2.063497,-2.0309994
-0.68645036,-2.9681904,0.22272941,6.4047832,-0.12487685,-0.5469681,2.0578334,-2.3734193
-1.1589115,-2.7929976,-0.26905894,6.3835278,-0.027637329,-0.8438837,2.1195035,-2.066883
-0.8976201,-2.83409,-0.3385133,6.3203278,0.29800636,-0.6342793,1.9865216,-2.1137466
-0.72541684,-2.9505336,0.14809237,6.2157006,0.07528876,-0.60687727,2.156932,-2.1532147
-0.9625499,-2.8243895,0.18496217,6.0212665,0.19706361,-0.9082466,2.1394904,-2.2684162
-0.6705781,-2.9863362,0.33255,6.4953723,-0.37854573,-0.5858712,2.0822268,-2.2166853
-0.73194873,-2.8873634,0.46248662,6.533402,-0.52790123,-0.6798473,2.0993981,-2.157695
-0.6935791,-2.8854396,0.20170665,6.5951786,-0.22561347,-0.6729313,2.109788,-1.9447551
-0.9119329,-2.930298,0.283149,6.136672,-0.24074788,-0.70464784,1.8890481,-2.1500814
-0.8342729,-2.9099905,0.41680184,6.024594,-0.113767594,-0.71910024,1.9748043,-2.067339
-0.6995131,-2.785517,0.47724771,5.9401317,0.07900977,-0.59356433,1.9992263,-2.0509245
-0.68850654,-2.8799295,0.024036415,5.8479366,0.5883785,-0.67378575,1.9232317,-2.023713
-0.6284568,-2.928551,-0.24986218,6.199829,0.53316104,-0.6612199,2.2201047,-2.0286744
-0.92252165,-2.86062,-0.15565094,5.960022,0.48147357,-0.74552774,2.2600124,-2.1275492
-0.916827,-2.8859353,0.20907637,5.744001,0.35913748,-0.67394376,1.9582256,-2.1752753
-0.70494,-3.0093527,0.111607626,5.9355307,0.47649482,-0.68210787,2.1188855,-2.0610383
-0.66517437,-2.9741504,0.42028964,5.68515,0.34209526,-0.6338903,2.1306431,-2.2116754
-0.52954906,-2.9788063,0.76879054,5.808326,0.067085855,-0.5593591,2.1707203,-2.159107
-0.5470998,-3.001006,0.6336177,6.1864104,-0.26808983,-0.6690318,2.2656903,-2.332303
-0.98996043,-2.8769243,0.8461352,5.750503,-0.30763438,-0.6864088,2.270624,-2.1525497
-0.8162329,-2.9278715,0.4283952,6.103323,-0.19689427,-0.6246115,1.9629537,-2.1225286
-0.7170481,-2.9516475,0.7456129,5.8095517,-0.17840096,-0.590237,2.149634,-2.2368083
-1.0388542,-2.819217,0.66519725,5.7515564,-0.15411486,-1.0259708,2.1906652,-2.0849247
-1.1821772,-2.7060318,0.45866126,5.501369,0.12936491,-0.77794915,2.1797287,-1.9989889
-0.65127206,-2.9032125,1.0585643,5.5319786,0.0065330532,-0.6628519,2.0618556,-2.3573549
-0.89789677,-2.943231,0.65477365,5.5547643,0.12541923,-0.7431858,2.0039122,-2.0931013
-0.79265475,-3.0151,1.0048343,4.8893676,0.5239855,-0.6277256,2.089617,-2.2258403
-0.80899864,-2.769336,1.1937485,4.9945364,0.09928233,-0.680165,2.0859566,-1.9462329
-0.91803825,-2.8618867,1.2604349,5.0405803,-0.038183913,-0.8718456,2.2141078,-2.0098162
-0.6960142,-2.9663925,1.4545833,4.994525,0.0095520215,-0.72222584,2.2036185,-2.1878421
-0.8924097,-2.9279172,1.3655854,4.670014,0.24409014,-0.78933287,1.7847171,-2.1043355
-0.99572974,-2.8769338,1.3739603,4.9835815,-0.13335955,-0.74684703,2.1235616,-2.3112683
-1.156562,-2.8473976,1.4439346,5.0043464,-0.21165304,-0.8345959,1.7984452,-1.9934107
-1.0735835,-2.7214484,1.5345544,4.781144,-0.07267369,-0.829519,2.1221046,-2.1533241
-0.79731584,-2.8811505,1.1458712,5.0910892,0.07716196,-0.6514376,2.0914006,-2.0366042
-0.9534889,-2.8721213,1.1628368,5.3976154,-0.29671308,-0.98054224,1.8054057,-2.0715525
-0.9335661,-2.8624897,1.1982948,5.7325473,-0.6771506,-0.83231235,1.7785023,-2.0248063
-0.9429147,-2.8365102,1.2398258,5.9912486,-0.8853136,-0.7084179,2.058904,-2.2013485
-0.62122107,-3.0054262,1.0581201,6.1582193,-0.7173617,-0.5852639,1.6988511,-2.0481963
-0.8282038,-2.9166765,0.568046,6.102917,-0.3924951,-0.7057603,2.298261,-2.1743696
-0.8247026,-2.9012334,0.55217916,5.9413953,-0.10995332,-0.82096756,1.8741533,-2.0681145
-0.72830874,-2.933134,0.3043224,6.150335,0.0077141435,-0.74191386,2.0553756,-2.1629915
-0.8827206,-2.9722445,0.31301218,5.9327693,0.009247784,-0.7585545,2.218676,-2.330285
-0.9824277,-2.806553,0.07308073,5.8849807,0.32043627,-0.7695894,2.185719,-2.2377422
-1.2075288,-2.7216482,0.12929179,5.8826084,0.1310687,-0.93604547,1.9183638,-1.9925103
-1.0502876,-2.7399802,-0.28493902,5.836487,0.70251065,-0.70173645,2.109619,-2.1349459
-0.8111869,-2.9976728,-0.52153724,5.7944484,0.99441177,-0.771904,1.9267743,-1.9705846
-0.6565892,-2.8252747,-0.59258324,5.7478633,1.4542812,-0.5199822,2.115514,-2.0860226
-0.48903263,-2.9768567,-0.37165564,5.889445,1.032991,-0.601839,2.160573,-2.0548646
-0.87001586,-2.8641784,-0.15245812,5.980128,0.52393705,-0.731722,1.821987,-2.158957
-0.86303794,-2.8268445,-0.049778137,6.0207176,0.3577659,-0.65896773,2.0467694,-2.1109333
-1.0907142,-2.772174,0.656003,6.149661,-0.466617,-0.710992,2.1524432,-2.0792787
-0.9592215,-2.8613114,0.6934866,5.8987374,-0.30588123,-0.6544342,2.2449367,-2.101491
-0.9282907,-2.8571677,0.741867,5.9674697,-0.48407927,-0.8604734,1.9350553,-2.1013486
-0.86850363,-2.9081101,0.7992429,5.907247,-0.32738653,-0.7220499,2.0585258,-2.2013547
-1.0341139,-2.9096158,0.5093891,5.7562265,-0.08708209,-0.7765556,2.0764003,-2.116775
-0.7911584,-2.943803,0.10633603,6.0192842,0.33311528,-0.7168744,2.2353203,-2.1871188
-0.7308992,-2.9179418,0.0099176755,7.0250487,-0.6418312,-0.7512762,2.0780857,-2.2054203
-0.66113305,-2.9796715,0.34233013,6.6679516,-0.4522828,-0.6457871,1.7840872,-2.1420007
-0.87098277,-2.7328117,-0.06394377,6.473876,-0.13983947,-0.67473847,2.1308918,-2.1402845
-0.6954699,-2.917972,-0.37136543,6.6385784,0.13540836,-0.6296451,2.1334133,-2.0054955
-0.84939665,-2.9073179,-0.26186022,6.5075254,0.1154833,-0.66992503,2.1704547,-2.1396766
-0.87008125,-2.86575,-0.4200804,6.543317,0.27297997,-0.7162618,1.9532524,-2.231156
-0.850306,-2.815707,-0.6752773,6.31067,0.77984643,-0.6244354,2.3111506,-2.0203443
-0.7172198,-2.8810654,-0.35246637,6.434894,0.41487217,-0.61524755,2.0290475,-2.1610358
-0.81873405,-2.8116276,-0.39388767,6.4672227,0.3919093,-0.6391886,1.9853865,-2.1705751
-0.68565506,-2.916547,-0.21087278,5.760947,0.83658195,-0.72092205,2.0920126,-2.303726
-0.8133458,-2.8700767,0.12626365,5.656632,0.6418975,-0.64059687,2.1483614,-2.1177907
-0.8586851,-2.8782191,0.37131327,5.6687994,0.37678602,-0.6725625,2.0479615,-2.148611
-0.7416976,-2.881415,0.17058031,5.8139167,0.41129336,-0.5939084,2.0880814,-2.2195406
-1.0387173,-2.768079,0.095269114,5.5332355,0.61137915,-0.84135455,2.12004,-2.1016054
-0.7536157,-2.7797658,0.06983746,5.5339756,0.8134298,-0.6793815,2.035296,-2.0342414
-0.7344961,-2.827965,0.09862226,5.679083,0.6212637,-0.6745774,1.9963799,-2.1313887
-0.78505015,-2.8528924,0.24214248,5.6337934,0.41895005,-0.76589954,2.0641916,-2.111015
-0.9452629,-2.758091,0.47885334,5.5916204,0.22279193,-0.83612037,2.0385988,-2.1140642
-0.82343775,-2.858754,0.13424897,6.5863223,-0.34907144,-0.76633155,2.1136844,-2.2705576
-0.5913708,-2.9896064,0.25566453,6.495934,-0.26752564,-0.67090154,2.3606157,-2.1184793
-0.6850122,-2.95042,0.45609668,6.5653424,-0.5269289,-0.62085545,2.0217116,-2.116732
-0.954925,-2.8621144,0.639219,6.786685,-1.1380106,-0.7724878,1.8712878,-2.168366
-0.96462286,-2.8177257,0.8024984,6.3998566,-0.9363074,-0.7678656,2.337469,-2.0903382
-0.6231636,-2.9121995,0.6439237,6.3726525,-0.6208023,-0.64518106,1.8902339,-2.236263
-0.71821964,-2.8402438,1.0556535,6.464686,-1.0217233,-0.61772835,2.1391196,-2.1333647
-0.5900664,-3.0398088,0.82355756,6.563331,-0.948399,-0.7156505,2.206173,-2.182871
-0.8022015,-2.927082,0.56841034,6.746195,-0.841993,-0.69222087,2.0343187,-2.1504827
-0.75646675,-2.9297163,0.63154185,6.620283,-0.87147444,-0.64713985,2.264234,-2.202919
-0.9909155,-2.838655,0.18142515,6.6407456,-0.5496017,-0.66156834,2.0338027,-2.096166
-0.70154244,-2.8469403,0.4467468,6.9873543,-0.8714659,-0.54107845,2.086009,-2.1545763
-0.505241,-3.0384214,0.40186328,6.998806,-0.83945537,-0.6917809,2.0325928,-2.1789622
-0.60649675,-2.9297397,0.76873183,6.978342,-1.2543079,-0.7521018,2.0992408,-2.0574613
-0.6053036,-2.9335096,0.76851445,6.9022193,-1.1694256,-0.64070994,2.177211,-1.9615313
-0.5668416,-2.9413288,0.7353159,6.917042,-1.063235,-0.6524421,1.812108,-2.0960717
-1.0109031,-2.8142467,0.62215966,6.401087,-0.8862364,-0.8341173,2.1334338,-2.3598506
-1.0136602,-2.8200004,0.58498204,6.374518,-0.72504854,-0.7040272,2.173762,-2.0066776
-0.9253864,-2.7614655,0.22759971,6.5370126,-0.37919554,-0.71118,2.2091515,-2.1121938
-0.828312,-2.8526685,0.160494,6.6884384,-0.5487276,-0.6531636,2.0443835,-2.1557488
-0.69951314,-2.898219,-0.0042410647,6.767698,-0.24988301,-0.6701156,2.1801817,-2.3201432
-0.7983235,-2.9599862,0.15351672,6.7445736,-0.4918386,-0.79912406,2.0229757,-2.0868406
-0.92453337,-2.883572,0.1672147,6.84248,-0.60940814,-0.7373821,1.8883965,-2.059072
-0.846728,-2.8884466,0.15505975,6.6166115,-0.37531716,-0.71105725,2.077662,-2.1136024
-0.88363415,-2.8381834,0.41292027,6.3547125,-0.48241016,-0.7763701,2.258482,-2.0322757
-0.7482489,-2.9291375,0.57339644,6.298367,-0.4690046,-0.7277331,2.1083832,-2.3057306
-0.8299959,-2.7565985,0.18683629,6.6219316,-0.40299356,-0.62043023,2.1449528,-2.069523
-0.78029776,-2.9785278,0.15796287,6.3485317,-0.170698,-0.8184808,2.1341293,-2.3663394
-0.9084325,-2.7302227,0.21402241,6.106282,0.097459555,-0.78406656,1.9924978,-1.9965905
-0.6945502,-2.9633553,0.272799,6.1771774,-0.02962812,-0.6915831,1.9379433,-2.0480995
-0.83895886,-3.0116675,0.27141926,5.911339,0.055122398,-0.5957673,2.129437,-2.0197854
-0.8638186,-2.849539,0.039975718,5.983332,0.29550835,-0.66156036,2.207624,-1.9672779
-0.82587725,-2.920271,-0.11519077,6.348762,0.10475211,-0.6999909,2.1106412,-2.0658958
-0.5620224,-3.080053,-0.60364026,6.6830754,0.5151025,-0.75327516,1.9981565,-2.1967554
-1.0961182,-2.8365047,-0.72239864,6.3788466,0.5189324,-0.78673756,2.1218255,-2.1026518
-0.6876755,-2.8803287,-0.6912185,6.826359,0.31508636,-0.6371507,2.1412625,-2.1303546
-0.70583767,-2.946509,-0.4676165,6.6903067,0.19639812,-0.6757193,1.9643885,-2.0701573
-0.7748291,-2.874221,-0.54237896,7.01198,0.047265545,-0.67362946,2.0001051,-1.9433588
-1.008166,-2.7541587,-0.41828233,6.7237854,0.013874848,-0.80313754,2.166974,-2.1168962
-0.94847566,-2.9046416,0.28186154,6.3373747,-0.29601568,-0.73596203,2.039871,-2.0984502
-0.80594856,-2.8722324,0.32132116,6.6374326,-0.6325697,-0.7087884,1.9544337,-2.088628
-0.42559788,-2.9609733,0.83904856,6.512341,-0.68935096,-0.5531613,1.9941522,-2.0073059
-0.82878846,-2.9459023,0.58821416,6.413941,-0.6526894,-0.78648186,1.951316,-2.0807924
-0.8766862,-2.878759,0.4441846,6.5411105,-0.62924534,-0.7192636,2.1766577,-2.0763953
-0.7715297,-2.8315723,0.77181727,6.5938187,-0.87198013,-0.66855323,1.9340065,-1.8834156
-0.93978894,-2.830439,0.7170474,6.276402,-0.7334867,-0.85994935,2.2058864,-2.1198494
-0.8931188,-2.9590628,0.402984,6.7470884,-0.81364864,-0.8456903,2.2456286,-2.1571894
-0.9285621,-2.8559704,0.30117506,6.858502,-0.8961974,-0.6114201,2.2495325,-2.2171783
-1.0416754,-2.7939055,0.003115475,7.090569,-0.8430585,-0.66718805,1.9932941,-2.150959
-1.0963457,-2.750969,-0.051289547,6.8394194,-0.56500244,-0.5044017,2.080764,-2.0748465
-1.00272,-2.9059434,0.3555578,6.5093226,-0.607075,-1.0147039,2.268492,-2.128644
-0.99607956,-2.8065286,0.5837968,6.2291236,-0.550312,-0.6856227,2.0968308,-2.3079884
-0.8740707,-2.8692913,0.6370804,6.047078,-0.28685588,-0.66075426,2.0761642,-2.152414
-0.74772227,-2.8595598,0.33371064,6.0160556,0.11456137,-0.6483173,2.0451174,-2.2553751
-0.68399,-2.8881216,0.6583669,6.150501,-0.22267877,-0.66294605,2.0413957,-1.9989933
-1.0346172,-2.6440976,0.19665563,6.2860374,-0.1748539,-0.6857005,2.0673273,-1.9809713
-0.93656826,-2.8198264,-0.09110533,6.326064,0.16727817,-0.6782772,2.1467757,-2.0624938
-0.7751099,-2.920787,-0.013239087,6.21385,0.19924623,-0.70077395,2.1522603,-2.0672045
-0.49640754,-3.0716085,0.26408282,6.1980834,0.15329641,-0.57684594,2.1191263,-2.0978496
-0.7352408,-2.862561,0.1677455,5.9181304,0.39472753,-0.6550807,2.148629,-2.0662558
-0.83876306,-2.8873534,0.30578637,5.529644,0.45472968,-0.7587948,1.9009248,-2.2386546
-0.6607685,-2.9932106,0.7390189,5.242565,0.4613098,-0.5965576,2.141861,-2.2757802
-0.8002684,-2.9199224,1.0629482,5.290946,0.04421315,-0.67543,2.2794409,-2.2719798
-0.7741658,-2.863734,1.0015577,5.165662,0.37237534,-0.7072968,1.9292839,-2.2147968
-0.77808154,-2.8904355,1.1175734,5.0691323,0.3151104,-0.725348,1.8472413,-2.0903928
-0.9351004,-2.8541913,1.020018,5.2050734,0.14390697,-0.67134047,2.2172093,-1.9599802
-0.7109234,-3.0199986,0.97937495,5.289578,0.06768413,-0.77488214,1.9779052,-2.1553235
-0.74924564,-2.8641875,0.86441773,5.485614,-0.005169233,-0.8157418,2.0465,-2.1073546
-0.5397846,-2.866848,1.1801637,5.9015036,-0.3285469,-0.52751964,2.0831013,-1.951661
-0.68448895,-3.003609,0.85100085,5.771592,-0.2469233,-0.6972202,1.9983641,-2.133064
-0.7752456,-2.9573011,0.6767249,5.7893205,-0.1803078,-0.6321113,2.0031054,-2.1485507
-0.70078045,-2.9741676,0.3295319,5.863768,0.3391325,-0.6693647,2.1484032,-2.061905
-0.61088026,-2.9258413,0.39733493,5.736055,0.3404566,-0.8019375,2.1460373,-2.217184
-1.0106094,-2.8858829,0.444206,5.627441,0.12693657,-0.80274886,2.1219592,-2.0639286
-0.7643845,-2.8867,0.36315402,5.57875,0.40657297,-0.6324939,2.164456,-2.0673335
-0.7367937,-2.9843745,0.21427643,6.015943,0.25421393,-0.6911782,2.1205401,-2.2086227
-0.7766153,-2.7990487,0.11404839,6.0470862,0.25823504,-0.69709134,2.2434883,-2.0604198
-1.1537538,-2.7264578,0.0027170146,6.0100813,0.23075815,-0.7550757,2.2257211,-2.163136
-1.2121285,-2.6634133,0.009628879,6.022246,0.2245911,-0.7713008,2.1365695,-2.1374195
-0.9280219,-2.875326,-0.13794857,5.9826894,0.43108627,-0.94036394,1.9890003,-2.2452755
-0.8877905,-2.8849292,-0.33347878,6.3185706,0.36282834,-0.7742173,2.0229359,-2.2459614
-0.8717145,-2.950365,-0.12473879,6.0458755,0.33363903,-0.7145664,2.381014,-1.849512
-1.1278948,-2.758084,0.07813104,6.409698,-0.37118164,-0.9524143,2.1790354,-2.0898504
-0.785604,-2.911536,0.24696717,6.079683,0.030150017,-0.8309986,1.9712851,-2.141221
-0.8321177,-3.071185,0.5568979,6.325329,-0.59036565,-0.6561298,2.0138516,-2.1758835
-0.8206983,-2.88706,0.39460865,6.531282,-0.53413785,-0.73652244,2.1466582,-2.135684
-0.60420746,-2.9158,0.4453219,6.4808726,-0.36517465,-0.6285849,1.9885089,-2.1124563
-0.46390292,-2.8974214,0.805444,6.3352156,-0.5502468,-0.5565304,2.04467,-1.939997
-1.0892411,-2.7854862,1.2623556,6.037365,-1.0490409,-0.7742879,1.9337454,-2.1701689
-0.9971641,-2.8668938,0.85789806,6.272944,-0.8488156,-0.8985069,2.1504416,-2.0901406
-0.55070764,-2.9460058,0.7103292,6.4310484,-0.5406504,-0.6572746,2.0577712,-2.0385423
-0.8428157,-2.9404728,0.5845527,6.6306295,-0.92462015,-0.65693164,2.0735526,-2.089673
-0.5061401,-3.0952096,0.9877422,6.4509025,-0.7424553,-0.65809536,2.0155623,-1.9897491
-0.6642439,-2.9948514,0.8417572,6.357127,-0.7444673,-0.714027,1.8354039,-2.149091
-0.62584174,-2.9376526,1.1465913,6.0918937,-0.760942,-0.6969701,2.1171913,-2.0314765
-0.7084431,-3.0084383,0.70757556,6.27283,-0.5654666,-0.657539,2.0518847,-2.129104
-0.97526836,-2.9655173,0.52027553,6.1020303,-0.47141448,-0.7948397,2.1754997,-2.2836726
-0.7354993,-2.9330544,0.02816416,6.4819527,-0.10441481,-0.738797,2.0385032,-2.1307187
-0.90087885,-2.8804421,-0.12611352,6.770926,-0.32598612,-0.777118,1.9768167,-2.167842
-0.7535954,-2.9493349,-0.18202518,6.807795,-0.21856216,-0.6677391,2.110893,-2.1151073
-0.7843865,-2.8100107,-0.09542057,6.6022005,-0.088549644,-0.6019968,2.0232663,-1.9405003
-0.3869947,-2.990358,0.057192042,6.741914,-0.18831886,-0.6676387,2.0294476,-2.1171541
-0.7874134,-2.9460459,0.033749465,6.2583995,0.06487344,-0.788372,1.8686475,-2.266319
-0.76990014,-2.9618785,0.30392474,5.8540616,0.26743898,-0.6513175,2.143481,-2.205925
-0.8315739,-2.8635895,-0.06141173,5.869435,0.55012894,-0.6717225,2.126154,-2.1030016
-0.7885825,-2.9548824,0.113946296,5.706019,0.61094266,-0.61117005,2.28609,-2.1306198
-0.95050895,-2.8733246,0.48216766,5.5720754,0.32883584,-0.7610803,2.043854,-2.0805604
-0.7064756,-2.9381254,0.3035568,5.5853004,0.4296667,-1.0970877,2.0851052,-2.065005
-0.8196268,-2.9244165,0.80509895,5.0346513,0.63720673,-0.7007347,2.2053018,-2.1158483
-0.7759391,-2.9315426,0.6328005,5.1120434,0.6311773,-0.7625809,2.11935,-1.9933361
-1.0090662,-2.8696606,0.6735265,5.5175385,0.07136024,-0.7352321,2.139634,-2.141571
-0.7143176,-2.9311955,0.34420964,5.902318,0.20837972,-0.73012936,2.0174894,-2.2064445
-0.7417924,-2.9208252,0.012539078,5.846151,0.5013085,-0.6210427,2.0953197,-2.2453942
-0.9203941,-2.886263,-0.20351179,6.060414,0.48668957,-0.74549025,1.953765,-2.0270696
-0.7332027,-2.9212916,-0.18977731,6.2621036,0.31229287,-0.7983858,2.1100922,-2.2029858
-0.7167497,-3.0795677,-0.060759086,6.1675854,0.28851545,-0.6383139,1.9708079,-2.2216723
-0.82665086,-2.8566148,-0.09176092,6.4405365,0.06462008,-0.7634153,2.0869212,-2.2209413
-0.79253364,-2.8859468,-0.5361541,6.4757423,0.41558093,-0.6283697,2.0903473,-1.9006011
-0.8536198,-2.9537897,-0.6449303,6.685343,0.17496857,-0.7201636,2.063227,-2.1989272
-0.82128894,-2.9169834,-0.28870478,6.5897675,0.10027613,-0.7731035,2.0754898,-2.3468926
-0.65576446,-2.9605772,-0.07129708,6.1138573,0.44649634,-0.6333929,2.1071534,-2.072035
-0.4575647,-3.0109067,-0.016551748,6.0973988,0.5132736,-0.51068795,2.0068874,-2.1275864
-0.8092883,-2.8341131,0.049310617,5.5549655,0.7515409,-0.80215585,2.0971143,-2.1529784
-0.74056494,-2.986863,0.3830821,5.107853,0.99348736,-0.67885923,2.2541606,-2.20476
-0.71217513,-2.9558353,0.13742787,5.2188387,1.1032109,-0.6135566,2.3414564,-2.031138
-0.6579503,-2.943856,0.24689779,5.5078297,0.8750741,-0.67066956,2.0392034,-2.2855108
-0.8308068,-2.776621,0.14843224,5.6518726,0.56062275,-0.7194806,2.311652,-2.1758413
-0.7640442,-2.8073149,0.69348717,5.029971,0.6357999,-0.6949629,2.118874,-2.118769
-0.69136703,-2.9263554,0.37196568,5.2606225,0.9109844,-0.7328179,2.1330652,-2.2038333
-0.894578,-2.8162384,0.6218296,5.0214868,0.74386895,-0.7683103,2.3229275,-2.0291567
-0.7105941,-2.8389008,0.31101406,4.7665873,1.3605039,-0.74922216,2.3394718,-2.0480568
-0.7000231,-2.8497937,0.18739155,5.0259514,1.2581404,-0.70336306,1.9931265,-2.1612258
-0.9026709,-2.8177402,-0.03493302,5.2192183,1.1406138,-0.76413244,1.9665203,-2.1048388
-1.0813894,-2.7362785,-0.29547185,5.3646793,1.154417,-0.91375995,2.095885,-2.1470726
-0.73223877,-2.9281979,-0.19953328,5.7388253,0.88335747,-0.67837703,1.9268486,-1.8480695
-1.0641259,-2.626188,0.55636674,5.0268435,0.7169813,-0.7181946,2.1857724,-2.0272763
-0.67806715,-2.8985868,0.9219529,4.5712175,1.0701426,-0.60214955,1.9389879,-2.3051436
-0.9700383,-2.8060868,0.99817723,4.4199104,0.95279634,-0.77767307,2.0953643,-2.1351573
-0.7435497,-2.941151,1.0034267,4.460781,0.99626917,-0.69166464,2.1730604,-2.1431205
-0.85599744,-2.830682,0.31228814,4.9789233,1.0644624,-0.70522,2.1417103,-2.1894991
-0.56302613,-2.9060044,0.26005262,4.6528363,1.6530024,-0.55969334,2.2287786,-1.982005
-1.1701769,-2.8451517,0.13675258,4.633749,1.3849174,-0.85509765,2.19062,-2.2681732
-0.9297084,-2.7683551,-0.06639355,4.436242,2.0807078,-0.70179814,1.9842567,-2.2419224
-0.8408416,-2.821302,-0.16820519,4.863224,1.7641172,-0.6454125,2.0190957,-2.227482
-0.64561224,-3.1339626,-0.17698863,4.958549,1.7359015,-0.6126035,2.1055665,-2.1700213
-0.6216838,-3.0193927,-0.27846143,5.050357,1.8718313,-0.661535,2.1448991,-2.1016235
-0.937413,-2.893553,-0.042342085,4.9570637,1.6096413,-0.70609754,2.0001957,-2.285638
-1.2325114,-2.7247572,-0.57670254,4.905612,1.8808128,-0.8040358,1.9222955,-2.1784961
-0.7700665,-2.8825517,-0.3725257,5.1865096,1.7347385,-0.6600883,1.7713444,-1.9673222
-1.0213629,-2.840897,-0.21771331,5.1850452,1.2527905,-0.671851,2.186974,-2.1792872
-0.77280927,-2.9595153,0.13071644,5.2912235,1.0668024,-0.68048555,2.1142159,-2.1294327
-0.5975165,-2.9175384,0.4554371,5.0259533,1.0572933,-0.5728526,1.9066657,-2.073864
-0.8076893,-2.9695787,0.5505447,5.058531,0.7905576,-0.69669265,2.1426635,-2.3202348
-1.0731086,-2.7045732,0.50164825,4.707303,1.0586418,-0.75918394,2.2193267,-2.176529
-1.1540979,-2.8110704,0.32243663,4.742259,1.1918331,-0.96690124,1.9331709,-2.2531438
-0.79329294,-2.9646204,0.38376042,5.071566,0.8960781,-0.8147567,2.04968,-2.135345
-0.6831966,-2.997494,0.6075615,4.545039,1.2515491,-0.6822065,2.0715153,-2.1976483
-0.73371106,-2.913981,0.5549285,4.589741,1.2000511,-0.79642785,2.044585,-2.1186187
-0.71497005,-2.8963861,0.5175368,4.632233,1.2844402,-0.63134307,2.1420217,-2.208094
-0.874149,-2.9539118,0.18854672,4.865948,1.2047364,-0.82866013,2.1014411,-2.2797976
-0.55135155,-3.1187503,0.25969622,5.2355323,1.048066,-0.6594214,1.988291,-2.2494652
-0.93516016,-2.8712976,0.39639485,5.0465965,0.8975349,-0.67822254,2.1534762,-2.2008278
-1.0449013,-2.8545046,0.6360839,4.7117124,0.8769655,-0.79266346,1.9404417,-2.1143527
-0.9290087,-2.7645464,0.25421563,4.91694,1.1424127,-0.67751414,2.276917,-2.1288412
-0.75036615,-2.9500206,0.3076489,5.5824933,0.54687667,-0.6378638,2.0390267,-1.7802912
-0.37040266,-3.2014928,0.81818706,5.4778056,0.31957853,-0.6226904,2.0100923,-2.1997316
-0.6697936,-2.9248977,0.35497242,5.6489177,0.42202848,-0.688818,1.9588113,-2.2139833
-0.59458774,-3.0216916,-0.21938196,5.3977594,1.3516169,-0.7351093,2.0295706,-2.2773824
-0.81931895,-2.8157048,-0.22774746,5.3610964,1.3656759,-0.70573086,2.2932878,-2.07937
-0.59143096,-3.0088606,-0.23724818,5.3104596,1.4626504,-0.7305937,2.1160285,-2.1318164
-0.59289724,-2.9358656,-0.04221969,5.235306,1.3001891,-0.6960045,2.0721076,-2.1122696
-0.69430006,-2.9235013,0.0873997,5.2653003,1.2257323,-0.6921037,2.0203426,-2.2268493
-0.65185827,-2.9447465,-0.20804635,5.537124,1.1677173,-0.7545298,1.9099311,-2.0524063
-0.9132332,-2.9057577,-0.055795826,5.383595,1.0661848,-0.68331534,2.164955,-1.9906632
-0.7158496,-2.97425,-0.08992979,5.5711327,0.95555294,-0.65334314,2.1522517,-2.2042415
-0.74718845,-2.9043276,-0.13491768,5.547695,1.0097361,-0.66482896,2.1224995,-2.2019029
-0.7447536,-2.9280503,-0.50653505,5.8081355,1.0536832,-0.75319487,2.2464883,-2.1434784
-0.6411346,-2.9300275,-0.565724,6.1494546,0.9264569,-0.7189013,2.1612368,-2.1817715
-0.9163807,-2.8967266,-0.60343826,6.4477477,0.44055402,-0.74825114,2.2203836,-2.0970073
-0.8602979,-3.0495782,-0.40523824,5.944209,0.76806235,-0.750856,2.054628,-2.3624134
-0.90398484,-2.8902173,-0.4102191,6.3046827,0.5014428,-0.8297074,2.11507,-2.3775775
-0.6137934,-2.9818943,-0.35384065,6.3644686,0.49593568,-0.5880712,2.0182326,-2.1407778
-0.762998,-2.8513868,0.05708016,6.3234897,0.077181645,-0.7097601,2.0123472,-2.0940723
-0.8538057,-2.8467152,0.31672308,6.162381,-0.07492415,-0.7958262,1.9333742,-2.2818103
-0.87560344,-2.866927,-0.027765261,5.874897,0.45091987,-0.63359654,2.1088884,-2.005681
-0.748938,-2.906399,0.06546602,5.917211,0.40743136,-0.6499669,2.0507057,-2.110949
-0.59857583,-3.051936,-0.07500881,6.080635,0.49961752,-0.6772712,2.2988532,-2.1553724
-0.997241,-2.8054292,-0.032896493,5.448889,0.82768285,-0.7394144,2.2220542,-2.0890012
-0.86163783,-2.9386854,0.2891753,5.189284,0.8802778,-0.8153382,2.1934242,-2.3082135
-1.1161913,-2.7086923,0.1552993,5.1953025,0.94391084,-0.7183028,2.105217,-2.169275
-0.9228434,-2.9018626,0.18090017,4.8848996,1.2305586,-0.70256823,2.1631122,-2.1350956
-0.83303136,-2.8762233,0.22728008,5.041337,1.0669245,-0.77382463,2.1243465,-2.1648343
-0.9043293,-2.9361835,-0.0017620671,5.1895657,1.0436455,-0.7129453,2.137896,-2.1667163
-0.76972336,-2.933023,0.12756997,5.736809,0.5897306,-0.7753377,2.0684679,-2.1188586
-0.7214152,-2.951522,0.5870967,5.343895,0.5309619,-0.6937474,2.116236,-2.1448905
-0.8370843,-2.9969974,0.1613497,5.427244,0.79100585,-0.78019935,2.1075594,-2.1508086
-0.87691844,-2.7425954,0.07972801,5.625178,0.5731099,-0.68917346,2.1232352,-2.0923855
-0.88805676,-2.7645688,0.03281766,6.228851,0.15780601,-0.59549206,1.9996659,-2.2203681
-0.9112882,-2.8383641,0.07491935,6.1722736,0.07728562,-0.6377187,2.1954,-2.2123902
-0.7894798,-2.8835223,0.31743163,5.9813447,-0.03200309,-0.8799547,2.1153543,-2.1236143
-1.3572854,-2.620849,0.91664827,5.682874,-0.46428913,-0.9697785,2.1141603,-2.0475025
-0.7036503,-3.057943,0.8689432,5.693681,-0.29253346,-0.8014362,2.1102154,-2.057841
-0.7857397,-2.888366,0.9518125,5.8267517,-0.38221493,-0.67741495,2.2014604,-2.134396
-0.83903754,-2.9045272,0.96462077,5.4368796,-0.0826886,-0.6454012,2.017806,-2.1273806
-0.87057924,-2.9082592,0.98282284,5.3167825,-0.018980976,-0.64541024,2.1178827,-2.1776748
-0.89849156,-2.7583308,1.043023,5.019479,0.3252392,-0.6929519,2.0916593,-2.020875
-0.45672664,-2.9709492,1.5104393,4.9221506,0.033788785,-0.6500408,2.0887208,-2.1030104
-0.4990739,-2.8444579,1.7183679,5.068883,-0.213576,-0.63795525,1.9930915,-2.0684347
-1.2459986,-2.6475081,1.51968,5.3868556,-0.7667461,-0.7981518,2.2578335,-2.0944362
-1.1735277,-2.697433,1.1232117,5.596815,-0.5056281,-0.7334898,2.3632705,-2.1676126
-1.0067284,-2.6754303,0.8862653,5.6928854,-0.23513004,-0.60604817,2.140088,-1.8767177
-1.0248417,-2.8398159,0.82093734,5.138203,0.31849313,-0.68830085,2.1452184,-2.2255983
-0.82497233,-2.8545744,1.0331829,5.447907,-0.017441811,-0.7265561,2.064473,-2.2177455
-0.83081084,-2.8533041,1.2211323,5.35802,-0.18980752,-0.7627426,1.9310333,-2.043379
-0.7882809,-2.8993905,1.0783542,5.189618,0.14630115,-0.80341566,2.1555748,-1.942638
-1.0128957,-2.8362296,1.2079642,5.1101418,0.020262295,-0.7124444,2.1066172,-2.3369887
-1.075699,-2.880111,0.9779179,5.2463818,7.6320466e-05,-0.6890876,2.1243062,-2.1613574
-0.9721671,-2.8416767,0.8387591,5.1355395,0.34400228,-0.70290536,1.9853992,-2.2717772
-1.0910283,-2.8221986,0.6353177,5.0719213,0.50155014,-0.7417147,2.0260465,-1.933961
-0.68375796,-3.0166817,1.0473096,5.089706,0.3224631,-0.6666752,1.9816725,-2.219583
-0.95685154,-2.787289,0.67359143,5.2300253,0.4470216,-0.73412967,2.0111654,-2.1293855
-0.66638887,-3.0382292,0.87680435,5.099073,0.48421827,-0.6272108,1.9748031,-2.1411335
-1.0225872,-2.8867872,0.73003805,5.2552323,0.38176575,-0.8479349,2.1640928,-2.314453
-0.96590286,-2.7948048,0.28645214,5.6816025,0.4120656,-0.74938506,1.9595269,-2.0382793
-1.056323,-2.8523827,0.15761094,5.589266,0.5826945,-0.6409419,1.9513032,-2.167917
-0.73862046,-2.9078019,0.06609617,5.4292536,0.7328131,-0.7180697,1.8561157,-1.9044621
-0.7765929,-2.926616,0.730507,5.333635,0.42341375,-0.7509375,2.083202,-2.1926448
-0.76987165,-3.0370295,0.46386492,5.1239643,0.8070628,-0.6666154,2.3184493,-2.0523658
-0.49202576,-3.0925016,0.38773978,5.1854415,0.98373073,-0.68195665,1.8798575,-2.2379959
-1.064265,-2.9019287,0.4423692,5.0739865,0.76141936,-0.7511089,2.148136,-2.1560981
-1.0473527,-2.8686242,0.25386593,5.203433,0.8322819,-0.79024965,2.1087184,-2.1063514
-0.86375326,-2.8161204,-0.24806544,5.689734,0.9343089,-0.7232277,1.9887608,-2.1807125
-0.70499116,-2.914224,-0.03415973,5.534584,0.9895457,-0.6213446,2.2780247,-2.2037315
-0.76387876,-2.9866083,-0.16368376,6.2145867,0.4120073,-0.7390814,2.1975539,-2.095994
-0.7032358,-2.8751793,-0.07595527,5.9439344,0.59278286,-0.7377454,2.1693337,-2.1464236
-0.76484555,-2.8670385,-0.07959382,5.736952,0.74566376,-0.6415142,1.8822775,-2.0537632
-0.6896914,-2.7376425,0.14790986,5.9017625,0.62616825,-0.63429236,2.0944512,-2.0485466
-0.41395158,-2.9500377,-0.20890062,6.4352207,0.44740844,-0.60704035,1.9075878,-2.0986967
-0.82309854,-2.9500396,-0.22955623,6.5176644,0.099694766,-0.72100765,1.9760706,-2.1325345
-0.70423615,-2.9345405,-0.4037283,6.6237855,0.18181083,-0.7111067,2.0216138,-1.9832563
-0.7451402,-2.885767,-0.4740228,6.9703765,0.07033104,-0.62184876,2.218553,-2.0668263
-0.71515304,-2.9361868,-0.5364832,6.8568506,0.13811474,-0.6096958,1.9924749,-2.0105634
-0.78585833,-2.8492358,-0.8299041,7.103336,0.18318641,-0.7062868,2.0816474,-2.145129
-0.9424332,-2.8363004,-0.68179286,6.88674,0.09591843,-0.75960803,2.172626,-2.0440893
-1.0440665,-2.7362998,-0.57882565,6.9231086,-0.056227773,-0.7324738,1.9252623,-2.0810432
-0.84502184,-2.9693983,-0.33017454,6.280853,0.42508665,-0.8378331,2.280352,-2.147006
-0.5847351,-2.9723766,-0.43454468,6.4808464,0.41985005,-0.6341562,2.0066853,-2.0737555
-0.7733288,-2.9189,-0.31186306,6.387898,0.27724412,-0.77204394,1.8783346,-2.0741796
-0.7497766,-2.9745774,-0.21108456,6.3842883,0.22521622,-0.675122,2.050099,-2.2039433
-0.7918715,-2.8765447,0.02951549,6.384341,-0.053936433,-0.6841969,1.9292085,-2.1139736
-0.839313,-2.8425891,0.19564971,6.609029,-0.4419752,-0.65103394,2.0346103,-2.2408216
-1.027647,-2.8296206,0.50095373,6.2233086,-0.42846674,-0.7558874,2.2644238,-2.2060657
-0.88203025,-2.817472,0.13195854,6.369768,-0.18023121,-0.8268666,2.2074091,-2.1921947
-0.84432894,-2.855307,0.32654426,6.5138836,-0.42550483,-0.70114875,2.2678802,-1.9705968
-0.82076705,-2.859292,0.36457914,6.216279,-0.14961213,-0.8076933,2.0819988,-1.888433
-0.8528441,-2.9781542,0.4096087,6.121215,-0.24036673,-0.6662818,2.0569558,-2.1122272
-0.97369415,-2.829999,0.34888923,5.9957724,-0.14301209,-0.7312221,2.223146,-2.031916
-0.74017256,-2.8034818,0.5542563,6.075472,-0.11396382,-0.60681814,2.1570928,-2.1553419
-0.5718321,-2.971685,0.74440604,5.7182817,0.01672958,-0.67936635,1.9742767,-2.139145
-0.8108342,-2.7803164,0.44664755,5.6662874,0.29727697,-0.59664506,2.0934317,-1.9359777
-0.67326653,-2.9078608,0.60194045,5.6777835,0.28795734,-0.5510425,1.9957113,-2.1703362
-0.79728746,-2.9206188,0.30186886,5.7880235,0.24316344,-0.85049844,1.8664414,-2.2262716
-0.9072164,-2.7894895,0.43743587,5.686385,0.23267165,-0.7639774,1.8746941,-2.0657933
-0.73647434,-2.8450806,0.6632791,5.0192885,0.66021353,-0.72325885,2.041206,-2.1221106
-1.1420817,-2.7025728,0.728109,5.1358624,0.31160232,-0.76524377,2.2873273,-2.0682085
-0.97840255,-2.814671,0.5668793,5.074995,0.67241096,-0.7048875,2.0647147,-2.1770127
-0.70068574,-3.0166042,0.7203666,5.187082,0.38025838,-0.7953607,2.2128816,-2.1612144
-0.64176285,-2.9255075,0.94802004,4.85588,0.8261392,-0.59702945,2.338095,-2.2698028
-0.88279575,-2.897711,0.8142922,4.8439693,0.61802167,-0.6814719,2.1589005,-2.0465555
-0.6059661,-2.8793828,0.60341156,5.714372,0.12713908,-0.6990402,2.156948,-1.9019989
-0.82131684,-2.8698199,0.2697544,5.9345837,0.24641147,-0.6711235,1.9964011,-2.3941965
-0.80104566,-2.9960432,0.048455976,6.0530224,0.26076618,-0.70118153,1.9260615,-2.2255154
-0.485032,-2.9529681,0.40757692,6.3112664,-0.020504285,-0.6255662,2.030151,-2.105413
-0.8165177,-2.9315405,0.307345,6.10371,0.04634514,-0.59868115,2.18412,-2.1736739
-1.0686479,-2.8846679,0.059133537,6.2888136,-0.063730754,-0.7491488,2.2814846,-2.1923718
-0.8859375,-2.9165807,0.13465239,6.4876146,-0.2303618,-0.69148016,2.1831603,-2.0531642
-0.8309877,-2.8987744,0.12981331,6.5062575,-0.3180347,-0.69186646,1.9315193,-2.1932318
-0.79073054,-2.917,-0.33312738,6.8593698,-0.18083026,-0.6495837,2.0969903,-2.050583
-0.808691,-2.7889907,-0.23036082,6.6931453,-0.031452212,-0.62639016,2.102796,-1.9457784
-0.77648526,-2.8895724,0.05247377,6.55293,-0.10974128,-0.5622339,2.19135,-2.1123023
-0.7790525,-2.930768,-0.11683522,6.655011,-0.15971881,-0.62856764,2.3778703,-1.8450556
-0.760394,-2.9591393,0.2170138,6.331664,-0.16374604,-0.5938322,1.9213436,-2.059334
-0.6941313,-2.9222035,0.27121875,5.439445,0.86752903,-0.6336759,2.1392927,-2.0843923
-0.95035535,-2.840378,0.5654144,5.1497407,0.664628,-0.8884525,2.169807,-2.2138064
-0.85382336,-2.9574227,0.4019216,4.833051,1.1036524,-0.77529347,2.121897,-2.015252
-0.7689318,-2.8525965,0.24192742,4.8119674,1.2974082,-0.68439704,2.268629,-2.230994
-0.7063336,-2.8922858,-0.087570354,5.1058426,1.4219764,-0.68461376,2.1735396,-2.251852
-0.946943,-2.834855,-0.12890856,5.051804,1.4918431,-0.6837649,2.1509223,-2.1689827
-0.7585861,-3.0107656,-0.43481347,4.8837113,2.2010598,-0.60638505,2.0961986,-2.298387
-0.9689029,-2.814225,-0.046693325,4.826788,1.5560867,-0.70608425,2.2915158,-2.3721132
-0.7412673,-2.9615798,0.42336923,4.4954,1.3535061,-0.69649994,1.9781828,-2.2424169
-0.7914375,-2.835668,0.73235494,4.4808793,1.1264806,-0.7958861,2.0266466,-2.092882
-0.96928656,-2.892564,0.3651958,4.9546523,0.93303597,-0.70298606,2.0419748,-2.1387358
-0.80809885,-2.952642,0.5740281,4.935055,0.8479348,-0.7059259,1.9897298,-2.0173175
-0.6055111,-3.0228646,0.3504421,4.8100495,1.1932064,-0.7328633,2.1975303,-2.0427856
-0.615973,-2.96912,0.5146572,4.91263,1.0723239,-0.73016584,2.2722082,-2.0543156
-1.0103179,-2.9363182,0.6857861,4.761424,0.69411725,-1.048157,1.951604,-2.064484
-1.081669,-2.974872,0.18457516,5.059391,0.94012815,-0.8244005,2.0512989,-2.1941798
-0.90799266,-2.9938993,0.438466,4.853792,1.0799086,-0.8051134,1.9434072,-2.041257
-0.7460388,-2.9696152,0.3098478,4.8499413,1.2949599,-0.5856291,2.0951657,-2.2530549
-0.8100785,-2.858329,0.67665607,4.1208315,1.4852816,-0.83472604,2.158956,-2.193814
-0.40171772,-3.050877,0.79594314,4.536024,1.3309071,-0.64700085,2.1980498,-2.1368475
-0.8706106,-2.9194138,0.7754404,4.469153,1.0860001,-0.74799424,2.3080642,-2.0750825
-0.7207758,-3.0178561,0.9714828,4.6725545,0.82582927,-0.6083766,2.0974417,-2.0560071
-0.5802385,-2.9647098,0.4033328,5.687513,0.50520015,-0.64739895,2.2440238,-1.9243261
-0.7770313,-2.909875,0.2277607,5.815498,0.415541,-0.7021455,2.0208137,-2.0099192
-1.0519857,-2.7644641,0.12359831,5.17707,1.02503,-0.7523697,2.0172472,-2.0596354
-0.940355,-2.7543206,0.25824428,5.1944566,0.83264625,-0.59930474,2.131726,-2.0758004
-0.9630921,-2.8801634,0.5100693,5.328058,0.56617,-0.8088342,1.8648179,-2.2158532
-0.9746148,-2.8313107,0.6813404,4.9913177,0.58966357,-0.8274201,2.1642714,-2.3710527
-0.831115,-2.9044366,1.0499045,4.4713182,0.8407878,-0.7027003,1.9999284,-2.2375216
-0.5380229,-2.9977808,0.7260613,4.915346,1.0495747,-0.5546164,2.3008177,-2.1583753
-0.7569602,-3.038899,0.43998426,5.0668592,0.9289659,-0.7098702,2.077121,-2.346548
-0.73594594,-2.8515851,0.47749555,5.454072,0.52072096,-0.6990645,2.151648,-1.9457452
-0.7191886,-3.003887,0.21160054,5.5306425,0.5686082,-0.7223389,2.2124557,-2.0395353
-0.9675021,-2.8611598,0.3278439,5.5760136,0.337886,-0.77019936,2.2894433,-2.211518
-0.8065595,-2.8852735,0.53133214,5.5749226,0.22742237,-0.74915534,1.952853,-2.1833072
-0.76508605,-2.842192,0.56756157,5.621037,0.29417172,-0.6630422,1.8190906,-2.2697794
-0.7166585,-2.8141906,1.0161794,5.423671,-0.039862443,-0.67592734,2.2165735,-2.002761
-0.8458045,-2.8077216,1.3468146,5.363347,-0.2919995,-0.75296855,2.1346998,-2.1526585
-0.91337943,-2.813614,1.3052945,5.4018207,-0.362965,-0.67295337,2.3738554,-1.9561979
-1.0229237,-2.765189,1.5854534,5.3998055,-0.62423885,-0.6937218,2.0548146,-2.1387012
-0.839541,-2.9013965,1.5677922,5.2031484,-0.38550055,-0.80443466,1.9389259,-2.135084
-0.779787,-2.8602426,1.6237121,5.101064,-0.26523253,-0.7392069,1.946731,-2.099389
-0.72862864,-2.8624349,1.4560423,5.1335397,-0.043295424,-0.64026886,2.054144,-2.1009545
-0.73533285,-2.8848016,1.3643689,4.729178,0.30952182,-0.62658846,1.8418545,-2.0258603
-0.6405369,-3.005806,1.1996309,5.2450895,0.018333182,-0.6454618,2.118784,-1.9715394
-1.0069767,-2.7544317,1.2646364,4.867197,0.11625943,-0.7148688,2.0976903,-2.226846
-0.8806143,-2.806728,0.6840624,4.947935,0.73270905,-0.7751497,2.115203,-2.1851468
-0.822593,-2.8719642,0.9426191,4.7415314,0.66229045,-0.8970354,2.1721458,-2.0036392
-0.50063175,-3.0812635,1.5131083,4.380926,0.57993937,-0.70338386,2.1848717,-2.1056774
-0.74719155,-2.9072962,1.3410529,4.4124236,0.6117329,-0.6330444,2.2625551,-2.2372503
-0.8039435,-2.8173323,0.6261381,5.1673865,0.67555636,-0.72669715,1.96883,-2.1541598
-0.4749679,-2.983685,0.8526188,5.123777,0.6550046,-0.5876802,2.1011727,-2.1057906
-1.1249139,-2.6932642,0.79369384,4.80762,0.58510345,-0.68555295,2.1575768,-2.2088292
-0.9853236,-2.8928216,0.8335781,4.73215,0.70538986,-0.8496183,1.8560821,-2.2338862
-0.79623014,-2.9610083,1.007083,4.549921,0.8617183,-0.70963144,2.170389,-2.265186
-0.7590918,-2.8486042,1.0210365,4.5023823,0.86880606,-0.7277299,2.3658679,-2.0683134
-0.7600645,-2.8270984,0.94714266,4.6609716,0.8160387,-0.7210885,1.9848008,-2.0221415
-0.7655409,-2.9100666,0.6675354,5.025761,0.6826863,-0.67221993,1.8174077,-2.143057
-1.1669149,-2.791852,0.47646028,5.1262403,0.61308485,-1.0625111,1.9819934,-2.0874503
-0.9101197,-2.8711748,0.117909424,5.542797,0.63391745,-0.70865273,1.9556582,-2.1878872
-0.61782634,-2.8594925,0.35962287,5.4124904,0.64455974,-0.55997735,1.7862341,-1.9327778
-0.6551974,-3.0813913,0.63939035,5.857837,0.038978327,-0.6649939,1.9888378,-2.0117123
-0.6349605,-2.9943871,0.5398198,6.085776,-0.14322299,-0.76880527,1.8745502,-2.1289368
-0.93941087,-2.9012513,0.63828725,5.7888355,-0.18166722,-0.8507825,2.3709815,-2.1060965
-1.2234749,-2.724911,0.11877421,6.0733776,0.023300763,-0.7276934,2.1140876,-2.3408213
-0.88631654,-2.8878603,0.22047222,6.061105,0.18082027,-0.7401851,2.1128418,-2.2628334
-0.6927429,-2.958697,0.2491204,6.1461124,0.113130435,-0.61243373,2.1239474,-2.2726932
-0.7056276,-2.9495745,0.17232697,6.1002088,0.12331199,-0.641483,2.0989525,-2.0501645
-0.809699,-2.8090882,0.36783436,5.942551,0.09645267,-0.92258537,1.8050464,-2.0591004
-1.0046006,-2.7611387,0.3176077,6.1060667,-0.108645484,-0.73197544,2.1847978,-1.9488875
-0.90924793,-2.9057689,0.45702857,5.9444017,-0.11887947,-0.71314734,2.0427907,-2.18923
-0.8896587,-2.8765624,-0.3202399,6.290615,0.369141,-0.72065806,2.0649624,-2.09653
-0.8059465,-2.9435785,-0.094212815,5.941278,0.4032129,-0.59158605,2.0817761,-2.0838232
-0.9574363,-2.8032491,-0.1932454,5.982551,0.54764587,-0.6882311,2.21712,-1.8724818
-0.81941086,-2.8674245,-0.11769461,6.070533,0.5247256,-0.7366392,2.053774,-2.0578864
-0.6489551,-2.9616632,-0.042234045,5.9329224,0.55401814,-0.64771026,2.0165234,-2.1604602
-0.6578874,-2.9167016,-0.08049613,5.812897,0.83415174,-0.66968584,2.1936433,-2.1870832
-0.90200025,-2.8982747,0.016184453,5.41888,0.8484063,-0.73431844,1.9644067,-2.2355688
-1.351584,-2.6128879,-0.3135112,5.6145024,1.0211068,-0.83351016,2.240353,-2.391473
-0.69314706,-2.844723,-0.02108861,5.575435,0.8954269,-0.7634765,2.0952792,-2.187731
-0.78175175,-2.8708525,0.1589764,5.53133,0.73825634,-0.80593884,2.075902,-2.220774
-0.811141,-2.8790467,-0.07971722,5.3008213,1.094862,-0.88576704,2.0982451,-2.1536696
-0.8665557,-2.865738,0.010698248,5.529353,0.8253582,-0.67051005,2.1408968,-2.123596
-0.8332969,-3.0197074,-0.1364612,5.9571357,0.47291365,-0.69802827,1.9858054,-2.1482117
-0.8503896,-2.8578932,-0.48454508,6.07689,0.74909717,-0.7051784,2.1920116,-2.2300665
-0.9852701,-2.7878394,-0.6916995,6.1282363,0.88127035,-0.7344797,2.2156286,-2.2909045
-0.74783516,-2.877565,-0.3092003,5.7324204,1.097721,-0.6848131,2.0183387,-1.9741491
-0.5474509,-2.9938211,-0.31027976,5.7206173,1.135597,-0.6605838,2.1884181,-2.1181324
-0.59349555,-2.9385242,-0.28042394,5.621038,1.1302031,-0.78997654,2.1572661,-2.1363177
-1.0335274,-2.8466594,-0.16440313,5.5117235,0.84529436,-0.9436958,2.061478,-2.0550818
-0.8557168,-2.865538,0.2011622,5.44627,0.6884962,-0.7258662,2.015161,-2.230507
-0.77295977,-2.9959087,0.27667987,5.8626556,0.22262461,-0.7551,2.022848,-2.0490208
-1.1762022,-2.761871,0.23072611,5.4133143,0.5392812,-0.83561134,2.0542033,-2.1605992
-0.7550845,-2.861804,0.09192304,5.5952163,0.77707595,-0.65758556,2.15852,-1.9874678
-0.87976587,-2.8065898,-0.045281082,5.6430874,0.6851895,-0.7789363,1.8761455,-2.0220196
-0.9261863,-2.8927498,0.14578888,5.2452273,0.9385123,-0.6615185,2.0246098,-2.1308544
-0.6335425,-3.0014806,-0.23904556,5.8388467,0.85107094,-0.68603504,2.2149482,-2.0602303
-0.9016644,-2.8493466,-0.20012082,5.738577,0.7657828,-0.64541173,2.2409487,-2.162699
-0.7977549,-2.8784826,-0.17246255,5.7724185,0.7693588,-0.7184438,2.1253376,-2.1660378
-0.7441316,-2.996582,0.1424459,5.8740573,0.36686987,-0.6512439,1.8896141,-2.1969163
-0.7038639,-2.935035,-0.6887899,6.7365894,0.4622593,-0.6529063,2.0811114,-2.0825238
-0.7195214,-2.874912,-0.521974,6.4583063,0.5516149,-0.61365694,2.132848,-2.0905209
-0.56026834,-2.9452624,-0.14164759,6.20291,0.60096467,-0.55886304,1.9949334,-2.1715524
-0.9130182,-2.9332426,0.11060753,5.978545,0.29767606,-0.6511103,2.1649284,-2.2185738
-0.98470664,-2.7680647,0.59731805,5.7122984,0.07323607,-0.6555352,2.1830354,-2.178062
-1.0269346,-2.8505137,0.6684472,5.34977,0.13839762,-0.7232707,2.3223667,-2.2053015
-0.85116285,-2.8341172,0.8851675,5.457047,-0.038384065,-0.7711694,2.1027296,-2.095113
-0.8592821,-2.8932247,0.9517539,5.531288,-0.09597908,-0.83576703,2.1183462,-2.1290958
-0.69396085,-2.8537533,0.8467728,5.3472886,0.26783434,-0.5777333,2.129117,-2.1779177
-0.7402229,-3.0047941,1.0651561,5.21632,0.15442038,-0.7631599,2.3375275,-2.1025257
-1.044583,-2.85475,1.0906568,4.8625007,0.28997096,-0.8136321,2.0014293,-2.0772223
-0.8238743,-3.0233634,1.2185272,4.390913,0.6165166,-0.8188833,2.1879275,-2.060145
-0.7009642,-2.9447062,1.1184719,4.3422165,1.0657723,-0.6879443,1.957523,-2.1909168
-0.92312664,-2.9010913,0.9957782,4.2386184,1.1561464,-0.69969624,2.239901,-2.0431821
-0.51145023,-3.050561,0.92992556,4.4179664,1.2765023,-0.59117943,2.2450004,-2.0569365
-0.700915,-2.8696947,1.066739,4.073572,1.3258829,-0.6771618,1.9357337,-2.2684646
-0.5225708,-3.065372,1.2104558,4.356057,1.0345839,-0.68634045,2.2098258,-2.0950224
-0.72173584,-2.8615263,0.9186761,4.649843,0.81247437,-0.8522946,2.0489535,-1.8734943
-0.83165973,-2.909191,0.78247863,4.576088,1.0192181,-0.7833803,2.0904152,-2.1971855
-0.7137169,-2.8201387,0.74050385,4.5161667,1.1868111,-0.75089854,2.0703747,-2.2423582
-0.57129925,-3.1348033,-0.16316092,4.9209795,1.792211,-0.782492,1.8880019,-2.2187076
-0.83817476,-2.9367437,0.09187939,5.028864,1.3382335,-0.6762589,2.1868796,-2.1911447
-0.98068744,-2.996755,-0.21550931,5.1279387,1.420097,-0.8301302,2.204608,-2.2024376
-0.8799208,-2.8022733,-0.18560164,5.2095337,1.2939816,-0.8313676,1.958589,-2.0981205
-0.99826306,-2.8015397,-0.308408,5.0227404,1.6429518,-0.6935435,2.0274374,-2.2870085
-0.9094222,-2.9140399,-0.038986094,4.80161,1.5411696,-0.7755168,2.208501,-2.256528
-0.9291271,-2.902817,0.04324295,5.227153,0.9685136,-0.85539484,2.0349064,-2.1250303
-0.58988446,-2.8901896,0.08615233,5.2617793,1.2728585,-0.55505514,2.1025543,-2.1285233
-0.6752812,-2.772918,0.15231484,5.055994,1.3824778,-0.717566,2.1465604,-1.9052378
-0.98716056,-2.912582,-0.055275504,5.036689,1.3483512,-0.7264675,2.251284,-2.0150175
-0.8958092,-2.8179102,-0.38345274,4.79732,1.9153962,-0.8088689,2.1760225,-2.0856953
-0.9312689,-2.9014559,-0.52301574,4.611725,2.218907,-0.75469655,2.114054,-2.1500144
-0.9035289,-3.0525386,-0.8346009,4.5984163,2.4068823,-0.76309496,2.0906622,-2.0847301
-0.86511886,-2.9221747,-0.8072529,4.6059055,2.4688609,-0.5846924,2.1446054,-2.2434332
-0.7454053,-2.968065,-0.5937813,4.5904894,2.4659626,-0.74392873,2.318994,-2.1285107
-0.7266391,-2.735722,-0.14860673,4.7463646,1.7922864,-0.6676587,2.2419465,-1.9333769
-0.7692305,-2.9172454,0.25028688,4.740229,1.4189134,-0.7493902,2.1088955,-2.3135998
-0.88322294,-2.8823702,0.30922714,4.823725,1.2506605,-0.78650635,2.1987214,-2.154897
-0.70494205,-2.887411,-0.31185037,5.314292,1.445827,-0.69707054,1.967843,-2.3367991
-1.0952042,-2.839299,-0.104826085,5.673113,0.7414114,-0.8170557,2.0817575,-2.2659125
-1.1146207,-2.6916125,0.52729213,5.667108,0.14420922,-0.8497177,1.8764484,-2.1657064
-0.72429806,-2.999228,0.54932153,5.529168,0.303631,-0.83522254,1.9872882,-2.1578045
-0.94193864,-2.8227036,0.25740167,6.275415,-0.13196044,-0.913205,2.1941416,-2.0034995
-0.9317378,-2.828254,0.13160591,6.238732,-0.05542472,-0.85492855,2.141155,-2.0347395
-0.87369,-2.916698,0.19613762,6.6007223,-0.43094113,-0.68312657,2.049979,-2.2629614
-0.99459934,-2.791825,0.06555909,6.5746946,-0.31035244,-0.6510179,1.7912213,-2.1216059
-0.6447301,-2.9693267,0.1848379,6.172537,0.14455545,-0.6792255,2.0549755,-2.0187466
-0.9225143,-2.8239727,0.24721907,5.7958503,0.3014978,-0.70735455,2.1449027,-2.200836
-1.0256336,-2.7833393,-0.11542888,6.0605836,0.37930727,-0.7683106,2.100087,-2.0622926
-0.8577798,-2.9366715,-0.30777115,5.999806,0.72849023,-0.6226853,1.9592739,-2.001719
-0.9176711,-2.763261,0.13392507,5.803104,0.48166373,-0.6789132,2.1507726,-2.0982027
-0.7506452,-2.9199362,-0.14374904,5.9967313,0.49579647,-0.65683955,2.147057,-2.1626546
-0.73108894,-2.8884718,0.38586667,5.566684,0.47896087,-0.71187866,2.166896,-2.0977798
-0.6562248,-2.8796275,0.7166716,5.3780313,0.5121785,-0.5996071,2.2180166,-2.0766342
-0.7969755,-2.8613124,0.51946485,5.4156585,0.376182,-0.6449698,2.1416614,-2.1541386
-1.0266076,-2.8205063,0.27159157,5.0618,0.94684464,-0.80538285,2.035442,-2.0029411
-1.0326315,-2.762097,0.3539757,5.1910925,0.6915054,-0.75098026,2.1401217,-2.130707
-0.5561253,-2.9846635,0.6649925,5.4466047,0.5167524,-0.606579,2.041549,-2.1440983
-1.0601519,-2.874621,0.52880335,5.2439847,0.42088595,-0.9546038,2.0923514,-1.991354
-1.23789,-2.7831924,0.2390297,5.7735896,0.035462316,-0.9316506,1.8287128,-2.1319888
-0.92067665,-2.810603,-0.4246374,5.97208,0.757471,-0.72440904,2.1488163,-2.1529238
-0.57937497,-2.857141,-0.405526,5.7735534,1.1047369,-0.5580531,1.9397511,-2.091809
-0.90513563,-2.8877478,-0.4281668,5.693271,1.1334487,-0.6396901,2.1535985,-2.014343
-0.9915483,-2.9403422,-1.0519532,5.9848533,1.3939432,-0.64220685,2.1109152,-2.0632792
-0.7864954,-2.9752924,-0.80282754,5.828465,1.4488544,-0.69102144,2.012168,-2.2814462
-1.0065497,-2.8660195,-1.1537333,6.0354576,1.3225707,-0.87478346,1.8943349,-2.0936568
-1.0510298,-2.7694993,-1.4009908,6.555325,1.0916339,-0.8320822,2.1481786,-2.2008996
-0.79853934,-2.864141,-1.1258146,6.42346,1.0198967,-0.8614335,2.2098072,-2.1627839
-0.88786143,-2.8231359,-0.9252587,6.529442,0.8220848,-0.6637586,2.2337782,-2.1242247
-0.5525858,-3.0426266,-0.8518057,6.928032,0.49579883,-0.63803506,1.9503016,-2.2869518
-0.7453065,-2.9892774,-0.50223166,6.598004,0.3738028,-0.72170967,1.9180789,-2.2845342
-0.6705796,-3.0128527,-0.46475962,6.5765123,0.33522084,-0.7961682,1.9311135,-1.9411101
-0.8935203,-2.9235206,-0.21803935,6.456302,0.12325451,-0.64454883,2.16197,-2.0250094
-0.7330598,-2.989463,0.2828227,6.314909,-0.19472677,-0.65139097,2.1951709,-2.2530212
-0.6658298,-2.8679872,0.46705887,6.2936463,-0.3479401,-0.74995786,2.0567877,-1.9744192
-0.974098,-2.8463688,0.620026,5.6162634,-0.053255744,-0.8800874,2.0573347,-2.1199734
-0.56518996,-3.1127427,0.2953347,6.035622,0.17587274,-0.8095327,1.9216888,-2.0968826
-0.88509476,-2.8439114,0.19016446,5.857386,0.27778783,-0.7127755,1.9251182,-2.3287477
-0.8983155,-2.8931653,0.3193196,5.775436,0.2576407,-0.7124808,1.7421589,-2.2751913
-0.78440577,-2.8731563,0.045554522,5.8552365,0.52122444,-0.70405054,2.1930707,-2.2440875
-0.7310613,-2.8782144,-0.05731555,6.026646,0.41304776,-0.5976766,1.8145816,-2.1891952
-0.54053074,-3.0827763,-0.4371044,6.1591463,0.87591016,-0.60783684,2.3451543,-1.9371029
-0.9671151,-2.7743592,-0.33500862,5.7270966,0.85960615,-0.70397246,1.9746091,-2.1489737
-0.88829654,-2.9308593,-0.15582575,5.3420377,1.2115093,-0.6832015,2.306141,-2.1097207
-0.44338584,-2.8633475,-0.053859662,5.3313313,1.3602738,-0.5343491,1.9838623,-2.1752632
-0.73735267,-2.920901,-0.47673294,5.625952,1.2760829,-0.83917856,2.0316741,-2.1649106
-0.61010784,-2.832773,0.101796925,5.420468,0.9787425,-0.49560067,2.2535226,-2.0430753
-1.0252285,-2.7322474,0.053713676,5.2231555,1.0105565,-0.7916819,2.0608215,-2.13706
-0.8663694,-2.87768,-0.20209141,5.791764,0.81338096,-0.7040849,2.0601697,-2.300685
-0.8648022,-2.9283621,-0.25055397,5.481991,1.088772,-0.7016684,2.1243124,-2.1086502
-0.8264284,-3.0796137,-0.40329725,5.6461687,1.0997207,-0.6514964,2.2042196,-2.0848205
-1.0015912,-2.8556242,-0.47866243,5.577065,1.1701957,-0.73622936,1.7034681,-2.161148
-0.7607424,-3.0525863,-0.5914652,6.0758505,0.9599369,-0.62592465,2.1715412,-2.0267706
-0.5313466,-2.9150176,-0.6602064,5.9545617,1.2511011,-0.6696361,2.1220179,-2.2161996
-0.97699153,-2.8059096,-0.5160707,5.840688,1.0825626,-0.77153355,2.1871054,-2.1328342
-0.64458424,-2.9959214,-0.69407696,6.1885176,1.0782919,-0.7283263,2.0848126,-2.130383
-0.712695,-2.9161599,-0.3344986,5.7325826,0.9749707,-0.6197341,2.0418644,-2.0453205
-0.5353194,-3.0133011,-0.35302585,5.987412,0.85194224,-0.6644639,2.2214606,-2.2024338
-0.5673179,-2.828326,-0.41505656,6.337075,0.59199363,-0.6069062,2.0788624,-2.171562
-0.64435196,-3.0227041,-0.104251124,6.241994,0.39889702,-0.7575741,1.9804667,-2.1592689
-0.6606094,-2.958842,0.18519382,5.437072,0.8797042,-0.61054003,2.0604174,-2.2091885
-0.8641785,-2.801516,0.37699437,5.5829797,0.6294864,-0.7753927,2.2738276,-2.237655
-0.68781185,-2.9187014,0.12248931,5.474796,0.8651112,-0.67507535,2.0767245,-2.3486154
-0.7082536,-2.888345,0.20589277,5.4581776,0.80951977,-0.535667,2.2320292,-2.1110241
-0.8469496,-2.808607,0.3355453,4.9540296,0.9641376,-0.93076354,2.0276911,-2.074598
-0.9716907,-2.8082447,0.57022935,5.2105813,0.6295094,-0.740472,1.8583983,-2.201597
-0.7515651,-2.940954,0.57091284,5.2378225,0.6159538,-0.67606044,2.1021917,-2.2776146
-0.7827584,-2.8235517,0.9857115,4.9252424,0.51351506,-0.6786273,1.9743054,-2.0997736
-0.8183287,-2.9426208,0.94912827,5.0979705,0.34029928,-0.73316777,2.1318567,-2.1583064
-0.5481897,-2.9107747,1.1023197,4.8734837,0.5898393,-0.68236697,2.1703813,-2.2194705
-0.94897324,-2.858298,0.883803,4.427924,0.97623485,-0.7016184,2.1425626,-2.3004882
-0.78100836,-2.7963946,0.99416554,4.3799114,0.9978337,-0.7520372,2.1109638,-2.240508
-0.8537558,-2.8972397,0.9157594,4.757288,0.7098384,-0.6975104,2.0969043,-2.167578
-1.0949033,-2.7612534,0.42926225,5.2385726,0.63613075,-0.7735826,2.0802138,-1.9900162
-1.0690984,-2.880536,0.63020384,5.198872,0.44672558,-0.795597,2.4729137,-2.0443373
-0.90420836,-2.7761664,0.5137038,5.1980753,0.6338122,-0.69113594,2.14528,-2.0103533
-0.6004915,-2.9737737,0.408497,5.483627,0.60787386,-0.7333236,2.1193225,-2.2405894
-1.0390606,-2.8199735,1.0684195,5.2983522,-0.13985133,-0.67549855,2.233115,-2.133219
-0.6818184,-2.8854394,0.8568771,5.596717,-0.015969463,-0.68656236,2.0413682,-1.9894587
-0.7194514,-2.938856,0.6244399,5.9128323,-0.025764607,-0.7425328,2.0907276,-2.329928
-0.74971944,-2.8404336,0.6575552,5.8432794,0.0039188415,-0.6201463,2.0038147,-2.075737
-0.7841833,-2.9937072,0.66403943,5.7923784,-0.14282455,-0.6624055,2.114768,-2.23982
-0.95300496,-2.881343,0.9013096,5.9781814,-0.59708923,-0.77415496,2.1615953,-2.000463
-1.1096612,-2.7286065,0.46354377,6.151996,-0.4231075,-0.79390967,2.0220745,-1.9478847
-0.8659637,-2.8794377,-0.17624101,6.57939,0.014492902,-0.60773164,1.9511753,-2.3107083
-0.6250702,-2.9417496,0.122027464,6.119151,0.22753438,-0.65294063,2.013281,-1.9789563
-0.9184507,-2.8671389,-0.052840885,6.1633406,0.18865311,-0.6768517,2.144335,-2.0829146
-0.65725636,-2.9885213,-0.29461786,6.422335,0.4011006,-0.6062692,1.9712555,-1.9101279
-0.610074,-2.9186997,0.21065205,5.9962554,0.2185628,-0.726213,1.8488053,-2.112194
-0.65317583,-3.0962775,0.07028074,5.9678035,0.43000612,-0.8201511,1.9352088,-2.0632014
-0.7822648,-2.9262977,-0.1157812,6.027835,0.40518683,-0.7151263,1.873501,-2.0780334
-0.7066407,-2.8483045,-0.03649322,6.230762,0.38676083,-0.7049897,1.9389466,-2.0482137
-0.5207486,-2.93763,0.118687086,6.5549808,-0.122758895,-0.63824165,2.0252142,-2.084172
-0.6269736,-3.005001,-0.17214103,6.6114836,0.070567064,-0.6178818,2.185742,-2.1227193
-0.5977983,-3.024671,-0.31080472,6.483557,0.29427236,-0.66124636,2.1559217,-2.1774485
-0.69013214,-2.902501,-0.13013713,6.206787,0.3226199,-0.6218624,2.3215542,-2.0145411
-0.5191029,-2.9741368,-0.1965605,6.4388986,0.305745,-0.67837286,1.9929129,-2.1541388
-1.0350392,-2.8453746,-0.23037426,6.1136036,0.31282556,-0.7474485,2.0827847,-2.0935395
-0.8032283,-2.8309426,-0.2587263,6.059645,0.5960855,-0.7083047,2.345709,-2.1239219
-0.74902284,-2.7981844,-0.017481683,6.459543,-0.022608278,-0.7249098,2.197106,-2.0810087
-0.757002,-2.9587152,0.20025395,6.4088044,-0.15043744,-0.6791338,2.0010304,-2.139302
-0.9979609,-2.7979774,0.15366645,6.2134824,-0.025753139,-0.8294257,2.0238893,-2.069521
-0.7866216,-2.960084,0.2601355,5.8255796,0.2478178,-0.7721932,2.088878,-2.2911303
-0.5581732,-2.9293623,0.21002446,6.2166295,0.12182677,-0.6282798,1.9410046,-2.230528
-0.6239421,-2.9451013,0.6027057,5.9394817,0.01554761,-0.65281075,2.2638817,-2.0172617
-0.7689917,-2.836259,0.17318337,5.7700634,0.480171,-0.8236162,2.0436754,-2.3115363
-0.9245053,-2.9323454,-0.109699756,5.8142557,0.6223234,-0.7311346,2.159084,-2.064881
-0.842089,-2.864735,-0.025849383,5.6129208,0.7281456,-0.8408225,1.7481861,-1.9805145
-0.7238637,-3.055803,-0.21930927,5.7862577,0.7327102,-0.7764437,2.1995475,-2.165078
-0.9960063,-2.773616,0.29823786,4.88934,1.1169153,-0.85813445,2.0713694,-2.166662
-0.55273074,-3.2232504,0.17477639,4.7612534,1.6753733,-0.67129534,2.0607252,-2.1754694
-1.0899564,-2.7850068,0.13198662,4.5032706,1.5678351,-0.9546217,1.8327787,-2.207927
-0.787065,-2.91975,0.5287452,4.2860413,1.6222051,-0.67577857,2.157083,-2.1536188
-0.87865394,-2.8546436,0.60893846,4.1006756,1.7296531,-0.732017,2.129184,-2.318534
-0.83768165,-2.9190662,0.43496862,4.3806167,1.5724149,-0.7386683,2.0787876,-2.2184482
-0.6691448,-2.769696,0.75078225,4.3121367,1.4580425,-0.62584645,2.2014272,-2.1217291
-1.0914785,-2.8219354,0.47529048,4.3086004,1.6055751,-0.69255525,2.1919801,-2.2478697
-0.9822751,-2.9149966,0.10835589,4.7545905,1.4927,-0.7385725,2.2230034,-2.0838068
-0.6979064,-3.0477054,-0.35488555,5.4601293,1.3078504,-0.68298036,1.9622945,-2.1619532
-0.53097934,-3.056405,-0.0856096,5.1684933,1.5209281,-0.61850774,2.048038,-2.2895305
-1.0841354,-2.8342912,-0.20146821,4.8006625,1.6005214,-0.7804146,2.2010171,-2.2915015
-1.0039707,-2.7954571,-0.6761977,4.951236,2.042039,-0.68631756,2.2421048,-2.2453554
-0.6414567,-2.895913,-0.6576285,5.469085,1.6465222,-0.6694163,2.0679038,-2.203452
-1.1747445,-2.8862545,-0.5829134,5.1303124,1.6301352,-0.8202137,1.9076251,-2.178905
-0.88040745,-2.9247127,-0.6777276,5.7703543,1.2630297,-0.7033218,2.1027448,-2.2651906
-0.7136045,-2.954675,-0.27810594,5.7042933,0.9844127,-0.8111644,1.9432244,-2.1627166
-0.88281804,-2.8654752,-0.57668644,6.3310056,0.6125055,-0.76357955,2.155963,-2.1372375
-0.9008459,-2.8074453,-0.5475076,6.177552,0.76316786,-0.8897542,1.9748331,-2.1349669
-0.7088394,-2.9104533,-0.6388105,6.011197,1.1305472,-0.66987664,2.2008042,-2.1990013
-0.61670965,-3.0386417,-0.5100228,5.9493356,0.9531619,-0.7352168,2.188553,-2.186992
-0.7450825,-2.978427,-0.7575272,6.174211,0.9130219,-0.70443714,2.104245,-1.9766369
-0.8925316,-2.9545343,-0.83360595,6.2616615,0.8098938,-0.8236325,2.1419523,-2.1543403
-0.9805323,-2.877433,-0.6244613,6.0279717,0.86717445,-0.7880238,2.064957,-2.210233
-0.7301746,-2.9776163,-0.4152699,6.002175,0.7926178,-0.8660246,1.8875738,-2.005639
-0.9396206,-2.818813,-0.7067987,6.036718,0.99474317,-0.7931389,2.0690362,-1.901805
-1.1476837,-2.873514,-0.49566224,6.012546,0.7295283,-0.6694178,2.0335171,-2.2015686
-0.9752772,-2.8886633,-0.42948687,6.1834016,0.5436846,-0.6380805,1.9981889,-1.9428483
-0.95987785,-2.7971969,0.0074585574,5.915898,0.45613593,-0.6797057,2.3730304,-2.0878406
-0.84179205,-2.8064353,0.14902957,5.5770545,0.58704114,-0.73212856,2.035603,-2.1186163
-0.8472299,-2.7734513,-0.08372621,5.6596713,0.9161153,-0.73940605,2.0144875,-2.2777293
-0.8876184,-2.8354836,0.045246862,5.654078,0.6361219,-0.6812283,1.9894838,-2.1109464
-0.6362519,-2.950911,-0.1550369,5.985796,0.7099023,-0.68103933,2.150805,-2.1865122
-0.931435,-2.7936246,-0.15918848,5.849869,0.66602165,-0.6976477,2.0642092,-2.1708307
-0.8114972,-2.9760518,-0.05002085,5.726651,0.75920105,-0.6289785,2.2689242,-2.0190547
-0.7449498,-2.8413548,-0.44031855,6.0040274,0.77714884,-0.6533176,2.095733,-2.156324
-1.050408,-2.725283,-0.38654676,5.665795,0.9988451,-0.66323715,2.0967114,-1.9194694
-0.5104589,-2.998055,-0.19784972,5.6508226,1.1127945,-0.63381726,1.9269491,-2.2002037
-0.76734173,-2.9337888,-0.13626513,5.3831306,1.2216815,-0.6577661,2.0741863,-2.1322808
-0.58640176,-2.9065685,-0.061776605,5.486276,1.2160897,-0.6304405,2.1125717,-2.2783287
-0.62202257,-2.8631358,-0.06698348,5.1463313,1.4467553,-0.5928059,2.225853,-2.1429071
-0.93838614,-3.0618474,-0.11027482,5.5822616,0.9005737,-0.68463457,1.997947,-2.1151035
-0.8760709,-2.8376963,-0.54488647,5.9772515,0.9815802,-0.7041909,2.0556016,-2.2413962
-0.7498302,-2.9770799,-0.46459883,5.784993,1.1314479,-0.6326138,2.018886,-2.219498
-0.86234504,-2.9739876,-0.069073685,5.1401367,1.2579726,-0.7216179,2.3124015,-2.1477435
-1.038735,-2.6950383,-0.14208485,5.4695754,0.95675963,-0.85199666,1.6839443,-2.1103039
-0.75025105,-2.9824097,-0.21077849,5.633031,1.11398,-0.6887256,2.2102392,-2.1549428
-0.9773904,-2.9497578,-0.03929429,5.57582,0.79676396,-0.7354218,1.9462249,-2.1438704
-0.9404947,-2.8030355,-0.4260048,6.7293253,0.03716314,-0.89775,2.119989,-2.0076885
-0.672591,-2.9174726,-0.33855698,6.7295017,0.09775883,-0.78399533,2.0409331,-1.9074686
-0.6925766,-2.9401584,-0.4306302,6.7445006,0.22986612,-0.63009316,1.9693516,-2.1321392
-1.023333,-2.8651514,1.0567721,5.580402,-0.43272954,-0.8907787,2.0766265,-2.0844827
-0.56761354,-2.8893356,1.0210245,5.5370398,0.14573511,-0.63449365,1.9991186,-2.22189
-0.79381144,-2.8748372,1.2357527,5.170276,-0.06702336,-0.66509736,2.0971363,-2.0948825
-1.1979146,-2.7083042,0.9958895,5.3079543,-0.12982152,-0.89184666,2.1716225,-2.1336942
-1.0657315,-2.8633776,0.6942315,5.087833,0.49204627,-0.88851696,2.2024853,-2.0925329
-0.78468865,-2.8580723,0.70649725,4.893079,0.8228829,-0.72095394,1.9854784,-2.1802545
-0.5854881,-2.9851155,0.4136255,4.717427,1.3161533,-0.71451104,2.063376,-2.0621016
-1.0108541,-2.9134846,0.2928847,4.8221607,1.1374066,-1.1115339,2.0661638,-2.3180692
-1.0160147,-2.7766654,0.5851347,4.866844,0.88088065,-0.6925167,1.9275323,-2.1333315
-0.9896687,-2.8140235,0.3590695,5.1002755,0.92552453,-0.79051787,1.856325,-2.1684155
-0.5960548,-2.8900304,0.75374717,4.621704,1.1238405,-0.5937243,2.1396682,-2.1091516
-1.0297892,-2.9783533,0.90584576,4.7160726,0.66395015,-0.9865919,2.0804408,-2.202585
-0.8440993,-2.8900335,0.90675586,5.1666965,0.26417184,-0.70299006,2.2100902,-2.1421885
-1.0264122,-2.9203594,0.5772859,5.607118,0.033699628,-0.9434147,1.9048806,-2.088688
-0.8466454,-2.8821614,0.5596784,6.00419,-0.20581959,-0.615313,2.1852572,-2.2256522
-0.54388624,-2.9773793,0.41239533,6.129284,0.045879204,-0.5793616,2.096091,-2.0604584
-1.0561346,-2.735768,0.27232903,5.6069374,0.35988322,-0.7980915,2.193585,-2.210841
-0.94558644,-2.7502658,-0.19659002,5.8070364,0.6260123,-0.7634791,1.9417844,-1.9770987
-1.0219771,-2.9170399,-0.14245003,5.806589,0.6241208,-0.8157822,2.12235,-2.2067158
-0.81021684,-2.9124198,-0.25285962,6.3019876,0.29078096,-0.72483164,1.9865412,-2.1009247
-0.8587162,-2.8113475,-0.08413283,6.4882135,-0.041303862,-0.75039107,2.0774024,-2.2291305
-0.861932,-2.8188555,-0.14085555,6.3687787,0.1740071,-0.6781374,2.1482604,-2.3136997
-0.944232,-2.8038082,0.052384913,5.786436,0.50693226,-0.674929,2.1437345,-2.01823
-0.7988716,-2.8616378,-0.04037713,5.684492,0.7050139,-0.65988886,2.2047203,-2.2034962
-1.0518814,-2.830442,-0.040966235,6.039594,0.29504585,-0.648462,2.052164,-2.233978
-0.8264234,-2.7937887,0.11824852,5.702994,0.6947428,-0.63813627,2.0441473,-2.0178676
-0.9120643,-2.91,-0.31089455,5.605797,0.9827396,-0.86560297,2.1292665,-2.0808651
-0.78137195,-2.9502258,0.049087923,5.491026,0.7865534,-0.6699134,1.9541181,-2.224261
-0.62523335,-2.9978604,-0.1533142,5.2315288,1.3904502,-0.8069196,1.8084776,-2.052983
-0.81694824,-2.9078689,-0.36227563,5.661627,0.89845544,-0.7961483,2.1124375,-2.1074991
-1.0135655,-2.801472,-0.5344263,5.617433,1.2409986,-0.8490359,2.1209426,-2.083489
-1.0088264,-2.9594398,-0.3040511,5.565121,1.0410144,-0.7949138,2.0121024,-2.1947248
-1.044683,-2.9008694,-0.51464295,5.564413,1.1841646,-0.858233,2.185036,-2.1102765
-0.90994084,-2.7477448,-0.7230152,5.905957,1.1874397,-0.6198456,2.1792178,-2.0037994
-0.81629306,-2.8982365,-0.5030183,5.729049,1.1186683,-0.7079823,2.0713074,-2.1893144
-0.623905,-2.842543,-0.3830997,6.179996,0.7961433,-0.73755217,1.9425198,-2.0673337
-0.7642727,-2.940779,-0.070636675,5.8963766,0.5789541,-0.7614583,1.9972905,-2.317603
-1.031751,-2.8529015,-0.21133572,5.6212173,0.8731896,-0.73777276,1.9513757,-2.1099088
-0.840456,-2.9160979,-0.09498437,5.519857,0.90739137,-0.7256356,1.8119831,-2.1002564
-0.94578475,-2.9260862,0.13050929,5.7002625,0.5295686,-0.77841556,2.2187262,-2.2981715
-1.0269635,-2.7749035,0.4398567,5.31788,0.45717362,-0.8030949,1.99958,-2.2025704
-0.66076416,-2.9214456,0.56120044,5.343187,0.59573865,-0.6783189,2.1665068,-1.9387413
-0.51703876,-3.0745504,0.26516327,5.576309,0.75983286,-0.60077965,1.9762535,-2.0774095
-0.7550178,-2.810807,0.40562755,5.522094,0.41447875,-0.63766986,2.257868,-2.0664074
-0.77648973,-2.7810726,0.014375702,5.729096,0.67758,-0.7307374,2.0759573,-2.0692923
-0.90546703,-2.8965056,-0.12411288,6.0754075,0.35067782,-0.7994621,1.9961724,-2.1850123
-0.8849568,-2.790597,0.34460583,6.015123,0.035184357,-0.5975716,1.8712476,-1.9426401
-1.0626283,-2.703012,0.031784482,6.2022285,0.0022354156,-0.6536204,2.0958455,-2.098584
-0.7640841,-2.9576676,-0.29486278,6.4919205,0.16362491,-0.6904148,1.9556115,-2.0005846
-0.78299475,-2.9510047,-0.1961966,6.7439995,-0.10871145,-0.68067825,2.0344207,-2.216868
-1.0335935,-2.7899039,-0.33272144,6.460899,0.08707848,-0.7432106,2.2152917,-2.0381176
-1.0714074,-2.7410579,0.27719522,5.7311106,0.31916884,-0.73954743,2.3267944,-2.1598778
-1.1393118,-2.761517,0.29868802,5.504916,0.45435703,-0.7525106,2.2551098,-2.1740212
-0.9621007,-2.8195221,-0.07385803,5.9810176,0.400572,-0.83437115,2.0329595,-2.0008307
-0.8145626,-2.8617556,0.08943177,6.0665455,0.29533106,-0.5738028,2.1359463,-1.9362297
-0.7843984,-2.9135702,0.4233987,5.839145,0.18113828,-0.6721957,1.8811342,-2.1253395
-0.987589,-2.764122,0.016895486,5.648404,0.679808,-0.6891561,2.2084472,-2.0965092
-0.7954343,-2.9213681,-0.14713521,5.522667,0.86940694,-0.6938701,2.181337,-2.0763922
-0.99175745,-2.758531,0.15617856,5.540799,0.67896676,-0.77842873,2.1521924,-2.0859094
-0.99132144,-2.7578764,0.02118115,5.5098653,0.87621695,-0.7916695,2.1345062,-2.0185013
-0.9546187,-2.834735,-0.060265195,5.51985,0.7634427,-0.82081884,2.046649,-2.2545457
-0.8302709,-2.8338118,0.51968163,5.186068,0.80064607,-0.6342883,2.1072695,-2.1300466
-1.1019515,-2.818092,0.4238126,5.328189,0.43349123,-0.77249277,2.2604387,-2.2822208
-0.6787767,-2.9873383,0.69309115,4.737263,0.8789538,-0.69811857,1.9460942,-2.002181
-0.7629695,-2.778273,0.49638143,5.1576858,0.82813466,-0.67862797,2.0119817,-2.2959285
-0.56093645,-2.9431102,0.57319236,5.260112,0.60825235,-0.6096613,2.0799162,-2.029041
-0.7356294,-2.9813764,0.9090533,5.2493896,0.37207508,-0.5902219,2.0966225,-2.0299308
-0.39271197,-3.189148,0.6571329,4.921581,0.9188137,-0.76305485,2.2178645,-1.8787185
-0.6196048,-3.0132954,0.14648084,5.495271,0.8220952,-0.6869371,1.9935379,-2.16558
-0.47705573,-2.837257,0.28397775,5.3613358,1.0567355,-0.65764284,2.0857573,-2.2712328
-0.75295043,-2.9332411,0.11303294,5.404737,0.79196477,-0.723958,2.3088322,-2.0058467
-0.6541788,-2.9808447,0.068337485,5.4369917,1.0424792,-0.5923897,1.9849366,-1.9523035
-0.54683197,-3.002122,0.14621648,5.3365006,1.1935811,-0.6308575,2.08802,-2.0623574
-0.8669227,-2.9036672,0.07599582,4.712638,1.5242068,-0.7518171,2.4344864,-2.0773294
-0.47492146,-3.1111193,-0.4114908,5.160439,1.7496511,-0.6622067,2.069419,-2.1706793
-0.81986237,-2.872976,-0.76984715,5.1539025,1.799768,-0.89781654,1.9271508,-2.3343415
-1.1969044,-2.685253,-0.2735055,4.644154,1.9234167,-0.6826617,2.0711484,-2.1216476
-0.41000795,-2.7959924,-0.31190783,4.9265447,1.9278208,-0.590771,2.3768418,-1.9737141
-0.76196504,-2.9484816,-0.48100713,5.404425,1.5356436,-0.7109598,2.139577,-2.342014
-0.818453,-2.844253,-0.35062185,5.2025476,1.5113013,-0.6871387,2.0863311,-2.1681914
-0.63271993,-2.714981,-0.5513111,4.936897,1.821856,-0.69495994,2.0743396,-2.1619487
-0.82123786,-2.8694553,-0.7072313,5.0338492,1.9914709,-0.6619792,2.1069121,-1.985714
-0.9099039,-3.0303848,-0.75027025,5.504076,1.4849528,-0.7879303,2.15919,-2.1787972
-0.74569136,-2.913179,-1.1083311,5.9622345,1.5244961,-0.71615314,2.2183275,-2.0920427
-0.77654225,-2.8795612,-1.134157,6.241761,1.2233098,-0.76684964,2.3230877,-2.1382372
-0.8142129,-2.8591623,-0.57208204,6.172946,0.80416274,-0.7197505,2.231114,-1.9175508
-0.80748016,-2.8698308,-0.36333963,6.047317,0.8354341,-0.6828526,2.1268532,-2.0856543
-0.6727508,-3.004435,-0.22379966,5.7968764,0.82986814,-0.6581855,2.0579739,-2.0038888
-0.7493855,-2.8870668,-0.033922356,5.931792,0.5466542,-0.78609675,2.1587803,-2.1986399
-0.93073344,-2.8759792,-0.23125994,5.978766,0.47517997,-0.6912737,1.962639,-2.1647577
-0.9148142,-2.7934406,0.24604945,5.647844,0.4590288,-0.757121,2.3188589,-2.0853415
-0.7799002,-2.8658965,0.06310871,6.222975,0.12732002,-0.7229603,2.0615768,-2.0762901
-0.5089394,-3.0747962,0.19080774,6.2310395,0.15837604,-0.67893034,2.0867405,-2.0810597
-0.5619202,-3.0344942,0.2948701,6.51596,-0.26543355,-0.60487413,1.9124932,-2.102259
-0.8312847,-2.901225,0.47734052,6.5134583,-0.6804627,-0.6652215,1.8853552,-2.0572104
-0.77081084,-2.9074707,0.19826122,6.7999773,-0.5994024,-0.5957521,2.1153548,-2.2264895
-0.6682742,-2.8618653,0.16703749,6.777137,-0.50577307,-0.56926525,2.016377,-2.0332985
-0.6018192,-2.9050493,0.29108122,6.6542773,-0.4827405,-0.6390577,2.1796618,-2.173559
-1.1420897,-2.77023,0.05127312,6.2397366,-0.2914307,-1.0159911,1.7391069,-2.1351128
-0.8238618,-2.8631902,0.5572164,6.464338,-0.6873096,-0.7056998,1.930696,-2.240593
-0.9844292,-2.733781,0.5260453,5.4857736,0.3433689,-0.73277944,2.1520069,-1.9675819
-0.46682304,-3.0210924,0.6037277,5.658016,0.2996314,-0.68555033,1.9698414,-2.1731713
-0.8985668,-2.843881,0.586426,5.4794946,0.33890525,-0.60558474,1.8215928,-2.1295886
-0.8047004,-2.9910836,0.5950297,5.4203897,0.33725265,-0.62210625,2.036076,-2.0304334
-0.70821077,-2.9202273,0.70236206,5.464675,0.21835595,-0.6590014,2.1101377,-2.0857804
-0.775665,-2.9906375,0.5622316,5.355638,0.47993547,-0.65809476,2.215927,-1.9125718
-0.75168407,-2.8264513,0.75829446,5.208057,0.4199465,-0.6416194,2.1837296,-2.0829082
-0.79534775,-2.8194058,0.6899473,5.53444,0.2817589,-0.6327123,2.0029597,-2.139809
-0.850866,-2.954041,0.6254298,5.5446515,0.3043485,-0.77514267,2.074116,-2.107776
-0.8140683,-2.9123392,0.38327324,5.0896845,0.89417356,-0.6944131,1.9593346,-2.140192
-0.9499932,-2.8580406,0.15913935,4.65443,1.5426096,-0.63441056,2.099223,-2.3113396
-0.6049802,-2.9760313,0.12475014,4.4872036,1.9446859,-0.62103325,2.1840882,-2.3390656
-1.0628132,-2.9221416,-0.017709192,4.4641647,1.8089007,-0.84920204,2.1034827,-2.2036011
-0.6576598,-2.887883,0.2736695,4.4114857,1.7207795,-0.7013732,1.9251174,-2.1119907
-0.9787033,-2.8507376,0.44854578,4.319418,1.587667,-0.975303,2.3061388,-2.1209576
-1.0176746,-3.0146816,0.72879934,4.5060735,1.1262883,-0.7639453,2.0965922,-2.1746402
-0.64830464,-2.792266,0.59040284,4.894226,1.0506525,-0.6297829,2.1459196,-2.1321778
-0.62621933,-2.7870426,0.3901054,5.1692243,1.0121592,-0.6024221,1.90906,-2.0551157
-0.75436413,-2.8520677,0.6236589,5.239534,0.48802346,-0.63445365,2.201868,-2.0658312
-0.97113335,-2.8385956,0.73044497,5.3695865,0.26154685,-0.9554487,2.1397302,-2.0808206
-0.90408224,-2.8181913,0.5350037,5.6086326,0.21165685,-0.8058324,2.2112713,-2.1178591
-0.765534,-2.8595495,0.23894258,5.685704,0.5469845,-0.7734421,2.2988632,-2.2048953
-0.8552967,-2.8840635,0.23187704,5.998714,0.16527466,-0.6807863,2.1341577,-2.160692
-0.89246047,-2.7371514,0.19057448,5.583034,0.6949494,-0.66499734,2.025479,-2.0877607
-0.6945418,-2.906206,0.07273475,5.8288865,0.5379295,-0.6116817,2.090589,-2.156844
-0.6260054,-2.8892262,0.2859335,5.71558,0.5027049,-0.63396436,2.3460972,-2.1130545
-0.5226055,-2.9468782,0.3283208,5.4761133,0.7394968,-0.643294,2.1958754,-2.2808073
-0.90253025,-2.8820348,0.40728432,4.959537,0.82699,-0.7882349,2.029328,-2.1383383
-0.8272082,-2.9291074,0.35047907,5.0510817,1.0232029,-0.76044726,2.0508912,-2.2583592
-0.9615945,-2.8012679,-0.076089196,5.136278,1.2120974,-0.8355812,2.1205819,-2.0544307
-0.7255379,-2.9476347,0.3878546,4.7213545,1.3063048,-0.7611704,2.0655038,-2.1162312
-0.9692978,-2.8035223,0.5597892,4.382564,1.4860479,-0.6805778,1.9607174,-2.0290954
-1.19554,-2.7169724,0.2505555,4.853772,1.1486483,-0.6651843,2.356339,-2.0760095
-0.78455824,-2.9867551,0.49216992,4.9662333,0.93803334,-0.64129543,2.0765536,-2.2339516
-0.7519296,-2.889853,0.62274516,4.9136214,0.96789974,-0.6277999,2.1919472,-2.2442672
-0.5252177,-3.0366297,0.4503408,5.154258,0.9932586,-0.5741631,2.0132623,-2.0585408
-0.838531,-2.9223542,0.37225908,5.486735,0.4825979,-0.7324338,2.058411,-1.9893118
-0.82104915,-2.8474677,0.4537179,5.4268975,0.51362085,-0.70771766,2.0172622,-1.9805912
-0.8282186,-2.8992467,0.09706207,5.6060114,0.7707536,-0.7205677,2.19266,-2.380383
-0.8705264,-2.8885303,-0.12866342,5.478764,1.023804,-0.72670305,2.1667533,-2.151836
-0.604494,-2.9626102,0.14471291,5.0632463,1.2925075,-0.69285303,2.2060716,-2.1846175
-0.71887076,-2.914335,-0.019437676,4.9832783,1.4147266,-0.6727841,2.3502076,-2.201644
-0.94197047,-2.8167913,0.21582648,5.292178,0.82403624,-0.67247456,2.1202946,-2.253239
-0.68497187,-2.9512053,0.34665087,5.3703127,0.7989997,-0.6666845,2.1084197,-2.1418297
-0.8794283,-2.9412897,0.55706793,5.419223,0.4221316,-0.61984074,2.1243196,-1.8897022
-0.6608718,-2.878835,0.43665397,5.752951,0.25872043,-0.73375666,1.6988655,-2.0682473
-1.0263573,-2.8157868,0.5854001,5.5133495,0.15864973,-0.66842085,2.0662868,-2.1189647
-0.7850044,-2.864342,0.38244307,5.797155,0.20014325,-0.6891643,1.9692922,-2.0817826
-0.8410552,-2.8289635,0.26508883,5.7363477,0.3535049,-0.6697716,2.1472526,-2.0793557
-0.9117987,-2.9051695,0.2965312,5.7587185,0.27329567,-0.69607323,1.9712358,-2.1181672
-0.65288275,-2.980516,0.3512193,5.5544868,0.50685847,-0.71300644,2.0803761,-2.228973
-0.6616535,-2.992031,-0.17229234,5.5669036,1.0395153,-0.6948893,2.0954733,-2.3007553
-0.91504985,-2.8158803,-0.21205497,5.50692,1.0704689,-0.7228799,2.2484913,-2.1331098
-0.9999538,-2.655485,-0.46284348,5.652748,1.2112961,-0.62538064,1.9521052,-2.1263447
-1.0504886,-2.8609958,-0.33387387,5.817706,0.7772194,-0.74989206,2.129467,-2.2048666
-0.8295224,-2.9002817,-0.20784287,5.810125,0.7507293,-0.7876874,2.0383847,-2.1589808
-1.0095979,-2.8658004,-0.40386626,5.779204,0.83271164,-0.8408322,2.229377,-2.1024547
-0.7265617,-2.8545604,-0.5197643,5.8613977,1.1052147,-0.6772868,2.219651,-2.1767673
-0.7804779,-2.8705232,-0.46408072,5.957846,0.8780212,-0.66517514,2.0531986,-2.1433425
-1.00609,-2.8637664,-0.4705896,6.118557,0.6760989,-0.6913259,2.2070134,-2.061354
-0.8482031,-2.955958,-0.4512556,5.7669435,0.99078655,-0.67487395,2.0366845,-2.1868045
-0.8887543,-2.9760082,-0.5386862,5.8751087,0.9466638,-0.8040373,2.1656616,-2.213249
-0.68795925,-2.8051,-0.19633584,5.7411056,0.90292287,-0.58888865,2.0598447,-2.114803
-0.9788343,-2.8415406,-0.5571977,5.9229913,0.9613981,-0.9439208,1.9521235,-2.0324357
-0.82694036,-2.9346008,-0.7714346,5.7237973,1.2857838,-0.8503249,2.029485,-2.2197564
-1.2261324,-2.6835477,-0.732168,5.7010455,1.2188255,-0.94684803,2.1706083,-2.1122515
-1.0186001,-2.7967737,-0.6697197,5.4129105,1.6245006,-0.7488714,2.0401723,-2.3246934
-0.6317406,-2.8980584,-0.47867936,5.520121,1.5207788,-0.8348666,2.1602936,-1.9940702
-0.83425945,-2.9126801,-0.678252,6.1191306,1.0125837,-0.6801803,1.9981755,-2.2661936
-0.9562687,-2.9590695,-0.8428835,6.668094,0.5013234,-0.7013145,2.1085725,-2.17189
-0.7712866,-2.938763,-0.63343894,6.5950446,0.4039144,-0.73476285,2.2761023,-2.1691833
-0.6266397,-2.9744754,-0.89435625,6.80986,0.67748046,-0.668743,2.191402,-2.1154363
-0.7080642,-2.8673463,-1.0067809,6.5179205,0.9992542,-0.6667771,2.2664125,-2.1591654
-0.8768053,-2.7988296,-0.9767273,6.1816573,1.2014939,-0.7429819,2.281359,-1.9438741
-0.981515,-2.7967982,-1.020982,6.5644126,0.80404705,-0.7283171,2.0935087,-2.0440385
-0.79659384,-2.8464446,-0.9750212,6.946864,0.47152993,-0.7641778,1.9632796,-2.145948
-0.91270643,-2.8822563,-1.0650382,6.9843483,0.43749633,-0.7038726,1.9388859,-2.1513486
-0.8320456,-2.887619,-1.2789599,7.0179057,0.66551733,-0.74627477,2.1755922,-2.2184515
-0.8606327,-2.9056606,-1.2887133,7.437817,0.23179148,-0.71933204,2.1522815,-2.033155
-1.0621374,-2.7634192,-1.0813595,7.1140323,0.18670288,-0.93088657,2.0140307,-2.0069263
-0.7805123,-2.9001167,-1.1449562,7.0678325,0.49054295,-0.7585359,2.0957155,-2.110885
-0.50960743,-3.07703,-1.2406989,7.1353498,0.6834343,-0.7586526,1.9794337,-2.3096297
-0.7289919,-3.0176177,-1.1754996,6.7927513,0.8683639,-0.8104585,1.9081244,-2.1277058
-0.65717995,-2.8752716,-1.1348374,7.1989284,0.52140754,-0.5974905,1.9450366,-2.225904
-0.60265106,-2.858981,-0.9774637,6.884573,0.70964575,-0.7088271,2.232739,-2.0995283
-0.6977532,-2.977556,-1.1434357,6.6905193,0.9245661,-0.71330804,2.0581417,-2.1085315
-0.66424006,-2.875582,-1.3088242,6.580518,1.2549448,-0.7151784,2.1774116,-2.0493727
-0.75381356,-2.9270923,-0.9594282,6.273524,1.157585,-0.70219725,1.898382,-2.1390507
-0.9183047,-2.83294,-0.64978576,6.25257,0.8141844,-0.7185744,2.0810905,-2.1479564
-0.7860654,-2.7992837,-0.11720376,5.8658104,0.7586018,-0.64426255,2.0431328,-2.230161
-0.70230085,-3.035509,0.06708136,6.0296144,0.32771963,-0.5961471,1.9194117,-2.1910546
-0.75658005,-2.9014742,0.0762265,5.896811,0.32824695,-0.7694122,2.0104363,-2.054231
-0.6477167,-2.9525309,0.045253333,5.685662,0.571804,-0.91412675,2.148615,-1.9758935
-0.86435175,-3.0067427,-0.27081695,5.803529,0.8233764,-0.667095,1.9598322,-2.33966
-1.0079864,-2.7436512,-0.6099449,5.840219,1.01196,-0.74285775,2.26122,-2.1211596
-0.55444187,-2.8130248,-0.5922983,6.3121204,0.89147776,-0.591973,2.0182383,-2.1009815
-0.6120502,-3.0360997,-0.98660547,6.716273,0.7299962,-0.75574803,2.0200686,-2.2318902
-0.6872488,-2.8950787,-1.0156286,6.822963,0.72943354,-0.704974,2.1087143,-2.2456374
-0.4780181,-2.9537187,-0.653587,6.4360623,0.7927169,-0.7275212,2.0203316,-2.2824774
-0.85493684,-2.9930618,-0.19582987,6.4012218,0.14915751,-0.77936715,2.1299284,-2.2365904
-0.7114717,-2.9123187,-0.3720718,6.2311516,0.54640454,-0.7813664,2.2725925,-2.0548184
-0.74553204,-2.849276,-0.7335397,6.160001,0.9901014,-0.672281,2.0903773,-2.130972
-1.0558408,-2.9436936,-0.92186767,6.4170384,0.742731,-0.9192752,2.0648112,-2.1562672
-0.92604786,-3.0273938,-0.74932605,5.9046316,1.1157712,-0.7561281,2.2913232,-2.1501794
-0.9796592,-2.9923017,-0.6970749,5.9895835,0.9704484,-0.79684514,2.0634081,-2.164157
-0.68643695,-2.7791977,-0.7291114,6.201737,1.1164819,-0.6051002,2.2469966,-2.10654
-0.8557172,-2.9064867,-0.76617175,5.670526,1.4697111,-0.656131,2.1796126,-2.1316648
-1.0934004,-2.9648461,-0.8268214,5.6603518,1.4402504,-0.7246487,2.21793,-2.1578493
-0.6076391,-2.9311285,-0.7633162,5.7025495,1.626256,-0.57280946,1.961047,-2.1650999
-0.872234,-2.8612187,-0.55185413,5.45635,1.4479567,-0.7707252,2.0054393,-2.188211
-0.80833983,-2.7462134,-0.6301255,5.7103357,1.3266704,-0.68941313,1.9328583,-2.0774157
-0.5406107,-3.0318787,-0.5715789,6.039061,1.1324978,-0.77041775,2.1129227,-2.0981715
-1.1265075,-2.907784,-0.32148722,5.050687,1.291676,-0.965936,2.1072855,-2.0783012
-0.7833507,-2.919179,-0.25468102,5.443952,1.307867,-0.71279806,2.2156117,-2.0876691
-0.6354537,-2.8969364,-0.7953877,5.8822703,1.3838853,-0.67200893,1.9877036,-1.923253
-0.7857308,-2.9211204,-0.46395048,6.0905895,0.80867124,-0.7429573,2.0291708,-2.0431645
-0.78679466,-2.9934897,-0.8361356,6.2897415,0.9015105,-0.861789,1.986254,-2.27971
-0.75464976,-3.0180373,-0.7572652,6.2159896,0.9542299,-0.56694937,2.1816583,-2.2087991
-0.58325094,-2.960058,-0.6211357,6.3856697,0.85370475,-0.66839737,2.152861,-2.1371915
-0.8180464,-2.896205,-0.8813054,6.565491,0.69825906,-0.66307896,2.2502913,-2.182155
-0.708777,-2.871819,-0.894337,6.63753,0.7112455,-0.5546485,2.226753,-2.233057
-0.6263331,-2.8117404,-1.0366166,6.935324,0.6423251,-0.6108199,1.880669,-2.1816678
-0.8434376,-2.852371,-0.561886,6.54361,0.3897427,-0.72816837,2.2253127,-2.114832
-1.047433,-2.8373752,-0.09823777,6.228635,0.11673258,-0.80775917,2.154399,-2.188898
-0.9536569,-2.79605,-0.1635703,6.3854747,0.10091734,-0.77819026,1.8561622,-2.0267324
-0.8642024,-2.7507963,-0.2728411,6.240062,0.39695948,-0.60881144,2.273407,-2.197438
-0.64433783,-2.9818823,-0.20418733,6.522517,0.14565927,-0.57942516,2.0232008,-2.2218254
-0.5998335,-2.855271,0.04680608,6.522281,0.12940276,-0.6351625,2.1714878,-2.0287764
-0.6895248,-3.0355754,-0.0047836164,6.644416,-0.17480426,-0.5878231,2.2368395,-2.1528506
-0.7470359,-2.8315299,0.26419088,6.3596582,-0.17450584,-0.81298774,2.0906615,-2.064043
-0.7079549,-3.0183353,0.071415074,6.4700284,-0.111144476,-0.6530005,2.0166414,-2.2620656
-0.6522879,-2.8873224,0.13389675,6.698847,-0.31232765,-0.64527494,2.167352,-2.0140018
-1.073237,-2.8051915,0.026381109,6.4928837,-0.2386857,-0.906784,2.2076297,-2.2008777
-0.89501864,-2.9020524,0.08131565,6.3711944,-0.1438241,-0.74783504,2.0594237,-2.3172429
-0.92730814,-2.92731,-0.015687639,5.7961025,0.50226825,-0.74518424,2.0011764,-2.2202199
-0.86572725,-2.8979967,-0.0069537847,5.666733,0.61900854,-0.7139859,2.156372,-2.1969392
-0.7664019,-2.8904097,-0.25243643,5.8239665,0.85256964,-0.8208527,2.26028,-2.239887
-0.51001513,-2.9543278,-0.5303686,6.274178,0.98932654,-0.6218703,2.1354716,-2.1395915
-0.76860183,-2.834425,-1.2820415,6.265554,1.3918972,-0.73842525,2.0265353,-2.286559
-0.7403404,-2.9191482,-1.3928406,6.460818,1.3096181,-0.6241603,2.0279894,-1.9514548
-0.7979347,-3.0903537,-1.263524,6.440456,1.1899685,-0.740661,2.0600715,-2.383382
-1.03241,-2.7439668,-0.9852657,6.524161,0.85237753,-0.66907984,2.1404765,-2.1027422
-0.7195816,-2.953298,-0.7422643,6.145264,1.0745301,-0.6095884,1.9615142,-2.2003973
-0.97786605,-2.8245838,-0.8157613,6.145881,0.9037058,-0.6747306,2.3353972,-2.0373404
-1.1005827,-2.7549567,-0.6549068,5.561754,1.2653661,-0.90238667,2.1746063,-2.1869504
-0.52404404,-3.0999234,-0.46324155,5.8154483,1.1313183,-0.677562,2.0529368,-2.1372054
-0.7348673,-2.8670597,-0.7649776,5.876825,1.4716488,-0.6114467,2.024359,-2.3079255
-0.39876628,-3.0114665,-0.3537871,5.9526005,1.0893446,-0.6935949,2.1715174,-2.0533042
-0.79422414,-2.8633711,-0.32551485,5.9420295,0.8233101,-0.68697095,1.9590236,-2.1176918
-1.006647,-2.8081505,-0.22718003,6.044658,0.44685048,-0.7878489,2.249557,-2.1058314
-0.94212735,-2.8803325,-0.23583755,5.977032,0.6802432,-0.803165,1.9708893,-2.4141262
-0.7763567,-2.8716896,0.008191187,5.787474,0.68961763,-0.59787136,2.0912466,-2.0691342
-0.9172876,-2.9277565,-0.2922899,5.906327,0.7073286,-0.6139253,1.9993794,-2.0120282
-0.98692125,-2.825686,-0.18623197,5.9173713,0.48796064,-0.73653936,2.1628432,-2.1328585
-0.76254463,-2.9141126,-0.026883164,5.599155,0.8677906,-0.7572248,2.0682971,-2.1633782
-0.6707895,-2.9000938,0.18072285,5.5257154,0.695354,-0.62774193,2.2086036,-2.3480608
-0.9260732,-2.9165974,0.57275647,5.3082075,0.46505067,-0.78708297,2.3248472,-2.0918543
-0.9641796,-2.7930627,0.63597846,5.1680317,0.38583395,-0.8388606,2.107703,-2.0861406
-0.92725605,-2.8778865,0.71528196,4.899044,0.61871123,-0.72668695,2.07717,-2.0607984
-1.0243813,-2.7988234,0.7872233,4.866927,0.61849564,-0.6736523,2.3130484,-2.0311954
-0.8771968,-2.9582095,0.71065295,5.085821,0.5598878,-0.7300657,2.1671689,-2.231259
-0.87562877,-2.7904856,0.76293963,4.8521876,0.73012704,-0.71546745,2.1855035,-2.3976629
-0.89171225,-2.8603432,0.43487856,5.0292587,1.0464689,-0.66066307,2.2036595,-2.133615
-0.8446669,-2.9213488,0.24805716,5.451939,0.7182634,-0.6466939,2.0399225,-2.221525
-0.9160704,-2.8898313,0.229816,5.7722135,0.28432152,-0.7791759,1.963172,-1.9879601
-0.8959335,-2.7796426,0.4371677,6.0080986,0.00983315,-0.74299896,1.8035727,-2.088024
-0.75551397,-2.9052668,0.31348836,6.0968966,-0.028719721,-0.6627691,2.1741645,-2.0602307
-0.5270679,-3.0761528,0.27518982,6.0681705,0.2213781,-0.6714565,2.264523,-1.9561026
-0.875336,-2.7313814,0.27383092,5.7106595,0.36616507,-0.6226896,2.0020466,-2.079205
-0.67532134,-2.8977766,0.32335937,5.4617605,0.61709607,-0.6060484,2.1897495,-2.143595
-0.82374364,-2.8499224,0.75201976,5.0293264,0.46708,-0.751122,2.1340816,-2.0304987
-0.76754665,-2.8448985,0.72980523,5.277967,0.4138148,-0.5858441,2.1605916,-2.3402967
-0.8842748,-2.82988,0.43339515,5.3260546,0.5133616,-0.644484,2.284918,-2.1426756
-0.9912607,-2.8999217,0.17243399,5.8789115,0.32212448,-0.750167,2.2044194,-2.1703308
-0.92779016,-2.9906123,-0.19319351,6.174761,0.23593506,-0.78586715,2.199423,-2.315588
-0.8285072,-2.8720613,-0.18455426,6.5437584,0.08611245,-0.695574,2.1507907,-2.3939261
-0.9883605,-2.726028,-0.32453805,6.680346,0.07563687,-0.760821,1.8645549,-2.0712845
-0.9694941,-2.8649187,-0.74878407,6.4775352,0.57384866,-0.7679098,2.1434958,-2.29232
-0.7816627,-2.866208,-0.9785822,6.5532794,0.92365766,-0.7723688,2.2749624,-2.1009424
-0.92936426,-2.8230188,-0.54354537,6.0674944,0.75758386,-0.6578262,2.0117025,-2.2708051
-0.6033232,-3.0598638,-0.6628242,6.2719226,0.8493475,-0.779987,2.0690298,-2.202603
-0.9376739,-2.7958589,-0.74651176,6.443435,0.6138895,-0.77504146,2.0806172,-2.1523442
-0.93760794,-2.8239639,-0.6029136,6.2854395,0.64742124,-0.6979102,1.8610479,-2.0745978
-0.97549367,-2.8957882,-0.58915,6.0880094,0.70409405,-0.776067,1.9809548,-2.2029037
-0.7920864,-2.9541738,-0.5385824,6.1331086,0.7808202,-0.7402587,1.9997141,-2.341105
-0.9816011,-2.8436782,-0.626628,6.2638407,0.65413165,-0.6412292,1.9020543,-2.0055468
-0.98985153,-2.8533,-0.51283884,6.322471,0.49052802,-0.9226391,2.096543,-2.19411
-0.6118697,-2.9377284,-0.42656958,6.2738023,0.6855773,-0.6699225,2.1309938,-2.0086443
-0.7930685,-2.9548864,-0.5539555,6.4306493,0.6520394,-0.6338141,2.1219418,-2.0927622
-0.83301437,-2.892315,-0.60051197,6.5120416,0.4849683,-0.7054613,2.1001658,-2.2169116
-0.6244043,-3.020182,-0.5246013,6.8281193,0.22862488,-0.6478741,2.147626,-2.0319886
-0.6763255,-2.853502,-0.6870163,6.8147874,0.39467913,-0.70132005,2.2309494,-2.0766697
-0.753684,-2.8929026,-0.31369248,6.4065075,0.2682082,-0.7332446,2.1072946,-2.1502411
-0.58998376,-2.8796215,-0.082746334,6.5473714,0.20035772,-0.61473125,1.8086625,-2.0389185
-0.931324,-2.8748963,-0.101224385,6.4355407,-0.112554476,-0.79702306,2.030229,-2.13348
-0.6183912,-2.9362898,0.36970866,6.5482197,-0.43231446,-0.6350433,2.0562043,-2.1167884
-0.6293098,-2.89857,0.21726637,6.773746,-0.46258393,-0.62108076,2.1966124,-2.233161
-0.73252875,-2.8937705,-0.047597412,6.7046294,-0.27554905,-0.6298521,2.0688581,-2.0468762
-0.89303404,-2.9368474,-0.03206229,6.455302,-0.0940031,-0.6378197,2.191325,-2.0997245
-0.64085835,-2.8913465,-0.11097665,6.796193,-0.16978963,-0.6191398,2.3397825,-2.0723422
-1.0245388,-2.7314692,0.23850106,5.0511866,0.9199614,-0.75297105,2.1161144,-2.1616795
-1.0220407,-2.876447,-0.1490394,4.9685316,1.4541693,-0.85369885,2.2090552,-2.1810732
-0.6548244,-2.9602747,0.03644246,4.835742,1.6278517,-0.6925078,2.1167052,-2.2984514
-0.687785,-3.0358448,-0.2406726,5.1417165,1.5656303,-0.6403301,2.1057749,-2.101228
-0.75062907,-2.748814,-0.15857798,5.269824,1.4190863,-0.6713795,2.00608,-2.2055223
-0.90969294,-2.794045,0.13222696,5.215238,1.0692816,-0.8442735,2.0807827,-2.0713477
-0.5345345,-2.889086,-0.110949695,5.2119207,1.5004559,-0.60632575,2.1558259,-2.1084986
-1.1316956,-2.7569282,-0.11225381,4.6474643,1.7962542,-0.7568769,2.1608062,-2.3579412
-1.1019671,-2.680639,0.12512578,4.697974,1.5149171,-0.6933881,2.228849,-2.3340175
-0.7590671,-2.9283445,0.0035419767,4.900886,1.4964073,-0.6625555,2.0596614,-2.0478604
-0.88287586,-3.0277078,0.2910792,4.9070888,1.0999007,-0.6640759,1.900195,-2.1955118
-0.91158646,-2.901814,0.7440475,4.9805837,0.7221599,-0.7096364,2.0402532,-2.051034
-0.7326131,-2.8411214,0.82626754,4.8649573,0.9417415,-0.77538186,2.0436368,-2.2731414
-0.7016421,-2.9689686,0.76345813,4.505097,1.241725,-0.8237083,2.1224363,-2.165185
-0.6389327,-2.86419,0.610285,5.4305735,0.35186994,-0.9169465,2.0267851,-2.023157
-0.77468616,-2.7928429,0.32276055,6.096504,0.21923622,-0.58197534,2.1764605,-1.9876782
-0.74210614,-2.805763,0.6274147,5.6645327,0.19806294,-0.68132967,2.2564785,-2.1973588
-0.54825485,-2.9139404,0.37345454,6.2898674,-0.051169675,-0.6876238,2.0796773,-2.0356662
-1.1446857,-2.8742204,0.5111961,6.250473,-0.59030116,-0.8401119,2.111483,-2.2611942
-0.8229902,-2.9516015,0.54758734,6.135043,-0.29490253,-0.70835376,1.9711207,-2.189226
-0.68468934,-2.972732,0.38154352,6.4222727,-0.39928937,-0.6860585,1.9761873,-1.968161
-0.59326434,-2.9548197,0.37678266,5.839199,0.22288238,-0.580729,2.3446522,-2.0842247
-0.81726587,-2.952825,0.29893056,5.6694245,0.5251284,-0.66972226,2.224855,-2.294123
-0.80057806,-2.911154,0.46046165,5.610129,0.35101137,-0.6157254,2.2300494,-2.1623034
-1.1859941,-2.8345804,0.30117708,5.8027205,0.008750528,-0.94888514,2.045014,-2.083657
-1.0363309,-2.829909,0.6955282,5.91672,-0.3671077,-0.8736755,2.174945,-2.081108
-0.85071725,-2.891571,0.7601209,6.2444463,-0.62993884,-0.67260146,2.1266859,-2.13123
-0.8788338,-2.8349528,0.658682,6.1255665,-0.4412642,-0.60974973,1.8725326,-2.0837784
-0.76331794,-2.8958738,0.4285906,6.317529,-0.25616693,-0.62651867,2.4494321,-2.2092001
-0.7119385,-2.8311105,0.34107327,6.1976113,-0.12463968,-0.59738487,2.2302,-1.9492358
-0.8482155,-2.8495405,0.57904226,6.052555,-0.42744288,-0.7912314,2.055705,-2.0947452
-0.8193068,-2.83454,0.5214446,6.0362597,-0.12641945,-0.66644007,2.0848894,-2.121515
-0.87743634,-2.7745676,0.5890933,5.826053,0.060227763,-0.6967461,2.0948157,-2.259376
-0.6425426,-2.8988714,0.10112227,6.125898,0.2948976,-0.71667325,2.0088365,-2.3115876
-0.4781763,-3.0508974,0.2745256,5.800387,0.36722764,-0.64499736,1.9897966,-2.024068
-1.0137627,-2.779133,0.75252074,5.3616157,0.18170765,-0.81675375,2.1141036,-2.0763464
-0.74356174,-3.059737,0.6780866,5.283765,0.48462555,-0.80438304,2.1305444,-2.1886575
-0.7393286,-2.851669,0.2870939,5.430382,0.7373851,-0.6466021,2.0728412,-2.1211627
-0.92459875,-2.8512993,0.20608099,5.1793714,1.0309417,-0.91933733,2.0186841,-2.2728436
-0.73906267,-2.8846092,0.34037933,5.0751185,1.0422223,-0.7424598,2.0007558,-2.3368382
-0.8429332,-2.9480047,0.23939966,4.8474946,1.3106886,-0.71785575,2.1526756,-2.230222
-0.8474878,-2.9825764,0.27707013,4.9967833,1.118007,-0.75252163,1.9742836,-2.1303492
-0.9268345,-2.7696738,0.3320608,5.091452,0.8277436,-0.7653294,1.9992623,-2.1468074
-0.9910095,-2.7243054,0.30355662,4.8960853,1.1385038,-0.66887635,2.0575347,-2.3029916
-0.5979791,-3.068302,0.6728134,5.3760734,0.5845034,-0.5628179,2.173475,-2.1421103
-0.92461604,-2.9372234,0.3182673,5.4806566,0.3805801,-0.6515937,2.0760434,-2.1339214
-0.9487615,-2.7799873,0.07131219,5.608356,0.6445369,-0.74601513,2.2211757,-2.0158267
-0.83552366,-3.0632036,0.56088054,5.245695,0.4498538,-0.7236059,2.1323662,-2.050477
-0.9644036,-2.8945317,0.6561945,5.4288754,0.12123126,-0.70842344,1.9638647,-1.9708424
-1.16901,-2.8113708,1.0414897,5.3784413,-0.1835853,-0.9428806,2.2163236,-2.262806
-1.1040785,-2.8379917,0.8371987,5.318757,-0.019239072,-1.0308093,2.0235107,-2.2111049
-0.8130019,-2.9155493,0.95863193,5.387169,0.061891932,-0.7453317,1.9247856,-2.1381614
-0.51056695,-3.0332553,0.65122527,5.426271,0.49834746,-0.5523261,1.9116857,-2.1598668
-0.63964987,-3.0159154,0.31434628,5.2523565,0.7209047,-0.6627534,2.0902896,-2.1481855
-1.020684,-2.8153164,0.055615716,5.8135724,0.36556706,-0.7451213,2.0400014,-2.179683
-1.0967828,-2.9124084,-0.06261282,5.845686,0.38808462,-0.9827114,1.9599507,-2.1101723
-0.95409626,-2.782731,-0.45662144,5.975627,0.8608616,-0.7699416,1.9868333,-2.098735
-0.41508767,-2.9909275,-0.032599702,5.988925,0.6348614,-0.58472735,2.1611235,-2.0869403
-0.88261884,-2.891617,0.08023694,5.6190157,0.7005941,-0.7222067,2.1325183,-2.2416286
-0.875378,-2.91484,-0.017076133,5.8245125,0.51809776,-0.73226196,2.1038976,-2.1666212
-0.7108239,-2.9452627,0.24739441,5.720584,0.47002792,-0.69698346,2.073269,-2.1037996
-0.8969,-2.9065197,0.45710334,5.673494,0.25463328,-0.799629,2.1707823,-2.1139233
-1.09679,-2.8588169,-0.025791392,5.3024297,0.81283283,-0.8928773,2.0406687,-2.209452
-0.9494775,-2.8678942,0.018705733,5.5286646,0.8004654,-0.7427697,2.0351348,-1.9295998
-1.1705786,-2.7760599,0.3586891,5.5164785,0.27359334,-0.8436194,2.317621,-1.9881063
-0.6834365,-2.902482,0.50071603,5.6937904,0.3868004,-0.6182407,2.137661,-2.1183515
-0.8907801,-2.9164777,0.7060643,5.2420645,0.28634667,-0.7453727,2.0507948,-2.0598211
-0.77857727,-2.900854,0.8555507,5.342061,0.19806893,-0.67150325,2.1710734,-2.1091943
-0.8328033,-2.884505,0.6767928,5.489867,0.1347645,-0.89391744,1.9854059,-2.3309326
-0.86553586,-2.7937844,0.93302655,5.7843304,-0.3612018,-0.9377658,2.192264,-2.1414328
-0.94850725,-2.7569342,0.764394,5.833573,-0.29109052,-0.77869934,2.065327,-2.098462
-1.0002378,-2.746933,0.7043348,5.7181044,0.020531172,-0.6362465,2.0498133,-2.0623348
-0.9025767,-2.908383,0.41868782,6.0726256,-0.0380715,-0.68635666,2.0317895,-2.1665752
-0.90699506,-2.9845698,0.63504344,6.007023,-0.36327824,-0.745401,2.1365247,-2.1404684
-0.7784976,-2.9183347,-0.11978468,6.405545,0.12767577,-0.5604799,2.2076519,-1.9347019
-0.8603756,-2.854061,-0.14171132,6.2175016,0.2659797,-0.6269903,2.0774515,-1.9833597
-0.8068417,-2.9115767,-0.111991316,6.1019416,0.40855733,-0.7730687,1.9635302,-2.2126427
-0.732098,-2.903315,-0.06237913,6.167576,0.23343801,-0.7898641,1.9533052,-2.0995846
-0.7912821,-2.894474,-0.099860296,6.344251,0.14718443,-0.6840556,2.2350368,-2.118109
-0.8517575,-2.8808029,-0.34527805,6.3730717,0.3696754,-0.7937725,2.236398,-2.2676094
-0.8053315,-2.991827,-0.1974127,6.13965,0.47471538,-0.6715225,1.9678152,-2.1263494
-0.85879874,-2.9773076,-0.360328,6.1828947,0.61001706,-0.795903,1.9245498,-2.3646743
-0.9635018,-2.8879836,-0.015059921,6.143938,0.14276041,-0.75065386,2.086336,-2.225973
-0.94141775,-2.840075,0.1839528,6.3351355,-0.063526675,-0.6806273,2.0831828,-2.065372
-0.71324474,-2.9134822,0.4065158,6.284363,-0.2269809,-0.6886362,2.3063424,-2.2014062
-0.74701434,-3.0666509,0.41400334,6.0872664,-0.15664229,-0.7167661,2.0703323,-2.264745
-1.0008839,-2.7928329,0.5460209,5.8717947,-0.20831905,-0.65736806,2.0824869,-2.1238053
-1.1582212,-2.6308277,0.24464211,5.9910407,0.019862508,-0.8657139,2.1202993,-1.9114214
-0.83811855,-2.90383,0.036540095,6.0281105,0.34981662,-0.632341,2.0912523,-2.0093727
-0.95046633,-2.8176918,0.05493383,5.7118835,0.5435584,-0.603392,2.3673248,-2.2474155
-0.9102127,-2.9930477,0.02012331,5.822657,0.46734104,-0.776266,2.246066,-2.2833636
-0.75212634,-3.0923743,0.18174168,5.8656187,0.38345566,-0.6999746,2.2029686,-2.0088542
-0.6986856,-2.941752,-0.040582296,6.1273127,0.37816712,-0.65228397,1.9989831,-2.2729797
-0.75321275,-2.873291,0.29646844,5.8564506,0.32318965,-0.64303297,2.0659084,-1.9479593
-0.8812467,-2.9017887,0.37229562,5.6809134,0.23691209,-0.979238,2.1677687,-2.154346
-0.87722665,-2.8948703,0.32028353,5.8480153,0.18187025,-0.8217575,2.1712048,-2.0643215
-0.62234735,-2.9158201,0.09908126,6.05727,0.29467845,-0.6124515,1.8887391,-2.1534593
-0.82248163,-2.8768706,0.1740421,6.086447,0.1520864,-0.6618097,2.1102042,-2.2673533
-0.82318765,-2.8900983,0.16386122,5.942423,0.2209615,-0.648044,2.1736624,-2.2243462
-0.62100565,-3.0016673,0.3548081,6.2431774,-0.080453515,-0.5976414,2.2679083,-2.2493174
-0.9075114,-2.812286,-0.62334406,6.0264606,1.0320809,-0.65660506,2.0632596,-2.014621
-0.76104724,-2.8968349,-0.32927862,6.346599,0.47547436,-0.5792776,1.8780314,-2.107388
-0.8154111,-2.790763,-0.50753593,6.4840713,0.60337824,-0.6471674,2.1144505,-2.1335313
-0.6670211,-2.9892287,-0.71983016,6.2159824,0.8957559,-0.6438809,2.125173,-2.3762248
-0.9003434,-2.699469,-0.6290839,5.996968,1.0796767,-0.6421082,1.9902925,-2.0309749
-0.98800725,-2.765569,-0.6174514,5.6552367,1.302358,-0.83795893,2.1945329,-2.0139158
-0.7238097,-2.9042218,-0.36012626,5.6406484,1.015184,-0.7279583,1.8602018,-2.1670773
-0.67409426,-2.8796315,-0.4150601,5.6813374,1.1209964,-0.6382423,2.1788867,-2.0741827
-0.6299391,-2.949588,-0.4567785,5.554367,1.2948575,-0.69290584,2.1161206,-2.0712516
-0.71448684,-2.842496,-0.09566845,5.487289,1.0717949,-0.6176098,2.2029254,-2.2323017
-0.72828126,-2.9116135,-0.22810839,5.6147685,1.0236192,-0.6236362,2.160944,-2.1533866
-0.94167995,-2.7803717,-0.11792148,5.627625,0.8081994,-0.7084956,1.9801726,-2.2592509
-0.5826423,-3.1089962,-0.06708368,5.811173,0.61843014,-0.7546238,1.8976969,-2.0780008
-0.7481769,-2.8787763,-0.16974197,6.2437196,0.37168083,-0.68861073,2.158991,-2.0356448
-0.53732294,-2.89242,-0.34626776,6.38137,0.61818874,-0.6738653,2.0048907,-2.0993927
-0.7195799,-2.8317482,-0.20577805,6.316611,0.3261651,-0.6152505,2.1587226,-2.2708035
-0.55898607,-3.0016015,-0.21749493,6.365327,0.32277787,-0.68257546,2.1228352,-2.2161708
-0.5088967,-3.0130908,0.019043664,6.4858656,0.12526466,-0.65233177,2.1559358,-2.266689
-0.80680025,-2.8076456,0.18941492,6.1518273,-0.01768725,-0.7081361,1.882417,-2.081068
-0.8281954,-2.972176,0.116370514,6.1964374,0.07373772,-0.88104653,2.0082254,-2.239547
-0.933914,-2.8209026,-0.028863268,6.082646,0.26551172,-0.7578416,2.1642272,-2.1447628
-0.7025235,-2.9626145,0.2237025,5.8704376,0.4667488,-0.6358492,2.307295,-2.2109852
-0.5675027,-2.9670846,0.0067322734,5.6002803,0.88201463,-0.7705051,2.0794768,-2.1190832
-0.78546333,-2.8978574,0.009560947,5.606114,0.80400866,-0.73049515,2.0863345,-2.1900325
-0.5786349,-2.9033945,0.18774512,5.5076237,0.89468586,-0.6656863,2.102803,-2.2664418
-0.83624274,-2.9779143,0.17334941,5.3758283,0.8718612,-0.63004756,1.9354147,-2.0826247
-1.0607628,-2.8123143,0.19850257,5.3166265,0.70751333,-0.69205385,1.9811894,-2.241452
-0.823435,-2.9403484,0.31028903,5.752077,0.3197984,-0.67512167,2.1095078,-2.346828
-0.5452463,-2.9667087,-0.02322775,6.1473026,0.51058626,-0.66687673,2.2221982,-2.0978138
-0.83444995,-2.8722265,-0.26971224,5.971786,0.7348566,-0.6895828,2.1049554,-1.9309133
-0.7732448,-2.8764982,-0.18211299,5.971155,0.69675875,-0.6693729,2.1001,-2.2771623
-0.8213272,-2.8863583,-0.23487101,6.193725,0.33126783,-0.7057374,2.2275157,-1.9923971
-0.53588915,-2.9003189,0.047109205,6.20563,0.30368134,-0.623628,2.0229151,-2.1153822
-0.9276769,-2.8563716,0.113161355,5.9843807,0.23514766,-0.848395,1.8447084,-2.0337157
-0.8942026,-2.8800704,0.15510118,6.110625,0.05262797,-0.64486736,2.1315382,-2.265355
-0.5668939,-3.02903,0.15731043,5.8796697,0.54724723,-0.54179054,1.9254951,-2.2230232
-0.69925296,-2.960768,0.5686318,5.6065807,0.36241767,-0.5926861,2.150095,-2.2948475
-0.5693328,-2.9962153,0.2590951,5.8477883,0.4352032,-0.5865389,2.086651,-2.242533
-0.72932625,-2.8353376,0.19043128,5.5720363,0.73895663,-0.7549295,2.0495608,-2.0606701
-0.71140623,-3.0399742,0.13618305,5.62427,0.6180385,-0.8205405,2.349945,-2.0048604
-0.73678833,-2.8164554,0.31874296,5.467274,0.6892758,-0.63030475,2.011409,-2.201847
-0.48003748,-2.9418547,0.38337898,5.328342,0.95222914,-0.64448166,2.143748,-2.1161175
-0.71007156,-3.02634,0.7213838,5.317335,0.44339705,-0.6267145,2.0696952,-2.243941
-0.73262393,-2.9295523,0.5382264,5.4355,0.48340484,-0.6437128,2.0202284,-2.098887
-0.70057875,-2.9563284,0.3548152,5.471773,0.63393235,-0.67304325,1.9837403,-2.1745334
-0.9712567,-2.80024,0.15638632,5.637465,0.43555126,-0.63197774,2.1415308,-2.1365805
-0.39310676,-2.9681857,0.1784905,5.9408174,0.54478574,-0.5628201,2.04633,-1.9387876
-0.47603574,-2.907281,0.1067123,5.4594026,1.1289657,-0.6561206,2.284342,-2.100592
-0.8345755,-2.8752859,-0.09221794,5.1450386,1.465977,-0.6717659,1.9571191,-2.1837268
-0.75872827,-2.903782,-0.18201181,5.636091,0.91919345,-0.61888075,2.2263455,-2.106767
-0.8878606,-2.7968154,-0.2187882,5.6098275,1.0267217,-0.6479507,2.006756,-2.126478
-0.83287895,-2.7734177,0.16874631,5.3941436,0.93969333,-0.6803377,2.1449409,-1.9683627
-0.84123707,-2.9519382,0.14322107,5.3258815,0.8220467,-0.6874512,2.2323701,-2.050415
-0.84708136,-2.6600018,0.5932005,4.891512,0.89109993,-0.5984496,2.059542,-2.0244348
-0.79759824,-2.9213603,-0.06504108,5.3452344,1.17052,-0.80793244,1.8306284,-2.0268412
-0.95642126,-2.9146485,-0.2258349,5.1776567,1.3929869,-0.76906174,2.0456502,-2.15711
-1.0981846,-2.6484437,0.11169766,5.036483,1.0765046,-0.7466991,2.2505095,-2.024371
-0.9221297,-2.852933,0.28567168,5.1272764,0.8149147,-0.6882979,2.0863445,-2.0701966
-0.9412936,-2.8208458,0.7358044,4.7763295,0.798318,-0.9311796,1.9349818,-2.2664437
-0.8138834,-2.8822122,0.7492519,4.5059643,1.0442488,-0.6937346,2.1342103,-2.0457046
-0.5205537,-2.8141792,0.61685866,4.6841645,1.2549069,-0.7196756,1.9060128,-2.0477302
-0.93060404,-2.8907826,0.68370694,4.426619,1.2554774,-0.9276887,1.9122466,-2.283535
-0.9706433,-2.81566,0.9900982,4.5352683,0.6871516,-0.75763637,2.0644474,-2.2283561
-0.85520554,-2.7910323,1.4126091,4.5107517,0.6800857,-0.5248508,2.2494304,-2.1966267
-0.6542116,-3.0621946,1.1980115,5.144608,0.14314036,-0.6216075,1.9349182,-2.0759695
-0.8543798,-2.9230776,1.4923557,5.0744176,-0.23224285,-0.6437138,2.2044504,-2.093456
-0.9365592,-2.791303,1.3935313,4.7511954,0.098265566,-0.7012763,2.2917426,-2.091724
-1.0487242,-2.7718468,1.0689775,4.5012727,0.58924776,-0.73032755,2.141006,-2.3935134
-0.9647321,-2.8403332,1.0895466,4.8914623,0.34582648,-0.9033827,1.9598294,-2.2419925
-1.3547864,-2.6236908,1.0270151,4.9176426,0.21456222,-0.88855225,2.1671038,-2.0783935
-1.1138291,-2.7217968,1.6333202,4.8656354,-0.15590228,-0.7486315,1.9979424,-2.084248
-1.004416,-2.8101726,1.3664418,4.765241,0.14450422,-0.7551278,2.0979533,-2.2316282
-0.6907181,-2.9995568,1.3047197,5.463342,-0.26428747,-0.5876052,1.9608117,-2.1520216
-0.8991804,-2.8332884,1.5527838,4.9769955,-0.22237805,-0.6809909,2.2202315,-2.1366522
-0.8612435,-2.9200177,1.8320936,4.2904763,0.24010108,-0.63487756,1.8119924,-1.940228
-0.6287516,-2.9233572,1.7490387,4.646371,0.21732123,-0.66928643,2.1973495,-1.9863142
-0.6754559,-2.9231608,1.6520056,4.943651,-0.04866008,-0.6234799,2.1337178,-1.9793253
-1.1527817,-2.779633,1.4605207,4.703081,0.04221228,-0.9201331,2.4014854,-2.1810734
-0.94620794,-2.8824017,1.0128855,5.0343323,0.17843702,-0.73998624,2.135098,-2.0854552
-0.88851327,-2.8973365,1.1483672,5.159914,-0.028455464,-0.7341644,2.1352894,-2.0665133
-0.9463426,-2.9018471,1.2524645,4.756893,0.23219801,-0.713777,2.114001,-2.1704304
-0.92074764,-2.838167,1.0036727,5.0907216,0.09924703,-0.64954287,2.2017868,-2.006367
-1.0910045,-2.878965,1.0847367,5.0866466,0.11930992,-0.84222186,2.0159883,-2.1026359
-0.4901853,-2.965298,1.0747067,4.858228,0.5871429,-0.7265012,2.2863066,-2.1101713
-0.9998938,-2.7780397,1.1886033,4.6807265,0.42466167,-0.7622325,2.0728345,-2.1860502
-0.72146565,-2.9285614,1.0029176,4.76934,0.84808457,-0.61727613,2.236553,-2.2257392
-0.7508313,-3.0697455,0.42428327,4.9575286,0.9304386,-0.7670269,2.1371696,-2.264236
-0.7506018,-2.9083683,0.5803661,5.1532464,0.77525395,-0.66228116,1.9960753,-2.3675904
-0.6031461,-3.0951333,0.57314795,5.0358953,0.8716964,-0.8050658,2.05697,-2.3969078
-0.7803663,-2.9464264,0.56345457,4.997807,0.9443912,-0.71024746,2.0691905,-2.259944
-0.6341889,-2.7983735,0.7249029,4.8977566,0.849413,-0.64528334,1.8869946,-1.9583328
-1.0945262,-2.8237107,0.6196233,4.9084325,0.6677859,-1.0242952,1.942302,-2.2282534
-0.9159874,-2.8606832,0.80196804,4.8392153,0.6774256,-0.6851295,1.9131165,-2.173279
-0.84178543,-2.94816,0.63473594,4.9032736,0.8573758,-0.7772109,2.228,-2.120244
-0.5982952,-3.0684776,0.31083623,5.4810896,0.742549,-0.6977727,2.1007695,-2.1330225
-0.88293195,-2.8857043,0.5017837,5.370317,0.61794645,-0.6494532,2.0034463,-2.2085764
-0.8052509,-2.8329632,0.33802396,5.59969,0.3407282,-0.7401385,1.9980762,-2.1135516
-1.0009605,-2.7715552,0.7040351,5.418535,0.2962862,-0.7237419,2.0048556,-1.9932448
-0.84004235,-2.765671,0.36026037,5.4405556,0.63929987,-0.6083983,2.1862943,-2.1021883
-0.5377544,-2.8724735,0.37655127,5.7524295,0.46564034,-0.6429829,2.179104,-2.1323287
-0.7777285,-2.8821836,-0.10986498,6.186068,0.4371474,-0.7006543,2.182034,-2.1747124
-1.0198407,-2.8374438,0.008846784,5.9492307,0.38843593,-0.7453473,2.001257,-2.1507275
-0.6374481,-2.9631224,0.087797865,5.794653,0.54604965,-0.6652882,2.2531374,-2.2014747
-1.0327758,-2.8085105,-0.049723722,5.670654,0.6156338,-0.6371614,1.9649686,-2.2866995
-0.82046473,-2.8836057,0.13319822,5.644661,0.6081358,-0.72634983,2.1466956,-2.349606
-0.97875774,-2.8612869,0.286523,5.5083504,0.57414734,-0.6099434,2.0313349,-2.241861
-0.97690094,-2.8447313,0.15845409,5.524532,0.6362347,-0.847376,2.0870116,-2.23075
-0.6565113,-2.931528,0.46154997,5.405374,0.67719173,-0.66371953,2.087419,-2.019837
-0.65411675,-2.8906858,0.6944612,5.120213,0.6667793,-0.69690645,2.0767293,-2.0672956
-0.39729303,-2.9944673,0.58287203,5.3985305,0.70913523,-0.59552515,2.1896486,-2.2129824
-0.95480615,-2.7999692,1.1117854,4.960079,0.2547905,-0.6348717,2.1834605,-2.175248
-0.8787324,-2.9761648,1.0547906,4.9922323,0.211924,-0.824319,2.141528,-2.0745783
-0.70757496,-2.9685087,1.1032889,4.5985303,0.8294918,-0.5870826,2.0342932,-2.0502532
-0.9448839,-2.8540988,0.7883577,4.4064183,1.0909959,-0.7605838,2.0594428,-2.1388762
-0.8401716,-2.8844619,0.5494771,4.699289,1.2048224,-0.73411644,2.1677437,-2.30644
-1.0503371,-2.7366128,0.40811482,4.824898,1.0838497,-0.7653924,2.388984,-2.1681154
-0.89223415,-2.9172897,0.3190171,4.6798325,1.3700553,-0.75908387,2.156677,-2.0922995
-0.8484851,-2.9300442,0.32289928,4.747182,1.368764,-0.727228,2.1126375,-2.0556867
-0.4451796,-3.0241246,-0.15718605,5.399379,1.4817704,-0.6432457,2.2164512,-2.0827148
-0.7101505,-3.1418827,0.25704765,4.4172864,1.6336954,-0.666042,2.163744,-2.2544594
-0.4337134,-2.7871795,-0.18309811,4.5975394,2.0433667,-0.7309916,2.032901,-2.1152525
-0.8860542,-2.8610873,0.35811627,4.5974145,1.3321562,-0.650313,2.104312,-2.1128142
-0.89564353,-2.781391,0.7949584,4.241628,1.3826646,-0.71946776,2.2767162,-2.0206094
-0.8831672,-2.841882,0.12593132,4.7565675,1.5482023,-0.69177485,2.216953,-2.3551836
-0.6678446,-3.0009065,0.17787592,4.333813,1.9904635,-0.65460736,2.1277802,-2.3365505
-1.0160916,-2.866224,0.24431553,4.39175,1.7473813,-0.728941,2.1654172,-2.3281975
-0.47962224,-2.7675846,0.3557098,4.396638,1.9286083,-0.7479686,2.108892,-2.0254014
-0.6959384,-2.7517326,0.035924308,4.83696,1.7542299,-0.60101444,2.176207,-1.9956747
-0.8416618,-2.9515674,0.8337108,4.9944406,0.47273508,-0.72442466,2.183172,-2.215536
-0.5920988,-2.9477332,0.8954406,5.236884,0.48699483,-0.71120894,1.9953117,-2.000523
-0.77411985,-2.9920049,1.2629036,4.6597104,0.5421252,-0.68032557,1.9556693,-2.3823996
-0.85273314,-2.9526253,1.2725004,4.407314,0.5945513,-0.8096374,2.1071212,-2.2213995
-0.84201694,-2.8439379,0.9208576,4.809504,0.5818747,-0.78193694,2.131861,-2.1430197
-1.0681741,-2.8463488,1.1422913,4.8670936,0.24277678,-0.8640109,2.2128365,-2.1027095
-0.8828649,-2.8947873,1.0956019,5.4161463,-0.14541343,-0.6769713,1.8113923,-2.041735
-0.898248,-2.8671138,1.3810055,5.1140866,-0.16175774,-0.7098495,2.2199903,-2.2066307
-0.40912947,-2.9191704,1.481932,4.802586,0.43274045,-0.558259,2.0357187,-2.1985624
-0.89360154,-2.9255126,1.1351103,4.7229095,0.40900558,-0.7412361,2.0191383,-2.2123988
-1.1321597,-2.8204663,1.1905211,4.6274576,0.26508996,-1.0920824,2.3625176,-2.2333004
-0.8345114,-2.8694496,1.2896957,5.0203156,0.15276909,-0.72198033,2.1883097,-1.993991
-0.70173097,-2.911569,1.4227706,4.894264,0.16145964,-0.69377846,2.2659936,-2.1088204
-0.7427995,-2.9903162,1.6800419,4.3604126,0.42139453,-0.83972996,2.1291237,-2.1806386
-0.69860303,-2.9621,1.5806692,4.273167,0.614397,-0.70657676,2.134727,-2.3176548
-0.6386848,-2.9439268,1.2427821,4.045869,1.1497477,-0.65601975,2.1687214,-1.8785881
-0.32071173,-3.0131664,1.5662278,4.345303,0.843461,-0.5037828,1.9987382,-1.9144272
-0.8274405,-2.901909,1.245029,4.7219076,0.27886277,-0.8506889,1.9506104,-2.1427226
-1.0953444,-2.9191422,1.2629874,4.971938,0.04057628,-0.8873806,1.9490914,-2.1880531
-0.34734127,-2.977743,1.0870552,4.8499656,0.82587814,-0.6082025,2.055199,-2.187682
-0.81778187,-3.0561833,1.3151952,4.7119317,0.3657185,-0.7938062,2.1485815,-2.354082
-0.7976235,-2.969729,1.3873472,4.3186536,0.60409653,-0.79077893,2.1645694,-2.1583426
-0.6597036,-2.983323,1.2243382,4.4678164,0.89085054,-0.68528485,2.176439,-2.2867734
-0.5792004,-2.8267565,1.0336486,4.2323895,1.3463733,-0.55698997,1.8409302,-2.1980298
-0.8979402,-2.920338,0.8817694,4.166313,1.3190174,-0.7322193,1.9129528,-2.147661
-0.75515485,-2.934353,1.1164694,4.266496,1.1612513,-0.6615645,2.0138726,-2.1331685
-0.71654975,-2.9838164,1.2343562,4.4762316,0.70443445,-0.757135,2.150425,-2.202268
-0.78025496,-3.0997434,1.4138231,4.124083,0.8727268,-0.5742743,2.1063113,-2.1038609
-0.885238,-2.8620918,1.4129736,4.415964,0.5774805,-0.7530365,2.0470195,-2.1497874
-0.44559574,-2.874058,1.6399883,4.556871,0.43689322,-0.6342758,2.3088193,-1.9846067
-0.8115136,-2.8979685,1.5501739,4.6111636,0.3140204,-0.7404946,2.2222407,-2.248513
-0.82394177,-2.863014,0.9726115,4.8991623,0.52275,-0.6513265,1.9492966,-2.2433991
-0.9823336,-2.8436267,1.1130465,4.8163967,0.31397405,-0.8126243,2.1986175,-2.2061045
-0.9324379,-2.972867,1.5068549,4.593509,0.12256429,-0.7136436,2.1844854,-2.112749
-0.6592822,-2.9889905,1.2564816,5.0857463,0.07285485,-0.61546075,2.2705305,-2.1868894
-0.97970426,-2.8690157,1.606217,4.894284,-0.13784568,-0.6411704,2.139222,-2.1370149
-0.73594403,-2.8617249,1.2570261,5.2205563,-0.04990754,-0.705354,2.2852921,-1.8912551
-0.53983545,-2.951802,1.286533,5.425117,-0.1746265,-0.6877715,1.8896749,-2.2022853
-0.82124686,-2.9333503,0.95253325,5.6411705,-0.233685,-0.68058455,1.9447414,-2.0639608
-0.6578412,-2.973792,1.1826475,5.2570724,0.08181979,-0.6358725,2.0223587,-2.034145
-1.2312062,-2.6901808,1.3303713,5.11942,-0.30540144,-1.0060505,1.9681419,-2.150616
-1.0813587,-2.74766,1.0743464,5.2051005,-0.09702015,-0.83513576,2.0098891,-2.1939654
-0.7230189,-2.8824844,1.2128389,5.499499,-0.18310718,-0.63083506,2.2323139,-1.9489313
-0.8050451,-2.7288768,0.89642525,5.158948,0.37219968,-0.6320683,2.157345,-2.2528024
-0.89891756,-2.9002032,0.57846606,5.147038,0.63740027,-0.7960504,1.9516315,-2.146537
-1.0968845,-2.755885,0.5833994,4.9343495,0.77884215,-0.7770671,2.0046697,-2.156756
-0.75323576,-2.9795523,0.6223097,5.382821,0.52469647,-0.7361381,2.1193082,-2.194335
-0.73991233,-2.9220908,0.39205992,5.3763247,0.7021972,-0.62814635,1.9930114,-2.156214
-0.65145975,-2.9113293,0.37107208,5.659467,0.45733494,-0.70464665,2.0282922,-2.1631851
-0.6930507,-3.0918877,0.76470363,5.0941052,0.59582627,-0.69269,2.1402683,-2.1278224
-1.0540178,-2.8533084,0.6680989,5.17894,0.26196277,-0.71251035,1.9477707,-2.1025574
-0.95718175,-2.7319732,0.6106721,5.28905,0.3811327,-0.7222092,2.0744605,-2.134736
-0.94231397,-2.893221,0.7218495,5.303303,0.31763923,-0.870414,2.1920817,-1.9693197
-0.9174012,-2.8147397,0.82721174,5.589139,-0.12689044,-0.87060857,1.902548,-2.0504491
-1.0702555,-2.8017416,1.0455896,5.0296464,0.2596294,-0.8045675,1.9551929,-2.2760425
-0.82176024,-2.908782,1.0388596,5.1243253,0.19825852,-0.74747664,2.1078792,-2.2747784
-0.8688139,-2.8927805,0.63510895,5.2629123,0.531462,-0.8482322,1.917286,-2.1649635
-1.0726055,-2.7961009,0.07857835,5.5077825,0.67500556,-0.880216,2.264398,-2.2354403
-0.8551847,-2.7753918,-0.2061718,5.4474344,1.0361457,-0.73924726,2.145921,-1.9748182
-0.8145296,-2.8281841,0.017343897,5.222834,1.1705552,-0.67486906,2.1121044,-2.0631702
-0.8004274,-3.0088634,0.16086073,5.403676,0.9143993,-0.69217116,1.8943278,-2.1147058
-0.7570384,-3.0397518,0.03294303,5.346323,1.0844647,-0.70163804,2.2246969,-2.25221
-1.0099949,-2.7907946,-0.059167054,5.1236243,1.2266935,-0.7454931,2.3397174,-2.112549
-0.8983272,-2.7494807,0.22577274,5.1600776,0.9863502,-0.6480485,2.2359898,-2.3039057
-0.9587604,-2.888973,-0.04062929,5.416011,0.87185913,-0.6992227,2.0023382,-2.0730152
-0.8848438,-2.8133392,0.30327272,5.432156,0.5477743,-1.0643729,2.2765288,-2.0519695
-0.7872567,-2.893884,0.25498804,5.3229923,0.6355401,-0.7786236,2.315541,-2.0917926
-1.0123272,-2.8054922,0.38377565,5.2519603,0.503157,-0.9301172,2.1062212,-1.98035
-0.94248044,-2.9180148,0.27767834,5.1954904,0.82868814,-0.74984074,1.9481363,-2.062656
-0.7676967,-2.924844,0.5132302,4.883289,0.9692054,-0.6609956,2.0350049,-2.1405385
-0.77084893,-2.8551316,0.49401432,4.8929696,1.113156,-0.65099144,2.124686,-2.0378475
-0.42201108,-3.1130216,0.775235,5.181862,0.7153065,-0.7091969,2.2655716,-2.1012287
-0.9377165,-2.877194,-0.57113266,5.7900453,1.1922361,-0.78059703,1.9505676,-2.2295036
-0.90497005,-2.8624988,-0.46591195,5.83121,0.9436403,-0.762381,2.0682726,-2.1471145
-0.6886005,-2.957744,-0.28379217,5.696657,1.1141492,-0.651267,2.0309262,-2.2334166
-0.80212384,-3.0403588,-0.38670015,5.5064015,1.1907728,-0.689131,1.9294863,-2.1735067
-0.7270154,-2.8267756,-0.6142722,5.762517,1.3283288,-0.69346714,2.103767,-2.1431372
-0.7793387,-2.8920012,-0.80642223,6.1118283,1.0397539,-0.61513907,2.0385256,-2.147395
-0.8704317,-2.9039345,-0.82555145,6.466802,0.7359397,-0.7487556,2.114243,-2.1503127
-0.5630449,-3.0548835,-0.71896625,6.5854974,0.6135176,-0.6235039,2.2918897,-2.1412244
-0.6118615,-2.8800557,-0.60665774,6.3396697,0.8748536,-0.57640016,2.0255225,-2.0655928
-0.66169584,-2.9996724,-0.59679425,6.305409,0.6806759,-0.730084,1.9749576,-2.2659645
-1.0037832,-2.830717,-0.42579412,6.03275,0.7138433,-0.6798919,2.3005302,-2.0831373
-1.1375314,-2.7985835,-0.75203896,6.0516286,0.89468783,-0.85288876,2.225096,-2.180378
-0.97305506,-2.8239233,-1.0820503,6.4115214,0.99886006,-0.7485083,2.059079,-2.049417
-0.9068699,-2.9606147,-0.8555728,6.3364573,0.8419483,-0.68331635,2.0689633,-2.1333048
-0.93293166,-3.016055,-0.71884197,6.0810156,0.85016847,-0.82563955,2.1097865,-2.1107373
-0.88970166,-2.9787135,-0.45342502,5.589573,1.1981013,-0.89040744,2.0486825,-2.0140173
-0.9233739,-2.9140375,-0.50487566,5.6145353,1.2322061,-0.76384723,2.2319684,-2.1813557
-0.83330846,-2.7947838,-0.1455712,5.6685195,0.83766675,-0.7300328,2.1420534,-2.0285695
-1.109723,-2.7785275,0.00056565506,5.5763297,0.57138,-0.8400985,2.0889826,-2.0873811
-1.008365,-2.808795,-0.13121791,5.429546,0.94489753,-0.6702297,1.9461154,-2.0696151
-0.769227,-2.939557,0.23201418,5.659849,0.4660309,-0.748448,2.1232631,-2.2196417
-1.0113575,-2.7555773,0.048689816,5.302535,0.86505306,-0.7248762,2.3853939,-2.2707243
-0.7098854,-2.8262932,0.3709596,5.096032,0.8781936,-0.8077607,2.1707234,-2.0809007
-0.82939625,-2.9743066,0.29646495,5.32059,0.67380565,-0.77022666,1.8073146,-2.1558409
-0.704071,-2.8733277,0.30477348,5.559945,0.5332367,-0.7283931,1.9107496,-2.2686415
-0.49038914,-3.019586,0.30134332,5.5446424,0.82430446,-0.59584004,1.8964609,-2.1126893
-0.73561,-2.8261073,0.14587304,5.680617,0.47201008,-0.6058385,2.0236754,-1.9857447
-0.9385384,-2.921909,0.03093094,5.7648697,0.5261278,-0.6536794,2.0624924,-1.9929395
-0.8838436,-2.9538107,-0.033996593,5.9472594,0.33073246,-0.79573905,2.1509285,-2.3293061
-0.9542012,-2.8565524,0.07084192,5.4617453,0.8686913,-0.60423356,2.083445,-2.3157144
-1.1368021,-2.7924745,-0.093017764,5.483173,0.7874981,-0.91867995,2.1718814,-2.2183802
-0.94143456,-2.8444328,-0.12215807,5.8061175,0.62808543,-0.81214535,2.185443,-1.9584855
-1.0590894,-2.8505688,-0.048487898,5.675291,0.5268938,-0.83603394,2.1237528,-2.1905844
-0.66570914,-2.9906683,-0.10632867,5.913224,0.6866693,-0.74551976,2.237148,-2.1770508
-0.78490615,-2.8569107,0.05405496,5.7315884,0.6171677,-0.67386866,2.0551834,-2.0267496
-0.7893518,-2.9034374,0.09425254,5.3428655,0.985289,-0.61831844,2.1263456,-2.0063386
-0.7573696,-2.8279533,0.59122664,5.246952,0.6708449,-0.643623,2.0823152,-2.0150683
-0.77101666,-2.90001,0.51282024,5.188,0.6501104,-0.61927974,2.1067688,-2.1755826
-0.6874365,-2.8313944,0.7341849,5.2869077,0.5068098,-0.6291726,2.138348,-2.1794105
-0.9142343,-2.9558592,0.5231008,5.191493,0.64136654,-0.5855562,2.0073206,-2.062629
-0.7145714,-2.9303248,0.7501087,4.982014,0.7252856,-0.73646724,2.044138,-2.093425
-0.9758139,-2.8835793,0.33117068,5.0044336,1.0664845,-0.67282045,1.9200306,-2.1203814
-0.6865541,-3.0108128,0.48606667,4.9834113,0.94645214,-0.5826832,2.041111,-2.0837328
-0.88743824,-2.8986697,0.5173687,5.0683045,0.8501509,-0.73884255,2.258571,-2.2347953
-0.7521709,-2.9474115,0.8124828,4.6651263,0.87463593,-0.7522108,1.891795,-2.1970208
-0.8944632,-2.9364328,0.6521314,5.203806,0.52529734,-0.7917138,2.1615965,-2.2582047
-0.7851007,-2.9584973,0.53591985,5.7855678,0.05704427,-0.613905,2.2395701,-2.2209203
-0.9582449,-2.9254816,0.49406964,5.9085417,-0.040441416,-0.62389344,2.1991758,-2.218807
-0.8381988,-2.9271739,0.23420483,5.9992113,0.20415513,-0.7160741,2.0336757,-2.1623785
-0.9444011,-2.9124098,-0.052048054,5.6215844,0.7226894,-0.82885647,2.1289058,-2.1774042
-0.8391248,-2.8524163,-0.097972505,5.3989677,1.227368,-0.76096785,2.2050717,-1.9594861
-0.79765785,-2.7675896,0.2838825,5.225645,0.9189501,-0.71489006,2.2064002,-2.1265018
-0.7250937,-2.9980237,-0.19682816,5.619574,0.8853801,-0.6444697,2.1002188,-2.233959
-0.9134656,-2.7670114,0.5109666,5.5419264,0.44000852,-0.76647854,1.9247471,-2.0171428
-0.8188616,-2.9790552,0.24833588,5.680175,0.45594454,-0.7561949,2.1390967,-2.1142507
-1.0926329,-2.8130755,0.20059612,5.8105435,0.14915344,-0.75201756,2.168454,-2.1612637
-0.74712026,-2.8523178,0.40694246,5.4071712,0.57634735,-0.7382319,2.1574407,-1.9868137
-0.91725135,-2.8770397,0.5819142,5.107849,0.56683993,-0.7606133,2.0463796,-2.1940734
-0.8222262,-2.9573019,0.69566154,5.2665567,0.4624396,-0.63976085,2.0941238,-2.1712503
-0.91087717,-2.9184136,0.4536095,5.531378,0.2771689,-0.6997998,1.9863937,-2.1385827
-0.6572549,-2.8245728,0.45490113,5.5798073,0.54981476,-0.8108676,2.1274242,-2.1262126
-0.8171874,-2.902108,0.62616515,5.1972094,0.5811195,-0.6505425,1.9701517,-2.1416225
-0.60688466,-3.0051947,0.33564574,5.2577763,0.83838284,-0.6709296,2.115911,-2.1489408
-0.57061976,-2.9034388,0.6365153,4.9003534,1.0792657,-0.6423384,1.981941,-2.1018767
-0.69819534,-2.9027283,1.2641819,4.7883964,0.44637537,-0.6602674,2.3136246,-2.1882906
-0.6836843,-2.8947864,1.1672468,5.0743093,0.22503906,-0.6300073,2.0656192,-2.1042187
-0.7073289,-2.9638333,1.0634036,5.337371,0.02771904,-0.7547159,2.0772834,-2.2073777
-0.8612516,-2.9194918,0.9767148,5.5375547,-0.11711828,-0.7088469,1.9239093,-2.1863883
-0.7899744,-2.8635116,0.89139706,5.69058,-0.08960644,-0.69666743,2.2075465,-2.274413
-0.7742839,-2.7922227,0.8038378,5.7863975,-0.029545536,-0.6598977,2.2455435,-1.9696895
-0.98143435,-2.9572866,0.44578978,5.625809,0.22517332,-0.81870914,2.216665,-2.14836
-0.77239394,-2.9808786,0.09173168,5.890273,0.32380548,-0.653278,1.9127723,-2.1154904
-0.9379027,-2.8684592,0.11828639,5.6069174,0.51239026,-0.6969506,2.2522943,-2.0946612
-0.6212735,-2.8415809,0.35209072,5.4607363,0.554284,-0.62460345,1.9457046,-1.9534476
-0.7489359,-2.880499,0.007883869,5.7863507,0.67369217,-0.6194122,2.4056904,-1.9507668
-0.8461563,-2.8173568,0.043266494,5.7457056,0.56656855,-0.7465542,2.1518,-2.0969532
-0.83336717,-2.771028,0.1920475,5.992445,0.21471144,-0.6456547,2.4120536,-2.1760635
-0.9762771,-2.7850184,-0.18085134,5.732524,0.6897962,-0.75988686,2.077717,-2.3032644
-0.87308204,-2.8670514,-0.44376284,6.2891836,0.4923878,-0.9441886,2.0427234,-2.1073518
-1.0433917,-2.860729,-0.31021047,6.246788,0.2847986,-0.86103886,2.0728364,-2.2121565
-0.7566109,-2.87436,-0.07960218,6.301247,0.27815568,-0.7171516,2.0567276,-2.0791042
-0.9213531,-2.887274,-0.2750679,6.2800775,0.29168317,-0.80520636,2.0153062,-2.2236392
-0.8822883,-2.838668,-0.11687271,5.9510984,0.440761,-0.66844916,2.264442,-2.1558006
-0.9136331,-2.8086927,0.026302239,5.694122,0.49903217,-0.87147963,2.0343513,-2.1831837
-0.87543446,-2.8462012,0.07568796,5.8932643,0.38274503,-0.73505086,2.3416386,-2.1297834
-0.75460196,-2.92214,0.021658892,5.637502,0.6528295,-0.6118042,2.206507,-2.1040692
-0.7856173,-2.8366237,-0.030342575,5.741262,0.6548125,-0.7051147,2.1127324,-2.0498552
-0.67399657,-2.8694944,0.32366097,5.397937,0.83023506,-0.64788675,2.0633461,-2.1736252
-0.9084392,-2.901938,0.24451531,5.441328,0.76456827,-0.6742298,2.220782,-2.2595782
-0.8333394,-2.8384898,-0.2967311,5.402983,1.1662307,-0.7453432,2.1638074,-2.0380294
-1.0913739,-2.772742,0.05756798,5.16202,1.0690646,-0.8275137,1.9144834,-2.012659
-0.86449826,-2.8463523,0.48945466,5.1727633,0.70814675,-0.69299275,2.1058295,-2.2878187
-0.84881026,-2.8772292,0.62512976,5.1796794,0.5297878,-0.6825774,2.1971166,-2.286903
-0.6685832,-2.9887314,0.48765975,5.2738657,0.6210222,-0.6138159,2.1269743,-2.222057
-0.92292684,-2.779599,0.6416141,5.1300874,0.56339043,-0.59848243,2.1083066,-2.1667998
-0.7238006,-2.818252,0.72542375,5.1313534,0.6724303,-0.63563645,2.1016307,-2.199756
-1.1994855,-2.7942154,0.7996644,4.724196,0.64707017,-0.86130303,2.110252,-2.1701305
-0.6917916,-2.9010897,1.1854241,4.88496,0.4700377,-0.7825387,2.1887093,-2.1577456
-0.69459397,-2.9058223,0.9924216,4.64313,0.84969383,-0.6337715,2.0980747,-2.2019687
-0.72684216,-2.8748643,0.8825593,4.2449665,1.2765071,-0.65515304,2.075367,-2.2572947
-0.9224034,-2.9107206,0.40703145,5.1790214,0.7022302,-0.6561334,2.1628892,-2.282312
-0.80840254,-2.8871222,0.41652283,4.924295,1.0024366,-0.7027975,2.166935,-2.097057
-0.98508936,-2.7731683,0.13372289,5.209442,0.9547313,-0.73354703,2.1451435,-2.1607463
-0.71073925,-2.9711764,-0.08582229,5.189252,1.3372114,-0.63488334,2.1554067,-2.1851017
-0.26771188,-3.1385674,-0.3622842,5.8584185,1.2320088,-0.5830648,2.2354257,-2.0758164
-0.7457647,-3.0000327,-0.24776593,5.512214,1.2163125,-0.68968356,2.0641005,-2.1440244
-0.58370566,-2.8125236,-0.71007144,5.802803,1.3814943,-0.6455749,2.1230392,-2.1517556
-0.6942239,-2.9581704,-0.6141491,5.3829513,1.5649307,-0.7184512,2.0094965,-2.119932
-0.8328903,-3.0351052,-0.7067588,5.204791,1.9397967,-0.7633533,1.9557779,-2.1391714
-0.7954818,-3.0515761,-0.49101588,5.244378,1.6633871,-0.75769335,2.1480746,-2.1357467
-0.81740326,-2.8317535,-0.6178142,5.364101,1.6771388,-0.64435345,2.1104243,-2.224227
-1.0145122,-2.7646952,-0.060542155,5.4115944,0.9456198,-0.7114803,1.9784051,-2.115102
-0.97667396,-2.8571353,0.051846,5.658726,0.6375277,-0.69105035,2.0097654,-2.1519089
-0.80163085,-2.7668705,0.3678738,5.69693,0.4776902,-0.62657094,2.1547205,-1.9797463
-0.5251023,-3.0005922,0.4771625,5.507572,0.5940991,-0.6665505,2.0441735,-2.0320194
-0.6290355,-2.880291,0.36396706,5.6187434,0.4804663,-0.81121534,1.9745319,-2.0509243
-0.5141717,-3.034297,0.23617828,5.622955,0.638696,-0.5999079,1.9506543,-2.0189154
-0.79367745,-2.816818,0.38695705,5.5695763,0.3709424,-0.72574896,2.0126348,-1.9564229
-0.5557031,-2.981407,0.42317307,5.5565224,0.57816684,-0.63620436,2.0629432,-2.0751429
-0.6990165,-3.0112479,0.2316857,5.292101,0.8687975,-0.6753991,2.096477,-2.0473466
-1.0729076,-2.7844496,0.5457295,5.0083275,0.70049554,-0.8469581,2.1172514,-2.1654363
-0.5763986,-3.0287483,0.52519125,5.073195,1.0564128,-0.6705104,1.969564,-2.1749132
-1.0190709,-2.926408,-0.47893324,5.152458,1.6334105,-0.71120435,2.05742,-2.4027112
-0.75806653,-2.8985245,-0.8722123,6.189584,0.96486384,-0.6871468,2.1859593,-2.0960808
-0.5176503,-3.0464156,-0.479626,6.1383414,0.84146243,-0.6665096,2.161718,-2.067749
-0.5407414,-2.9286602,-0.49825928,6.3120956,0.7318252,-0.66736925,2.077634,-2.1361463
-0.5498288,-3.053695,-0.38562346,6.705885,0.22382067,-0.60406744,1.9282372,-2.261166
-0.6901405,-2.8369935,-0.17462431,6.2592964,0.2878484,-0.64206153,1.9455863,-2.1045938
-0.9950554,-2.8793895,-0.09421225,6.027092,0.38039342,-0.77281773,2.2038262,-2.1693437
-1.0842556,-2.7203462,-0.48638454,6.1431417,0.6388118,-0.77308714,1.9768736,-2.1334925
-0.56433386,-2.9759727,-0.09534733,6.0046754,0.64071906,-0.61268145,1.8783932,-2.0407233
-0.8273281,-2.82023,0.015800923,5.621921,0.81227326,-0.9113927,1.9093825,-2.104135
-1.0701045,-2.7766395,-0.027595894,5.725463,0.4665441,-0.85084194,2.150399,-2.0656788
-0.846669,-2.8648973,0.10255157,5.7129583,0.50250834,-0.7033798,2.1023912,-2.0254335
-0.902871,-2.9975088,0.20568055,5.5733438,0.5804304,-0.7487138,1.8321679,-2.125741
-0.60100734,-2.9575784,0.25049588,5.832375,0.4178627,-0.7416265,2.0087233,-2.0088162
-0.8951035,-2.8901072,-0.07216984,6.090275,0.2978418,-0.875381,2.0578938,-2.227742
-0.8596428,-2.8768015,0.04621239,6.2826166,0.08546545,-0.89979476,2.1077409,-2.2007194
-0.78636175,-2.9115136,0.24733263,5.993242,0.14826165,-0.6479618,2.217463,-2.1243606
-0.88914406,-2.8747258,0.310546,5.8495255,0.21490197,-0.59766144,2.0679934,-2.1390195
-0.9889344,-2.820304,0.21080029,5.87493,0.24063721,-0.72796226,2.0532482,-2.1262026
-0.6926703,-2.8175335,0.4483975,5.5012403,0.5589943,-0.63581026,2.2012413,-2.2476869
-0.91170114,-2.7988787,0.68766534,5.6567483,0.08843553,-0.68713504,2.1298277,-2.22862
-0.46775857,-2.9145582,0.64177114,5.6204762,0.2796002,-0.5564561,2.223818,-2.040068
-0.71769947,-2.8394911,0.4491788,5.399447,0.6555803,-0.7210215,2.22242,-2.2609055
-0.86606467,-2.9184964,0.8753275,5.353477,0.10963172,-0.6595259,1.97905,-2.0471861
-1.0067666,-2.7895536,1.0054461,5.4632187,-0.2075469,-0.7541478,2.1053853,-2.2185993
-0.86067516,-2.8041465,0.5670392,5.8633914,-0.05946808,-0.7372196,2.1318154,-2.2397158
-0.7807467,-2.9168296,0.89039475,5.340737,0.2684188,-0.5564172,2.010984,-2.0747085
-0.5287408,-2.9524171,0.7510583,5.5210905,0.30206263,-0.63196087,2.133589,-2.272017
-0.96666944,-2.8103626,0.4924856,5.6072407,0.19923346,-0.67325264,2.1214256,-2.2036362
-0.7151858,-2.9344993,0.48448518,5.47615,0.5249369,-0.6749135,2.0163102,-2.0171642
-0.79753006,-2.9759445,0.51494014,4.987894,0.8089704,-0.6635159,2.1369746,-2.1964676
-0.5646091,-2.869409,0.6870907,5.078379,0.84418166,-0.5980979,2.0388703,-2.017676
-0.7739575,-2.9451034,0.6604708,5.1547165,0.58069545,-0.67478406,1.8830882,-2.1583388
-0.7204518,-2.8558474,0.6612639,5.4708996,0.32046458,-0.62888455,1.9212985,-2.1283066
-0.80391175,-2.9118867,0.5848751,5.24756,0.58305824,-0.613622,1.9152796,-2.177404
-1.1043859,-2.766811,0.73001236,4.951671,0.51704717,-0.7715391,2.1004057,-2.0167935
-0.9200776,-2.8129563,0.7371412,5.158872,0.45768628,-0.70909595,2.1140497,-2.0397258
-0.8005402,-2.8120534,0.5383246,5.2257795,0.58828324,-0.7032,2.063199,-2.3250828
-0.82422566,-2.9389713,0.3603866,5.328359,0.6346427,-0.73205537,2.2734132,-2.2346373
-0.527926,-2.790499,0.30161613,5.2092752,1.0512779,-0.6571726,2.1755207,-2.103261
-0.6902865,-3.0621452,0.7850221,4.7449107,0.89296174,-0.7784617,2.029846,-2.027659
-0.93745506,-2.974864,0.874263,4.4470367,0.865354,-0.8302362,2.109073,-2.2198818
-0.7307329,-3.027633,1.0546211,4.533496,0.8513948,-0.69543666,2.188592,-2.1390738
-0.88581854,-3.0465927,0.5015045,4.9120507,0.9328766,-0.7048564,2.1819613,-2.4291213
-1.055766,-2.7917032,0.76078945,5.030943,0.45703462,-0.8012808,2.0900104,-2.1770627
-0.8491641,-2.8323622,0.28108948,5.5420575,0.6206323,-0.7272865,2.0864406,-2.2415347
-1.0545528,-2.8423226,0.20681573,5.4572287,0.6306224,-0.66668296,2.0747604,-2.15622
-1.0343494,-2.9199023,0.47664022,5.615949,0.113310024,-0.93534726,2.0236948,-2.0107887
-1.151102,-2.8247268,-0.14388853,6.0469766,0.35616732,-0.8878271,1.9145657,-2.1192303
-0.9669278,-2.8385007,-0.080239125,6.065536,0.30739734,-0.668117,2.0231094,-2.2132733
-0.58496356,-2.8999293,-0.17452338,6.285237,0.38668102,-0.6419687,2.218801,-2.100352
-0.57906044,-2.9572153,0.33343905,6.315219,-0.09416936,-0.6721872,2.028793,-2.061252
-0.8390091,-2.8523273,0.16849025,6.5842485,-0.2976778,-0.69009805,2.1607664,-1.9825904
-0.62160474,-2.836924,0.27349064,6.678061,-0.42813617,-0.56552416,2.1481185,-2.21367
-1.0210675,-2.9557042,0.15318789,6.5120354,-0.3738118,-0.7930431,2.007553,-2.150443
-1.0403289,-2.8658774,0.21461631,6.0748024,0.014429532,-0.6582975,2.2146769,-1.9184185
-1.0995871,-2.8014848,-0.15486586,6.0179467,0.31959447,-0.9160611,2.0439754,-2.0821903
-0.9787863,-2.8708324,0.04233837,5.8516827,0.37508404,-0.72309494,1.966966,-2.3042285
-0.9986579,-3.0012815,0.18469387,5.594876,0.40646794,-0.9457508,2.1031368,-2.2663972
-0.84372145,-2.817504,0.6002856,5.1388307,0.55818516,-0.7884123,2.1644073,-2.0566576
-0.9286631,-2.8521144,0.57394165,5.0804534,0.6598045,-0.8073121,2.217955,-2.024464
-0.90704775,-2.822962,0.7270517,4.7953906,0.76611686,-0.7533739,2.012644,-2.2557108
-0.8480482,-2.8535216,0.5217097,4.984543,0.8357702,-0.63021916,2.109158,-2.0424714
-0.79137045,-2.8411915,0.27277136,5.2270913,0.87479424,-0.6884804,2.194828,-2.0658858
-0.9986242,-2.8651912,0.6455785,4.882738,0.76233107,-0.7648367,2.3650703,-2.0626884
-0.72810674,-3.1157057,1.0576413,4.478299,0.8843623,-0.75159925,2.0859416,-2.1167746
-0.8762703,-2.9871578,1.283413,4.3543534,0.6948079,-0.8354222,2.2882974,-2.1646762
-0.8052255,-2.9722807,1.1061157,4.2739854,1.0959709,-0.77500963,1.9962208,-2.2768302
-1.0943056,-2.8699913,0.8358895,3.8965442,1.6784886,-0.79072523,2.0272393,-2.3190405
-0.58640134,-2.821919,1.0476176,3.6721034,1.843083,-0.67137784,2.240444,-2.0279315
-0.9189212,-2.8609912,1.1099529,3.8066099,1.4161423,-0.6517074,1.9814773,-2.043484
-0.8298659,-2.9143791,0.7866188,4.826048,0.85630214,-0.67443705,1.9817213,-2.1256557
-0.8638797,-2.9132795,1.1447103,4.735234,0.46553394,-0.8837985,2.0752885,-2.1746452
-0.7394615,-2.8583307,1.4383197,4.934365,0.04309274,-0.6446886,2.103443,-2.1561117
-0.85052407,-2.9042916,1.0137703,5.025943,0.36927646,-0.70298505,2.2432706,-2.2366502
-0.8577409,-2.9016607,0.34750593,5.16244,0.9932398,-0.6492093,2.1123028,-2.144017
-0.6919624,-2.8670926,0.19754736,5.229411,1.0529814,-0.64151365,2.1342833,-2.0150251
-0.65512323,-2.9481947,0.27473006,5.3044167,0.97426754,-0.7004962,2.2212112,-1.9796678
-0.65635663,-2.83762,0.37735662,7.213618,-1.1017336,-0.5869459,2.0404015,-2.204858
-0.85070443,-2.882602,0.22902174,7.108497,-0.8802063,-0.67908907,2.095074,-1.94838
-0.7062779,-2.9195316,0.090161614,7.2177467,-0.8100726,-0.6079147,2.2126982,-2.0524533
-0.94233555,-2.8794143,-0.30032757,7.0283356,-0.48399135,-0.6501241,2.0578222,-2.2515798
-0.7168398,-2.9512672,-0.27364597,7.037712,-0.29927048,-0.85757923,2.2066336,-2.0441182
-0.81296444,-2.92465,-0.25128597,6.570154,-0.04417117,-0.72119683,1.7788308,-2.333001
-1.1417265,-2.632909,-0.14797577,6.5810356,-0.30932164,-0.7968446,2.273278,-1.929049
-0.7416931,-2.8579903,0.30675298,6.6888022,-0.5936297,-0.65394306,1.9114873,-1.9744158
-0.78342605,-2.9410636,0.5562383,6.3001976,-0.49235886,-0.7413952,2.1919436,-2.2062001
-0.8222856,-2.876633,0.5767298,6.3476753,-0.62560385,-0.807165,2.1911504,-2.185506
-1.0447869,-2.9043655,0.6302614,5.9353886,-0.3237117,-0.8315042,2.2459805,-2.184327
-0.80084556,-2.8973162,0.8273371,5.862253,-0.18855466,-0.69853145,2.1026595,-2.1523843
-0.4706779,-3.0437753,0.92935896,5.988861,-0.3572943,-0.6323334,2.1249359,-2.102423
-0.9175828,-2.8748035,0.75375664,5.8529735,-0.2810227,-0.7214821,2.2190866,-2.2187028
-0.617981,-2.8388984,0.7232241,5.933912,-0.18125847,-0.72118336,1.9729456,-2.0008543
-0.84471726,-2.85575,1.0859299,5.8656797,-0.5181926,-0.64256454,2.2651753,-2.2882457
-0.9344575,-2.8379793,1.2051432,5.79766,-0.7442132,-0.7276182,2.3258843,-2.1248376
-0.90707654,-2.893772,1.0033828,5.9171176,-0.55838966,-0.7129611,1.8488706,-2.0791025
-1.1761642,-2.675729,0.906216,5.92713,-0.5768867,-0.76771146,2.3153718,-2.1867173
-0.89268166,-2.8645604,1.200382,5.866875,-0.7350988,-0.7835788,1.997555,-2.1527205
-0.7366712,-2.8733716,0.56017786,6.344722,-0.41440177,-0.6479606,1.9861677,-2.0545123
-0.7616166,-2.9253316,0.38020927,6.437344,-0.3069885,-0.6756171,1.7817065,-1.9970458
-0.7359775,-2.9325073,0.21074428,6.3930244,-0.25889948,-0.61862636,1.9671111,-2.0154653
-0.87598395,-2.8225775,0.14463511,6.509451,-0.17732483,-0.6804349,2.01717,-2.0570714
-0.9021094,-2.87917,0.16281304,6.306677,-0.13111994,-0.83306205,2.118035,-2.0810027
-0.971204,-2.823,0.18930766,6.2713656,-0.13560146,-0.8602083,2.135221,-2.2625628
-0.4668811,-3.0235264,-0.2628245,6.6282268,0.04743385,-0.6248289,1.9428911,-1.9570132
-0.7698537,-2.9396179,0.1138847,6.545327,-0.334074,-0.75056505,1.9085646,-2.179158
-0.969707,-2.8577237,0.2651162,6.386943,-0.35592702,-0.66498226,2.2092457,-2.121861
-0.88517046,-2.8420486,0.04205149,6.511489,-0.11140382,-0.8413857,2.13489,-2.066838
-0.68219125,-3.0428827,-0.27350783,6.5679407,0.08234307,-0.6308154,2.1518095,-2.1283908
-0.74775165,-2.9681666,-0.40912554,6.9551864,-0.010789496,-0.59074,2.0387547,-2.168321
-0.6150551,-2.9241905,-0.5201468,7.0030622,0.08722844,-0.5550442,2.1096344,-2.1238763
-0.68769765,-2.9726796,-0.6714246,6.852373,0.29338783,-0.699725,2.107841,-2.2032876
-0.46230385,-2.978077,-0.6587209,6.99276,0.3359405,-0.5651669,2.0817425,-2.0749297
-0.4538697,-3.156997,-1.1570371,7.1142645,0.63560146,-0.70141727,1.952044,-2.3300378
-0.48645243,-3.161563,-1.2512454,7.340488,0.3688078,-0.67199475,2.0875964,-2.0785546
-0.63740087,-2.9597862,-1.1949346,6.8793716,0.8323492,-0.7281095,1.8942871,-2.0783584
-0.55864835,-2.9334066,-1.1323373,6.786155,0.889139,-0.65608704,2.1112711,-1.8177259
-0.48876673,-3.139929,-0.50987476,6.6853256,0.34439665,-0.70659924,2.083021,-2.174553
-0.7408255,-2.962013,-0.75007415,6.765954,0.38031167,-0.7864324,2.084724,-2.140907
-0.7510091,-2.8902519,-0.9417814,6.6755733,0.70355254,-0.7379696,2.1942189,-2.1572833
-0.6026945,-2.959814,-0.9244853,6.8084116,0.7534242,-0.7047598,1.9390073,-2.0396283
-0.5889951,-2.8908286,-0.4829564,6.0861173,0.83970207,-0.5926415,1.8835313,-2.1055105
-0.5859258,-2.9433486,-0.5383162,6.440863,0.6677924,-0.6191547,2.2352698,-2.1208675
-0.7412966,-2.95834,-0.298375,6.5211973,0.32231703,-0.588283,2.0562415,-2.0870233
-0.6510999,-2.9872808,-0.01494162,6.2141423,0.2542999,-0.6082623,1.9989566,-2.2303839
-0.68876374,-3.038727,-0.332372,6.39943,0.43113396,-0.6541615,1.9253446,-2.0855863
-0.6968317,-2.9727685,-0.26453713,6.367941,0.35778916,-0.67661506,2.0738769,-2.1378958
-0.5677108,-2.995017,0.1283676,6.3335447,0.11416695,-0.6253413,2.0133984,-2.1966245
-0.7768745,-2.83303,-0.073703066,6.54645,-0.10819435,-0.7582431,2.0708475,-2.241179
-0.962554,-2.7950845,0.04410377,6.408918,-0.12591237,-0.85816646,2.0258176,-2.1470838
-1.0552946,-2.95203,-0.10219042,6.497645,-0.24904418,-0.8073831,2.0426567,-2.2264123
-0.8602259,-2.923138,0.3234093,6.260912,-0.2595289,-0.7172947,2.140747,-2.1493902
-0.71440434,-2.907506,-0.047957256,6.197157,0.34347397,-0.6665292,2.0844889,-2.1391108
-0.55366033,-3.0379086,0.2243821,5.9046545,0.40003255,-0.6425119,1.8635521,-2.161398
-0.72423685,-2.9160666,0.30609146,5.7763133,0.30677882,-0.84114206,1.931566,-2.002134
-0.8364871,-2.909249,0.38426727,5.5658007,0.4452646,-0.66207296,2.0232694,-1.878188
-0.89003026,-2.9222932,0.7594033,5.4151115,0.17803697,-0.75532293,2.168431,-2.0456903
-0.60041475,-2.8964303,0.7153987,5.7855372,0.12051834,-0.57398,1.9449443,-2.0738268
-0.7263843,-2.837082,0.43784305,5.91225,0.04498183,-0.6422911,2.2804778,-2.1404657
-0.38535124,-3.0518305,0.5121907,5.979681,0.13118467,-0.6454397,2.2937334,-2.0621412
-1.1442161,-2.7991924,0.51504374,5.709711,-0.13331597,-0.76750755,2.3248446,-2.0820715
-1.0960796,-2.8169644,0.56607664,5.7783694,-0.16362222,-0.8516343,2.1902876,-2.32869
-1.0971196,-2.8159876,0.6280984,5.7707353,-0.22123937,-0.87461376,1.9644473,-2.1665726
-0.90089446,-2.857826,0.46682322,6.0254874,-0.15202905,-0.80674374,1.9408367,-2.0337496
-0.6291976,-2.9070957,0.43046013,5.853873,0.05515184,-0.7181915,2.0174608,-2.2045434
-0.9927286,-2.8636625,0.35341436,6.1840124,-0.22620559,-0.83767647,1.969865,-2.2264326
-0.84697163,-2.876339,0.33435825,6.0763025,-0.015504833,-0.7265245,2.0256584,-2.1001258
-0.6500465,-2.9620905,0.071594745,6.2919736,0.07379594,-0.6289136,2.0843525,-2.2383933
-0.7315587,-2.917396,-0.24652658,6.485222,0.24636254,-0.7973419,2.0590186,-2.17534
-0.95365924,-2.7826018,-0.2862808,6.4862556,0.16976362,-0.6545614,2.2063575,-2.0848799
-0.5551506,-2.9693716,0.040272404,6.3123684,0.2045173,-0.5521573,2.0589702,-1.9602855
-0.76017773,-2.9852424,0.13382775,6.3465753,-0.10761155,-0.717858,2.0741704,-2.0755122
-0.62724054,-2.9685326,0.3511295,6.375885,-0.22870652,-0.6249397,2.195812,-2.1245606
-0.8494362,-2.8667567,0.3836818,5.856018,0.18650651,-0.7423261,2.0199325,-2.1680138
-0.87599355,-2.8362885,0.1001617,5.76996,0.5580215,-0.63982666,2.1054502,-2.267328
-0.8410577,-2.8900304,0.17352818,5.4310837,0.833491,-0.8064299,2.0325556,-2.1660237
-0.66590476,-2.9780736,0.47216332,5.530549,0.564583,-0.6300123,2.1335182,-2.180788
-0.6918641,-2.8499458,0.5571692,5.415152,0.5206662,-0.58445454,2.10799,-2.032461
-0.90537167,-2.8265593,0.5966925,5.3295536,0.42767215,-0.64292157,1.7568498,-2.124633
-0.81751317,-3.0408788,0.4603188,5.516468,0.33529952,-0.77003527,2.172908,-2.0675952
-0.91476357,-2.8488126,0.44846928,5.4269485,0.40616792,-0.8156303,2.1441405,-2.2543683
-0.7459392,-2.8390079,0.578672,5.518433,0.26960507,-0.9269963,1.989976,-1.886093
-1.0602131,-2.7354655,0.33040702,5.228326,0.69100964,-0.7938298,2.122161,-2.0674765
-0.8302008,-2.8792377,0.32957304,5.6705976,0.3316287,-0.6959073,1.9230772,-2.0087147
-0.9116843,-2.8715646,0.12122647,5.897525,0.22369952,-0.75118434,2.2533946,-2.1851661
-0.7837278,-2.889012,-0.110493705,5.9584837,0.5664662,-0.78513044,2.1092544,-2.239493
-0.7092134,-2.8672745,0.14291659,5.943519,0.32806024,-0.6291655,1.9600955,-2.1825867
-0.7060209,-2.9273775,0.4399973,5.637939,0.45013505,-0.71672916,2.265373,-1.9297564
-0.68439233,-2.916372,0.36460018,5.6787753,0.46195337,-0.6965001,2.1328642,-2.1746438
-0.90375656,-2.8625374,0.039783724,5.7004094,0.49948633,-0.81054866,2.1838107,-2.1806026
-0.89347696,-2.8424304,0.27543655,5.6697097,0.36130366,-0.7107906,2.0077434,-2.2777138
-0.80394524,-2.855546,0.0696564,5.878294,0.47512084,-0.7726514,2.190527,-2.043123
-0.8744845,-2.9456365,-0.11107925,5.5384173,0.9351035,-0.64633393,2.1172974,-1.9461346
-0.7486345,-2.9578402,0.24674185,5.3779597,0.8745164,-0.75954807,2.3431582,-2.2014813
-0.5411088,-2.986394,-0.11133381,5.2958336,1.4083135,-0.6186115,1.9477631,-2.2412195
-1.0269345,-2.759588,0.042366352,4.8025627,1.4225843,-0.69130653,2.1320217,-2.2413332
-0.8102811,-2.9925208,0.6229745,4.740188,1.1178412,-0.76178336,2.090898,-2.0255244
-0.5880405,-2.9178185,-0.15409064,6.0114293,0.8064878,-0.6252193,2.1393812,-2.1791067
-0.82160515,-2.8029528,-0.87940854,5.8231487,1.4867681,-0.78437567,2.03814,-2.1516824
-0.55657095,-3.099725,-0.46661255,5.951171,1.121942,-0.60195035,2.2052593,-2.1423635
-0.98645276,-2.7452276,-0.6966731,5.8850713,1.0745342,-0.9026588,2.121168,-1.9988036
-1.1138437,-2.793371,-1.0318459,6.501726,0.70828444,-0.8334953,2.0422707,-2.0192616
-0.73704684,-2.7796807,-0.8606382,6.3422,1.0111722,-0.6079009,1.9274848,-2.0931087
-0.86111516,-2.8882253,-0.92494273,6.0355053,1.2589247,-0.82316536,2.2476559,-2.3473046
-1.0062851,-2.8434072,-0.8441908,5.7973943,1.2640315,-0.8635583,1.9632672,-1.9994959
-0.6323368,-3.013932,-0.85731816,5.576604,1.8158437,-0.58961934,2.3649552,-2.0664315
-0.83515984,-2.8524382,-0.3302315,4.872097,1.8860761,-0.7585335,2.000132,-2.1045299
-0.905667,-2.6854155,0.16763379,4.9355626,1.2966809,-0.6588438,1.9880182,-2.1089575
-0.94627476,-2.7193906,0.72568125,4.7211547,0.89001113,-0.80092746,1.9519681,-2.0461252
-0.7353923,-2.9416864,0.31950957,5.3091035,0.8135439,-0.6676683,2.115087,-2.0075688
-0.81287926,-2.8794508,0.45306307,5.77578,0.20827876,-0.67700464,2.1561418,-2.2364287
-0.76995367,-2.8146884,0.35654232,5.118868,1.06659,-0.5760031,2.1935635,-1.9282761
-0.64817315,-2.7911682,0.5460307,5.082277,0.73664093,-0.6366961,2.0473058,-2.0551066
-0.8575956,-2.968274,0.5102627,5.172171,0.6252447,-0.6915371,2.1342027,-2.2123399
-1.050098,-2.8572133,0.5255569,4.9280815,0.706016,-0.84533453,1.9542689,-2.2253003
-0.76909596,-2.8964484,0.6375708,4.8767805,0.914882,-0.743974,2.2486017,-2.0074806
-0.60663986,-3.1021235,0.4573844,5.32083,0.6717498,-0.7063248,2.1215763,-2.0824955
-0.9973526,-2.902871,0.63649976,5.1603384,0.5168715,-0.66444737,2.2617254,-2.1283035
-0.66747534,-2.881432,0.9081884,4.996635,0.6421711,-0.63835907,2.0242214,-2.21948
-0.7335854,-2.9145539,0.55909264,4.95804,0.827948,-0.70693,2.3735354,-1.9728316
-0.5455295,-3.00448,0.34034657,5.0901837,1.2079288,-0.58379155,1.9974436,-2.1015542
-0.6061189,-2.8717782,0.3510883,5.005323,1.2808994,-0.6429547,1.9242494,-2.0623596
-0.8562272,-2.860153,0.13466565,4.8573093,1.4534193,-0.6591166,1.9859432,-2.189032
-0.8639889,-2.8879836,0.16271316,4.986539,1.3571798,-0.64825064,2.5356503,-1.9797453
-0.7614682,-2.8457758,-0.40529564,4.880836,1.9104866,-0.6221572,2.091105,-2.2064972
-0.4406797,-3.0222533,-0.70971245,5.178337,2.1981611,-0.6169069,2.2380266,-2.064733
-0.93121237,-2.8318288,-1.5738698,5.696111,2.2738307,-0.7400564,2.1006563,-2.2005284
-0.8025903,-2.9165606,-1.1482686,5.548135,2.063712,-0.7781491,1.9841172,-2.152878
-0.70321953,-2.9551227,-0.94128054,6.085497,1.3384594,-0.6478801,2.1698797,-2.2129657
-0.6175402,-3.0636184,-1.0903034,6.022495,1.3925861,-0.7450399,1.9890203,-2.1942441
-0.68327725,-3.0154073,-0.8655361,6.20257,1.1663636,-0.61845696,2.0564651,-2.2487457
-0.5457884,-2.8826497,-0.6721672,6.2245793,1.0686961,-0.6185996,1.8639417,-2.1222353
-0.84199244,-2.867308,-0.45856822,6.091165,0.83035123,-0.7475305,1.9325984,-2.222996
-1.0694273,-2.8945105,-0.4429834,5.88027,0.746354,-0.8614607,1.9300427,-2.0741477
-0.9887068,-2.8096492,-0.4709227,5.9802375,0.70753026,-0.75419927,2.354517,-1.9776702
-0.6717333,-3.0522223,0.11723484,5.7359757,0.54653984,-0.6343035,2.2107918,-2.1403422
-0.7379979,-2.9122965,0.23334609,5.839717,0.3100288,-0.6534427,2.038444,-2.1412137
-0.6287163,-2.946617,0.32107803,5.7955823,0.46860892,-0.6506053,2.0979805,-2.2409968
-0.88507044,-2.8546395,0.35332975,5.4024534,0.56105,-0.6980695,1.9554822,-2.1307278
-0.87021434,-2.9283512,0.6502533,5.2574844,0.3378581,-0.7552718,2.0546763,-2.2225926
-0.9082684,-2.804974,0.62786037,5.210839,0.47369564,-0.7933925,2.1381598,-2.1503506
-0.676521,-2.8979292,0.75301504,5.382817,0.39479262,-0.7565117,2.0525184,-2.2555792
-0.7896602,-2.9495924,0.38234183,5.362974,0.5582411,-0.7651325,1.9754785,-2.2411997
-0.9872427,-2.9470804,0.5152663,5.523327,0.1936214,-0.77297854,2.1680624,-2.2039716
-0.70420945,-2.864651,0.36791828,5.735165,0.44454193,-0.6246059,2.0835447,-2.1840231
-0.789802,-2.9536622,0.19246538,5.538741,0.63488513,-0.73512274,1.9834375,-2.3922596
-0.74490577,-2.9719326,-0.05205198,5.700414,0.79303753,-0.5648914,2.1598809,-2.2003167
-0.72460335,-2.830878,0.5673622,5.477428,0.45723456,-0.70974195,2.129534,-2.0856783
-0.4574937,-2.8525276,0.8233601,5.661526,0.1977687,-0.5998296,1.9830196,-2.1177845
-0.601484,-2.8869536,0.32759526,5.877537,0.27158028,-0.56108105,1.9994967,-2.086531
-0.96136534,-3.028523,-0.105056636,5.8500867,0.46227884,-0.6976592,1.9172248,-2.1098523
-0.9689647,-2.8040643,0.21176293,5.767333,0.3923614,-0.7116818,1.951192,-2.1264677
-0.8127944,-2.8559394,0.11831178,5.8679895,0.3950171,-0.7120274,2.274613,-2.1787577
-0.8298983,-2.848535,0.45635363,5.809573,0.17553298,-0.64650613,2.0653822,-2.251673
-0.857139,-3.0019171,0.4933869,5.417475,0.42648616,-0.62404704,2.0749238,-2.1317992
-0.7987618,-2.8964367,0.10494948,5.7270374,0.5217732,-0.65034014,2.1200938,-2.2348647
-0.9052886,-2.8046958,0.1563265,5.314957,0.9265618,-0.6205256,1.9911953,-2.1575747
-0.9956517,-2.8405979,-0.37128007,5.322024,1.2725899,-0.75017095,2.1719673,-2.2445393
-0.76401144,-2.8600113,0.18180023,4.5150876,1.7911794,-0.72067434,2.1764488,-2.2130973
-0.9550195,-2.9024818,-0.14736298,5.1575217,1.321626,-0.6391331,2.2211697,-2.1300097
-0.68732584,-2.9261165,-0.3746284,5.150782,1.610155,-0.73998123,2.0844345,-1.956027
-0.7759418,-2.8254912,-0.25574097,4.660365,2.0915737,-0.71244097,1.9131951,-2.2128332
-0.74593425,-3.047033,-0.31563768,4.294795,2.4815433,-0.76922536,2.00825,-2.1057289
-0.6750181,-2.9176073,-0.11009634,4.656843,2.0378911,-0.6440368,1.9995966,-2.236232
-1.0023879,-2.7376838,0.13048242,4.4912777,1.6064689,-0.5928442,2.2807462,-2.1501257
-0.83853525,-3.0201113,-0.16293213,5.0945845,1.5210608,-0.73266476,2.2024577,-2.2104757
-0.97468376,-2.7452269,-0.49770442,5.4073477,1.301555,-0.76155716,2.0579343,-1.9698554
-0.84966254,-2.8225877,-0.5158713,5.4608264,1.4062238,-0.7072031,2.0027583,-2.1841853
-1.2686256,-2.7467709,-0.31021342,5.5277147,0.8960301,-0.8825453,2.094795,-2.3094025
-1.0477397,-2.7850626,-0.39827368,5.452154,1.2810957,-0.6506433,1.854177,-2.0873828
-0.95353955,-2.890644,-0.6553146,5.5241814,1.4639623,-0.69699717,2.0355034,-2.0855105
-1.0708858,-2.85065,-0.8727999,5.618743,1.49203,-0.6342382,2.0939267,-2.0495186
-0.8062322,-2.8051095,-0.6429393,6.3439937,0.67969733,-0.86126107,1.8597708,-1.9961406
-0.97211105,-2.850697,-0.53389305,5.946119,0.74880785,-0.7070101,1.9612364,-2.101669
-0.7965034,-2.9454389,-0.35748455,6.165237,0.6491117,-0.63592786,2.1202855,-2.2355943
-0.74030304,-2.911647,-0.45748055,6.492947,0.40844923,-0.7777423,2.1225595,-2.1787517
-0.5214608,-2.9190626,-0.30651587,6.388404,0.5620167,-0.6150261,2.1769247,-2.0140514
-0.668623,-2.8838449,-0.082432784,6.2161508,0.35248652,-0.65902406,2.0086055,-2.125828
-0.6322953,-2.9070532,-0.15362634,6.1877255,0.41414627,-0.59977657,2.1657114,-2.1358542
-0.6881139,-2.9897525,-0.12416064,6.2310457,0.4415114,-0.6896559,2.1451466,-2.1866245
-0.79953986,-2.9180434,-0.28593722,6.1440525,0.57965934,-0.61821705,2.3162308,-2.079771
-0.6458589,-2.9159205,0.009427695,5.3248863,1.273204,-0.6943685,2.025194,-2.216262
-0.91477126,-2.7609794,-0.25331542,5.054786,1.5491883,-0.68857664,1.9902898,-2.1406753
-0.6454413,-2.9575546,-0.60262734,5.27621,1.8433768,-0.64456034,2.0835223,-2.11399
-0.47293577,-2.9979603,-0.7367542,5.50433,1.8957525,-0.646483,2.0735533,-2.1351972
-0.8973999,-2.8126173,-0.65131146,5.3962197,1.5922716,-0.95190805,2.0173683,-2.2858105
-0.7268937,-2.8952608,-0.8704897,5.707209,1.6305501,-0.5997747,2.2360356,-2.2359707
-0.6893773,-2.9822435,-0.67248076,5.7583957,1.4631271,-0.6626518,2.0178344,-2.166457
-0.72944415,-2.9189227,-0.22496653,5.4354124,1.2876426,-0.65896803,2.351898,-2.05713
-0.89430535,-2.9362404,-0.31861764,5.505467,1.1555338,-0.7048254,2.1210291,-2.2408957
-0.8710505,-2.8595023,-0.00056679547,5.2283716,1.0710763,-0.7922831,2.274293,-2.2572029
-0.80299586,-2.9961834,0.25389183,5.3654814,0.7661323,-0.7420311,1.8392373,-2.254067
-0.8182573,-2.956871,-0.13657697,5.2763543,1.0836452,-0.724135,2.0328965,-2.0964189
-0.6958071,-2.8605328,0.17986925,5.585295,0.7889308,-0.5820703,2.1621385,-2.1010478
-0.75053513,-3.0123134,-0.7251366,5.521952,1.5829732,-0.6606497,2.113524,-1.9541739
-0.84399545,-2.9908948,-0.5613721,5.9282675,1.0055137,-0.6659206,2.004431,-2.207896
-1.021387,-2.7557952,-0.7220056,5.9450297,1.0028465,-0.68075174,2.155471,-2.059495
-0.72381294,-3.0510826,-0.84413695,5.773446,1.586455,-0.6720762,1.895808,-2.0740051
-0.81224734,-2.8960516,-0.059417736,6.2184825,0.26205584,-0.6258117,2.0866334,-2.2597132
-0.90669566,-2.9342864,-0.11678105,6.4087286,-0.039686546,-0.80286074,2.1547372,-2.219322
-0.8845234,-2.8596961,-0.38636371,6.3526173,0.25661534,-0.85119903,2.1025379,-1.9949331
-0.47177464,-3.1018505,-0.10447638,6.2813344,0.47677284,-0.672043,2.2861502,-2.141946
-0.85656303,-2.918922,-0.24127395,6.144514,0.4541494,-0.8643912,2.2732384,-2.0329516
-0.9454555,-2.7903738,-0.11433886,5.7745104,0.60683477,-0.5977087,2.182972,-2.18092
-0.99154943,-2.8359742,-0.10512683,5.9865,0.5130043,-0.91622216,2.0306299,-2.0442033
-1.0190423,-2.7979963,-0.16295546,5.889874,0.5005698,-1.0714065,2.0673506,-2.312245
-0.7372237,-2.9984844,-0.48530987,6.223568,0.69381046,-0.6960519,2.068964,-2.1505954
-0.7608476,-2.8966722,-0.22261406,6.4241624,0.26099744,-0.7552264,1.9917854,-2.1697776
-0.6977924,-2.8885753,-0.15100177,6.4598274,0.1686052,-0.73230296,2.1263473,-2.1224642
-0.789705,-2.9403753,-0.14609164,6.2118964,0.25099054,-0.738775,2.027365,-1.9947734
-0.30027503,-3.0310915,0.31957242,6.4603496,0.085972644,-0.55536085,1.8574693,-2.096634
-0.8058387,-2.860485,0.5868631,5.816951,0.090131804,-0.66282624,2.0665283,-2.076473
-0.79546577,-2.868374,0.63382065,5.428483,0.29227945,-0.6239142,2.0316718,-2.1766243
-0.87424403,-2.9822128,0.5489419,5.3084326,0.49287438,-0.7710157,2.1041484,-2.2917187
-0.889961,-2.8959281,0.18789113,5.3097935,0.74549866,-0.8247708,1.9689301,-2.3023772
-0.93945277,-2.8819883,0.27134433,5.171088,0.88060063,-0.79992855,2.1300454,-2.1518948
-0.7994918,-2.8336484,0.36254406,5.0249805,0.99728554,-0.7783281,2.2394788,-2.150929
-1.09057,-2.8817813,0.350527,4.8186617,0.9636011,-0.87758446,2.05966,-1.913763
-0.8401504,-2.871098,0.3698095,4.907583,1.1049819,-0.6892134,1.996847,-2.077808
-0.82275945,-2.9398813,0.7900872,4.5723567,0.93971574,-0.7891888,2.3224645,-2.1381931
-0.95078564,-2.9030502,0.34401384,4.54053,1.50554,-0.7313796,1.9788795,-2.103636
-0.8101899,-2.9985447,-0.16836555,5.0339103,1.501847,-0.7764426,2.037528,-2.1113641
-0.881793,-2.8415473,0.014631096,5.027552,1.3541522,-0.7410148,2.0108814,-2.1681979
-0.8871653,-2.9359574,0.43715242,4.8013186,1.037027,-0.8512776,2.0056155,-2.0771747
-0.95040923,-3.0476263,0.44027546,4.772951,1.1390134,-0.8324461,1.8734908,-2.2950525
-0.7224363,-2.865646,0.3623935,5.5990777,0.4595539,-0.64523125,2.1386352,-2.0507216
-0.7151425,-2.9353316,0.79215044,5.5563993,0.21169059,-0.548836,2.1057405,-2.2420893
-0.93723464,-2.8620613,0.5068365,5.607285,0.17648415,-0.7542432,2.013558,-2.2084048
-0.60287815,-2.8708117,0.046181783,6.002856,0.48282185,-0.6192172,1.9627687,-2.2542496
-1.0526316,-2.741472,0.012194793,5.6325316,0.5950636,-0.7892872,2.1273267,-2.1088977
-0.79293716,-2.8824625,-0.25843808,6.1529565,0.6856214,-0.72775555,1.8291857,-2.0406992
-0.9436575,-2.8358622,0.02923685,5.57309,0.70104504,-0.70656055,2.1484208,-2.388076
-0.88630164,-2.8519394,0.20983733,5.5501027,0.55374604,-0.78692526,1.9243485,-2.2322698
-0.6150813,-3.0089993,0.10689426,5.9462514,0.6228979,-0.6295247,2.2906466,-2.170689
-0.78312224,-2.836372,0.23918355,5.623675,0.6026539,-0.6267489,2.2014008,-2.1876252
-0.3902166,-2.945153,0.28215927,6.075154,0.24315414,-0.54609656,1.966548,-2.0760837
-0.61547905,-2.9232242,0.6428889,6.102627,-0.26341775,-0.7272891,1.7887418,-1.9665675
-0.74933344,-2.8192823,0.7113073,6.3188434,-0.5538896,-0.6491566,2.0014126,-2.1410348
-0.9202491,-2.8594337,0.6062374,5.9646606,-0.31083912,-0.6756439,2.0388777,-2.114996
-1.0227898,-2.8307822,1.1358594,5.367098,-0.15596318,-0.7822182,2.02731,-2.2208085
-0.9065527,-2.8312166,0.811408,5.759638,-0.115200326,-0.6982263,2.1122904,-2.1198614
-0.7194959,-2.9049141,0.99053216,4.893648,0.59955025,-0.63679343,1.9788461,-2.1634073
-0.5810589,-2.8918653,0.8264442,5.089779,0.6817307,-0.5733762,2.0240467,-2.1779501
-1.0046518,-2.7440684,0.9800761,5.050137,0.37204495,-0.6982207,2.1225736,-2.0716288
-0.43211177,-3.0332425,0.66775906,5.489495,0.44709384,-0.6137479,2.031659,-2.0035381
-0.7630501,-2.9451716,0.18438128,5.7505193,0.5271917,-0.6183683,1.9334992,-2.2128925
-0.925875,-2.8744125,0.32581177,5.84053,0.21709076,-0.7420425,2.1490922,-2.1121404
-1.1243553,-2.817242,0.4547269,5.5851774,0.1937787,-0.8160901,1.6826538,-2.1169267
-0.6565859,-2.8836305,0.92988944,5.442397,0.12879673,-0.6575902,2.3665483,-2.1478913
-0.9021888,-2.8384297,1.209572,5.3105545,-0.12618984,-0.6308128,2.2823145,-2.240268
-0.7959947,-2.9436142,0.90579873,5.571353,-0.067642994,-0.81050646,2.2258883,-2.20915
-0.7837344,-2.9175537,0.9458922,5.4768424,-0.094457775,-0.6369903,2.208919,-2.2013764
-0.83419406,-2.922286,0.83446085,5.6170297,-0.13306199,-0.7014851,2.033866,-2.1155858
-0.91547936,-2.884804,0.98104453,5.3492956,0.035046108,-0.73068905,2.146082,-2.015268
-0.7988133,-2.7751985,1.0631675,5.2245045,0.14274256,-0.6287866,2.0643728,-2.0854325
-0.6259512,-2.9060357,1.1396484,4.768544,0.5464326,-0.61266834,2.188194,-1.9633385
-0.8226255,-2.809709,0.9516054,5.097438,0.430904,-0.6759073,2.357272,-2.0356677
-0.6591047,-2.927984,1.1128422,4.7527595,0.6625954,-0.66356456,2.397176,-2.138718
-0.979934,-2.8918898,1.1075548,4.7079372,0.3800591,-0.863692,2.263711,-2.283018
-0.7298492,-2.8642147,1.1417341,4.67262,0.55452096,-0.8091893,1.8937272,-2.0842059
-0.86743975,-2.822442,1.0986289,5.048861,0.34582955,-0.66642123,1.9730598,-2.0267942
-0.57208973,-2.9422746,0.7198389,5.256885,0.4155755,-0.5813839,1.9791465,-1.9318806
-0.58727586,-3.0774298,0.26874372,5.493375,0.76445025,-0.636792,1.9540198,-2.2131608
-0.80306995,-2.8945568,-0.015232365,5.7553816,0.71763664,-0.7358681,2.0382426,-2.317981
-0.72621626,-2.9736848,-0.25273338,5.773713,0.95399815,-0.5938223,1.9652762,-2.1565099
-0.7862381,-2.8702562,-0.30281144,5.6622896,1.0686302,-0.7189196,2.1398282,-2.1202738
-0.8719385,-2.8612704,-0.67826086,5.6898694,1.3623081,-0.73125327,2.1388512,-2.1579175
-0.7859142,-2.9590402,-0.7104404,5.8901997,1.237124,-0.6569204,2.049642,-2.0671532
-0.8416732,-3.0173898,-0.68895286,6.008627,1.0436786,-1.058349,1.8049334,-2.1673589
-0.53303105,-3.0599344,-0.2929349,5.8898416,1.0507789,-0.758734,2.0483577,-2.4473991
-1.0132598,-2.831291,0.20546842,5.0371113,1.0631058,-0.77840734,2.0057564,-2.1224911
-1.0471895,-2.9450564,0.44397333,4.999492,0.798792,-0.65845215,2.1261058,-2.1606226
-1.0804862,-2.7894695,0.4584588,4.771656,0.92699146,-0.7927835,2.059293,-1.9200668
-0.7958238,-2.807566,0.6462906,4.8462787,0.94281286,-0.69888353,2.1365094,-2.0943646
-0.96430725,-2.8299196,0.5610174,4.738273,0.9799456,-0.90908104,1.9784331,-2.0820773
-0.80400234,-3.053732,0.59362483,4.3037987,1.6331351,-0.6957498,2.2171328,-2.1558886
-0.7817684,-2.9526277,0.505672,4.043889,1.8847886,-0.7317459,2.3121061,-2.0811462
-0.660961,-2.8273873,0.48200783,3.9283042,2.1445243,-0.76285005,2.0123308,-2.0633805
-0.6114668,-2.8804622,0.34958765,3.9812598,2.3276694,-0.6646152,2.1789985,-2.1874619
-1.0104808,-2.8708117,0.33086747,3.8460798,2.0520117,-0.893832,1.9095857,-2.2372127
-0.59183574,-3.0466952,0.39729437,3.9098756,2.2027853,-0.6858849,2.2795198,-2.0968528
-0.86135125,-3.0349834,0.30652693,4.120886,1.8951719,-0.80746406,2.0214944,-2.3167994
-1.0839984,-2.836486,0.27880412,4.477708,1.4655478,-0.7747813,2.127224,-2.184986
-0.50577396,-3.041063,0.08758787,4.637002,1.7407439,-0.6940407,1.9591112,-2.2071605
-0.876569,-2.89991,0.19042857,4.278921,1.7951338,-0.7117979,2.0592184,-2.1828194
-0.55648375,-3.121166,0.24558693,4.5570645,1.7432944,-0.71693766,2.0284941,-2.1131885
-0.66708195,-3.0509062,0.31214347,4.4567895,1.5513939,-0.73951983,2.0040283,-2.0777285
-0.85043585,-2.9417646,0.52194667,4.7928834,1.0406405,-0.6400111,2.0850165,-2.2014775
-0.5144035,-2.9758084,0.72475946,5.1438327,0.69741106,-0.638267,2.08027,-2.1821694
-0.6428511,-2.9437602,0.7868986,5.2956586,0.4408614,-0.62680054,2.2306986,-2.1004696
-0.67615294,-3.02733,0.78033483,5.2449393,0.4176342,-0.7685894,2.0929174,-2.2139509
-0.9230558,-2.9177613,0.97202635,5.481594,-0.17527072,-0.821224,2.1244204,-2.2246132
-0.7879176,-2.9693353,1.305159,5.377839,-0.3159752,-0.9149623,2.0315235,-2.3522434
-0.96716785,-2.7908752,1.2466866,5.840587,-0.80120677,-0.8156959,2.064593,-1.9994886
-0.9734933,-2.7932215,1.1011332,5.673078,-0.44329762,-0.6951525,2.067851,-1.9944179
-0.6250293,-2.969583,1.470287,5.8059635,-0.7419432,-0.60083395,2.0797231,-2.2629578
-0.7252903,-2.8875332,1.5275509,5.4875765,-0.60408163,-0.6563802,2.0263855,-2.0774841
-0.7310927,-2.931182,1.2333297,5.583978,-0.34127197,-0.6003777,2.026075,-1.996648
-0.57233185,-3.0019205,0.91174215,5.6749477,0.035635952,-0.6387846,2.0116417,-2.0372326
-0.59028125,-2.897272,0.26868153,6.2252398,0.041595925,-0.6973398,2.172766,-2.2125988
-0.59348756,-2.9331887,0.022483373,6.3049865,0.21624935,-0.67767483,2.0689256,-2.1939611
-0.8650755,-2.784862,-0.25086167,6.190627,0.36717826,-0.8474995,2.175704,-2.1325479
-0.6229748,-2.9356182,-0.32951823,6.440097,0.37428033,-0.7025001,2.048031,-2.1577291
-0.23861186,-3.157241,0.056797754,6.558178,0.1491077,-0.60521835,1.9855008,-1.797814
-0.9632019,-2.8641179,-0.24243136,5.87725,0.62986016,-0.64963114,2.1469977,-2.1177278
-0.5957034,-2.920852,-0.27563643,5.594442,1.1526418,-0.73707867,2.0491362,-2.0693529
-1.0476792,-2.7701402,-0.38497844,5.6869774,1.023047,-0.7363293,2.02157,-2.1546195
-0.7161319,-3.1837628,-0.27561817,5.6359496,1.1156657,-0.69978756,2.0940907,-2.007725
-0.8657479,-2.99584,-0.2964622,5.4426885,1.1440165,-0.67590433,2.14898,-2.263425
-0.9277457,-2.8149753,0.17156018,5.3227854,0.9240836,-0.7572471,2.1298947,-2.2423782
-0.775235,-2.8415873,-0.26318166,5.751147,0.9747826,-0.68368566,2.0330942,-2.1703348
-0.6986997,-2.8208656,-0.6494037,6.5377836,0.67587924,-0.67473984,1.9243387,-1.9774776
-0.9865318,-2.7767804,-0.67460066,6.3145213,0.5515101,-0.8085155,2.1652067,-2.1499975
-0.570217,-2.839601,-0.71698374,6.452566,0.8373974,-0.67440635,2.1960814,-1.9308833
-0.7237323,-3.038214,-0.8094718,6.14583,1.0618905,-0.67206615,2.1597116,-2.185079
-0.77519673,-2.910277,-0.7979564,6.603446,0.6879794,-0.74073744,2.0551252,-1.967152
-0.4549455,-3.0010405,-0.17158802,6.4587584,0.41026652,-0.58603066,1.8863258,-2.0988984
-0.81829214,-3.0219142,-0.39866942,6.619006,0.113346204,-0.7656782,1.9124235,-2.399294
-0.7479734,-2.9033487,-0.31558633,6.844004,-0.18838046,-0.71637005,2.2764766,-1.8996178
-0.60508317,-2.9178603,-0.19645913,6.9535503,-0.23742528,-0.622465,2.09892,-2.1196666
-0.66008073,-2.8727195,0.060347725,6.858948,-0.31437024,-0.63929737,2.019024,-2.0575647
-0.9752052,-2.822906,-0.2852292,6.95925,-0.36643004,-0.9265852,1.9361517,-2.1221836
-1.0152074,-2.8295202,-0.3403218,6.626032,-0.0072946292,-0.72416043,2.0625987,-2.1274624
-0.8719702,-2.910354,0.0035865016,6.6024694,-0.26786295,-0.6877244,2.0774605,-2.0277338
-0.7031137,-2.977868,-0.12787658,6.7118554,-0.18518461,-0.71424747,2.0033326,-2.1143053
-0.68075097,-2.9449468,0.5148088,5.9789853,-0.0012930832,-0.6849119,2.1384823,-2.1274748
-0.7504177,-2.9948316,0.29824552,6.0843287,0.07280432,-0.7418144,1.7583635,-2.1047425
-0.64571965,-3.0934494,0.22182107,5.9304767,0.33488953,-0.70928085,2.1313012,-2.1858532
-0.75757027,-2.86319,0.21999452,5.8404584,0.4038575,-0.56284034,2.0421553,-1.9130477
-0.9874308,-2.8951418,0.030893901,5.935308,0.28539723,-0.80028844,2.0898924,-2.0228715
-0.9509159,-2.8368828,0.0035517593,5.82226,0.5002194,-0.9230803,1.9228508,-2.2532506
-0.9600734,-2.8245735,-0.0827683,5.830227,0.52667624,-0.70354444,1.8802571,-1.9350938
-0.6478824,-3.046911,-0.31570405,6.120565,0.5953708,-0.73057723,2.138146,-2.2396774
-0.9827135,-2.8099542,-0.2954684,6.069147,0.5376248,-0.7982648,2.1564448,-2.059264
-1.0370176,-2.8609138,-0.1766273,6.1949744,0.2209764,-0.81979054,1.927057,-2.291324
-1.0990964,-2.7561324,-0.34913647,5.9239116,0.6210029,-1.0164597,2.0658796,-2.008116
-1.0789558,-2.7513156,-0.32087514,6.0852017,0.49070722,-0.75191754,2.0657825,-2.0064902
-0.75670016,-2.9293752,-0.29686463,5.8813996,0.8393085,-0.6226058,2.0997355,-2.2316923
-0.86427623,-2.92445,0.109191515,5.530498,0.8594467,-0.83358324,2.068224,-2.0868301
-0.9423255,-2.728531,0.17106053,5.4007053,0.82450485,-0.8846131,2.0750449,-2.1938436
-1.0375564,-2.8101287,0.1663574,5.2982154,0.8248149,-0.78791517,2.0166414,-2.2032566
-0.78872657,-2.9694893,0.46476257,4.9833903,0.97660816,-0.6837307,1.9814535,-2.1194258
-0.7249147,-2.8669534,0.7384548,4.8809905,0.9254384,-0.67641246,2.152298,-2.208432
-0.8352393,-2.9750905,0.6440806,4.52769,1.0650784,-0.72627544,2.070193,-1.9964473
-0.85977143,-2.9271495,0.5498544,4.263809,1.4735303,-0.8985306,2.1202104,-2.2162988
-0.7904909,-2.789201,0.28389362,4.6058593,1.5405926,-0.74292445,2.1677186,-2.2221434
-0.72451854,-2.9506009,0.45270237,4.8938327,1.1600306,-0.6524846,1.9571627,-2.261336
-0.85060996,-2.829204,0.37479088,5.060552,0.79728496,-0.8390413,2.13353,-1.9372239
-0.78661174,-2.9366386,0.6822198,5.1518197,0.60257596,-0.7036668,2.1385772,-2.058305
-0.73730725,-2.9865415,0.50237125,5.781228,0.06155567,-0.63231444,2.0754359,-2.2250326
-0.6128453,-3.0005336,0.3967004,6.4811053,-0.1680222,-0.59763026,2.141688,-2.0249763
-0.7831215,-2.833005,0.112905756,6.7496843,-0.43306002,-0.68746215,2.0640173,-2.216015
-0.6981129,-2.924799,0.38321453,6.744159,-0.6082859,-0.63355523,1.9776269,-2.0907934
-0.9739157,-2.8399658,0.16131584,6.8490777,-0.7285189,-0.75230074,2.1162848,-2.096427
-0.70269096,-2.9958801,0.13417286,6.541681,-0.31192145,-0.6948302,1.6668909,-2.082338
-0.9812807,-2.886776,0.33249846,6.2674136,-0.34823063,-0.95713764,1.9780952,-2.2137244
-0.9117506,-2.7847762,-0.063910596,6.1566057,0.28358683,-0.6935043,1.9180796,-2.111591
-1.0723307,-2.7756615,-0.017194794,5.7338767,0.48929754,-0.7538307,2.1983519,-2.2680254
-0.8337032,-2.8812678,0.29406357,5.5072956,0.5199414,-0.65674084,2.088327,-2.0358036
-0.76724035,-2.9519923,-0.12774062,5.73387,0.7253585,-0.7104912,2.0832512,-2.1441205
-0.62360317,-2.869897,-0.13703303,6.171647,0.5221573,-0.61075,2.1791792,-2.227169
-0.6998537,-2.9418561,0.078751124,5.8023143,0.4958293,-0.63018805,1.9604152,-2.0967293
-0.6455552,-2.935638,-0.056575496,5.776701,0.84865564,-0.71527874,2.095225,-1.9943684
-0.9848637,-2.9593797,-0.8521082,6.1425776,0.9455465,-0.6139986,2.1336672,-2.2087789
-0.73770905,-2.9979625,-0.5832395,6.0817924,1.0171163,-0.5871409,2.0000598,-2.308516
-0.7432139,-3.0092554,-0.5036554,6.0665946,0.7454328,-0.8667903,2.099668,-2.0845816
-0.7460538,-2.9352021,-1.038169,6.3100815,0.9846873,-0.6817376,1.922523,-1.8722703
-0.9060592,-2.765934,-1.3641536,6.558964,1.141312,-0.7506614,2.2641797,-2.2241678
-0.84695184,-2.8522968,-1.2303114,6.559665,1.0851305,-0.68068516,2.1058083,-2.2564328
-0.71865964,-3.0254488,-1.1736786,6.247047,1.3538538,-0.802012,1.990339,-2.0444455
-1.0013801,-2.871386,-1.4380548,5.921089,1.7477472,-0.7728273,2.1875255,-2.3820298
-0.6829075,-2.9433177,-1.4482968,5.9185576,1.9351168,-0.6337616,2.2358286,-2.2593818
-0.63881415,-3.2197292,-1.3974369,5.809522,1.9781433,-0.6239882,2.3304634,-1.8828497
-0.7416859,-3.0231028,-1.3476691,5.8796053,1.8559023,-0.6945002,2.2489212,-2.148811
-0.531524,-2.9102976,-0.85355204,5.352083,2.0619452,-0.5549003,2.3006709,-2.1245894
-0.8109125,-2.9091523,-0.54888785,5.038603,1.8472407,-0.7198428,2.2142146,-2.062291
-0.8025416,-2.8729227,-0.5126409,4.7358804,2.069771,-0.6784679,2.0426555,-2.2012334
-0.65667695,-2.8202243,-0.21175258,4.9724073,1.7596161,-0.65426064,1.9851618,-2.0157216
-1.0743864,-2.7298346,-0.2018503,5.2038546,1.3340114,-0.73939776,2.1647122,-2.1333418
-0.8063683,-2.944748,-0.025481494,5.313621,0.9885024,-0.7326902,2.2050903,-2.0781794
-0.73790765,-2.9692435,-0.10284389,5.689981,0.8476617,-0.7493064,1.9362342,-2.1190066
-0.53798395,-3.1580238,-0.2334497,5.7494655,1.0643706,-0.54633653,2.031966,-2.2066646
-0.6689729,-3.0125701,-0.07941654,5.8147144,0.7209984,-0.779604,2.0281305,-2.1278708
-0.70864934,-2.9076371,-0.4294728,5.703787,1.1237621,-0.81708664,2.0883157,-2.1576328
-0.6467083,-2.9444447,-0.30863607,6.015974,0.88140666,-0.61557543,2.108383,-2.0517082
-0.86961,-2.8270779,-0.12445485,6.14291,0.3856978,-0.63253844,2.0109503,-1.9844135
-0.74700075,-2.8614783,-0.24463008,6.1309304,0.53701013,-0.7577526,1.9966449,-1.9156226
-0.7503289,-2.9807193,-0.43231425,6.3058205,0.5733246,-0.768451,1.9179678,-2.1467736
-0.8175265,-2.9002964,-0.16563742,6.5662584,0.05692105,-0.71975833,2.119075,-2.1310222
-0.73119396,-2.833433,0.12211137,6.289495,0.112623855,-0.61416227,2.0147636,-2.2457528
-0.7039103,-3.0524256,0.34996495,5.616133,0.2856301,-0.5934182,2.2498143,-2.1337385
-0.94547695,-2.8536355,0.10315,5.5777555,0.58642995,-0.63953,2.196681,-2.1974154
-0.8550479,-2.91579,0.1257717,5.940616,0.29868594,-0.7158757,2.3717523,-1.9768786
-1.0328807,-2.719788,-0.009201694,5.921445,0.4091573,-0.82661533,2.0697517,-2.0566187
-0.91779727,-2.9594543,-0.3553479,6.0273805,0.5976856,-0.6991849,2.0583158,-2.0003552
-0.6853305,-2.9364867,-0.008413107,6.0504565,0.44439048,-0.69965327,1.9845988,-2.0931718
-0.87182045,-2.9216607,0.18873498,5.373996,0.793403,-0.7578558,1.921538,-2.160485
-0.9863182,-2.8860235,0.4716181,5.2734933,0.5160492,-0.68066925,1.9697567,-2.2109313
-0.92335224,-2.8977349,0.5193607,4.5435944,1.476843,-0.64287186,2.155371,-2.3227339
-0.87163186,-2.9287252,0.46688136,4.388432,1.5527716,-0.72388446,2.0037017,-2.1987321
-0.8753226,-2.7605455,0.71308607,4.1079454,1.534887,-0.75293887,2.1036747,-2.2881675
-0.9194234,-2.9860606,0.49947166,4.4145036,1.43246,-0.7050084,2.1058748,-2.3067248
-0.8851636,-2.879155,-0.14915128,4.782053,1.6707611,-0.733338,2.1014278,-2.2183836
-0.63076085,-2.8481984,0.11452989,5.0172186,1.5144747,-0.6097189,2.1847417,-1.9709764
-0.7331539,-2.9457107,-0.095421314,5.0737157,1.3563982,-0.71337205,2.1216536,-2.0998335
-1.0331129,-2.6802034,0.19640364,4.4947796,1.5446147,-0.68006134,2.0752869,-2.0201316
-0.9570702,-2.9565954,0.20748977,4.601663,1.421341,-0.8369343,1.6540415,-2.194695
-0.75311816,-3.0562406,0.17804289,4.870058,1.2877772,-0.78485256,1.8567016,-1.8617672
-0.7567594,-2.9583628,0.10158042,4.8750434,1.2566082,-0.84558344,2.1252966,-2.058056
-0.8488324,-2.8168702,-0.0808249,5.35154,1.2115765,-0.5891798,2.0341856,-2.048639
-1.1986235,-2.7036026,-0.3006086,5.2522483,1.3405012,-0.65555346,1.9433749,-1.9318297
-0.87547266,-2.8632712,-0.25573006,5.152686,1.4826559,-0.6186385,2.1128316,-2.1738029
-0.8525796,-2.9435685,-0.6880051,5.1710024,1.8241893,-0.6851,2.1946237,-2.1920536
-1.0685302,-2.8664117,-0.47736865,4.804036,1.839237,-0.84172803,2.2116003,-2.1331172
-0.92126334,-3.0903094,-0.7520838,5.5163393,1.5306783,-1.0795045,2.0559182,-2.197099
-0.6874332,-3.0554059,-0.9442181,5.479502,1.8612108,-0.7235823,2.2072508,-2.1954694
-1.323619,-2.689134,-1.156491,5.794565,1.5445532,-1.0019522,2.0590866,-1.9167519
-0.8046827,-2.8350346,-0.87891996,5.8888326,1.3692157,-0.7608074,2.1364684,-2.146199
-0.65229183,-2.9719298,-0.77240384,5.801905,1.378785,-0.70736146,2.2158568,-2.1522355
-0.82787704,-2.9892948,-0.89849657,5.600026,1.7198691,-0.6932862,2.2803354,-2.2738495
-1.0464898,-2.8734593,-0.7962248,5.4561615,1.575807,-0.7632386,2.2056723,-2.1668491
-0.6390735,-3.0297575,-0.1732479,5.303444,1.3342357,-0.71175236,1.998305,-2.146662
-0.6064014,-2.9722173,-0.08990877,5.2655673,1.4404533,-0.7303445,2.163669,-1.9494575
-0.7268686,-2.9679787,-0.9321427,5.441884,1.8086311,-0.70059955,2.193089,-2.363601
-0.74908,-2.7745504,-0.73935467,5.3861303,1.8025808,-0.7031748,2.0206838,-2.0240667
-0.6300812,-3.0096774,-0.60888344,5.4910693,1.663531,-0.67409974,2.1416492,-2.0486343
-0.37066907,-2.973354,0.07817656,5.399421,1.1404983,-0.6322695,1.9690257,-2.1772401
-0.7009792,-2.8766274,0.06324514,5.6065774,0.71507853,-0.58228666,2.0433202,-2.1534812
-0.55818176,-3.049684,-0.08603193,6.0499105,0.5451998,-0.76800084,2.0247455,-2.140977
-0.9044975,-2.7629747,-0.13992815,5.9362493,0.7012928,-0.6477486,1.9991959,-2.3209066
-0.90572166,-2.9666564,-0.2716131,5.431548,1.2097354,-0.8113586,2.0610764,-2.3182058
-0.57417536,-2.8389864,-0.46761537,5.5330105,1.5002646,-0.64294285,1.8709049,-1.9657375
-0.8555142,-2.766257,-0.34550694,5.5634923,1.1472434,-0.6090824,2.06589,-2.2271187
-1.1225282,-2.8397748,-0.58823836,5.5535603,1.096884,-0.9867277,2.175782,-2.322835
-0.9192803,-2.8358943,-0.2863308,5.7941704,0.71649927,-0.9218118,2.3133154,-2.0114398
-0.6604651,-2.8469176,-0.15946242,5.745971,1.02619,-0.5743302,2.221028,-2.0238142
-0.77663636,-2.9554746,-0.41930002,5.701428,1.2471797,-0.73168886,2.039147,-2.252963
-0.73545575,-2.761613,-0.15582804,5.417276,1.1720414,-0.70155543,2.0403879,-2.1142356
-1.0478648,-2.8110843,-0.28115007,5.6735206,0.9145668,-0.6988711,2.115213,-2.0669675
-0.6429224,-2.9970675,-0.4782326,5.9308586,1.0264347,-0.6261785,2.1470253,-1.915667
-0.82847637,-2.7641249,-0.5489218,5.881567,1.098438,-0.6849851,2.2399542,-2.1576948
-0.6376799,-2.8897114,-0.2276702,5.513766,1.1917381,-0.69032323,2.1371968,-2.2281482
-0.7370411,-3.0841281,-0.17154501,5.471343,1.0597786,-0.7266585,2.1277912,-2.0706818
-1.2073143,-2.7648625,-0.5885769,5.1997137,1.7122418,-0.79985803,2.2258508,-2.0352716
-0.8081156,-2.939237,-0.27397668,5.6542296,0.98189616,-0.738568,2.1450946,-1.9709502
-0.8213279,-2.840045,-0.088337205,5.430357,1.0275053,-0.63599604,2.0368378,-2.1624973
-0.70767784,-2.8679054,-0.24461275,5.6982765,1.0548891,-0.6465804,2.1778555,-2.189492
-0.70885015,-2.9397373,-0.3964458,5.8084564,1.0795519,-0.6341456,2.180138,-2.254066
-0.8476445,-2.9393554,-0.5056076,5.7052097,1.1074213,-0.7245892,2.1490846,-2.1496181
-0.82463145,-2.8294456,-0.38271734,5.872123,0.8585663,-0.7642088,2.121138,-2.16332
-0.9901219,-2.9817665,-0.4330081,6.078052,0.65026575,-0.64927685,2.0708146,-1.9689143
-0.71580964,-2.916726,-0.30036837,6.0407467,0.7623399,-0.70251834,2.0638106,-2.0817275
-0.9251239,-2.902265,0.088333584,5.511427,0.6616374,-0.7432284,2.2712865,-2.1875749
-0.71061844,-2.9496527,0.09760936,5.6407404,0.59865767,-0.7687194,2.0725486,-2.0425134
-0.8586345,-2.9076662,-0.105187625,5.8910527,0.5504176,-0.686731,2.0637147,-2.0357838
-0.79894656,-2.947203,0.045760315,5.8254485,0.48270744,-0.6535619,1.9779702,-2.0312095
-0.79692245,-2.8755894,0.42939478,6.029318,-0.05963919,-0.67323434,1.9865501,-2.33498
-1.0156361,-2.801668,0.38200003,5.9049883,-0.11680819,-0.6669783,2.4336965,-2.1194267
-0.74880075,-2.9690683,0.12478101,5.9402585,0.2761595,-0.6812684,2.0800114,-2.242678
-0.77633077,-2.8876107,0.19035564,6.068874,0.25981736,-0.59602165,2.120812,-2.268344
-0.94259846,-2.8257053,0.8054146,5.5666766,-0.2133588,-0.7356442,2.2190301,-2.2948127
-0.52566594,-3.0766587,1.105054,5.3907404,0.070891455,-0.6468479,2.069666,-2.1334014
-0.7534327,-2.9828677,0.8755477,5.3911886,0.12497477,-0.682718,1.8158236,-1.8962492
-1.0295436,-2.800966,0.82860565,5.169075,0.322221,-0.684533,2.2095082,-2.1756518
-1.0871847,-2.7799168,0.51228446,5.3542204,0.33370942,-0.78523386,2.2046328,-2.0000353
-0.687452,-2.8692794,1.1965204,5.2928033,-0.012420931,-0.5914086,2.1765747,-2.0887516
-0.99004555,-2.7880206,1.5212032,4.7581387,0.0016181117,-0.81120557,1.8623303,-2.0519345
-0.67889684,-2.891992,1.24699,4.715395,0.48408586,-0.7449987,2.032718,-2.099954
-0.7836076,-2.8658197,0.87028027,4.75649,0.91039985,-0.6768888,2.053852,-2.22078
-0.6637297,-2.8852956,0.90563697,4.876125,0.6878819,-0.6452457,2.106664,-1.961029
-0.85743254,-2.8729763,0.53184885,5.354153,0.46302655,-0.65842736,1.946998,-2.0404072
-0.9384324,-2.872443,0.31191868,5.6862335,0.36341333,-0.7619994,2.1021657,-2.0082111
-0.75837094,-2.917133,0.21975397,5.6218987,0.47261012,-0.71006733,2.0034242,-2.0958521
-0.80994964,-2.825124,0.4168522,5.3612366,0.6945428,-0.741389,2.2241793,-1.9840113
-0.73368883,-3.0132222,0.029430501,5.7103133,0.66374487,-0.70930445,2.1235754,-2.1972806
-0.7179485,-2.902821,-0.21076842,5.8209834,0.7249418,-0.57580435,1.9472176,-1.9898603
-0.8096749,-2.8455546,-0.08668568,6.137841,0.31556547,-0.68696797,1.9736451,-2.2105355
-0.7927722,-2.8901484,-0.10971718,6.128305,0.27763653,-0.7588628,1.8484778,-2.0482204
-0.89184046,-2.8373327,0.13867581,5.7441883,0.4022944,-0.6673272,2.046831,-1.9730453
-0.89072627,-2.8230133,0.03612697,5.9543114,0.35119805,-0.69180065,1.9312644,-2.154251
-0.9985124,-2.7770274,0.059300452,5.7227197,0.44481504,-0.73398507,2.3056383,-2.1564586
-0.7498163,-2.9621623,0.21348564,5.617644,0.52196586,-0.70325243,2.0718114,-2.1497946
-0.6129635,-3.063747,0.21920472,5.6905932,0.5678424,-0.6327816,2.126154,-2.0856793
-1.0377309,-2.815457,-0.001574286,6.044079,0.2999071,-0.8101047,2.1076124,-2.1083243
-0.818324,-2.8513558,-0.2871657,6.0782185,0.61383086,-0.6274611,2.1470845,-2.1226225
-0.68071634,-2.9477415,-0.5329043,6.2165227,0.7565334,-0.634408,2.060747,-2.2558792
-0.903832,-2.7948031,-0.6352001,5.987666,1.1457014,-0.5608965,2.131012,-2.1447184
-0.6979099,-3.0946226,-0.83798367,5.953837,1.2493637,-0.7085022,2.1288562,-2.17013
-0.7135334,-3.1653492,-0.602591,5.628922,1.46413,-0.6160604,1.8038723,-2.1425796
-0.79147506,-2.912026,-0.658668,5.936448,1.1179746,-0.6851679,2.1042032,-2.0675635
-0.8509362,-2.8375251,-0.54733366,6.0552654,0.8735828,-0.7863969,1.9223092,-2.1007164
-0.70344967,-2.8846457,-0.6032886,6.1739135,0.83184403,-0.67708355,2.131196,-2.1517892
-0.592243,-2.9649596,-0.17488244,6.37775,0.3037288,-0.67718196,2.2704413,-2.1380844
-0.67387915,-2.9293993,-0.014549087,6.240943,0.29278144,-0.85395586,1.9815718,-2.127672
-0.80060107,-3.019319,0.2139432,6.022121,0.057477757,-0.72358197,2.0534678,-2.178258
-0.7129325,-2.7999563,0.089239925,6.5053773,0.004317092,-0.6869393,2.2778554,-2.0171342
-0.6002535,-2.9230163,0.06973082,6.589861,-0.057313878,-0.6229538,2.3396256,-2.216773
-0.79158354,-2.8592384,-0.032974664,6.1215243,0.27601337,-0.7038301,2.3069954,-2.195833
-0.85867983,-2.7527156,0.5813412,4.588655,1.3765529,-0.7464009,2.1460133,-2.0084894
-0.8389704,-2.9758275,0.5778915,4.564453,1.2250191,-0.73296744,2.183254,-2.1648397
-1.1320666,-2.8885915,0.66028225,4.54257,0.98808384,-0.7869342,2.1522803,-2.2409182
-0.574155,-2.8422918,0.61373734,4.9398665,1.1528502,-0.6945978,2.1964517,-2.1112149
-1.0733545,-2.7650115,0.61065894,4.302859,1.3866154,-0.7964731,2.0365133,-2.106168
-1.0907177,-2.7266743,0.2647612,4.4162364,1.4935184,-0.67089844,2.0572991,-2.1770785
-1.0841948,-2.835551,0.33440104,4.5217695,1.3532877,-0.8022464,2.12591,-2.224519
-0.78001696,-3.0164223,0.08772571,5.090037,1.2440635,-0.6985976,2.088484,-2.2487493
-0.9638822,-3.0277658,-0.10675658,5.0561213,1.3553503,-0.7800982,2.0323565,-1.9268407
-0.91472834,-2.8818445,-0.07044669,5.2545867,1.3128704,-0.6231926,2.115916,-2.317627
-0.7752411,-3.0176375,-0.10945786,5.3775387,1.0929694,-0.81220376,2.111472,-2.199012
-0.5578694,-2.9077463,-0.09424602,5.0675955,1.6441435,-0.62370646,1.9390641,-1.9876828
-0.76613015,-2.9297051,0.19442786,5.0528817,1.3092179,-0.576952,2.0497925,-2.1832595
-0.92620647,-2.8595648,0.2912885,5.177522,0.6951943,-0.8275812,2.3729103,-2.154016
-1.1045539,-2.701951,0.71354795,5.496309,0.020386282,-0.7293031,2.0661802,-2.0147908
-1.1419802,-2.8099706,0.47239497,5.363348,0.32156196,-0.82170933,2.1578228,-2.0133383
-0.68849987,-2.9852605,0.80327755,5.2515078,0.50502133,-0.6498135,2.0758832,-2.179446
-0.8238611,-2.8073642,0.93368024,5.319294,0.15948015,-0.7733642,2.1374333,-2.0132062
-0.9225487,-2.9219847,0.66312975,5.0810046,0.4815035,-0.7486309,2.083092,-2.1858711
-1.1626562,-2.7144432,0.88610977,5.3949184,0.056588694,-0.68918556,1.7375247,-2.1699364
-0.8447239,-2.993361,0.71131647,5.534937,0.094893225,-0.6621561,1.9582685,-2.1130712
-0.67872405,-2.8376026,0.44234067,5.8409753,0.2678602,-0.5394338,2.005614,-2.0651991
-0.85161996,-2.7452521,0.12252992,6.05971,0.158246,-0.49979594,1.993486,-1.8666639
-1.060352,-2.876825,0.32961968,5.7395797,0.1831353,-0.81781834,1.7576531,-2.0117917
-1.1161569,-2.8045592,0.4531552,5.678451,0.10141184,-0.87626326,1.9958977,-2.1042392
-0.92590225,-2.8815536,0.66566026,5.9098554,-0.272377,-0.8733349,2.2409487,-2.1753623
-0.7987404,-2.9630687,0.9077484,5.4548173,0.01900945,-0.7877624,1.9989871,-2.1040957
-0.7902965,-2.8668797,0.7300927,5.5301895,0.13665394,-0.7050049,1.8897623,-2.1667898
-0.8677417,-2.7768512,0.5840548,5.3261805,0.44708046,-0.6769255,2.1330948,-2.1430874
-0.6127583,-2.940211,0.39829776,5.7744193,0.3401849,-0.6389443,2.0907423,-2.0350187
-0.8460861,-2.8672397,0.4597682,5.7534366,0.1463129,-0.6283855,2.1903737,-2.1989448
-1.1247762,-2.821636,0.72999877,5.4415226,-0.026825774,-0.70068276,1.941005,-1.981895
-0.7785134,-2.908298,0.47271526,5.4496017,0.45379424,-0.64840186,2.1166825,-2.1304708
-0.5014744,-2.9874692,0.35776898,5.7012105,0.51019514,-0.7171636,2.374447,-2.1137185
-0.6756969,-2.9297993,0.4359954,5.7768216,0.24183992,-0.726446,2.2719805,-2.0095956
-0.5891821,-3.1067348,0.3099643,5.7421913,0.44354978,-0.7133969,2.0500505,-2.220594
-0.8609535,-2.8309019,0.9783976,5.0049376,0.47471175,-0.7121184,2.256747,-2.1428595
-1.3110214,-2.574214,0.55231714,4.8962893,0.7409731,-0.7911508,2.2237887,-2.1149595
-0.6860796,-2.955913,0.16218962,5.5700846,0.8259116,-0.692033,2.1834302,-2.1399806
-0.87312216,-2.7882707,-0.37344405,5.68188,1.107827,-0.7247063,2.0001497,-2.185557
-0.82748455,-2.813926,-0.678155,5.696853,1.3779398,-0.75364155,2.2638948,-2.0574043
-0.8561743,-2.8675451,-0.59539354,5.956116,0.9728014,-0.757632,1.8988848,-2.2026062
-0.89597875,-2.9189155,-0.41510823,5.7578945,0.9601351,-0.78444827,2.1842337,-2.2263505
-0.7921268,-2.8488407,-0.45853928,5.214419,1.5424436,-0.755136,2.1699665,-2.207936
-0.32678002,-2.9241831,0.6980717,4.6745377,1.4311022,-0.5976075,2.183143,-2.1182966
-0.803956,-2.8726509,1.0643239,4.534853,0.8900543,-0.8149338,1.9197949,-2.1473835
-0.7598336,-2.9053357,1.1561636,4.105956,1.2443305,-0.68512666,2.2240267,-2.4125426
-0.59745115,-2.8578773,0.65406543,4.321254,1.6994615,-0.6241849,2.133437,-1.9558488
-1.0020579,-2.792039,0.3160881,4.7089133,1.2716331,-0.8267098,2.0823114,-2.0941002
-0.71575457,-3.041061,-0.10700845,4.764578,1.8558824,-0.6467061,2.0702367,-2.1766543
-0.6938946,-2.9528637,-0.16607827,5.1728153,1.4337968,-0.6971202,1.9952818,-1.9471047
-0.75146234,-2.8028216,-0.05844379,5.417775,1.0712935,-0.6339275,2.0557215,-2.008982
-0.78010887,-2.9023576,0.23635532,4.956983,1.1553868,-0.721453,1.9882431,-2.4329991
-0.823971,-2.9169245,0.3514998,5.090159,0.99156827,-0.8422246,2.1287665,-2.2045572
-0.5900976,-2.9202585,0.6092228,4.8240047,1.1126323,-0.5710157,2.1058948,-2.0053148
-0.7838827,-2.8820922,0.005619402,5.180145,1.2596304,-0.7781541,2.0540698,-2.094667
-0.8070835,-3.041528,0.097332165,4.98129,1.2895466,-0.8157707,2.2611735,-2.014316
-0.9024041,-2.8466976,-0.01987393,5.3968673,0.8890641,-0.7068884,2.1822815,-2.1853883
-0.95746714,-2.9273777,-0.23019493,5.4685035,1.097184,-0.71126187,1.8698696,-2.1693437
-0.82934976,-2.8023574,0.04374704,5.2122755,1.0640945,-0.7763606,2.1541336,-2.067542
-0.9394839,-2.8180478,-0.07810586,5.2907815,1.1811823,-0.68701625,2.1533265,-2.2663586
-0.65524787,-2.9797244,-0.18124244,5.1655445,1.5021464,-0.67490876,2.0156686,-2.0852952
-0.984725,-2.8230684,-0.20925596,4.7352576,1.6676366,-0.8007031,2.2534988,-2.0757432
-0.8474611,-3.029185,0.10336244,4.327938,2.000919,-0.7559406,2.0731702,-2.033428
-0.85631543,-2.7876115,-0.044819746,5.3790607,1.1033229,-0.6014429,2.0835006,-2.1206
-0.68470836,-3.0085711,0.074308455,4.91972,1.5238256,-0.6383975,2.170616,-2.1208663
-0.74327123,-3.028813,-0.38227552,5.210478,1.4598224,-0.80315304,2.1369638,-2.0549886
-0.6382909,-2.8798015,-0.01777289,5.0833955,1.5007744,-0.58717155,2.103275,-2.1964111
-0.46479335,-3.0330486,0.35485703,4.6873837,1.3422533,-0.5790766,2.2516074,-1.9297209
-0.687116,-2.9814565,0.49659812,4.5576096,1.2735889,-0.60582435,2.051339,-2.3153005
-0.95401376,-2.8256114,0.73999166,4.811155,0.7625385,-0.7093904,2.0553398,-2.237533
-0.49045905,-2.8488138,0.72057563,4.794083,1.1452678,-0.6210075,1.97791,-2.1761453
-0.93566686,-2.7107995,-0.061576363,5.064914,1.2828397,-0.7175112,2.165303,-2.1216528
-0.8217814,-3.0241432,0.026461849,4.8826075,1.3068702,-0.7052887,2.2560456,-2.0182085
-0.7380526,-2.8640954,0.29591307,4.8901286,1.1286803,-0.6216021,2.1710706,-2.0302117
-0.7399477,-2.9347856,0.50530636,5.1910753,0.8145193,-0.6094571,2.2656963,-2.0504718
-0.43580094,-2.8494992,0.022661585,5.5283413,1.0612935,-0.5959582,2.1440592,-2.0698845
-0.54131913,-3.021391,0.17082256,5.488149,0.8938716,-0.7582682,2.2097456,-1.9937408
-1.0411781,-2.7456992,-0.38445058,5.5516043,1.1877619,-0.8641069,2.1559656,-2.2632635
-0.95272166,-2.8051128,-0.33530328,5.429286,1.2081578,-0.7328291,1.9933337,-2.0701346
-0.66729134,-3.1136293,-0.31056762,5.2860613,1.513878,-0.7165444,2.1509542,-2.0581067
-0.6323122,-2.8744485,0.11390479,5.74584,0.69371265,-0.7171081,1.9500608,-2.1563323
-0.724751,-2.8613203,-0.30790275,6.0772586,0.6866036,-0.6537798,2.0137277,-1.8794402
-0.88969064,-2.8706672,-0.34882808,5.917272,0.733196,-0.6533674,2.1834824,-2.184738
-0.7771271,-2.893269,-0.6864846,5.7301807,1.4645988,-0.6314027,1.9297053,-2.2788324
-0.7805346,-2.844675,-0.5087408,5.5047073,1.4789402,-0.7056769,2.1481748,-2.098428
-0.76387554,-2.8900747,-0.46109772,5.3913355,1.4891464,-0.5800845,2.155473,-2.0054555
-1.0150293,-2.7424529,-0.5142598,5.1960306,1.6160345,-0.7272722,2.2650032,-2.0691588
-0.9872062,-2.6937537,-0.6421697,5.2588024,1.5767319,-0.67729706,2.3544312,-2.1713645
-0.6722837,-2.8869882,-0.34335667,5.4341226,1.3903356,-0.6185519,1.9559942,-2.0984747
-0.797172,-2.9118853,-0.1844739,4.889668,1.7970977,-0.71615344,2.0991318,-2.2842917
-0.545497,-3.0752494,-0.09605664,5.4432335,1.1495953,-0.69248545,2.0320046,-2.0862057
-0.9527842,-2.9180644,-0.043070342,5.1700544,1.1599684,-0.9229566,2.0554757,-2.085971
-0.918445,-2.8896875,0.20515831,5.3550606,0.74798733,-0.8034493,2.1981702,-2.1708143
-0.7748348,-2.9565601,0.12287447,5.22482,0.92039305,-0.7018921,2.275322,-2.1020668
-0.78874457,-2.8148355,-0.20827308,5.663782,0.96369016,-0.56490284,2.3692315,-2.116333
-0.74009025,-2.9824681,-0.37557507,5.814476,1.0014913,-0.7471427,1.9885001,-2.464992
-0.9921731,-2.912354,-0.07436099,5.6015906,0.7181131,-0.8603999,2.093434,-2.0240684
-0.87740916,-2.884073,-0.11549514,5.7485986,0.7290746,-0.77957,2.1491091,-2.155942
-0.8985471,-2.8683095,-0.287955,5.610086,1.1324775,-0.7701695,2.0779467,-2.2102878
-0.57138497,-2.922925,-0.15673296,6.463391,0.27397332,-0.66874564,2.18337,-2.2888248
-0.87208015,-2.7821183,-0.24114195,6.4639683,0.33811468,-0.5839135,2.267595,-2.006893
-0.9181037,-2.8644042,-0.5908144,6.498174,0.3492526,-0.7528376,2.126792,-2.0139053
-0.69597995,-2.9416442,-0.61602056,6.8075128,0.34245974,-0.61585784,2.085311,-2.1005318
-0.774848,-2.9045904,-1.078801,7.0482802,0.46303025,-0.6579817,2.0500576,-2.1048565
-0.90776813,-3.059444,-1.2894667,6.7243447,0.9890205,-0.9038246,2.1639519,-2.289426
-0.75698817,-2.9027023,-1.0163972,6.5416656,0.8530977,-0.9167588,2.0819514,-2.2292342
-0.85006064,-2.8502147,-0.8543512,6.5810633,0.5633255,-0.65529263,2.0354187,-2.2085166
-0.61797607,-2.8729415,-0.50425327,6.276883,0.7523351,-0.57427466,2.0476103,-2.1764627
-0.80801564,-2.889289,-0.51389515,6.556849,0.38054937,-0.85421556,2.3375912,-2.2260168
-1.0766587,-2.7662542,-0.79390574,6.4904146,0.5864984,-0.7426591,1.9888701,-2.2863815
-1.1604553,-2.7306883,-0.9273592,6.618818,0.42462754,-0.9643693,2.0757213,-1.9616058
-1.0747668,-2.7990925,-0.79463845,6.789239,0.1978341,-0.77771485,1.9949732,-2.178909
-1.0257522,-2.83757,-0.6496036,6.840459,0.15407726,-0.76975924,1.8819693,-2.0498376
-0.87281466,-2.8731673,-0.5060566,7.0646367,-0.2165155,-0.84841657,2.2529278,-2.0049407
-0.7617471,-2.8591876,-0.08449942,6.862181,-0.3385976,-0.6982445,2.0395222,-2.1560848
-0.6423898,-2.8211973,0.26466548,6.746945,-0.42349407,-0.6220899,1.9426675,-2.0146332
-0.79949385,-2.8712797,0.12021201,6.503361,-0.26317617,-0.62834716,2.1877751,-2.0289226
-0.8517669,-2.984634,-0.57212067,6.638626,0.21617904,-0.793107,2.093021,-2.1747122
-0.76559365,-2.9194694,-0.51029104,6.3010426,0.62091744,-0.7609582,2.2350245,-2.1185853
-0.7208169,-2.8967242,-0.21931434,6.031282,0.6095208,-0.57729685,2.0589554,-2.1556125
-1.038773,-2.7556357,-0.27126825,5.79795,0.7485446,-0.8864259,2.2017865,-2.245544
-0.7227465,-2.8687665,-0.38183966,5.960836,0.9653549,-0.6016775,2.070895,-2.0525658
-0.9069783,-2.8573477,-0.687564,5.9070463,1.0277735,-0.7358227,2.08788,-2.0831432
-0.47336936,-2.9901233,-0.16160098,5.905681,0.8722488,-0.6369004,2.2272167,-1.8609263
-0.7118248,-2.9165597,0.5136981,5.2971034,0.6766014,-0.6694478,2.119719,-2.0220873
-0.59744596,-2.8588302,0.2419737,5.891286,0.53744215,-0.64533216,1.8400394,-1.9847616
-0.6327825,-2.9458528,0.35447615,6.0866103,0.06797629,-0.582296,2.056088,-2.159038
-0.7377568,-2.960529,0.39958146,5.8824053,0.1252732,-0.6228674,1.9773886,-2.1867871
-0.6429393,-2.8942828,0.48059365,6.0759215,-0.01371603,-0.6975617,2.145073,-2.0866206
-0.65996456,-2.9658606,-0.02667219,6.4350996,0.097543724,-0.7641295,2.0267665,-2.133064
-0.9345699,-2.9521892,-0.086144395,6.308681,0.024950955,-1.0034609,1.9636471,-2.2028687
-0.4870133,-2.9636817,-0.14229703,6.6278768,0.11624148,-0.6209964,2.2556896,-2.3845098
-0.84651834,-2.978444,-0.4878153,6.5968604,0.1689845,-0.6958995,2.1977565,-2.2053497
-0.5961707,-2.9399712,-0.08142704,6.13246,0.571681,-0.7069917,1.9199818,-2.0315576
-0.5598674,-2.782956,-0.13374487,5.8342624,0.84023356,-0.57552993,2.1795368,-2.0798779
-0.9119693,-2.94442,-0.23755491,5.5416093,1.0517733,-0.80406976,2.1521173,-2.1404545
-0.858389,-2.9495497,-0.28566664,5.054946,1.6908703,-0.70304066,1.8588009,-2.2172692
-0.8345983,-2.8710904,0.10099695,5.0069723,1.4353293,-0.7544517,2.1241236,-2.2046685
-0.7655762,-2.917203,0.04744175,4.8434377,1.5969485,-0.63655156,2.108284,-2.16813
-0.7913677,-2.8220425,0.0017456142,4.8176923,1.7285163,-0.7684152,2.043931,-2.2302027
-0.6786305,-2.9705067,0.007485094,4.52692,1.876727,-0.6247828,2.155749,-1.972697
-0.6343126,-3.016689,-0.095957644,4.0680366,2.6246157,-0.78819066,1.9146739,-2.1344776
-1.0460833,-2.855528,-0.27757823,3.9535198,2.693271,-0.82697177,1.9512328,-2.2739632
-1.0406507,-2.914141,-0.47817922,4.2427034,2.6654727,-0.73785216,2.1154594,-2.3142085
-0.7022585,-3.0564947,-0.4777762,5.1293526,1.8476989,-0.7487051,2.054582,-2.1230626
-0.81855786,-2.8509767,-0.1660824,5.292591,1.3352839,-0.6635971,2.0331652,-2.1327832
-0.5824454,-3.0794728,0.42760223,5.1042805,0.9854783,-0.6181858,1.9949087,-2.02038
-0.7454737,-3.0667417,0.37678844,4.9678745,0.92172337,-0.6934567,2.3393993,-2.0942817
-1.0797981,-2.7780416,0.2416709,4.9889364,0.9286828,-0.73446935,2.157554,-2.25154
-0.24944776,-3.1435728,0.65505254,4.7968974,1.3013974,-0.60065573,1.8724749,-2.0279837
-0.72877485,-2.9149656,0.58076435,4.21037,1.630082,-0.79110384,1.9548087,-2.1169367
-0.8084034,-2.895684,0.46547663,4.7126937,1.3104342,-0.723925,2.2069256,-1.9443494
-1.0948417,-2.7379167,0.45824024,4.04671,1.7225155,-0.87672454,2.2470248,-2.2367127
-1.072395,-2.9857519,0.659377,4.26953,1.2404009,-0.88651365,2.0727143,-2.2673461
-0.5889156,-3.0698984,0.49858773,4.5341177,1.4486184,-0.7163634,2.0434763,-2.1217825
-0.580994,-3.089911,0.4447487,4.510378,1.5023733,-0.845736,2.047261,-1.9879012
-0.9493356,-2.9247484,0.4340404,4.6449747,1.2292225,-0.7039221,1.9364569,-2.285648
-0.745944,-2.878322,0.48926294,4.942483,0.9758635,-0.6975631,1.9297264,-2.2134404
-0.7376116,-3.0122032,0.24372265,5.4485292,0.761458,-0.6739771,2.078574,-2.232317
-1.0084718,-2.7720828,0.33860004,5.612932,0.30350375,-0.6541917,1.9898787,-2.2531168
-0.72322565,-2.8175838,0.58971256,5.718195,0.08367099,-0.6835942,2.0503752,-2.0611088
-0.44846514,-2.913203,0.6353252,5.554589,0.32081035,-0.62310654,2.2305045,-2.1735864
-0.95957595,-2.8745816,0.58799416,5.565647,0.23374577,-0.6217434,2.0674846,-1.9759396
-1.0514641,-2.8071842,0.71940327,5.360596,0.12295191,-0.7252781,2.0386186,-1.9320732
-0.792676,-2.7454903,0.79019856,5.6102543,0.0104201045,-0.6692404,2.1844387,-2.0085847
-0.8637201,-2.8362348,0.6111401,5.7371836,0.005794323,-0.75602424,1.9745035,-2.0978677
-0.57739294,-3.005808,0.51471674,5.552668,0.34531784,-0.70187914,2.1559327,-2.0570748
-0.7475158,-2.893123,0.8577295,4.999595,0.5235337,-0.7267224,2.2142847,-2.1959484
-0.64186966,-2.8821504,0.9628305,4.5081882,0.9535504,-0.5561082,1.9916817,-2.2859752
-1.1822513,-2.8163035,0.9307086,4.712394,0.46834493,-0.76822394,2.204328,-2.0175037
-0.4414493,-3.047687,1.4386249,4.6527047,0.5374027,-0.70678544,2.1319935,-2.2297812
-0.7552991,-2.9768124,1.1019069,4.763901,0.58590764,-0.8065382,2.1490238,-2.0258985
-0.61609244,-2.964532,1.4493536,4.525788,0.62602216,-0.65792096,1.9977533,-2.129462
-0.82361305,-2.7304149,1.4986602,4.515582,0.3857093,-0.7214549,2.224308,-2.072816
-0.7244836,-2.942594,1.1700486,4.7924786,0.62726176,-0.61299664,2.0355177,-2.3084993
-0.7144307,-2.948968,1.4508133,4.536772,0.5527756,-0.6060062,1.9907798,-1.9857655
-1.026605,-2.8121545,1.3693274,4.2684255,0.6641567,-0.805497,2.184831,-2.1901503
-0.90910435,-2.9008868,1.3900498,4.547464,0.37340847,-0.68285275,2.041632,-2.1359434
-0.6907028,-3.080377,1.2196162,4.4447327,0.7452736,-0.7770779,2.0510948,-2.0239425
-0.7796153,-2.8426514,0.8542819,4.7034054,0.93552274,-0.64151806,1.9692216,-2.2441359
-0.6074746,-2.9694526,1.0226768,4.934854,0.6697671,-0.7878821,1.9838765,-2.1065972
-1.0013819,-2.8304634,0.25472936,5.209411,0.84709775,-0.8526337,1.9630809,-2.19304
-0.7480339,-2.9355052,0.041110545,5.5064015,0.71467054,-0.75340104,2.0153778,-2.026424
-0.87824565,-2.790832,0.122599855,5.2728734,0.9131841,-0.71372175,1.8477105,-2.1070185
-0.82580954,-2.9372098,-0.165584,5.582353,0.9072527,-0.6141349,1.932437,-2.2607632
-0.74875915,-2.909133,0.030663533,5.7638245,0.7797621,-0.71812594,2.313403,-2.0905845
-0.80587375,-2.8102539,-0.33458987,5.820471,0.872055,-0.6354256,2.1331618,-2.1369922
-0.6359782,-3.0058277,-0.023594523,5.821179,0.53436935,-0.76411825,2.0704992,-2.110977
-0.7205014,-2.973801,0.29290476,5.323576,0.8464339,-0.66861576,2.2104151,-2.1243758
-0.9356323,-2.842857,0.18552129,5.4601617,0.6848145,-0.7214533,2.3902137,-1.9892889
-0.90675604,-2.8563495,0.5291178,5.559154,0.28073463,-0.71623284,2.4357827,-2.007452
-0.82940763,-2.9635193,0.6362601,5.5063114,0.2699873,-0.7114264,2.3610806,-2.0119832
-0.6786008,-2.9071498,0.5663002,5.7926536,-0.012064174,-0.73395926,2.1353328,-2.0931003
-1.1011508,-2.7342534,0.50982606,5.8304243,-0.20533463,-0.68488497,2.3409474,-1.8222275
-0.6274836,-2.9677832,1.0053487,5.630226,-0.09052354,-0.60674554,2.1651325,-2.1399436
-0.8092059,-2.9142437,1.0390671,5.710513,-0.36492124,-0.6964232,2.092808,-2.192075
-0.67314583,-2.8856313,0.8881819,5.9301124,-0.19019955,-0.6443829,1.8818752,-2.0153983
-0.884214,-2.7701547,0.27671584,5.8312197,0.15987942,-0.7468198,1.9197637,-2.076592
-1.086423,-2.8214092,-0.04777521,6.114696,0.21058226,-0.7164755,2.2031922,-2.1426554
-0.7661073,-2.7964582,-0.42835647,6.013895,0.9691138,-0.6526982,1.9463564,-2.099803
-0.7326699,-2.938799,-0.3199076,5.862216,1.0001287,-0.58983743,2.0220413,-2.1263216
-0.9888645,-2.886857,-0.29758567,5.7063575,0.9865533,-0.7666888,2.0857515,-2.2109218
-0.64908856,-2.8691244,-0.4152113,5.730839,1.1883299,-0.58286875,2.2225413,-2.1076674
-0.8046394,-2.8109837,-0.88557184,5.9994254,1.3556008,-0.7685816,2.036156,-2.347905
-0.69479495,-2.9699416,-1.1683818,6.2166386,1.3378748,-0.6993339,1.9334701,-2.1924996
-1.0099981,-2.903684,-1.439448,6.467148,1.2233342,-0.8848171,2.202392,-2.267298
-1.1022224,-2.813823,-1.3197347,6.0630217,1.4431462,-0.74342144,2.0350237,-2.1058412
-0.7731169,-2.96655,-1.788523,6.4252915,1.8317608,-0.7516005,2.1967292,-2.0625393
-0.7715637,-2.7339725,-1.4865369,6.434012,1.5434849,-0.6573587,2.22642,-2.218429
-0.91088724,-2.9134889,-1.449607,6.5163927,1.3212126,-0.70904636,2.2902658,-2.1682348
-0.7186786,-2.8287616,-1.4753497,6.59617,1.4710375,-0.6946339,1.9601477,-2.2513685
-0.82688206,-2.8440275,-1.0907485,6.3826985,1.0667161,-0.6623058,2.1824422,-2.2194896
-0.8611623,-2.8542922,-0.8369125,6.4087434,0.75280195,-0.70057255,2.1075332,-2.1503475
-0.860115,-2.7801821,-0.66806465,6.3461,0.67248577,-0.64795953,1.9300381,-2.237987
-0.8865171,-2.9806843,-0.47241807,6.48164,0.25532147,-0.7700303,2.118876,-2.0165844
-0.97999746,-2.8591826,-0.28545767,6.64632,-0.056640904,-0.77924794,2.0758016,-2.219973
-0.78244543,-2.9653163,-0.4924753,6.1212354,0.5806689,-0.70156777,2.0842345,-2.2060568
-0.95832294,-2.81071,-0.50852853,5.7363677,1.1180062,-0.6233602,2.2202008,-2.119332
-0.8887249,-2.9759932,-0.50974214,5.9702168,0.7858184,-0.7105243,2.189386,-2.0311146
-0.87328714,-2.8624845,-0.57580876,5.9898705,0.8834514,-0.6196786,2.2416098,-2.1287165
-0.7288889,-2.8607874,-0.45562056,6.139131,0.8659921,-0.59040505,1.8514776,-2.0431185
-0.5819062,-2.9409895,-0.40537024,5.8761907,1.1165694,-0.7139554,2.0980852,-2.1495345
-0.94644403,-2.886779,-0.4059672,5.2527366,1.4311928,-0.81519365,2.1799972,-2.1297746
-0.73757714,-2.899538,-0.29864475,5.369035,1.3643446,-0.70500624,2.217451,-2.1687198
-0.8752928,-2.8996813,-0.32768023,5.0850973,1.5475171,-0.73602617,2.0426748,-2.153043
-1.0089471,-2.7704523,-0.03278511,5.67039,0.69195914,-0.6320446,2.0489428,-2.0094569
-0.6307836,-2.8048475,0.25060058,5.4231453,0.943154,-0.6728716,2.0483074,-2.2695718
-0.90257645,-2.81643,0.29839674,5.342107,0.7169382,-0.836613,1.9520835,-1.9943329
-0.8016803,-2.9573445,0.4298547,5.2922773,0.66464937,-0.6736786,2.1527915,-2.1173124
-0.98132753,-2.8450868,0.761528,5.019822,0.47590184,-0.732945,2.151441,-2.2292306
-0.75697494,-2.8663561,0.6037211,5.1695123,0.5372971,-0.6829544,1.809454,-1.9749557
-1.0505868,-2.7283094,0.5508004,5.268849,0.52608997,-0.74160177,2.3162332,-1.9584818
-0.9256285,-2.7890737,0.47959903,5.878991,0.08890258,-0.65490025,2.085003,-2.1322787
-0.81130916,-2.8578348,0.6918817,5.9213786,-0.14231628,-0.60174567,1.9765662,-2.13181
-0.94788134,-2.872584,0.7500678,5.143486,0.35085523,-0.71792,2.011747,-2.205845
-0.70545566,-2.909561,0.75777394,6.0231743,-0.28682494,-0.7574913,2.197905,-2.2001705
-0.8085192,-2.8705542,0.6358038,6.1864076,-0.4088655,-0.50900054,2.1276531,-1.856799
-1.0011948,-2.8130574,0.83898824,5.513283,-0.15775412,-0.88254666,2.1195405,-2.0615969
-0.75490934,-2.9164822,1.2751127,5.353563,-0.11405234,-0.7937264,1.832028,-1.9748105
-0.8485913,-2.831298,0.95391095,5.9568663,-0.49470073,-0.78046966,1.9433082,-2.1931324
-0.9838141,-2.8263938,0.7090763,5.7686014,-0.1706545,-0.8458622,2.0171583,-2.007019
-0.87355256,-2.853612,0.9150506,6.1518726,-0.67921185,-0.66087127,2.2473333,-2.1685054
-0.79423785,-2.8213193,0.6921526,6.1242604,-0.3406318,-0.5512913,1.8901522,-2.1254916
-0.63353294,-3.0307686,0.95646983,5.9679775,-0.38000688,-0.7001261,2.2259352,-2.160477
-0.8569594,-2.8070924,1.074322,5.880384,-0.54848295,-0.6419953,2.2360787,-1.9827455
-0.81086487,-3.011244,0.8900495,5.7646923,-0.41366848,-0.77978647,2.2785482,-2.1553178
-0.8590222,-2.7977622,0.75989866,5.7974725,-0.16902748,-0.68590647,2.022013,-2.0091405
-0.82533205,-2.8818655,0.96638703,5.472281,-0.014730406,-0.7313115,2.037684,-2.145622
-0.89886165,-2.7412455,0.8576978,5.6210876,-0.1834957,-0.67033535,2.1202626,-1.9945673
-0.9671215,-2.843061,0.9137041,5.680812,-0.2821881,-0.99522537,2.3365557,-2.1517694
-0.6812027,-2.8479462,1.3889022,5.4163804,-0.25228113,-0.63029176,1.919398,-2.066163
-0.6513305,-2.8771224,1.379413,5.4037237,-0.37081856,-0.6202975,2.012362,-2.0043995
-0.6806548,-2.8402717,1.0120641,5.568382,-0.011661806,-0.6308607,1.9031596,-2.1342685
-0.9737525,-2.863041,0.6524316,5.6631393,0.086670846,-0.7131214,2.108624,-2.2721355
-0.7399045,-2.8984647,0.22190188,5.829371,0.50943196,-0.65181345,2.2715662,-2.125788
-0.48046008,-3.054791,0.48057133,5.8851876,0.28230488,-0.6480457,2.1308007,-2.0925555
-0.74256146,-2.9160411,0.24052295,5.81165,0.39262432,-0.64892054,2.0830727,-2.1496975
-0.5854192,-2.9178486,0.16929613,5.6736794,0.6767969,-0.67072767,2.1920433,-2.019765
-0.5849613,-2.9962072,0.1422707,5.680464,0.73424,-0.6344241,2.0276213,-2.2052803
-0.9220404,-2.8703003,0.18741508,5.8935084,0.18142848,-0.65158087,2.020308,-2.135144
-0.7545648,-2.838638,0.41142437,6.015777,0.030350726,-0.78518707,2.0225377,-2.1355393
-0.720171,-2.8189235,0.36384264,6.014269,0.10384141,-0.7061238,2.0995266,-1.9466091
-0.6677723,-2.9952981,0.7448619,5.917212,-0.18159924,-0.6954677,2.0003507,-2.3911912
-0.6297068,-2.9976242,0.16816449,5.9436326,0.2627755,-0.72799206,2.1028624,-2.0719175
-0.56959164,-2.9433136,0.11826969,6.0520067,0.41159275,-0.56599265,2.0800617,-2.1519659
-1.2410715,-2.5903077,-0.36748794,6.1011424,0.49450082,-0.79955894,2.0321507,-2.106474
-0.99049115,-2.8312504,-0.1582896,6.2790375,0.15433909,-0.74350655,1.962491,-2.0407412
-0.81217515,-2.951816,0.055260334,6.2245693,0.05881075,-0.7851158,2.0658007,-2.2050507
-0.7574646,-2.7992883,0.38458455,6.136184,-0.052178066,-0.68783134,1.9970902,-2.1904337
-0.90907043,-2.898565,0.49307352,5.992534,-0.030962642,-0.7235074,2.0595903,-2.1713326
-1.152556,-2.8025992,0.70447016,5.693629,-0.18812968,-0.73567957,2.0480528,-2.0777326
-0.9118373,-2.8278418,0.5858267,5.8831635,-0.24826016,-0.9092997,2.3059518,-2.069828
-0.912544,-3.0392976,0.56707036,5.84191,0.059718627,-0.65121603,2.2136028,-2.2365162
-0.74041533,-2.890189,0.32184023,6.143466,-0.036424983,-0.6521018,1.9175217,-2.176847
-0.5771992,-2.9169412,0.35203928,5.8216686,0.290132,-0.6652939,2.1723328,-2.055415
-0.7037656,-2.9493372,-0.1601113,5.7156043,0.95602876,-0.7656682,2.1121838,-2.1665652
-1.1079886,-2.819325,0.1441302,5.9100976,0.25697654,-0.8171862,2.0301437,-2.1199212
-0.9670325,-2.7698615,0.26729697,6.0217376,-0.0019939134,-0.73078036,2.0449207,-2.3614209
-0.9570758,-2.952295,0.2527969,5.7257156,0.29553553,-0.7783767,2.0403469,-2.1120036
-0.887358,-2.8849943,0.45730308,5.4535756,0.29566607,-0.98498493,2.21106,-2.2239141
-0.9630802,-2.8734264,0.9408165,5.4270425,-0.074831374,-0.7571786,2.1103206,-2.0271926
-0.94658935,-2.8384564,0.69962454,5.421535,0.32279566,-0.79579085,2.1267529,-2.2385068
-0.7427897,-2.884628,0.53493965,5.416334,0.3921678,-0.7646205,2.1204429,-2.151168
-0.5152323,-3.09221,0.20570798,5.883316,0.3561295,-0.66791075,2.2045112,-1.9127373
-0.7752086,-2.7549753,0.39057502,5.8780417,0.25142276,-0.658632,2.0755594,-1.9792004
-0.9768462,-2.808704,0.3656184,5.3239875,0.6112296,-0.6954199,2.033809,-2.2008696
-0.5315384,-2.9999404,0.15099697,5.7548203,0.68668574,-0.7054394,2.1776383,-2.2736204
-1.0449027,-2.853043,-0.10080806,6.077538,0.28743726,-0.7337852,2.4121246,-2.1136508
-0.7567499,-2.8404515,-0.12733763,6.197458,0.41065493,-0.727414,2.1873255,-2.1457996
-0.90866107,-2.817909,-0.5662008,6.409657,0.39786223,-0.62373346,2.248987,-2.06402
-0.84874874,-2.8917205,-0.5020917,6.335062,0.51942354,-0.63209385,2.1830206,-2.1067457
-0.8735837,-2.8879402,-0.48903126,6.4358397,0.3848104,-0.80861515,2.0108907,-2.0164402
-0.76123625,-2.827728,0.07306926,6.0972447,0.293596,-0.6943627,2.157684,-2.110852
-0.8479133,-2.7283883,0.25989053,5.9048004,0.27834103,-0.69826573,2.0045815,-2.2333536
-1.1193427,-2.7819905,0.22490375,5.900351,0.09408558,-0.7340457,2.2275085,-2.0244858
-0.8802508,-2.995241,0.32840914,5.974215,0.07970732,-0.6997562,2.2740839,-2.09096
-0.574605,-3.0128634,0.76958185,6.2750325,-0.45603886,-0.58223456,1.9253972,-2.048342
-0.674144,-2.8881564,0.7472467,6.1265454,-0.44544894,-0.7188313,2.217226,-2.0419166
-0.99696535,-2.7487757,0.4014694,5.9736147,-0.1774068,-0.80718714,2.250525,-2.07711
-1.2883568,-2.6047814,-0.12353297,6.005239,0.29707843,-0.75564593,2.0367613,-1.9379673
-0.79736286,-2.9024591,0.016197294,6.26866,0.04849303,-0.70132893,1.9509792,-2.009036
-0.6733722,-2.967859,0.25509474,6.798475,-0.63386506,-0.70540506,2.1501257,-2.2008371
-0.92335194,-2.8121886,0.07049204,6.6685576,-0.42202383,-0.65204155,2.24271,-1.9957136
-1.2171054,-2.7823658,0.01181013,6.391574,-0.26883233,-0.9248508,2.0767453,-2.0431998
-0.7405736,-2.9840279,-0.18190904,6.5567207,0.114669286,-0.69923025,1.6635909,-1.7619907
-0.9220758,-2.7780287,-0.22727598,6.6910095,-0.05143238,-0.6489109,2.0596035,-2.140218
-0.9345173,-2.8623796,0.17204186,6.2073827,-0.17186803,-0.9088136,2.135419,-2.0495582
-0.87263656,-2.832087,0.05047786,6.1619906,0.1954861,-0.8120583,2.2057583,-2.1275327
-0.73224103,-2.8931308,0.06263135,6.408493,0.032132786,-0.7307731,2.2176666,-2.1119697
-0.9439627,-2.8776884,-0.15874988,6.365402,0.19221865,-0.77984434,2.2763197,-1.9972283
-0.8539094,-2.9236288,-0.48507676,6.4242573,0.46367115,-0.7679257,2.043224,-2.3077822
-0.7173453,-2.942773,-0.38954604,6.5462832,0.33880496,-0.6309961,2.306103,-2.201317
-0.77066815,-2.8646398,-0.5937901,6.3680143,0.6504297,-0.6941531,1.8395598,-2.0824394
-0.65733665,-2.9824646,-0.39599472,6.389057,0.4416226,-0.63595873,2.1735322,-2.197683
-0.796166,-3.0190446,-0.49002552,6.16955,0.6689956,-0.80266994,1.9887457,-2.203846
-0.39059886,-2.8537552,-0.11406567,5.807885,1.0820625,-0.59479207,1.8849556,-1.9088472
-0.9644382,-2.9148505,-0.2066934,5.673759,0.71197367,-0.8036449,1.9525088,-2.3359044
-0.85939896,-2.9575067,-0.074039556,5.6110754,0.90310496,-0.7030236,2.1776257,-2.0303376
-0.50689185,-3.1644285,-0.39441633,6.1250863,0.81689453,-0.7037526,1.9629685,-2.1316588
-0.8459367,-2.8511252,-0.15911332,6.0006456,0.5482318,-0.6538611,2.0268548,-2.1415505
-0.82438445,-2.947414,-0.71204126,6.224268,0.7337049,-0.76252186,2.0153167,-2.0068865
-0.7240909,-2.9594226,-0.69492435,6.5046673,0.5766881,-0.79823416,2.0785077,-2.2885098
-1.0195802,-2.7225323,-0.5256722,6.480227,0.33396825,-0.8312063,2.0528336,-2.1586242
-0.51624423,-2.943213,-0.5243727,6.7055593,0.38218874,-0.56788903,2.1042705,-2.130573
-0.96273917,-2.8143623,-0.50730145,6.5774283,0.2840979,-0.76331925,2.2494247,-2.240309
-0.98671263,-2.7583845,-0.50666994,6.749465,0.0629269,-0.6131476,2.299873,-2.1228168
-0.6743436,-2.8402383,-0.4227376,6.3808994,0.5819491,-0.6727674,1.9138805,-2.0263212
-0.6686477,-2.9834304,-0.12856145,6.199825,0.51740956,-0.65902793,1.9045805,-2.049379
-0.7758615,-2.8266652,-0.3041967,5.9477344,0.82906836,-0.80686754,2.0268157,-2.0890818
-0.42186815,-2.8648965,0.69642943,5.6959333,0.32259554,-0.57387245,1.8743585,-2.0458925
-0.6880073,-2.9307444,0.82978606,5.4302225,0.25513527,-0.6549995,2.0750945,-2.1947048
-0.868984,-2.865975,0.51737666,5.7447386,-0.015328479,-0.8150393,2.1129084,-2.1182425
-0.91280603,-2.9631627,0.6342583,5.761625,-0.16629946,-0.7141032,2.1544464,-2.173375
-0.562851,-2.992884,0.8258552,5.8234143,-0.11622438,-0.6876715,2.2081544,-2.1544008
-0.78445923,-2.9124994,0.490783,5.7593727,0.29772815,-0.67657834,1.918474,-2.2087781
-0.69947517,-3.0655854,0.22105563,5.751068,0.56961066,-0.65157336,2.0186481,-2.1660874
-0.80792356,-2.8538544,0.08392537,5.68838,0.5987111,-0.7159682,2.0235634,-2.257074
-0.4846305,-2.9155846,0.46201187,5.3986077,0.72884816,-0.63965017,2.3012052,-2.1253872
-0.5589755,-2.9861436,0.37386268,5.6738214,0.5179785,-0.6874507,2.0598855,-2.1382723
-0.7984383,-2.8936327,0.42289433,5.577244,0.44288602,-0.68475044,2.1505396,-2.11712
-0.80515397,-2.8773305,0.6640981,5.7222724,0.015139934,-0.8187167,2.0296836,-2.1934235
-0.71244866,-2.9259958,0.7897728,5.219283,0.3933762,-0.6820062,1.8804821,-1.9587629
-0.79730487,-2.7905266,0.90375274,4.723272,0.6910708,-0.6865339,1.9746377,-1.996274
-0.66120464,-2.9078455,0.89838505,5.004651,0.5806669,-0.82986766,2.230788,-2.0814104
-0.789723,-2.950415,0.7421821,5.3181543,0.35013264,-0.6325461,2.3109055,-2.0812423
-0.7617325,-2.8724813,0.50516105,5.3218837,0.5029292,-0.82065517,2.0092916,-2.281247
-0.7747221,-2.904778,0.03776946,5.379158,0.9239161,-0.6826096,2.3273818,-2.0732994
-0.96786004,-2.8808591,0.32475054,4.881873,1.1708642,-0.60555285,2.1652856,-2.0931418
-0.5075849,-3.0820775,0.4925481,4.8259754,1.3112724,-0.5463489,1.8726901,-2.3190038
-0.8289952,-2.9882212,0.50429136,4.6256204,1.3083483,-0.72279304,1.9606209,-2.2862866
-0.67661834,-2.841516,0.11369098,4.869008,1.6901307,-0.6952827,2.1841004,-2.2117424
-0.7930649,-2.8745956,0.41171438,4.752506,1.2343563,-0.7415151,2.2143395,-2.1256216
-0.9163144,-2.8196962,0.5325274,5.0294013,0.82162046,-0.8861302,2.204836,-2.0930731
-0.6009391,-2.9300072,0.7273364,5.094369,0.6732052,-0.74318266,2.0850937,-2.1404457
-0.66922456,-3.0343611,0.9436136,4.8612094,0.5678217,-0.6782681,2.2357173,-2.0284016
-0.83883137,-2.8854067,0.9039747,4.742055,0.7610692,-0.6275616,2.182387,-2.1862564
-1.073902,-2.8615294,1.228758,4.5549617,0.55046415,-0.71404773,2.1113493,-2.205924
-0.9069771,-2.8405373,1.2327095,4.620564,0.45563713,-0.6435594,2.0226421,-2.2848463
-0.90087074,-2.8948057,1.4458768,4.8530188,-0.06147526,-0.76843256,2.082075,-2.2812943
-0.52767116,-2.9820535,1.4060299,4.695684,0.5031448,-0.67282754,2.121045,-2.047037
-0.80335045,-2.925193,0.9647212,4.7056975,0.77895725,-0.75409704,1.8651078,-2.2274022
-0.90634805,-2.8828921,1.3362074,4.4449735,0.6366511,-0.7834765,2.114403,-2.1738336
-0.7429523,-2.8610537,1.2650471,4.357228,0.65888095,-0.7234264,2.3936172,-2.1305192
-0.8023905,-2.896647,1.087555,4.712327,0.546703,-0.828004,2.1643996,-2.208116
-1.097167,-2.7598162,1.2009375,4.8746133,0.15589337,-0.6689134,2.0617414,-2.08842
-0.75469786,-2.8755047,1.0760328,5.383471,-0.019469822,-0.5955205,2.0495439,-2.100538
-0.70382017,-2.7756526,0.5324233,5.4511786,0.53524363,-0.71019965,1.938772,-2.0652547
-0.853754,-2.83955,0.8890033,5.401506,0.18148468,-0.7114297,2.1599085,-2.2182
-0.72363997,-2.898082,0.6302043,5.3791065,0.37185627,-0.6207042,2.024631,-2.1674879
-0.9845709,-2.8294487,0.2596702,5.0365553,0.773229,-1.0538435,2.145232,-1.9884613
-0.92498124,-2.9118392,0.06990011,5.1195793,1.1787481,-0.68566436,2.3609772,-2.2974784
-0.55614936,-2.91328,0.40434894,4.772182,1.3936903,-0.6076015,2.2191532,-2.143573
-0.71399,-2.9962533,0.30349997,5.422336,0.81112975,-0.69104075,2.1378665,-2.1829405
-0.5075975,-2.9661162,0.07620605,5.595454,0.8941951,-0.6888124,1.926657,-2.0742843
-0.82968915,-2.8902895,-0.17723171,5.9869037,0.64681584,-0.735488,2.164197,-2.1548288
-0.8725856,-2.9644558,-0.10034439,5.791656,0.6064428,-0.6830532,2.1357434,-2.2875395
-0.885872,-2.876447,0.21265405,5.810634,0.2705539,-0.68388903,1.9859747,-2.1378849
-0.79135823,-2.835184,-0.007111823,5.840922,0.5952366,-0.754638,1.966896,-2.200612
-0.70736176,-2.976655,-0.06032195,6.0051637,0.39446938,-0.6351658,1.9684436,-1.9821299
-0.68135583,-3.058596,-0.070620224,6.1269994,0.4062885,-0.6050804,2.1285808,-1.945855
-1.032805,-2.8951046,-0.39853567,6.06667,0.59395784,-0.94104296,2.2613678,-2.0557818
-0.84600824,-2.87528,-0.19224387,6.1177855,0.46944478,-0.789101,2.0879548,-2.36813
-0.7407721,-3.0426095,-0.28791696,5.858588,0.9019255,-0.71744716,2.0625534,-2.0507689
-0.81081486,-2.9724452,-0.14988485,5.873696,0.7364807,-0.5902026,2.2668889,-2.1011744
-0.7456659,-2.826105,-0.32890618,6.1974874,0.5325203,-0.6628352,1.8946313,-2.1252098
-0.8378032,-2.8392413,-0.3457611,5.821397,0.98059636,-0.6337935,1.9761304,-2.154533
-0.6741917,-2.9018264,0.10231562,5.6448917,0.77804893,-0.59154546,1.9891907,-2.0443451
-0.7762913,-2.8135796,0.07685355,5.6093206,0.79728585,-0.66154504,2.0228693,-2.2008357
-0.63598156,-2.9155636,0.03938057,5.595395,0.93405116,-0.6664191,2.3102446,-2.1802504
-0.9633171,-2.7617762,-0.31704527,5.7208185,0.9250593,-0.70546275,2.0330393,-2.1439395
-0.7583986,-3.0313284,-0.2554827,5.6563654,0.9407171,-0.68885773,2.1455524,-2.2196689
-0.90036964,-2.899545,0.34607595,5.3839264,0.7035335,-0.68477,2.072515,-2.1591542
-0.8365556,-2.855386,0.24218477,5.0702834,1.0344803,-0.82551,2.3432567,-1.9785984
-0.9348618,-2.8605912,0.11034759,5.2087097,0.99369013,-0.77566636,2.0128937,-2.0026073
-0.6970226,-2.9416373,0.14048204,5.1172123,1.246546,-0.5845145,2.0904477,-2.0376973
-0.8225214,-3.0147116,0.26048473,5.0629077,1.0418408,-0.7694019,2.0377781,-2.152938
-0.9923351,-2.8932204,0.06415236,4.899726,1.2789265,-0.86220616,2.0276499,-2.3008008
-0.81606203,-2.9354784,0.026443208,5.045825,1.2183001,-0.6793675,2.1219134,-2.2561276
-1.01411,-2.8766572,-0.43549857,4.976213,1.6362791,-0.76753205,2.1087773,-2.1987047
-0.7776195,-2.8790731,0.48947334,4.4648995,1.4394525,-0.6933212,2.0183282,-2.196015
-1.1430742,-2.8023977,0.5369015,4.3456383,1.331589,-0.8350894,2.1920774,-2.134602
-0.88892746,-2.8051512,0.42852506,4.484652,1.4369962,-0.82553416,2.0832942,-2.2836537
-0.5550834,-2.9742882,0.4543491,4.856593,1.197404,-0.5681732,2.2125335,-2.300671
-0.9238158,-2.9594388,0.34271097,4.6196356,1.322903,-0.94795275,2.0137444,-2.072986
-0.66912127,-2.92253,0.4840922,4.370468,1.6419885,-0.61134094,2.1373725,-1.9809393
-1.0958436,-2.7097049,0.7149112,4.387415,1.2308342,-0.7051402,2.154724,-2.227551
-1.1967587,-2.7505753,1.0982969,4.780313,0.3007561,-0.88356453,2.2546303,-2.2341187
-0.88358146,-2.9069898,1.1437644,4.6559496,0.60260385,-0.71666646,2.2006876,-2.0074043
-0.7104664,-2.9575796,1.2216996,4.486225,0.740325,-0.6865503,2.1831632,-1.9382865
-0.9225178,-2.877095,1.0446504,4.3794584,1.0059205,-0.6783581,1.9454446,-2.2748632
-0.5773224,-2.8974333,0.7926774,5.077153,0.66825104,-0.60714716,2.0622878,-2.1991856
-0.68463147,-3.0362546,0.72429854,5.3498673,0.44219106,-0.6810491,2.0514085,-2.12714
-0.81222486,-2.769618,0.6968498,5.6453195,0.14710276,-0.57551914,2.0562067,-1.9677013
-0.7572711,-2.8836255,0.56098074,5.399672,0.45966226,-0.7091414,2.1400645,-2.0252821
-1.0491476,-2.8311121,0.36680597,5.414057,0.3691725,-0.80746293,2.1351464,-2.1105216
-0.57673144,-2.9803138,0.53158236,5.045247,0.99711955,-0.7330833,2.0332944,-2.2042937
-0.8147479,-2.8162885,0.107802235,5.1015882,1.2271752,-0.8438781,2.1398044,-2.1329553
-0.6873618,-3.0759325,0.17117995,5.0596056,1.2721901,-0.6394,2.2184744,-2.0711167
-0.6986745,-2.885958,0.1286422,4.81464,1.4851106,-0.6340351,2.0811994,-2.1889296
-0.6734531,-3.0072494,0.4246551,5.3364286,0.720445,-0.6585334,2.0353332,-2.1620555
-0.62605906,-2.9494138,0.55479294,5.3442907,0.7245731,-0.7148428,2.1391227,-2.1936088
-0.73610187,-3.0020845,0.7005317,4.962098,0.7383201,-0.66512847,2.1206167,-2.1293135
-0.9007134,-2.9421403,0.3089562,4.9664416,1.0554954,-0.7015814,2.1440713,-2.2540367
-0.67666113,-3.0661273,-0.2425844,5.5068507,1.1484821,-0.64751714,2.2173564,-2.1119895
-0.8616352,-2.9194963,0.1754548,5.782876,0.42078754,-0.7441663,2.1501038,-2.037902
-0.9892702,-2.851486,0.50828433,5.1987357,0.6487147,-0.7151042,1.9158134,-2.172652
-0.6622665,-3.0970218,0.6208296,5.062283,0.7011871,-0.7844593,2.011538,-1.9905185
-0.8439358,-2.8501713,0.41241592,5.2124453,0.83969325,-0.7501014,2.1807594,-2.255286
-1.0226462,-2.9046714,-0.10317644,5.625484,0.81997246,-0.7108594,2.2534735,-2.0600502
-1.2356585,-2.7409582,-0.042911816,5.6438985,0.63124114,-0.7567402,2.056744,-2.082814
-0.3169892,-2.9085348,0.30280256,5.0734863,1.329118,-0.560105,2.138729,-1.9470981
-0.72022253,-2.955508,0.45292774,4.5662646,1.4505672,-0.86960113,2.0154636,-2.1035419
-1.0500263,-2.7909825,0.63483876,4.2090206,1.3820329,-0.97845304,2.2174678,-2.223827
-0.96113145,-2.874677,0.6613726,4.4746356,1.0982804,-0.7042613,2.2536268,-2.150947
-1.0580786,-2.805848,0.5600048,4.786479,0.97447044,-0.7355036,2.1919577,-2.2091317
-0.63082314,-3.1090388,0.6235161,4.862612,1.0526024,-0.6793158,2.1011775,-2.221862
-0.5891968,-2.876248,0.5227905,5.278471,0.6111071,-0.6928894,2.022341,-2.1372552
-0.7274674,-2.7101672,1.2487794,5.1111016,0.1646493,-0.6489303,2.3841054,-2.0293815
-0.8104436,-2.930524,1.3327882,4.7529125,0.28578797,-0.6814484,2.1429694,-2.2818854
-0.5399863,-2.882947,1.2993612,4.8870273,0.4522155,-0.69573915,2.2191887,-2.0365157
-0.8594875,-2.9475453,1.2968757,4.3654127,0.676402,-0.72529304,2.1186378,-2.194713
-0.87306976,-2.934088,1.1136992,4.411204,0.62591314,-0.706557,1.9743323,-2.1002684
-0.95176136,-2.81826,0.9652857,4.587356,0.85024333,-0.6904268,2.1584263,-2.2155437
-0.7777381,-2.911939,0.6743311,4.780729,0.77765745,-0.7620866,2.0426846,-2.159833
-0.86394525,-2.9089742,0.3061282,4.8154216,1.2586827,-0.699585,2.0490766,-2.1234767
-0.8605661,-2.8385477,0.073904775,5.101663,1.3090795,-0.68390846,2.1273646,-2.162452
-0.7230439,-3.1274273,0.19359274,5.314347,0.95777965,-0.7007509,2.1333723,-2.3890128
-0.83766025,-2.825034,0.2766083,5.142434,0.9177529,-0.6335811,2.0091012,-1.9715337
-1.0771854,-2.8250563,0.5131428,4.715701,1.1104904,-0.7545932,1.9629023,-2.1230354
-1.0584681,-2.7965374,0.64200604,4.893672,0.7511697,-0.83852947,2.0512025,-2.2890975
-0.74827427,-2.8954992,0.3576131,5.0928082,1.0691054,-0.63974077,1.7965555,-2.125003
-0.87667704,-2.8578029,0.3716777,5.016258,1.0160432,-0.71148366,2.0719256,-2.1523836
-1.0081627,-2.789029,0.6000425,4.650237,1.1019964,-0.6082929,2.1067238,-2.2536714
-1.0091684,-2.8166347,0.0016385544,4.9854226,1.315383,-0.6408042,2.070226,-2.1636202
-0.4910653,-2.8689597,-0.18935533,5.75138,1.1108439,-0.6412572,1.9537247,-1.847625
-0.787574,-2.9140253,-0.36065772,5.4984784,1.2324789,-0.67149067,1.8444804,-2.029657
-1.0839568,-2.7850943,0.31302056,5.1613135,0.77315605,-0.91925085,2.080703,-2.1201215
-0.74872947,-3.0266016,0.29721633,5.0360847,1.0142839,-0.75033414,2.1270409,-2.0631826
-0.5712944,-3.1184518,0.5633637,5.2649584,0.65906364,-0.7092336,2.1631327,-1.8736404
-0.6720931,-3.0510046,0.5579885,5.0264125,0.88718396,-0.6874822,1.8435957,-2.1950212
-0.97281915,-2.7988045,0.8917956,4.7942667,0.70919526,-0.7688916,2.061113,-2.1923966
-0.6888069,-2.9396856,0.97348785,5.070578,0.4364545,-0.5675446,2.0368037,-2.1721575
-0.8630598,-2.892663,0.2981935,5.2006445,0.92038006,-0.7451949,2.1979363,-2.1657014
-0.72847724,-2.8644004,0.06893643,5.0829635,1.2673222,-0.6671257,2.0771604,-2.1632493
-1.0319687,-2.9226747,0.2556372,4.861053,1.0613779,-0.70706177,2.3695173,-2.1025186
-0.93802655,-2.9018464,0.47966892,4.680635,1.2291062,-0.7669701,2.1033213,-2.131868
-0.67654335,-2.8768442,0.21000966,4.9836836,1.2601041,-0.6592947,2.1204078,-2.1095855
-0.6547587,-2.8274252,0.17691953,5.2963295,1.0754513,-0.5137059,2.204047,-2.0677993
-0.67523295,-2.962522,-0.106415264,5.322564,1.2409368,-0.7293971,2.1436894,-1.9977634
-0.71473515,-2.823029,-0.23512286,5.9227834,0.68485636,-0.63712466,1.9500386,-2.1091278
-0.7909442,-2.9749017,-0.34988913,6.260204,0.39511904,-0.73166704,2.2132843,-2.1427605
-0.9263978,-2.8532455,-0.35071406,6.0953627,0.5417772,-0.56004465,2.2591875,-1.9854994
-1.1203887,-2.7546968,-0.28807408,6.2105827,0.24734241,-0.7878475,1.9827244,-1.9579166
-0.716759,-3.0181642,-0.21756987,6.243799,0.3622642,-0.66353,1.9498792,-2.0415134
-0.81749976,-2.9773529,-0.09232494,6.269809,0.13970841,-0.6655274,2.1565628,-1.9819613
-0.7597917,-2.9711688,0.16509591,5.9133105,0.23838192,-0.68658507,2.3523033,-2.2524617
-0.8999217,-2.8693366,0.009142304,5.94525,0.2651419,-0.73241293,2.0290847,-2.1722674
-0.9775164,-2.7796528,-0.409596,6.207826,0.4974749,-0.87163293,2.0543468,-2.153676
-1.105916,-2.8279607,-0.70552385,6.034106,0.838217,-1.3206434,1.8658582,-2.1910043
-0.552954,-2.9630387,-0.60618496,6.1208706,0.9682491,-0.6648291,1.9405195,-2.0951915
-0.93597245,-2.8772247,-0.5453465,5.688995,1.1347375,-0.67142236,1.8245379,-2.0094779
-0.7069845,-3.0726318,-0.5906772,5.918693,1.0613619,-0.7217517,2.007148,-2.0845578
-0.9560757,-2.8386698,-0.5671776,5.8786006,1.051248,-0.84175235,1.9972432,-2.058649
-0.8222011,-2.94523,-0.13094126,5.1335564,1.5011524,-0.60987383,1.9773793,-2.1652508
-0.4543407,-2.952894,0.07395226,5.19676,1.3189031,-0.5276565,1.9918445,-2.0342813
-0.8503034,-2.8396158,-0.05688078,5.448189,1.0704206,-0.63544476,2.0877542,-2.0567071
-0.7316801,-2.9506576,0.03897247,5.7921615,0.6486626,-0.6185477,2.0349057,-2.0207365
-0.77614534,-2.8580744,-0.2739236,6.056671,0.58102936,-0.6976254,2.0785494,-2.1206024
-0.85468143,-2.7923288,-0.11949332,5.8256917,0.63198626,-0.74792343,2.3508117,-2.1180031
-0.60386306,-2.9343069,0.15472537,6.2801337,0.16841795,-0.54970837,2.1882563,-2.030768
-0.8654729,-2.8263402,-0.2552102,6.498609,0.14643636,-0.70777196,1.9753611,-1.9452045
-0.7870065,-2.9570153,-0.5043996,6.5115814,0.3704112,-0.6554555,2.0535457,-2.1379766
-0.89874387,-2.8585603,-0.70811284,6.4428053,0.6172872,-0.7337769,2.1199954,-2.0985947
-0.5996364,-2.773427,-0.40052778,6.2080245,0.7636067,-0.7586937,2.0430856,-2.0965576
-0.9158523,-2.8062363,-0.18333265,5.701927,0.7561799,-0.91310465,2.398573,-2.121019
-1.0489722,-2.8595805,-0.5111603,5.6657176,0.9298607,-0.91476524,2.3775268,-2.230087
-0.69241583,-2.9144087,0.02881567,5.488915,1.059356,-0.6663309,2.2488682,-2.079484
-0.9886972,-2.8660932,0.19016376,4.890709,1.121062,-0.84805435,2.1159787,-2.305995
-0.9678795,-2.7188985,0.43365633,4.981348,0.88839966,-0.758201,1.8351349,-2.1581037
-0.90096146,-2.8898187,0.1991285,5.634012,0.4595718,-0.7720123,2.1507711,-2.1235113
-0.9038247,-2.8566308,0.4744094,5.4967475,0.41241005,-0.6845052,2.0728123,-1.9552952
-0.55467594,-2.7269282,0.24072738,5.5113635,0.7701121,-0.64369756,2.0744302,-2.0151846
-0.882845,-2.7592545,0.6085586,4.782113,1.0083532,-0.6630931,2.1340573,-2.2462692
-0.880008,-2.848346,0.22573787,4.854212,1.2843968,-0.80263203,1.966247,-2.1313388
-0.8999161,-2.9094777,0.3016682,4.4463015,1.4800706,-0.65383726,2.014809,-2.2843125
-0.8487053,-2.93416,0.47933084,4.477807,1.3941618,-0.71964836,2.1632748,-2.1448436
-0.84338427,-2.8695724,0.13572614,5.070061,1.1750307,-0.65865374,2.2256627,-2.0310338
-0.96229625,-2.8829021,0.024339112,5.0671625,1.2161237,-1.1076998,1.9624605,-2.1880276
-0.88431704,-2.9451375,0.04321119,5.0793157,1.2657802,-0.76267815,1.9362096,-2.1426132
-0.8309734,-3.0755143,-0.058255218,5.0280924,1.3193837,-0.6657502,2.3530278,-1.9315912
-0.77377295,-2.8470793,-0.26830673,4.7897735,1.8227239,-0.70924103,2.1957898,-1.9801096
-0.55029446,-3.0270305,0.18879594,4.584697,1.9200383,-0.61547524,2.2167447,-1.9569675
-0.9386935,-2.7688234,0.09178759,4.3455877,1.9430618,-0.7250024,1.9355618,-2.296719
-0.5074548,-3.109797,0.20051564,4.8621144,1.528456,-0.6033805,2.2643588,-2.128014
-0.555541,-3.0346494,0.09066866,5.126677,1.3821461,-0.6173914,2.0350864,-2.111169
-0.6972743,-2.955887,0.29298288,4.8176146,1.2946584,-0.7801429,2.2421534,-1.9256439
-0.8414201,-2.764998,0.5255897,5.030425,0.78609353,-0.6911489,2.0317032,-2.0842555
-0.9828137,-2.817177,0.84201735,4.974813,0.4262594,-0.677705,2.1444662,-1.9327286
-0.9994231,-2.846469,0.65833765,5.2016754,0.42349276,-0.7077356,2.2307596,-2.3906515
-1.0483319,-2.7101648,0.5440233,5.1731024,0.47541004,-0.72778153,2.1751394,-2.0806885
-0.56712955,-2.9224846,0.55585545,5.3432107,0.6681235,-0.6156122,1.9460195,-2.020128
-0.8272733,-2.900778,0.63328534,5.3790674,0.43170768,-0.7525189,1.9988921,-2.1695435
-0.62643194,-2.8309608,0.7501049,5.613634,0.033031955,-0.81260884,1.9249345,-2.1887689
-0.9243492,-2.9116359,1.066822,5.347765,-0.0682925,-0.67270356,2.0460932,-2.143593
-0.7772317,-2.8864343,0.8020581,5.466362,0.21701,-0.6376072,2.116159,-1.9633777
-0.86275595,-2.7995818,0.49338165,5.578551,0.41939464,-0.6726695,2.014735,-2.1957839
-0.8861369,-2.7843502,0.550775,5.4138536,0.40434402,-0.59187585,2.0922887,-2.16803
-0.84772927,-2.9666016,0.7537186,5.127113,0.41662174,-0.6258459,1.9588579,-2.0360637
-1.0307611,-2.8957586,0.6765417,5.283351,0.2678748,-0.7663465,1.9534062,-2.1532314
-0.7223932,-2.9020114,0.6517525,5.298029,0.49536654,-0.7951336,2.084166,-2.1574535
-0.80461806,-2.8095472,0.55178565,5.218777,0.6450085,-0.6852967,1.9562614,-2.0671775
-0.98644793,-2.8729746,0.55541354,5.4292173,0.36168352,-0.7720833,1.7634252,-2.093851
-0.6436515,-2.8323164,0.34500942,5.4903073,0.64161634,-0.7235606,2.2878375,-2.0950797
-0.8217198,-2.8817248,0.37359127,5.6587076,0.41473484,-0.69799465,2.2211673,-2.0866165
-0.7791539,-2.917207,0.26753506,5.9635997,0.09688024,-0.6950425,2.0408328,-2.0657377
-0.58537984,-3.0815558,-0.08689965,5.9253035,0.5879632,-0.70811737,2.2486405,-1.9760808
-0.662589,-2.9314382,-0.0120551735,6.048211,0.5271136,-0.53368235,2.0916777,-2.1641495
-0.6813241,-2.9641066,-0.41129044,6.0949097,0.80223745,-0.5913807,2.00461,-2.0152586
-0.58620405,-3.0163093,-0.21372558,5.6105237,1.0591024,-0.6613668,2.2658467,-2.0841718
-1.1800358,-2.7185001,-0.6847808,6.2207427,0.6804075,-0.8085192,2.057562,-2.1389527
-0.6938084,-2.9512947,-0.14090185,6.1114836,0.49936947,-0.6603437,2.1814835,-2.0177987
-0.6867456,-2.954479,-0.02952166,5.893898,0.5285112,-0.7740952,1.8950586,-2.2180915
-0.8956955,-2.836569,0.3311584,5.663491,0.2624073,-0.7579325,2.1819289,-2.1262283
-0.91641814,-2.9085302,0.4707565,5.7211785,0.1784939,-0.7785717,2.1972573,-2.0905073
-1.1001625,-2.7822819,0.81073433,5.528501,-0.12811176,-0.7676919,1.987762,-1.9678329
-0.8448161,-2.903357,0.77847725,4.854853,0.80976295,-0.59972084,2.0140154,-2.2516217
-0.8626935,-2.92828,0.8369214,5.0531163,0.38918433,-0.72687507,1.9205161,-2.173629
-0.7775108,-2.9010417,1.1330508,4.883932,0.42752734,-0.70141965,2.044244,-2.1466997
-0.6426173,-3.035926,1.088703,5.0316896,0.44401574,-0.57333916,1.912276,-1.9536238
-0.709658,-3.0368998,0.39684868,5.263584,0.6454329,-0.65381753,2.0766726,-2.130588
-0.9894287,-2.9074376,0.46504742,5.37612,0.35240266,-0.81225735,2.2474163,-2.0978432
-0.659252,-2.8063982,0.48512945,5.421854,0.6072345,-0.688292,2.2329156,-2.1847634
-0.7909839,-3.0088198,-0.2812885,5.8661175,0.91587,-0.6534943,1.9363561,-2.0740457
-0.77515024,-2.9730227,-0.36515567,6.1045065,0.64131045,-0.6598265,2.201628,-1.923977
-0.7596479,-2.905495,-0.22384487,5.7350454,0.83692646,-0.82279086,2.122554,-2.0109723
-0.61054,-2.9307563,0.2557139,5.732904,0.5370404,-0.5480334,1.9844893,-2.0405295
-0.9226737,-2.8452778,0.31028503,5.437863,0.5087845,-0.8626363,2.1247232,-2.2737284
-0.9663241,-2.764802,0.43409148,5.43606,0.37277123,-0.7057863,2.1022904,-2.0217655
-0.93968916,-2.726962,0.31189752,5.431366,0.5678389,-0.6761516,2.0898833,-2.2204363
-0.8103425,-2.8718734,1.2161298,5.1687956,0.035063736,-0.7282192,2.0685742,-1.8509798
-1.2700982,-2.6505907,1.1277319,5.063951,0.02259769,-0.71856976,1.9511484,-1.9814854
-0.8100588,-2.8756924,0.9979017,4.9627743,0.45558888,-0.71098185,2.0413897,-2.2550564
-0.84218395,-3.036652,0.76334536,4.5771117,0.94265586,-0.81313264,1.9970998,-2.0415223
-0.7329101,-2.9810624,0.24285981,5.0932975,1.1745132,-0.6422599,2.0355225,-2.07999
-0.90191966,-2.8531861,0.26533714,4.783744,1.1596711,-0.9120194,1.9657452,-1.9094728
-1.0349511,-2.808033,0.020510606,5.3882766,0.90958685,-0.7553618,2.138737,-2.0622172
-0.8612084,-2.9574728,-0.22222747,5.3826857,1.1476611,-0.73379785,2.1663485,-2.1625292
-0.85757184,-2.8518255,0.26214576,5.102778,1.092922,-0.7635419,2.0094018,-2.125297
-0.54428905,-2.919713,0.8496881,4.9803944,0.868244,-0.5436362,1.8509204,-2.097849
-0.98486984,-2.7617002,1.0864866,4.4094434,0.846322,-0.6549741,2.2436464,-2.2043588
-0.64578587,-2.8537893,1.0153458,4.458513,1.0555719,-0.6519736,2.205327,-2.0621934
-0.86267453,-2.8083754,0.62457293,4.354293,1.3997808,-0.7629177,2.1951785,-2.1240673
-0.6791874,-2.8385897,0.560582,4.866819,1.1622142,-0.54727507,2.301589,-1.8323106
-0.7665612,-2.9340904,1.047505,5.0535207,0.3226195,-0.7642393,2.124351,-2.074336
-0.79959095,-2.9403965,1.1224983,4.9097013,0.30339986,-0.8170508,1.9984646,-2.1345694
-0.85859156,-2.8294673,0.9902409,5.02779,0.39930975,-0.6445138,1.93279,-2.1607063
-0.9633621,-2.9563384,0.89289576,5.19995,0.1309463,-0.80458754,2.0609014,-2.157569
-0.88928175,-2.9358935,0.85038257,5.4556,0.016536161,-0.81454855,2.0338097,-2.2701683
-0.80692077,-2.8814504,0.8489413,5.156731,0.43940118,-0.7529002,2.0799487,-2.0491693
-0.8052239,-2.947848,0.7957671,4.8313537,0.66139024,-0.66598964,2.0594223,-1.9353267
-0.684222,-3.0230606,0.7808369,5.003287,0.73628104,-0.62431073,2.1599545,-2.143393
-1.0047622,-2.7788522,0.7482529,4.882941,0.7479757,-0.7468777,2.1361647,-2.0458944
-0.46966183,-2.8803415,0.9266303,4.9108,0.8889599,-0.4982345,1.8843675,-2.1045685
-1.0520123,-2.783794,1.1005471,4.57615,0.4967273,-0.91572326,2.149772,-2.2219212
-0.9423957,-2.8337567,0.9456712,5.25168,0.19669114,-0.8362078,1.9805944,-2.1145716
-0.85177904,-3.0207417,0.98620236,5.1862774,0.28834903,-0.8180181,1.9680262,-2.08484
-0.8066595,-2.8804169,0.7713422,5.432874,0.22606423,-0.67587763,2.075587,-2.0465765
-0.96759754,-2.7575912,0.9136566,5.3737864,0.025451003,-0.71228975,2.3151863,-2.142839
-0.529832,-3.069935,0.44115338,5.721452,0.28996095,-0.6552658,1.906447,-2.1084313
-0.9040172,-2.8604784,-0.07746093,5.815544,0.51746964,-0.80710405,1.9487195,-2.1959233
-0.9351595,-2.8890698,0.06619114,5.6869116,0.5478581,-0.666388,2.169083,-2.0466475
-0.7912542,-2.8956516,-0.16191295,6.379596,0.20312388,-0.6984795,1.8648874,-2.0656393
-0.7258706,-3.0391843,0.03495243,6.1503906,0.2252412,-0.6621336,2.2251735,-2.1952527
-0.9340224,-2.8888712,0.008248904,5.986112,0.2886565,-0.6814082,2.039249,-2.0484447
-0.8140608,-2.9178464,-0.00721814,6.385674,-0.010893074,-0.8100776,2.0311816,-1.9463685
-0.8056396,-2.9412837,-0.36376652,6.525589,0.124199726,-0.68090236,2.190149,-2.3456466
-0.8734195,-2.8000574,0.24287042,6.274174,-0.052360754,-0.6629929,2.1288152,-2.219558
-0.73313624,-2.903721,-0.13450736,6.681144,-0.075117536,-0.72494483,1.9795007,-2.1987605
-0.5879032,-3.031679,0.041559123,6.6291237,-0.105920985,-0.60506606,2.2604005,-2.115697
-0.7135246,-2.8689973,-0.20113309,5.4624357,1.0509775,-0.6704328,2.0750701,-2.2161598
-0.7068807,-3.0378973,-0.13848326,5.609524,0.91161466,-0.649962,2.0043492,-2.3073714
-0.87218004,-2.8775616,-0.07350486,5.807783,0.612792,-0.59534943,2.2682412,-2.0848966
-0.7643929,-3.0019484,-0.07734429,5.8107724,0.6648841,-0.61191165,2.2554975,-2.1122103
-0.67914456,-2.912475,-0.08215338,5.888531,0.62681395,-0.67455435,1.9652197,-2.1395144
-0.52606225,-2.8996246,-0.06956023,6.151112,0.6210287,-0.5994259,2.0566728,-2.1933904
-0.7846673,-2.8421943,-0.21000862,6.0513563,0.706799,-0.5653246,2.2990131,-2.0929952
-0.89952093,-3.072281,-0.055601023,5.9201155,0.43933502,-0.88387454,2.1060743,-2.1615214
-0.6623216,-2.874202,-0.26230153,6.045886,0.6014451,-0.75679135,1.8790147,-2.1521125
-0.82713395,-2.8926609,-0.21526794,5.9250126,0.724304,-0.6915857,2.1888225,-2.0479405
-0.68948215,-2.9595625,-0.13475949,6.239979,0.400075,-0.66016173,2.2225056,-2.1703236
-0.7709441,-2.9678562,-0.36801174,6.106148,0.6967695,-0.8551322,1.832338,-1.9447142
-0.8395559,-2.9819565,-0.049775828,5.7026834,0.61632353,-0.7446852,2.0870488,-2.1729386
-0.781683,-2.897229,0.17793494,5.90588,0.35876876,-0.6439451,1.9469212,-2.1744165
-0.9230361,-2.870033,-0.07659796,5.8234677,0.61634314,-0.6616176,2.058424,-2.2788703
-0.8870387,-2.9417794,0.10333846,5.841582,0.33254164,-0.7263986,2.0814562,-2.1102738
-0.4678453,-2.964626,0.07934695,5.8566446,0.67279935,-0.667111,2.1689732,-2.1435027
-0.7190201,-2.9057767,0.32544905,5.6263785,0.47899914,-0.69232297,2.1990206,-1.9122727
-0.7952125,-2.946514,0.45414412,5.749558,0.30820248,-0.70386815,2.0226815,-2.0228364
-0.84205633,-3.031639,0.52600175,5.2852283,0.5162242,-0.81691,2.0948617,-2.1315978
-0.7307097,-3.022956,0.77542573,5.4765935,0.1307801,-0.75896496,2.0413802,-2.1665642
-0.8516313,-2.8513913,1.2363863,5.29907,-0.11790562,-0.6970427,2.147624,-2.02974
-0.8412766,-2.882214,1.1202245,5.369665,-0.09296,-0.640995,2.0017557,-2.2130113
-0.37740502,-2.9887764,1.3284587,5.3652954,-0.08570913,-0.6097645,2.1287224,-2.0743463
-0.96277344,-2.9110646,1.313713,5.220063,-0.3017484,-0.8238625,2.374179,-2.089379
-0.8968647,-2.9691,0.6552538,5.626862,0.06311677,-0.5903962,2.0849614,-2.243138
-0.82927465,-2.854993,0.5136372,5.555929,0.37680358,-0.6427038,2.1342995,-2.058437
-0.54241246,-2.9894466,0.8524851,4.9198556,0.69906837,-0.70026124,2.0402403,-2.1636536
-0.8534754,-2.7217717,0.95996463,4.416529,0.96075314,-0.66821057,1.8747668,-1.9652493
-0.9491792,-2.8667655,0.9205909,4.6993117,0.59647596,-0.7281811,2.2331107,-2.2134786
-0.89886826,-2.817939,0.98025316,4.9890447,0.42035133,-0.6496831,2.12267,-2.0896032
-0.7842286,-2.8640516,0.8450274,4.971732,0.53260833,-0.7737624,1.9412494,-2.0647001
-0.8060073,-2.8369405,0.5864828,5.3140926,0.43051204,-0.6560512,2.1100302,-2.3401523
-0.84793043,-2.8620322,0.53834796,5.4198995,0.39561754,-0.71652526,1.9891462,-2.168026
-0.74306965,-2.86621,0.39517435,5.373748,0.6453711,-0.7478133,1.981938,-2.1361177
-0.7280552,-2.98865,0.3639169,5.2581177,0.82425904,-0.76139975,2.2331908,-2.167272
-0.8346799,-2.964435,0.18483165,5.645884,0.60310423,-0.53018975,2.0050566,-2.0503943
-0.74960494,-2.774412,0.06531534,5.5492625,0.79521775,-0.65842146,2.013872,-1.9057348
-0.9612036,-2.8635292,-0.15504622,5.720848,0.7025636,-0.68633807,2.10974,-2.0488386
-0.791935,-2.9000664,0.016241878,5.5199056,0.90110993,-0.6942663,2.0512028,-2.3079987
-0.9573089,-2.8477616,0.028205026,5.5576663,0.76404655,-0.76349396,2.0833063,-2.1397693
-0.59833944,-2.8872738,0.1942952,5.3045955,0.9998242,-0.7859595,2.0962684,-2.2220178
-0.767896,-2.8650448,0.8455017,5.0986385,0.49311435,-0.6834943,2.1446164,-2.0485935
-0.70162857,-2.8731947,0.6708797,5.242632,0.57214373,-0.6702225,2.2133284,-2.0226297
-1.1750523,-2.8706021,0.8558436,5.0383906,0.38609728,-0.7731867,1.9044338,-2.1368768
-0.6140173,-2.89563,0.861943,5.130455,0.4027221,-0.64818466,1.9347908,-2.105962
-0.6416459,-2.9716375,0.64575016,4.875027,0.86051065,-0.7093993,2.0103917,-1.9819232
-0.6641239,-2.9390087,0.7274387,4.914286,0.80519646,-0.74213445,2.210386,-2.148519
-0.77888525,-2.7805285,0.5930225,4.9127936,1.0684099,-0.6382006,1.9948821,-2.0228372
-0.57313395,-2.9031262,0.6474775,5.1553607,0.6922023,-0.66544545,2.1988928,-2.122176
-0.74451673,-2.8266513,0.6598445,4.9176645,0.9190531,-0.69990516,2.1062903,-2.1471016
-1.0668299,-2.758296,0.8632525,4.7136393,0.77952725,-0.726843,1.9944838,-2.3257415
-0.9574813,-2.8107195,0.9518068,4.653477,0.7097492,-0.70662403,2.0555797,-2.1702144
-0.67133087,-2.6819577,1.8606033,5.064942,-0.1667341,-0.5577553,2.243995,-1.9587545
-0.4054114,-3.1237512,1.4758651,5.120446,0.075619705,-0.5559813,1.9115098,-1.9147407
-0.5181632,-3.1703153,1.3389201,4.9179196,0.25939405,-0.7163283,2.1489298,-1.9893937
-0.96026057,-2.8678238,1.4749315,4.9046583,-0.06714632,-0.7267237,1.7626662,-2.1905494
-1.086599,-2.7330265,1.578107,5.1781597,-0.4366474,-0.82843274,2.0255916,-1.9521512
-0.73975605,-2.9886274,1.7995954,5.0402718,-0.31860793,-0.65762466,2.022269,-2.218786
-0.9665504,-2.8755136,1.6670413,5.0120134,-0.51351047,-0.7703796,2.2088664,-2.0451727
-0.69969004,-3.0496802,0.9933784,5.442738,0.0069329287,-0.8159815,2.306158,-2.077774
-0.9204529,-2.8764522,1.0223026,5.035001,0.33141527,-0.8075765,2.0705814,-2.0705676
-0.78578943,-2.8270211,1.2664524,4.896419,0.2500208,-0.65127695,1.9798154,-2.1959946
-0.6785835,-2.9743395,1.475605,4.822389,0.18976526,-0.6290616,2.2272575,-2.3452373
-0.8779681,-2.9267871,1.7745351,4.631614,-0.06870495,-0.6043025,2.1169763,-2.1068442
-0.70100087,-2.860553,1.7957579,4.397327,0.3910689,-0.6604453,2.1218474,-2.162812
-1.0240741,-2.9773002,1.5907493,4.231273,0.3032417,-0.8121978,2.0674303,-2.1781535
-0.8832534,-2.9038925,0.80347383,4.363699,1.3577566,-0.69541293,2.0645337,-2.17052
-1.0403708,-2.8280942,0.4259516,4.649514,1.1192465,-0.85348076,2.2402282,-2.300446
-0.621046,-2.8865073,0.086203784,5.871796,0.6741933,-0.6514139,2.0564613,-2.151582
-1.0051391,-2.7636406,-0.24775954,5.4790716,0.94999385,-0.72543794,1.9086835,-2.3583868
-0.6006731,-2.9163764,0.083983004,5.623915,0.832284,-0.590218,2.048124,-2.2558947
-0.87419426,-2.9611223,-0.11634869,5.471585,0.9692754,-0.8617859,2.091353,-2.0311372
-0.8471865,-2.8495474,-0.18310396,5.687895,0.9108786,-0.8278618,2.021249,-2.1227207
-0.7125915,-2.964266,-0.26888612,5.512731,1.1755792,-0.7777004,1.8907721,-2.0780187
-1.011082,-2.9160967,-0.4489653,5.4402137,1.2834563,-0.8078489,2.0162716,-2.1861486
-0.5969352,-2.9850297,-0.53423446,5.8757133,1.0688863,-0.71411943,2.0604527,-2.0099998
-0.7846436,-2.9203715,-0.29841164,5.884626,0.8629007,-0.64053804,1.9709482,-2.321622
-1.0252873,-2.8871195,-0.3396195,5.7526855,0.83301884,-0.8416092,2.1742032,-2.1349344
-0.9373321,-2.8362868,-0.6339831,6.0044537,0.9082606,-0.6952886,1.9298862,-2.0707762
-0.8955559,-2.8635073,-0.8122423,6.086515,1.0491627,-0.7608541,2.113866,-2.1197236
-0.82799,-2.7604892,-0.7942883,6.1371613,1.1869689,-0.763853,1.8669637,-2.1917088
-0.8200265,-2.842942,-0.8498153,5.891904,1.4515989,-0.7477204,2.347657,-2.1143649
-0.7778153,-3.012467,-0.7977206,5.3002844,1.925381,-0.6559394,2.0617397,-2.2064075
-1.0148458,-2.7937293,-0.4796878,5.289675,1.6053741,-0.7093224,2.242823,-2.126725
-0.70654523,-3.040604,-0.21186033,5.154541,1.563038,-0.6693397,2.2385967,-2.128133
-0.67806834,-3.0115044,-0.23073742,5.240385,1.4868517,-0.66380507,1.9590952,-2.1662695
-0.8192578,-2.9593663,-0.5408717,5.698449,1.1341748,-0.69433284,1.9100548,-2.0664506
-0.82698077,-2.9338927,-0.4221899,5.507084,1.2755667,-0.7122545,1.9839933,-2.060228
-0.9587279,-2.865223,-0.4999528,5.9201965,0.8675262,-0.7086812,2.2146847,-2.0922043
-0.724955,-2.8240912,-0.39697453,6.1414638,0.8127966,-0.63030386,2.2039742,-2.1439934
-0.48664683,-2.9524775,-0.32338303,6.421041,0.58288264,-0.6126772,1.9150401,-2.1323757
-0.8733326,-2.824253,-0.6337274,6.680285,0.3213848,-0.63499784,2.2220337,-2.1077993
-0.6898231,-2.9206142,-0.50343853,6.3383145,0.6220985,-0.68110156,1.9899743,-2.3282058
-0.7940504,-2.899736,-0.27275917,6.290588,0.5031514,-0.60873514,1.9868222,-2.3128507
-0.570694,-2.8986394,-0.48689365,6.7583623,0.23417073,-0.60321236,1.9202414,-2.0188968
-0.8580995,-2.8976102,-0.56738055,6.673729,0.24289791,-0.69460464,2.1426404,-2.0959938
-0.76658607,-3.0423522,-0.5093379,6.4790773,0.45199433,-0.68110883,2.078832,-2.3052788
-0.25351426,-2.9020705,-0.25825286,6.2410197,0.8268838,-0.56052864,2.0817327,-2.04007
-0.7216564,-2.9761043,-0.053084888,6.249464,0.2716135,-0.7077767,1.8177917,-2.2316637
-1.0128639,-2.7774208,-1.3248622,6.711067,0.8490549,-0.7928424,1.9948492,-2.0785832
-0.8563,-2.9313443,-1.2222819,7.084524,0.44244152,-0.81555706,2.1406245,-2.144363
-0.99694,-2.837716,-1.1377665,6.83413,0.5675279,-0.75884956,2.0119584,-2.103705
-0.82011557,-2.9167964,-0.88425153,6.7298813,0.48566008,-0.70217735,2.3618333,-1.9948461
-0.71046525,-2.9180136,-0.8354965,6.8647366,0.5272256,-0.7202654,1.938916,-2.0955396
-1.0291059,-2.777665,-0.9807488,6.9612246,0.2064596,-0.7513383,2.071806,-2.0389047
-0.98473054,-2.7977939,-0.695385,6.875806,0.21105506,-0.6740802,2.286957,-2.1082668
-0.91957474,-2.8226728,-0.38272244,6.3119173,0.44979343,-0.6672576,1.9685262,-2.054866
-0.8708019,-2.8282907,-0.008048995,6.386832,0.009978165,-0.66375065,2.181578,-2.1776037
-1.0177112,-2.9284961,0.078657135,6.3025603,-0.12136509,-0.66221726,2.2003782,-2.157702
-0.49530187,-2.8710947,0.33588687,6.285774,-0.020224264,-0.64878595,1.923302,-1.964229
-0.7641988,-2.8358161,0.23050594,5.9185195,0.37499747,-0.8228738,1.8514477,-1.9622369
-0.70280284,-2.9397616,-0.15879016,6.0660434,0.62406236,-0.5834015,2.0747643,-2.1861763
-0.799115,-2.9067602,-0.38034573,6.0088267,0.68404484,-0.78806937,2.241842,-2.0155487
-0.7728304,-2.9935024,-0.69401276,6.083645,1.0258034,-0.632679,2.2428927,-1.9950907
-0.8192406,-2.9270024,-0.9131321,6.3346076,1.0837271,-0.65791106,1.9189953,-2.1300051
-0.51463693,-2.9273703,-0.89272106,6.2618947,1.2707008,-0.58595306,2.082837,-2.0316398
-0.8009991,-2.8818223,-0.83803374,6.3114095,0.872391,-0.96239024,2.0987203,-2.2135935
-1.0225867,-2.8496165,-0.6729934,6.0106225,0.98176694,-0.71402746,2.043902,-1.9854149
-0.84361565,-2.9001424,-0.50077736,5.9815793,0.8907653,-0.66490287,1.999873,-2.3407059
-0.8574603,-2.9294317,-0.26450446,5.5142517,1.1587182,-0.7116658,2.0986307,-2.2269018
-0.55340147,-2.8517377,0.0026730162,5.7772837,0.8433023,-0.6432771,1.9890026,-2.2861493
-0.56957567,-2.9016075,-0.055925813,6.0103045,0.70250636,-0.60856664,2.043521,-2.1596572
-0.8624504,-2.8579102,-0.34241936,6.1486435,0.46904492,-0.7989245,1.910894,-2.269594
-0.5652282,-2.860847,-0.17310502,6.051585,0.5418096,-0.6587826,2.0637314,-2.157511
-0.67528826,-2.8488069,-0.037697777,5.877535,0.5517384,-0.70339864,2.1133642,-2.1627333
-0.57493377,-2.781999,0.30839393,5.520411,0.7968312,-0.5302739,1.9503436,-2.014684
-0.85510653,-2.9110012,0.4461972,5.143096,0.67570597,-0.721905,2.3522222,-2.155939
-0.8379668,-2.958284,0.5627224,5.0981646,0.7774307,-0.741499,2.2207856,-2.1237824
-0.8642787,-2.8655832,0.73635507,4.856613,0.70890033,-0.7079038,2.1302946,-2.3180451
-1.0642283,-2.8278952,0.96024156,4.4878035,0.8205731,-0.7516292,2.1133132,-2.1055765
-0.85028696,-2.8633099,0.58477336,4.924228,0.93638045,-0.79014254,2.131541,-2.028833
-1.0359685,-2.8424165,0.4856035,4.864835,0.98681146,-0.71578324,2.1353567,-2.3228736
-0.86504894,-2.9432492,0.47311032,4.661361,1.232895,-0.8381861,2.1144657,-2.2757418
-0.7208476,-2.9349923,0.3741652,5.0816846,1.0105237,-0.6518051,1.9615362,-2.0770266
-0.595647,-3.0120323,0.19353376,4.8880715,1.4535836,-0.62618095,1.9859809,-2.0736945
-0.7058938,-2.8541114,0.1973495,4.9915066,1.2654861,-0.53945047,2.1598573,-2.1347716
-0.96868974,-2.7796113,-0.36856756,5.361195,1.2950932,-0.7891949,2.060604,-2.1171424
-1.2827111,-2.8266337,-0.6684804,5.562516,1.2957646,-0.7502289,2.1708455,-2.291876
-0.72762537,-2.795184,-0.70929235,5.40814,1.712858,-0.743108,1.9506981,-2.1752567
-0.653919,-3.0283215,-0.6528684,5.884036,1.230168,-0.8103562,1.9200736,-2.1181295
-0.9053527,-2.9012997,-0.4217272,5.6383257,1.0917187,-0.7038288,2.0670667,-2.2064986
-0.6333344,-2.8862956,-0.2869573,5.721985,1.1506474,-0.62474793,2.155929,-2.2366996
-0.5629528,-3.0622404,-0.13535886,5.905519,0.71996206,-0.6432234,2.2215257,-2.0668924
-1.030437,-2.860545,-0.06647605,5.996187,0.32109845,-0.8098165,2.254026,-2.038615
-0.7821021,-2.861765,0.09240066,5.902645,0.3406984,-0.768322,1.9849061,-2.134232
-0.7880656,-2.8998737,-0.21071382,5.6884303,0.9597506,-0.7377316,2.0244527,-2.3250232
-0.90403825,-2.8684711,-0.67553836,5.797971,1.281568,-0.7166729,2.2103465,-2.2924738
-0.77711725,-2.9755218,-0.57322454,5.6844387,1.3173944,-0.70173293,2.1481411,-2.2098582
-0.736696,-2.7289317,-0.370284,5.6017847,1.169485,-0.6373173,2.159232,-2.0253165
-0.9488393,-2.722352,-0.36624336,5.665809,1.1739054,-0.70325667,2.205736,-1.8989923
-0.8684899,-2.8449476,-0.49992672,5.631076,1.2517544,-0.8059028,2.1428666,-2.1763945
-0.9073574,-2.887633,-0.5499729,5.7710805,1.0671197,-0.74818105,2.0637772,-2.027769
-0.48011696,-2.9760811,-0.5323299,5.7323494,1.4202293,-0.6840921,2.1998794,-2.0590546
-0.53547335,-2.9865825,-0.41385493,5.327076,1.7735054,-0.59456676,2.143694,-2.1945238
-0.37758642,-2.9639716,-0.7958997,5.852062,1.6196964,-0.62535894,1.9258968,-1.9005814
-0.8565043,-2.8454814,-0.5968718,5.2393937,1.7138888,-0.6443766,2.2879434,-2.0853896
-0.9438172,-2.838167,-1.1656053,5.558007,1.965275,-0.68799835,2.159751,-2.2213156
-0.75067616,-3.0586126,-1.0961938,5.187815,2.2223487,-0.71838117,2.3067586,-2.1478195
-0.74051225,-2.9454982,-1.1474178,5.6232505,2.186233,-0.64913803,1.9981897,-2.2405186
-1.1791657,-2.7224076,-1.3427126,5.7521076,1.8588955,-0.777969,2.024096,-2.342849
-1.054997,-2.807996,-1.4166207,6.007703,1.5890411,-0.69616836,2.0489843,-2.156198
-0.90282786,-3.0382893,-1.5794289,6.0217614,1.8387138,-0.72654283,2.0714939,-2.2011507
-0.92054623,-2.8828285,-0.7030695,5.851326,1.1422578,-0.621197,2.1237674,-1.995967
-0.6470732,-2.884662,-0.4191864,6.059666,0.8814079,-0.70540047,2.1561296,-1.9693605
-0.8004648,-2.7910447,-0.32993245,6.124548,0.56846464,-0.6393365,2.1963336,-2.293728
-0.6949174,-2.8539295,-0.35291702,6.127702,0.78668755,-0.67407364,1.8063188,-2.1456513
-0.7698138,-2.9773135,-0.25154352,5.9371834,0.800047,-0.64930576,2.2076333,-2.209537
-0.6378173,-2.9981441,0.005290673,6.045451,0.51274884,-0.59668535,2.0971577,-2.262374
-0.79543865,-2.8775506,-0.27050543,5.9576178,0.7186628,-0.62463856,2.0872576,-2.144259
-0.8360361,-2.8695006,0.021790933,5.626808,0.636774,-0.7542702,2.1891205,-2.1825182
-0.7054889,-2.9092824,0.1574197,5.6003165,0.68637294,-0.6709322,2.0771768,-2.1755195
-0.60132134,-2.94173,-0.2256525,5.7098193,0.9868413,-0.71935195,1.8657899,-1.967307
-0.9742825,-2.9004755,0.033002835,5.4965467,0.81439495,-0.81143373,2.0146506,-2.2744458
-0.7222832,-2.7431283,0.21710946,5.1324806,1.1136564,-0.59417975,2.1309812,-2.0705607
-0.6915388,-2.980304,0.2739645,5.4234266,0.77486676,-0.61704165,2.2336586,-2.1433942
-0.59678733,-2.9146795,0.351618,4.905332,1.3841628,-0.6317979,2.0331516,-2.2028184
-1.0261499,-2.7565172,0.3585304,5.058846,0.9328719,-0.7561551,2.2133973,-2.100754
-0.72880197,-2.8209798,0.10487653,5.6131377,0.6950138,-0.6524459,1.9067655,-2.107431
-0.80890334,-2.9248514,0.3318451,5.71353,0.3369039,-0.97005737,1.7844152,-2.0719273
-0.5466614,-2.9958389,0.5988277,5.4461064,0.58792114,-0.5467655,2.0788996,-2.1030414
-0.923207,-2.8426342,0.20699677,5.870368,0.2196537,-0.7583123,2.3223689,-2.2878046
-0.73740864,-2.8509684,0.21638079,5.92562,0.31785214,-0.56454813,1.9846386,-2.1774395
-1.0627562,-2.7503567,0.014917289,6.2082973,0.014829422,-0.8358412,1.8960253,-2.1065438
-1.0094081,-2.8382144,0.09805282,5.8296914,0.36506113,-0.7672735,1.9878823,-1.9872663
-0.8335439,-2.92179,0.21898049,5.5502014,0.59402865,-0.75118047,2.022803,-2.112001
-0.8112575,-2.9241352,-0.05155004,5.6300297,0.8304007,-0.6626949,2.1945937,-2.1623547
-0.52545017,-2.9878645,0.10516157,5.5780935,0.9149636,-0.5781423,1.8846236,-2.1806343
-0.9051611,-2.8322892,0.08702351,5.7547984,0.3871243,-0.5675374,2.0781658,-2.1433208
-0.95980304,-2.8270972,0.061201412,5.7715664,0.5623932,-0.5781283,1.9546009,-2.1766672
-0.9976132,-2.7585356,0.11800199,5.837082,0.41987917,-0.60531116,2.1519337,-2.150175
-0.9167341,-2.9114778,0.3179562,6.041733,-0.0070679463,-0.703632,1.9576428,-2.2516735
-0.78416103,-3.0278032,0.49917936,5.611698,0.36543924,-0.81117535,2.1948242,-2.1182072
-0.91849774,-2.8180497,-0.40362397,6.068178,0.69045615,-0.8414257,2.3246548,-2.079964
-0.80232996,-3.0086598,0.15538162,5.8783092,0.30033553,-0.6215165,2.200482,-2.14772
-0.66442776,-3.0032902,0.20849015,5.933112,0.2862065,-0.7009028,1.918344,-2.106698
-0.68465734,-2.8204355,0.24326055,5.7580113,0.51673704,-0.61018825,2.1794546,-2.2518866
-0.74690676,-2.9083226,-0.26270595,6.131568,0.5909906,-0.6674786,2.0175316,-2.026734
-0.7676789,-2.9090583,-0.7129722,6.3344226,0.73375845,-0.608678,2.0963595,-2.3152504
-0.5910276,-2.9964025,-0.4383629,5.9975805,1.0156668,-0.60469,2.1929572,-2.0835547
-0.6317802,-3.0611768,-0.23896968,5.3076196,1.2677749,-0.81201935,2.0845506,-2.205602
-0.58823097,-2.917676,-0.5629023,6.0589666,1.0854038,-0.73391926,2.1847036,-2.1178427
-0.7147663,-2.8822966,-0.26042444,6.1203647,0.7145098,-0.5791023,2.170864,-2.2098358
-1.1277063,-2.6971028,-0.34211802,5.8891497,0.6876259,-0.7387465,2.0427685,-2.1291893
-0.4027248,-2.9686832,-0.7703897,6.9690166,0.45284915,-0.6744183,2.105484,-2.140125
-0.4553545,-2.949899,-0.17568901,6.523228,0.3240977,-0.5553729,2.0066535,-2.112265
-0.66300523,-3.041047,0.05761249,5.9474254,0.52498907,-0.65842396,2.0536163,-2.1327763
-0.7602254,-2.8693287,-0.25092843,5.9585276,0.80129504,-0.5750427,2.0648043,-2.221109
-0.62278134,-2.8417673,-0.16261199,6.1238675,0.644131,-0.7075012,2.1873667,-2.2141254
-0.913116,-2.8154829,-0.32809353,6.0905595,0.60741866,-0.78957975,2.0937378,-2.0270262
-1.1324555,-2.7262862,-0.38501734,6.199664,0.4395213,-0.79415596,1.9997048,-2.0640967
-0.85822636,-3.0261357,-0.55154157,6.4025073,0.49712142,-0.8389796,2.1308708,-2.318116
-0.8059111,-2.8963716,-0.29181883,5.961062,0.700219,-0.7361761,2.059359,-2.3906708
-0.8498189,-2.8478396,-0.062030584,6.0273137,0.500168,-0.7344231,2.092614,-2.0033839
-0.7053087,-2.8670206,-0.13921003,6.205592,0.4076515,-0.59031856,1.9832473,-2.0596263
-1.0435526,-2.7195837,-0.15096773,5.5772023,0.71971506,-0.86391413,1.968934,-2.2152317
-0.6448738,-2.97483,0.6200952,5.9161563,-0.13366774,-0.64641213,2.1580286,-2.1604245
-0.8114677,-2.9338038,0.40892735,6.1754837,-0.13696708,-0.64089847,2.1079524,-2.121285
-0.60538095,-2.8648398,0.5642047,5.6650696,0.35004014,-0.6070437,2.2137005,-1.9566158
-0.8346899,-2.92959,0.40363586,5.6561885,0.34619677,-0.6116049,2.2059088,-2.1097276
-1.0010684,-2.861972,0.56385344,5.4841,0.20651133,-0.7142477,2.0298643,-2.174711
-0.80336773,-2.86495,0.83844495,5.364463,0.104152896,-0.7177083,2.0409758,-2.1486373
-0.8121843,-2.996823,0.82023895,5.340407,0.21351267,-0.8101467,1.9683253,-2.168214
-0.8165677,-2.832037,1.2364584,5.265303,-0.016147332,-0.6480996,2.3748212,-2.0190568
-0.6818648,-3.025022,0.69377726,5.140975,0.65249693,-0.68978435,2.1047902,-2.0814955
-0.79224724,-2.8830476,0.64784473,5.1857386,0.6294849,-0.6881532,2.0630965,-2.1292717
-0.93371093,-2.7989316,0.69560957,4.924637,0.67555714,-0.7723424,2.0814505,-1.9970105
-0.707505,-2.8249924,1.1588644,5.012236,0.26467466,-0.60120934,2.2136703,-2.0190816
-0.7525737,-2.9029677,1.4635286,4.706277,0.19939676,-0.7559918,2.2786338,-2.2783995
-1.1748319,-2.7241325,1.5826322,4.331688,0.21218613,-0.8014375,2.0982301,-2.2809103
-0.88125306,-2.7912319,1.9683671,4.156912,0.1806286,-0.7838672,2.1759133,-2.0226698
-1.0255078,-2.8805118,1.7039318,4.177715,0.36545947,-0.81236,2.017643,-2.1307318
-0.9217736,-2.8938184,1.3217131,4.429295,0.59402037,-0.7279466,2.0711236,-2.3403747
-0.79006314,-2.8830152,1.5021408,4.6434903,0.35496902,-0.6804343,2.0591602,-2.2393415
-0.9245278,-2.7784739,1.4673415,4.644438,0.31540787,-0.6802602,2.0693405,-2.0252228
-0.56499493,-2.9743156,1.3371631,4.9865737,0.22777502,-0.7670973,2.3332996,-1.9932908
-0.89134055,-2.885675,1.013484,5.157062,0.15572344,-0.75903326,2.2450056,-2.1492786
-0.8942196,-2.8482616,1.2455028,4.8134403,0.3762124,-0.7489556,2.130906,-2.0082464
-0.85905,-2.892077,1.0306344,5.1585603,0.0779244,-0.71806335,2.1407595,-2.1168387
-0.714308,-2.963978,1.6234058,5.0398083,-0.1074241,-0.5767979,2.1970835,-2.173143
-1.0597448,-2.8702903,1.2886481,5.2355022,-0.20251304,-0.80862164,2.342502,-2.028055
-0.88497484,-2.837089,0.9635046,5.2837086,0.06568493,-0.6727753,2.0062063,-2.103485
-0.7875602,-2.8878636,0.78631294,5.05888,0.5726959,-0.704713,2.0988042,-2.1108239
-0.5999135,-2.8785086,0.56653106,5.111622,0.747021,-0.659402,2.2590292,-2.0999386
-0.9444515,-2.8255436,0.51944315,5.093911,0.68670034,-0.7027463,1.9962924,-2.191539
-0.6672168,-3.1620822,0.818287,4.9482927,0.73866045,-0.6559548,2.3172598,-2.1747403
-0.57417196,-2.8919406,0.74065506,5.163869,0.67759705,-0.62750876,2.0278618,-2.2144215
-0.81754583,-2.8923113,0.66566527,4.9527164,0.9396076,-0.75488263,2.1180167,-2.2891042
-0.88021755,-2.839737,0.9800817,4.58816,0.9726097,-0.73472786,1.974788,-2.1240659
-1.0233929,-2.9594696,0.9140354,4.472921,0.93089134,-0.83923006,2.1123033,-2.262791
-0.9804526,-2.90416,0.69684434,4.8444543,0.7402344,-0.55546206,1.9361748,-2.16919
-0.9830895,-2.7740507,0.1113309,4.969894,1.2290744,-0.72460526,2.232474,-2.258853
-0.99150264,-2.9605505,0.064360954,4.8603826,1.4763424,-0.7205732,2.3085895,-2.1776161
-0.76195604,-2.7674701,0.879322,4.4458065,1.0379041,-0.85079664,2.044052,-1.9149445
-1.0282986,-2.8564584,0.86153466,4.7595706,0.6525768,-0.8878211,2.131408,-2.0848718
-0.9735558,-2.8316114,0.5689725,5.022309,0.73889005,-0.7276057,2.1243904,-2.0279057
-0.7334681,-3.0140092,0.8682115,4.8378606,0.74161595,-0.6511741,2.0117624,-2.0449293
-0.5602135,-2.9169044,0.9926486,4.9573007,0.67108846,-0.62773484,1.9893521,-2.2210135
-0.74141604,-2.9394023,0.68436575,5.3676066,0.38861725,-0.64486337,2.0752692,-2.2535849
-0.8162903,-3.0415583,0.5641997,5.324099,0.41793516,-0.6891078,2.0705757,-2.187807
-0.87440485,-2.8454382,0.35930663,5.682519,0.30288956,-0.6921037,2.2650445,-2.069539
-0.95010704,-2.8664567,0.3191347,5.6768208,0.32724705,-0.79476565,2.1567242,-2.1204677
-0.81133646,-3.0280154,0.24756297,5.5022554,0.5979813,-0.82644075,2.0345724,-2.158388
-0.860433,-2.881774,0.34552994,5.657328,0.3727697,-0.67523766,1.9941756,-2.057503
-0.949065,-2.86642,0.2691734,5.6247406,0.27416047,-0.8181746,2.0615523,-2.1004696
-0.8000132,-2.7915032,0.31489882,5.681051,0.383862,-0.6255951,2.1132028,-2.090988
-0.78528214,-2.9284024,-0.02909477,5.983931,0.42676666,-0.8986166,2.090329,-2.2713232
-0.76882046,-2.8517683,0.14080924,5.9046965,0.42762318,-0.7727692,1.7548227,-1.9997547
-0.85287756,-2.9202788,0.29544756,5.914308,0.2353494,-0.7513645,1.9108049,-2.035715
-0.4792154,-2.9471548,0.45013338,5.749928,0.41926193,-0.56356734,2.0563202,-2.154676
-0.3544949,-3.0779355,-0.05084877,6.040167,0.67357135,-0.5263667,2.0092967,-1.9828199
-0.82467216,-2.8893867,-0.20375709,6.0421376,0.58647835,-0.6607964,1.8450092,-2.4215124
-0.64103,-3.0653071,-0.17578836,5.8966384,0.76326364,-0.71454537,1.9017786,-2.1353269
-0.6420478,-2.9225576,-0.64979136,6.4594917,0.80183184,-0.59542733,2.003276,-2.1410925
-0.8578765,-2.894224,-0.82056606,6.4911847,0.7746716,-0.69064176,2.090688,-2.3539984
-0.77037054,-2.933167,-0.27405208,6.2924366,0.4212138,-0.765186,2.1660686,-2.2362735
-0.8092055,-2.7922368,0.13312398,6.0682774,0.2967804,-0.628779,2.1404085,-2.151038
-0.9676851,-2.697007,-0.07597908,5.6591396,0.7081566,-0.8159378,1.8340017,-2.0661056
-1.1196009,-2.7864223,0.053026203,5.6556015,0.527062,-0.8065447,2.18305,-2.041533
-0.5801161,-2.9241111,0.37591317,5.6032376,0.6530723,-0.56870025,2.045563,-2.0948694
-0.95854104,-2.7960136,0.1901719,5.7599134,0.31813404,-0.7525402,2.3052967,-2.1866689
-0.87589157,-2.798051,0.33249083,5.581575,0.42805243,-0.811673,2.2092562,-2.1744308
-0.7984277,-2.931284,0.04945353,5.8050437,0.57033414,-0.8369424,2.0290241,-2.2371104
-0.67279524,-2.9807138,-0.18397781,5.817926,0.7214927,-0.748928,1.9341184,-2.2556098
-0.9218849,-2.778231,-0.31769547,6.22915,0.47610134,-0.67857707,2.03372,-2.1488178
-0.9041551,-2.78191,-0.4097776,6.512182,0.18346885,-0.69542617,1.9437726,-2.1701515
-0.49783787,-2.9769552,-0.25810662,6.4883347,0.320308,-0.6413023,2.2000213,-2.145811
-1.1343017,-2.7535238,-0.8471587,5.817363,1.2232244,-0.78397936,2.019034,-2.1374567
-0.9968353,-2.791371,-1.0267497,5.7116113,1.5982285,-0.81488186,2.1213133,-2.0562592
-0.94751257,-2.843135,-1.2304572,6.074573,1.513934,-0.7229106,1.9806381,-2.0799086
-0.71825,-2.8804305,-0.99037063,5.9303226,1.4787905,-0.7791762,2.1127107,-2.191621
-0.8216352,-2.9075527,-0.131925,5.3311434,1.2113729,-0.71093804,2.2517748,-2.1635358
-0.8133016,-2.8859315,0.28976998,5.0877905,0.9149718,-0.8282787,1.8194245,-2.029122
-0.5711704,-2.9377997,0.4456489,4.9468026,1.1865455,-0.67595446,2.1814594,-2.128989
-0.77263886,-3.0732002,0.027857097,5.0717015,1.2319996,-0.71459895,2.1262517,-2.1823828
-0.68522745,-2.757318,-0.24100782,5.397277,1.3925551,-0.64423984,1.9405711,-2.0008307
-0.8827436,-2.911192,-0.4135834,5.531957,1.2344185,-0.7051802,2.1321871,-2.1676433
-1.0374886,-2.9361663,-0.5153238,5.407293,1.3967679,-0.73342395,2.3463519,-2.2936256
-0.6194923,-3.0827882,-0.37255704,5.2700543,1.5748124,-0.673987,2.1470034,-2.2277007
-0.5365144,-2.9743605,-0.07471688,5.312129,1.2981259,-0.6400389,2.0723295,-2.1692936
-0.78363097,-2.9288511,1.2018248,4.7535906,0.44536123,-0.8235653,1.7984502,-1.94825
-0.83232147,-2.7558274,1.3973567,4.2482395,0.88360894,-0.74106157,2.2263334,-2.0717196
-0.8452897,-2.7706404,0.8272901,4.634123,0.93414986,-0.72078013,2.0136116,-1.9958125
-0.7288192,-2.9637706,0.41058937,5.0264025,0.9981605,-0.68991643,2.04008,-2.2126877
-0.90904063,-2.927399,0.16440007,5.045522,1.1332446,-0.8277637,2.0650525,-2.2318285
-0.82666993,-2.84894,0.09642957,5.000473,1.2332358,-0.6672206,2.1851673,-2.324652
-0.7694148,-2.9574106,0.30359745,5.0280128,0.9868862,-0.64918435,2.128585,-2.298319
-0.7173734,-2.835459,0.28968892,5.516799,0.6401504,-0.6537503,2.195681,-2.2057235
-0.86045223,-2.9752932,0.5803223,5.3445635,0.47284806,-0.6665003,2.301874,-2.18262
-0.64960194,-2.9017296,0.5128391,5.735749,0.2412357,-0.5756537,2.043751,-2.0850275
-0.78152657,-2.8981504,0.5413691,5.9979696,-0.06924368,-0.6547163,2.020111,-2.0963626
-0.9302259,-2.8275619,0.4355032,6.0619693,-0.1495842,-0.54624724,2.052246,-2.0662696
-0.9084569,-2.7443678,-0.13238442,6.665165,-0.12854217,-0.62601966,1.984066,-2.1365378
-0.6352969,-2.9472616,-0.15714528,6.500247,0.13066821,-0.6675674,1.9232265,-2.2369034
-0.73907954,-2.9244187,-0.27528143,6.4658947,0.35343215,-0.6150529,1.9795146,-2.3068829
-0.73957103,-3.0131862,-0.9571075,6.6194954,0.68394923,-0.67165256,2.0450804,-1.9857887
-0.9953712,-2.8224673,-1.0762453,6.7251124,0.5428496,-0.9794992,2.1550934,-1.9852294
-0.46746406,-3.05819,-0.50046337,6.7688904,0.31208262,-0.7661781,1.9133558,-2.0937176
-0.63989234,-2.9773693,-1.145494,6.9453897,0.7428094,-0.71097034,2.0993497,-2.1849887
-0.6854376,-2.9558578,-1.0647215,6.6040955,0.9478052,-0.76153034,2.1091552,-2.1081324
-0.7679476,-2.9325747,-0.89406896,6.5578346,0.7572075,-0.67781734,2.05551,-2.1948524
-0.77390796,-2.7940834,-0.517737,6.276721,0.7206202,-0.6368074,2.0934997,-2.0246475
-0.67991793,-2.857743,-0.26076046,6.183098,0.5763154,-0.6300282,2.1054318,-2.2232456
-0.7710421,-2.8666348,-0.25309587,6.1290407,0.62726027,-0.6566212,2.1157255,-2.3184721
-0.95974207,-2.8532388,0.019305842,5.9885497,0.28287703,-0.92121387,2.0785022,-2.090399
-0.84067094,-2.8298347,0.4319159,5.811831,0.042457294,-0.8997141,1.9448707,-2.015992
-0.6702418,-2.9679248,0.17311823,5.90092,0.4157305,-0.6954868,1.9442071,-2.10889
-0.75014937,-2.9677966,-0.1288582,5.6087813,0.9634183,-0.7576731,2.1636372,-2.2039387
-0.98556244,-2.7146971,-0.10562425,5.3522897,1.0218838,-0.7736895,1.9737165,-2.1885793
-1.0329244,-2.820559,-0.47410756,5.4988403,1.2119733,-0.79795796,2.1158166,-2.1974242
-1.0193069,-2.7356098,-0.17934646,5.271956,1.28485,-0.7916497,1.993686,-1.9130527
-0.7672638,-3.0010917,-0.12334328,5.177318,1.3483536,-0.66901696,1.9610881,-2.1511698
-0.87078613,-2.9418347,-0.46416464,5.341041,1.5264815,-0.79591644,2.1314914,-2.240654
-0.70556957,-3.0514581,0.1023122,5.281801,0.96822447,-0.64314806,2.0994415,-2.0098634
-0.73799217,-2.9172556,0.6131015,5.002559,0.79275364,-0.6471743,2.216306,-2.285543
-1.1359234,-2.853015,0.6945981,4.8498874,0.7287652,-0.6981982,2.1784654,-2.2026825
-0.8923635,-2.9043653,0.60848165,4.20055,1.5491304,-0.8117813,2.085561,-2.0044205
-0.7958614,-2.7992735,0.2496436,5.0028377,1.2180074,-0.6932446,2.1455634,-2.2879918
-0.63417107,-2.9264855,0.027821546,4.973221,1.7022756,-0.655502,2.2861857,-2.1504748
-0.69317526,-2.903424,-0.22735731,4.9997277,1.7363434,-0.67451406,1.9935224,-2.285045
-0.87468946,-2.8097756,0.025149757,5.0002418,1.2767135,-0.7564515,2.3680637,-2.1041937
-0.88899106,-2.8107364,-0.011608569,5.3550158,0.98557645,-0.77492994,2.3778634,-2.151774
-1.2449863,-2.6556222,0.13256025,4.872303,1.2671795,-0.7570777,2.113092,-2.234065
-0.5814093,-3.1014585,-0.14744747,5.6424613,0.98400736,-0.6099969,1.9407603,-2.0020983
-0.7324577,-2.8328803,-0.23447517,5.540278,1.181532,-0.5695007,2.0731,-2.238333
-0.57769734,-2.9280314,-0.15574971,5.627444,1.1536418,-0.5939815,2.0859747,-2.1069248
-0.72092766,-2.9315233,-0.12601769,5.4382467,1.0497268,-0.7388961,1.9152448,-2.3226616
-0.995573,-2.86588,-0.017674645,5.6107473,0.70344865,-0.7383069,2.0644178,-2.06584
-0.89143944,-2.7371404,-0.24232303,5.441087,1.1875466,-0.6731423,2.1355765,-2.1523435
-0.96886843,-2.933951,-0.6239954,5.17338,1.7163594,-0.85100204,2.2868366,-2.1717367
-0.7175425,-2.9623039,-0.5519531,5.3584433,1.6302935,-0.6348654,2.2581954,-1.9818141
-0.9983035,-2.8875062,-0.2148063,5.6236234,0.9700548,-0.78350914,2.1717284,-2.1287222
-0.715223,-2.9512768,0.007461212,5.4979606,0.975339,-0.71751976,2.220723,-2.1834657
-0.67444617,-2.8450747,-0.26864177,5.7710204,0.9418981,-0.65821934,2.0291765,-2.1453502
-0.9458024,-2.888493,-0.06707204,5.653922,0.7872517,-0.7954559,1.9322854,-2.1065013
-0.78867424,-2.8916478,-0.2865231,5.5400867,1.0873657,-0.792499,2.149677,-2.120316
-0.68059003,-2.925618,-0.28717488,5.5428095,1.198161,-0.6636076,1.9724112,-1.9532694
-1.0722673,-2.8470712,-0.39615723,5.1370635,1.4863242,-0.74477047,2.0536382,-2.0373604
-0.67646813,-2.9893637,-0.16529201,4.900924,1.6678251,-0.6213014,2.097745,-2.3027053
-0.7751388,-2.9217424,-1.0345895,5.468066,1.8446221,-0.6995667,2.0803797,-2.1796305
-0.857179,-2.8825815,-1.1788737,5.7367444,1.7983168,-0.9084998,2.1886375,-2.1401978
-0.63214344,-2.8870823,-0.84394616,5.635479,1.6988832,-0.68994933,1.961715,-2.04513
-0.62673855,-3.0196984,-0.76428425,5.760986,1.4519798,-0.61886746,2.1381347,-2.0479894
-0.8476999,-2.9264486,-0.46844566,5.702427,1.2111645,-0.73545855,2.268227,-2.3398647
-0.3689815,-3.1251981,0.19892085,5.0229173,1.427719,-0.5858938,2.121107,-1.9131739
-0.89158505,-2.8742626,-0.28245458,5.285731,1.2169583,-0.818696,2.3170977,-2.0790277
-0.89066404,-2.9077542,0.024285752,5.3229575,1.1349577,-0.73643756,1.8414382,-2.1685073
-0.83267915,-2.901456,-0.4848577,5.043793,1.6831365,-0.69479334,2.161723,-2.1473517
-0.7630442,-2.7945352,-0.13616863,5.0697937,1.4711078,-0.70148647,1.9484833,-2.105994
-0.919903,-2.8366714,0.043187175,5.1306677,1.3450818,-0.69060344,2.13358,-2.0875256
-0.7533123,-2.9121804,-0.22375293,5.415531,1.2468263,-0.6258993,2.033962,-2.0625997
-0.58954793,-2.9008286,0.30556962,5.4405236,0.80725247,-0.5998884,2.0955036,-2.1640577
-1.0297997,-2.8535147,0.19779347,5.317596,0.78534657,-0.7514908,2.121622,-2.2861452
-0.87292355,-2.923193,0.49861777,5.313839,0.56385016,-0.7949433,1.9451495,-2.2097769
-0.9470076,-2.9259796,0.40784895,5.552013,0.26347312,-0.7759431,2.138359,-2.190187
-1.0108612,-2.7712343,0.20454608,5.7892737,0.26892853,-0.69774544,2.1886442,-2.1225295
-0.74618864,-2.937494,0.2595063,5.38878,0.8182166,-0.600343,1.940404,-2.2516863
-0.9523202,-2.7770777,-0.07530726,5.5969343,0.87774706,-0.70351017,2.007126,-2.0361187
-1.0116496,-2.8105793,0.1358192,5.667828,0.44903997,-0.83362895,2.0218163,-2.16094
-0.8216174,-2.8556204,0.05520813,6.319138,0.13502727,-0.6947115,2.0844343,-2.2641277
-0.65806055,-2.8772688,0.5134681,6.1764946,-0.24489024,-0.65171397,2.2029738,-2.3123763
-0.70751625,-3.01206,0.52188945,6.337392,-0.41212603,-0.7786268,2.0211606,-2.2709887
-0.9486059,-2.8932943,0.38461778,6.695134,-0.7780836,-0.7483779,2.0640776,-2.1672792
-0.89037514,-2.9009492,0.27876702,7.153971,-1.1081831,-0.58977705,2.1816144,-2.1200042
-0.56452566,-2.9475749,0.5313199,7.314069,-1.2806787,-0.6142213,2.0756886,-2.0806296
-0.5531305,-2.9940624,0.4521423,7.3233786,-1.1570927,-0.64808315,2.0043852,-2.148124
-0.9341687,-2.8629882,0.0028610372,7.3529663,-1.023128,-0.67644125,1.847514,-1.8503461
-0.8848906,-2.8980618,-0.27061218,7.3312306,-0.82091105,-0.77252644,2.1537383,-2.2209578
-0.759954,-2.9401245,-0.0014979923,7.484362,-0.9286069,-0.7700452,2.0741405,-1.9730266
-0.5254354,-2.928099,0.61093813,7.308812,-1.2907795,-0.53420985,1.8903795,-2.1024346
-0.81761664,-2.9604316,0.535022,7.102431,-1.3230973,-0.772241,2.0653865,-2.2014956
-0.6950285,-2.9856188,0.39642763,7.1950645,-1.2202396,-0.6298781,2.1193252,-2.0445046
-1.0224108,-2.8350492,0.52570117,7.086953,-1.3461522,-0.71974164,2.2878191,-2.1396046
-1.0030924,-2.8198678,0.69610614,6.959089,-1.466633,-0.7897127,1.9547223,-2.138612
-0.8023145,-2.9237328,0.7069655,7.0876646,-1.2884028,-0.6320454,2.108319,-2.0670197
-0.87252766,-2.9106123,0.79755795,6.5945106,-1.1290072,-0.67972016,2.088799,-2.1871202
-0.6549529,-3.02324,1.173269,6.2407703,-0.9921856,-0.62039214,2.1730688,-2.1553419
-1.0819291,-2.947721,1.1318673,6.135306,-1.1115679,-0.9528082,2.3216968,-1.9705317
-0.8198623,-2.8309808,1.1817493,5.995383,-0.7097654,-0.7779302,1.9724963,-1.9107074
-0.7190601,-2.8835542,1.6035467,5.582309,-0.63748926,-0.61310613,2.153132,-2.1587703
-0.79325444,-2.932351,0.33336774,5.124353,1.0884541,-0.7375796,2.2330823,-2.1188207
-0.9226955,-2.7915933,0.19582891,4.859472,1.211177,-0.8467436,1.8952364,-2.0549617
-0.95403486,-2.8698275,0.592335,4.542641,1.1996504,-0.792282,2.0030255,-2.0755954
-0.66490626,-2.991455,0.07196584,4.7139635,1.6815664,-0.57912487,1.8863533,-2.0723138
-0.5692799,-2.9820714,0.19563197,4.911202,1.3603328,-0.61545134,2.1061172,-1.9523364
-0.7276946,-2.9896028,-0.07316445,5.211733,1.254075,-0.8225777,1.9190751,-1.9990095
-1.0653682,-2.808722,0.005531728,4.593439,1.619331,-0.8046705,2.2625852,-2.1253502
-0.9351784,-2.8596432,0.2201467,4.972761,1.1761478,-0.73050296,2.1180043,-2.0568197
-0.6841487,-3.0008216,-0.109650955,5.2219505,1.4101682,-0.7285228,2.272242,-2.034543
-1.0257782,-2.786053,-0.44643924,5.8711596,0.73710936,-0.68629235,2.2299504,-1.9724538
-0.81779003,-2.9874923,-0.27688515,5.590741,1.0872973,-0.79468435,2.0026274,-2.3452442
-0.82689977,-2.9804437,0.044470295,5.2844877,0.9240051,-0.6866225,2.2173245,-2.1129024
-0.87534374,-2.986005,0.08369346,5.327357,0.94249946,-0.77141696,2.0225925,-2.210779
-1.0167456,-2.8104975,-0.056790102,5.251224,0.98870635,-0.6758275,2.289604,-2.0671146
-0.9156101,-2.8461452,-0.04417782,5.026384,1.2380095,-0.6491831,2.0879042,-2.2288
-0.99455935,-3.0927837,0.07540163,4.86275,1.2944243,-0.70041776,2.244827,-2.134516
-0.7539672,-2.8191576,0.25598496,4.4188848,1.7182249,-0.8780995,2.0435052,-2.1603556
-0.6624152,-3.0504017,0.1893768,4.56706,1.6464539,-0.6573125,2.0689502,-2.1491754
-0.7811376,-2.9275932,0.12010593,4.5580378,1.8425071,-0.62046725,2.0548067,-2.1148872
-0.9893543,-2.8795178,0.041023683,4.853505,1.3692985,-0.76548535,2.1719236,-2.140381
-0.6814874,-2.9848938,0.17446397,4.995559,1.3414544,-0.73218185,2.3405557,-2.0819695
-0.9733776,-2.9581497,0.30941358,4.6834583,1.1525481,-0.76059294,2.1952507,-2.364457
-0.80186296,-2.9551063,0.49400514,4.6515856,1.3024629,-0.68972284,1.994231,-2.1968658
-0.7450391,-2.826836,0.67506295,4.63876,1.2021945,-0.7609283,1.9710338,-2.1131976
-0.89802784,-2.8939855,0.5496763,4.5577054,1.1599294,-0.74961704,2.170624,-1.9803054
-0.7108818,-2.9164379,0.83970803,4.800091,0.870915,-0.7156909,2.0886762,-2.2680817
-0.8927736,-2.8759654,0.6189407,4.6324525,1.0279211,-0.68009484,2.1355832,-2.1660714
-0.838217,-2.9720616,0.4549903,5.099934,0.9300318,-0.71969354,2.018623,-2.347336
-0.5640585,-3.0312428,0.21984816,5.2515974,1.0551424,-0.65949625,2.0435367,-2.0886326
-0.64212763,-2.979401,0.745804,4.9625354,0.7928969,-0.6908865,1.9083962,-2.26621
-0.87425077,-2.9043267,0.5682997,4.9802613,0.7148268,-0.68107814,2.3000896,-1.9103023
-0.65329677,-2.962041,0.76710445,4.9099355,0.82691324,-0.57574886,2.2198067,-2.1363723
-0.90047413,-2.8659167,0.9770992,4.749838,0.6507627,-0.6912114,2.158751,-2.18186
-0.71776515,-2.8223236,0.66631895,5.037741,0.93786687,-0.66164273,2.2153494,-2.0970118
-0.8641442,-2.8637471,0.40065086,5.088713,0.9423807,-0.65519005,2.163217,-1.968426
-0.9532951,-2.8522444,0.5334218,4.6835566,1.0871066,-0.7690008,2.0025752,-2.2809415
-0.91775054,-2.8682075,0.8226569,4.8714647,0.76324433,-0.7756078,2.1446612,-2.1985574
-0.69779015,-2.8059077,0.9670225,5.085957,0.40126383,-0.6124928,2.1984382,-2.2282922
-0.6048919,-2.9240668,0.94333655,5.1346874,0.51617795,-0.60081685,1.9802372,-2.0083091
-0.94891846,-2.8035014,0.63952935,4.99609,0.60780483,-0.64867806,2.156738,-2.1956756
-0.8217229,-2.818223,0.6166102,5.2811527,0.48682135,-0.5659571,2.0539024,-2.2463796
-0.8045667,-2.9389966,0.72603077,5.36712,0.3111385,-0.9245206,1.9009582,-2.122736
-0.742546,-2.8139172,0.42403057,5.5124784,0.5983885,-0.66400117,1.9139057,-2.2183392
-0.79151183,-2.9407046,0.5127605,5.2069955,0.5394964,-0.72432935,2.0475707,-2.2862887
-0.7349544,-2.906276,0.7133693,5.071991,0.6647578,-0.6553717,1.8325424,-1.9882908
-0.78985626,-2.8507617,1.0734143,4.9801383,0.38705716,-0.61627245,1.9141138,-2.1010528
-0.9542516,-2.8585944,0.84722203,5.0367823,0.30224478,-0.65777487,2.4540744,-2.0387812
-0.52308506,-2.9196212,1.1977743,5.181025,0.19796056,-0.69018376,2.0099173,-2.033233
-0.580887,-2.9858673,1.252204,4.6706285,0.48132446,-0.68536377,2.0955355,-1.9902368
-0.75548536,-2.935935,1.3139396,4.6856465,0.3410636,-0.68234134,2.1451612,-2.143551
-0.70075977,-2.9678793,0.98290294,4.49492,0.85632,-0.75612754,2.1287973,-2.0817857
-0.45276758,-3.0030138,0.8283991,4.9035687,0.8332224,-0.63706493,2.0641096,-2.1187882
-0.92080253,-2.8572476,0.6501174,4.701652,1.0796506,-0.71484923,2.2789297,-2.1887455
-0.79799026,-2.9968107,0.35188097,5.1446686,0.9365759,-0.6036061,2.1498294,-2.1619744
-0.75625,-2.909408,0.4724714,5.5204687,0.35137838,-0.5873167,1.9956683,-2.1424882
-0.80608183,-2.916644,1.0636386,5.484737,-0.051846072,-0.7041283,2.0995302,-2.2236984
-0.8931624,-2.814282,0.92717206,5.3539295,0.03976072,-0.6776533,2.2323503,-1.8929038
-0.8700311,-2.859292,0.80451953,5.1542897,0.45630157,-0.72381467,2.2044663,-2.3354256
-0.8935967,-2.9846213,0.8479827,4.8567724,0.5970627,-0.7453846,2.1625397,-2.2336166
-0.8134815,-2.8983922,1.0283104,4.840495,0.5697818,-0.8562656,2.034987,-2.0823336
-0.94509214,-2.7990985,0.8776451,4.9563,0.548754,-0.73374045,2.1661444,-2.3051317
-0.8286853,-2.8640285,0.8018897,5.1829333,0.36188522,-0.7707562,1.9666291,-2.1050768
-1.0085466,-2.7651567,0.82119155,5.4781265,-0.055411715,-0.8064558,2.334345,-2.0906098
-1.1560271,-2.7726066,0.6216231,5.909945,-0.34227943,-0.7683675,2.2920647,-2.2356095
-0.91242266,-2.8495166,0.76846415,6.028725,-0.46694118,-0.6852009,2.0925534,-2.1005976
-0.707403,-2.9421792,0.8089687,6.2313914,-0.595559,-0.6773727,2.2031176,-2.011671
-0.7266408,-3.0012846,0.6950076,6.0319624,-0.25260592,-0.73680466,2.069878,-2.1202679
-0.9777946,-2.86325,0.60780156,5.876779,-0.20929866,-0.9130746,1.979719,-2.071115
-0.8328499,-2.9533334,0.2979245,5.890477,0.1808551,-0.635048,2.3444343,-2.2618787
-0.7760565,-2.8636441,-0.040260125,6.1416206,0.30138037,-0.68842936,2.3296814,-2.1105785
-0.90449643,-2.825405,-0.08631337,6.1712046,0.24334009,-0.66696006,1.9520199,-2.1586237
-0.8064051,-2.9931011,-0.10919611,6.2403193,0.30934492,-0.6366292,1.9991286,-1.9990675
-0.93044144,-2.7991252,-0.45437726,6.2783537,0.4594679,-0.66468066,2.2295394,-1.8018762
-0.8120692,-2.8670952,-0.23359554,6.4915624,0.10821222,-0.83877313,2.0951424,-2.1796575
-0.7363144,-2.934629,-0.25309002,6.382832,0.39690933,-0.7182425,1.8504611,-2.0609097
-0.5113553,-2.9759536,-0.22752911,6.148485,0.58506376,-0.60745174,2.0075786,-2.046087
-0.6996607,-3.0178287,-0.28272596,6.2984185,0.49722576,-0.60869575,2.339875,-2.0736055
-0.7598762,-2.9550912,-0.31719154,6.107841,0.5874141,-0.67628586,2.2202592,-2.0772696
-0.8235183,-2.8362293,-0.23558545,6.2875714,0.43585947,-0.6257816,1.9399735,-2.0414207
-0.9857492,-2.7968247,-0.40338647,6.4394846,0.36071393,-0.6500254,2.0294638,-2.340803
-0.8127386,-2.8319259,-0.98151726,6.6560574,0.74179304,-0.7244345,2.4858775,-2.0809958
-0.5277799,-3.008986,-0.9417421,6.7784925,0.68046725,-0.6391648,2.2287934,-2.021013
-0.5669683,-2.9969413,-1.1587086,7.007757,0.5854353,-0.6856877,1.96767,-2.015274
-0.6818955,-2.9938986,-0.8651888,7.0151343,0.30570465,-0.69717836,2.117465,-1.98082
-0.9614685,-2.77798,-0.78846526,6.7190237,0.39064157,-0.658169,2.0228615,-2.0472665
-0.98263806,-2.8359134,-0.5784405,6.7648263,0.091837145,-0.7476747,2.1155543,-2.2488272
-0.8883274,-2.89465,-0.5992216,6.758805,0.23802117,-0.7923315,2.0527315,-2.2936687
-1.0264668,-2.868707,-0.42968473,6.167198,0.29344252,-0.8130072,2.0167859,-2.061356
-0.778812,-2.8998356,-0.18148416,6.2270384,0.3456504,-0.6422041,2.2143533,-2.225066
-0.83566666,-2.8182993,-0.50205725,6.7411733,0.072341226,-0.69436586,1.9508275,-2.2301369
-0.91539836,-2.9455626,-0.29810646,6.7973776,-0.15069482,-0.6444282,2.0625722,-2.132683
-0.9944982,-2.953493,-0.037364095,6.3910136,-0.2613637,-0.88959455,1.968638,-2.12366
-0.9982845,-2.7865567,0.14185935,6.267973,-0.11089071,-0.7768008,1.8038008,-2.0811174
-0.86884344,-2.7836943,0.034542732,6.487575,-0.049895287,-0.6418169,2.0004408,-2.1190302
-0.60692346,-3.0992606,0.10976081,6.303812,0.02225493,-0.5909663,2.0883904,-1.9730234
-0.62772465,-2.8385358,0.25927207,6.2622232,0.06588888,-0.7804195,1.930643,-2.0983565
-0.7621812,-2.8173795,0.15730768,6.2511325,0.11225322,-0.6929334,2.0362754,-2.0721257
-0.8910939,-2.890287,-0.16847181,6.2532644,0.28542396,-0.68335843,2.199521,-2.0373442
-0.8147072,-2.944504,-0.21056801,6.315332,0.26998863,-0.7167936,2.0141377,-2.1358259
-0.6892068,-2.977544,-0.10829949,6.458842,0.08856916,-0.5754328,2.0717757,-2.152238
-0.773399,-2.8943038,0.46941793,5.0237007,0.90552855,-0.6423308,2.1959,-2.2107823
-0.90586156,-2.8266542,-0.065794855,5.7358093,0.7482061,-0.70127416,1.9067996,-2.2279644
-1.036485,-2.8550346,0.079114154,5.507761,0.67697346,-0.8068578,2.1821659,-2.0423422
-0.8427154,-2.8998525,0.30896753,5.479782,0.48608908,-0.8497456,2.014169,-2.162932
-0.7508152,-3.0131679,0.21884845,5.796955,0.31681925,-0.74680454,2.1198027,-2.1244643
-0.820483,-2.9094143,0.12948014,5.880731,0.31645116,-0.68712366,2.0794604,-2.2222576
-0.9353411,-2.9348724,0.030544046,6.047067,0.13831829,-0.76625156,2.120997,-1.8955445
-0.6067135,-2.8410408,0.05610589,6.282309,0.20616435,-0.5782505,2.0776217,-2.1270928
-0.8710654,-2.9484532,-0.18825154,6.3646655,0.14563751,-0.7508406,2.0995204,-2.0726044
-0.9262397,-2.884419,-0.38476524,6.693576,-0.054828666,-0.6402947,1.9513897,-1.955759
-0.4067188,-3.0540078,-0.19656442,6.7919316,0.025267687,-0.52256644,1.8740592,-2.0637941
-0.81923646,-2.8218691,-0.6866903,6.246973,0.8595793,-0.66791147,2.0051599,-2.1576638
-0.92837125,-2.8778372,-0.750094,5.915225,1.0484405,-0.8020192,1.9270172,-2.1637354
-0.8296841,-2.9659371,-0.80807614,6.151882,1.1048315,-0.69240934,2.1960716,-2.142694
-0.43007573,-3.0062478,-0.108484685,5.7730956,0.93416125,-0.64764506,2.0670838,-1.9314711
-0.9235289,-2.7616124,0.07457681,5.454637,0.9086611,-0.7907527,1.9942942,-2.1932037
-0.6138199,-2.9446485,0.32575098,5.4570823,0.67474395,-0.7789045,1.9978734,-2.0353153
-0.7975592,-2.9640265,0.28174698,5.648997,0.395391,-0.7603857,1.8950102,-2.1068585
-0.7102552,-2.954796,0.1766895,6.2357035,-0.016000062,-0.638264,2.0108182,-2.1278572
-0.68550843,-3.1080832,0.4842317,5.9475613,-0.059332184,-0.66477025,2.1810966,-1.9518644
-0.56020004,-2.9266999,0.7193418,5.9452257,-0.07055301,-0.5979891,2.228289,-2.0657787
-0.91685253,-2.7739103,0.31814963,5.90784,0.0146288965,-0.59630483,2.4647722,-2.1174679
-0.84369916,-2.8503227,0.36267602,5.5321846,0.456577,-0.7725294,2.1565588,-2.1423457
-0.7244174,-2.8441303,0.36618713,5.620554,0.6189888,-0.7091656,2.1278477,-2.195606
-0.7740537,-2.861217,0.38747236,5.4911613,0.48914787,-0.59990495,2.144819,-2.2168288
-0.72490174,-2.9587655,0.35314307,5.434429,0.6377807,-0.6518466,1.9995663,-2.0884295
-0.98721075,-3.0067403,0.018324016,5.559634,0.63654584,-0.9210083,1.9774021,-2.0998275
-0.7482495,-2.8972635,-0.11888286,6.0690312,0.59118736,-0.64555186,2.1733294,-2.1064205
-0.63171095,-3.0488772,0.10410242,6.2592125,0.18075484,-0.6177336,2.2586703,-2.0082529
-0.7976332,-2.8574812,0.175881,5.8855968,0.27622363,-0.6910111,2.0622547,-2.1818192
-0.9736187,-2.8030808,0.49629518,5.7006693,0.059551243,-0.731507,1.9158796,-2.2643297
-0.8368116,-2.8997276,0.7021654,5.800452,-0.120143205,-0.64634466,2.0399804,-2.1796062
-0.98208046,-2.7958987,0.47847763,5.5263286,0.36166292,-0.7143837,1.8171794,-2.0347345
-0.9677947,-2.7765784,0.6165567,5.424939,0.2768839,-0.77380985,2.0812027,-2.1238186
-0.9309271,-2.9686334,0.61308473,5.221515,0.4483572,-0.90676785,2.2329433,-2.1440835
-0.99326426,-2.7988217,0.24611263,5.3274374,0.65278774,-0.79419845,1.9228513,-2.084618
-0.941927,-2.8161697,0.20599353,5.871104,0.24739766,-0.7442643,2.0769193,-2.0484228
-0.75721073,-2.8936322,0.011329579,5.8119245,0.6247092,-0.65492725,1.9892818,-2.1095524
-0.832774,-2.8217351,-0.29437584,5.917924,0.73727745,-0.636277,2.0113363,-2.4084077
-0.8872584,-2.9729688,-0.033946037,5.9468603,0.29098678,-0.7103909,2.0921984,-2.0528882
-0.5979965,-3.0110884,0.11204939,5.7648416,0.7112411,-0.59617007,2.2893703,-2.1724167
-0.7468588,-2.9256325,0.5721571,5.592092,0.30903098,-0.7773348,2.0857465,-2.1689327
-0.8255504,-2.7757404,0.36857545,5.937235,0.11470534,-0.59520686,2.1562443,-2.2407234
-0.92565084,-2.9113932,0.43354258,5.8647428,0.012016717,-0.74261963,1.9010206,-2.3480449
-0.9874059,-2.910794,0.65489703,5.7609186,-0.18467651,-0.6153424,2.0568328,-2.1857443
-0.6944165,-2.8268049,0.7760012,5.706205,-0.036608122,-0.59512204,2.1797714,-2.1906204
-0.76775056,-2.8731778,0.5328951,5.6030717,0.32358617,-0.62882173,1.9660382,-2.1333966
-0.9537895,-2.8807137,0.5404533,5.2160196,0.5816532,-0.7156445,1.9267821,-2.3423867
-0.8953418,-2.86403,0.7332645,5.039759,0.5770931,-0.7469885,2.2934158,-2.0700567
-0.55931395,-2.9282484,0.36463004,5.250236,0.8142084,-0.637553,1.9084427,-1.9893306
-0.7354037,-2.9925184,0.5515012,4.9692883,0.9049826,-0.64455795,2.123963,-2.2222471
-1.2168896,-2.619733,0.4900364,5.064672,0.68676156,-0.7436407,2.153816,-2.0410755
-0.9101867,-2.8316984,0.1979611,5.6918983,0.41791683,-0.7268217,1.9935191,-1.9693209
-0.78093505,-2.923793,0.12472042,5.8269663,0.329464,-0.67591727,2.0966475,-2.176275
-0.8731387,-2.8925006,0.4562779,5.8914566,0.031960256,-0.6970966,1.8720351,-2.2940154
-0.5603746,-3.0941143,1.0878001,5.7031274,-0.28200778,-0.6361446,2.206363,-1.9834101
-0.8373207,-2.8855026,0.8006639,5.903021,-0.3595154,-0.86071354,1.9886764,-2.2889886
-0.68136156,-2.882959,0.6292137,6.137688,-0.2759001,-0.6733527,2.389534,-1.9703627
-0.80223364,-2.851508,0.6065026,6.0338874,-0.19468248,-0.6342722,2.0619347,-2.1855848
-0.7856952,-2.9575405,0.68512255,5.882751,-0.19795017,-0.78752404,2.0190861,-2.147069
-0.89378214,-2.822405,0.26996294,6.257539,-0.12775399,-0.7748281,2.1761181,-2.161139
-0.86329097,-2.8904545,0.32211787,5.7971992,0.11766603,-0.88336915,2.2833312,-2.168412
-0.80779165,-2.8495295,0.016045077,6.000366,0.34227622,-0.6322473,2.0525758,-2.087957
-0.4152107,-2.953694,0.2279437,6.3600287,0.16071235,-0.59682107,2.3585358,-2.0866826
-0.38329098,-2.885596,-0.06054075,6.368547,0.40964577,-0.69331914,2.0704758,-2.0912733
-0.9349893,-2.855282,-0.2933347,6.307861,0.32878235,-0.78635347,1.9904195,-2.1345863
-1.0077797,-2.7285938,-0.14586535,6.466935,-0.0202021,-0.5444553,2.323832,-2.0015056
-0.82790196,-2.8501434,0.026242083,6.5029135,-0.15009584,-0.75186586,1.9765781,-2.2088711
-0.79044324,-2.971126,-0.16610816,6.8294525,-0.3109125,-0.84752434,2.3610923,-2.0889432
-0.8046116,-2.847852,-0.038334604,6.844483,-0.4281749,-0.68057156,1.931082,-2.1322303
-0.7289776,-2.8899457,-0.20470911,6.7268257,-0.16630132,-0.7480042,2.11805,-2.115593
-1.0593938,-2.8716857,-0.26465854,6.6852627,-0.30605206,-0.7395393,1.8871509,-2.073196
-0.7027568,-2.988497,-0.20473127,6.6168256,-0.039303094,-0.89362234,2.1678863,-2.1116874
-0.9242035,-2.8291423,-0.33888188,6.576886,0.00026514728,-0.64103603,2.0075293,-2.0328102
-0.7476383,-2.9801564,-0.1903467,6.699344,-0.0049442435,-0.6841208,2.0991163,-2.2110364
-0.8260257,-2.9239142,-0.5132849,6.627062,0.2199273,-0.6446096,1.9446414,-2.0764036
-0.7242529,-2.9183278,-0.8822975,6.6976233,0.55969524,-0.6525551,2.0691233,-2.2305455
-0.43336785,-3.1181815,-0.81242025,6.625553,0.7768285,-0.61957604,2.3481565,-2.2036917
-0.6622357,-2.9931877,-0.58345485,6.3838563,0.7173227,-0.6870003,2.0330315,-2.15609
-1.0150113,-2.9453878,-0.534124,6.243679,0.5981947,-0.80820644,1.9852177,-2.1855009
-0.83401674,-3.0439498,-0.15619598,5.8725,0.64522076,-0.8076696,2.103065,-2.3123567
-0.8170602,-2.8672073,-0.13667426,6.053713,0.4141868,-0.76752025,2.0322292,-2.0952837
-0.7556238,-2.9879057,-0.41144872,6.255988,0.58450025,-0.64100564,1.96979,-1.9946126
-0.95949036,-2.8226836,0.1661839,5.8056726,0.33963344,-0.70805085,1.9466183,-2.1738389
-0.9728193,-2.7237997,-0.22855935,6.0009627,0.5074899,-0.6918067,1.8152944,-2.0989313
-1.1586739,-2.7283323,-0.38885203,5.839121,0.7741876,-0.7976371,2.0728457,-2.0622463
-0.9656139,-2.8141713,-0.30224675,6.077565,0.55559623,-0.74741435,2.073738,-2.1364288
-0.85192597,-2.8324022,-0.28000423,5.99378,0.6765744,-0.70789254,2.2016215,-2.077378
-0.7555475,-2.7838523,0.09665739,6.0229073,0.32459986,-0.6868457,2.0040598,-2.1083622
-0.47934738,-3.057799,0.312885,6.1087413,0.16252844,-0.71665967,2.082655,-2.2108297
-0.5714318,-2.9499786,0.6935894,5.7725573,0.08672327,-0.5301699,2.0354223,-2.1481123
-1.1399095,-2.7940924,0.37194306,6.1719575,-0.313699,-0.7624858,2.0961266,-2.0620797
-0.5373972,-3.0785742,0.47716478,5.7235174,0.4325074,-0.54630566,2.077686,-2.099264
-0.76431143,-2.8285658,0.2868296,5.5095572,0.5735057,-0.62282944,2.1185257,-2.067201
-1.0109456,-2.8574505,0.17514965,5.3673487,0.7833856,-0.6876699,1.960048,-2.1610713
-0.65096915,-2.9333646,0.25584975,5.2997246,0.9040121,-0.69556886,2.1801364,-2.0481057
-0.841186,-2.9553404,0.21863654,5.430763,0.7391036,-0.72732025,1.935751,-2.158371
-0.8088883,-2.7697594,0.005063584,5.8836966,0.4837586,-0.77281266,1.8806753,-2.1621141
-0.93053514,-2.8751006,-0.12150735,5.9004083,0.50095874,-0.79807836,2.179951,-1.9966631
-0.91004527,-2.9488945,0.053221326,5.855459,0.42854428,-0.6565804,2.4146814,-2.0309412
-0.7320276,-3.0103471,0.18017623,6.531374,-0.30518734,-0.71995115,2.096205,-2.2275991
-0.61543334,-2.975862,0.29001552,6.1573415,0.059878163,-0.60709804,1.8895279,-2.1786838
-0.7068786,-2.9177704,0.39971292,6.148487,-0.10066228,-0.6939762,1.8866049,-1.9167433
-0.88812727,-2.869891,0.7676206,5.840764,-0.2871525,-0.65294856,2.0625696,-2.1465445
-0.6678979,-2.85497,0.770842,5.5583944,0.14354852,-0.7124421,1.968072,-2.1373322
-0.950244,-2.8438544,0.6027419,5.7073975,0.036036987,-0.743139,2.02722,-2.134687
-0.90768147,-2.8246646,0.6724208,5.5980854,0.18087141,-0.64289844,2.139742,-2.0491946
-0.87720996,-2.9025085,0.39196244,5.4120607,0.54463875,-0.68068326,2.3664558,-2.1075819
-0.82131815,-2.9207227,0.6112079,5.672444,0.13189742,-0.74899715,1.9499441,-2.2565522
-0.88667965,-2.9148753,0.6458485,5.2344146,0.43455288,-0.64043033,2.1390622,-2.139763
-0.9411887,-2.9167292,0.89882904,4.77444,0.51408845,-0.73195213,2.49181,-2.0162945
-0.9110453,-2.9233584,1.2326181,4.962271,0.16225934,-0.7830428,2.2949617,-2.138232
-1.0260109,-2.782899,0.9510919,5.2393622,0.008088821,-0.83335525,2.0567825,-2.0202901
-0.9438731,-2.8083026,0.37922582,5.5416603,0.45947438,-0.7573483,1.9312359,-2.117487
-0.93076366,-2.9248223,0.6413988,5.134257,0.65539825,-0.772826,1.9549391,-2.1058304
-0.7870729,-2.8744278,0.76272345,5.012399,0.87909687,-0.69282824,2.1969826,-2.1735463
-0.8167487,-2.878646,0.11150983,5.2256956,1.0016397,-0.75194436,2.1900423,-2.100523
-0.8526628,-2.791446,-0.3928774,5.429667,1.2377609,-0.6778478,2.0303285,-2.060588
-0.7867643,-2.9635959,-0.14122973,5.9300714,0.676198,-0.633515,1.9910742,-1.9422296
-1.039708,-2.768421,-0.090514466,6.025548,0.28530493,-0.7013539,1.8888798,-2.1770694
-0.39948225,-2.94826,0.33432344,5.98713,0.38114104,-0.6506016,2.0531676,-2.11435
-0.87952846,-2.8000743,0.5678049,5.948368,-0.19753318,-0.74911493,2.0876098,-1.9079324
-0.8126876,-2.864575,0.81747663,5.5174932,0.122767545,-0.67128783,1.9838569,-2.2046382
-0.9207892,-3.0099757,0.49976617,5.28296,0.509937,-0.8337231,2.060249,-2.1626375
-0.87061155,-2.8114738,0.63208216,5.1196055,0.59111017,-0.69035524,2.0155027,-2.158035
-1.1045514,-2.8242924,-0.09507054,5.182948,0.98776853,-0.80917025,2.1554527,-2.1116626
-1.0603783,-2.8599527,-0.38968202,5.5282574,1.177457,-0.68027276,1.9109049,-2.12527
-1.0154048,-2.773572,-0.35637516,5.3160486,1.3160299,-0.832814,2.03629,-2.0421124
-0.8406213,-2.8265154,-0.22499035,5.55219,1.1655375,-0.7287138,2.0682132,-2.2478044
-0.9380751,-2.8649046,0.044498466,5.3962836,0.8322067,-0.83960295,2.0657787,-2.1941462
-0.6134761,-2.8621633,0.20244229,5.781092,0.63052666,-0.5747595,2.3319266,-2.0568037
-0.532674,-3.0452719,0.27448192,5.8537955,0.5131174,-0.66105336,1.9844972,-2.1844926
-0.9349393,-2.7378464,0.37922364,5.801598,0.27662337,-0.68799263,2.1348536,-2.0502706
-0.925485,-2.890682,0.6143244,5.50884,0.20907308,-0.6931663,1.987012,-1.9869084
-1.0745463,-2.7457342,0.5996797,5.58283,0.07903682,-0.6677314,2.083916,-2.2594528
-0.8352486,-2.9155133,0.5173688,5.197727,0.6434144,-0.73541063,2.0868998,-2.0733566
-0.7974137,-2.9579859,0.47140685,5.26506,0.6110613,-0.598315,2.2760656,-2.1624808
-0.8821916,-2.862306,0.7451749,5.0601044,0.52667284,-0.7847747,1.9444823,-2.0584733
-0.8583196,-2.9105446,0.58668107,5.537174,0.14434795,-0.7454095,2.1349833,-2.1600094
-0.7090706,-3.0177417,0.11903638,5.7654476,0.5227673,-0.7818409,2.0854309,-2.1282408
-0.651064,-2.9179823,-0.26184,5.705472,0.9602497,-0.67386204,2.0885177,-2.1851878
-0.62657547,-3.0493498,0.071474314,5.524419,0.91397405,-0.5914924,2.1358042,-1.9850204
-0.65381455,-3.0034332,0.49755046,5.644248,0.44892973,-0.53334266,2.0793138,-2.3691542
-0.7505199,-2.863845,0.27200407,5.553744,0.5573118,-0.63478494,2.0467198,-2.1892993
-0.8375084,-2.9472558,0.1423466,5.483059,0.72513545,-0.70768875,1.9331374,-2.2501953
-0.88393897,-2.9192824,0.20307295,5.2192974,0.99904186,-0.73189896,2.263826,-2.0103579
-0.746394,-3.0469823,0.3328891,4.884595,1.205208,-0.7680976,2.0547829,-2.1145575
-0.85571134,-2.9080398,0.30133852,5.1161966,0.88940567,-0.8344936,1.924055,-2.101974
-0.94306,-2.7737021,0.5477312,5.169573,0.61924744,-0.7384136,2.0200772,-2.158531
-0.9370512,-2.8230615,0.61513585,4.974369,0.75618947,-0.8244104,2.2081048,-2.060936
-0.89707214,-2.8141837,0.56463075,5.2442603,0.5588038,-0.70848477,1.8880527,-2.1620314
-0.8090514,-3.027818,0.2688854,5.402425,0.82255423,-0.6993157,2.2285967,-2.2998533
-0.7984712,-2.7601259,-0.10184775,5.270119,1.3244652,-0.71813416,2.1980467,-1.9549338
-1.0119677,-2.8691535,-0.68939745,4.9692397,2.0754287,-0.713444,2.1241317,-2.2719052
-0.76949656,-2.9353383,-0.30922833,5.0669312,1.6282054,-0.72546375,2.3499227,-2.2018838
-0.70371324,-2.8738642,-0.42408767,5.4224133,1.51971,-0.6929753,2.1537714,-2.1747808
-0.7826612,-2.9631343,-0.02538315,5.1873074,1.1782196,-0.8869687,2.2933972,-2.279613
-0.83510846,-2.8469439,-0.447007,5.2572503,1.4309249,-0.75625706,2.2425973,-2.1399293
-1.0439649,-2.8064837,0.05084138,5.252764,0.9934609,-0.77019167,2.1770701,-2.0925686
-1.0837187,-2.8687518,0.18641472,5.1741414,0.9358514,-0.8583272,2.0772607,-2.283875
-0.78142816,-2.8517199,0.26037496,5.610332,0.5360386,-0.59245366,2.0910416,-2.1049356
-0.7551916,-2.8990667,0.070604615,5.4799914,0.88462234,-0.76269954,2.0432057,-2.0273721
-0.6790075,-2.9018655,-0.067466274,5.9114885,0.6140371,-0.63028574,2.0582337,-2.1541018
-0.87148803,-2.8238955,-0.37494907,6.4073105,0.3285577,-0.8309171,2.0984812,-2.2262383
-0.98884225,-2.7590353,-0.3688703,6.3705964,0.32782286,-0.7577257,2.205343,-2.0618753
-0.73597556,-2.948139,-0.28054026,6.142023,0.5086516,-0.7138439,1.9418713,-2.2159953
-0.8590316,-2.8538983,-0.16991687,6.3259296,0.18548328,-0.77070767,2.2622025,-2.2004843
-0.7477242,-2.9698613,-0.24712,5.8899565,0.7261755,-0.7647006,2.003662,-2.0440142
-0.933205,-2.8159819,-0.28673735,5.616914,0.9925962,-0.7321742,2.1067975,-2.0767648
-0.68816435,-2.7945788,-0.6690048,6.103356,1.0639037,-0.60233057,2.0019853,-2.0989459
-0.7335135,-2.950774,-0.48548183,6.051488,0.8308081,-0.5962593,1.9802558,-2.317509
-0.7779932,-2.9091716,-0.421215,5.873583,0.9331334,-0.8003946,2.2210414,-2.1836245
-0.78155535,-2.9563913,-0.55093634,5.892929,1.1458062,-0.7621404,1.990943,-2.1177597
-0.6143014,-2.939118,-0.21933557,5.4335413,1.2560362,-0.7104702,2.1351092,-2.0710676
-0.8136405,-2.942666,0.5489767,5.487836,0.499957,-0.62588525,1.9898711,-2.143037
-0.8576345,-2.954016,0.60556185,5.420384,0.2702506,-0.8600507,2.2245715,-2.2552836
-0.8655582,-2.9110446,0.87993485,5.062417,0.48352325,-0.7547636,2.1742175,-1.9626899
-0.67787564,-2.9619794,0.91549104,5.107706,0.43381,-0.70715344,2.041782,-2.245188
-0.7341146,-2.9735236,0.938369,5.330143,0.13514179,-0.623796,2.3277197,-2.1326451
-0.83881503,-2.8838534,1.2628,5.2593064,-0.12460003,-0.6987418,2.1671085,-2.1314194
-0.66067994,-2.877961,1.4361732,5.32298,-0.31765276,-0.6021168,2.141311,-2.1087725
-0.42714414,-2.9707286,1.4514391,5.4499807,-0.12918483,-0.7611713,2.155274,-2.1379814
-0.9198932,-2.9014354,1.3312508,5.1680007,-0.2087816,-0.8109585,2.1254075,-2.2696514
-0.8461825,-2.841256,0.8437157,5.493264,0.08208282,-0.67450684,2.0586312,-2.1097624
-0.56445193,-2.9585395,0.9014652,5.7442536,-0.033423707,-0.63463974,2.2728705,-2.284527
-0.5151582,-3.115837,0.65534294,5.9776053,-0.054897346,-0.6420856,2.0434039,-1.9984399
-0.8489273,-2.8538709,0.11052535,6.330509,-0.06454699,-0.76782125,2.0166144,-2.2434063
-0.9650058,-2.7445693,-0.30175686,6.442352,0.15878496,-0.6595219,2.1306365,-2.0932565
-1.0223252,-2.8479822,0.35321182,5.8985977,0.045571476,-0.7481515,2.1855383,-2.0584621
-0.76134545,-2.935157,0.6807795,6.0311174,-0.3473921,-0.7025818,2.0460851,-2.1433105
-0.79907584,-2.8755248,0.43802536,6.237136,-0.33964247,-0.7191412,2.2016947,-2.1128464
-0.9318526,-2.7887847,0.45754114,5.8057246,0.03677449,-0.7519068,2.2188215,-2.1753702
-0.9225377,-2.88962,0.7116315,5.467231,0.15853602,-0.75186163,1.942855,-2.0635884
-0.90433806,-2.8600993,0.5654792,5.6267285,0.13465008,-0.7210956,2.2655277,-2.2307262
-1.00491,-2.8171184,0.97060823,5.4324975,-0.09795792,-0.85161906,2.189109,-2.1989143
-0.90761644,-2.8277729,0.25284454,6.2279673,-0.08381634,-0.7827242,1.9900328,-2.355133
-0.7932957,-2.7966328,0.0013457903,6.509305,-0.1942936,-0.65003884,2.071738,-2.1708724
-0.78666675,-2.9986057,-0.21155563,6.804683,-0.31310302,-0.6442284,2.0467513,-2.1532161
-1.0850073,-2.7232678,-0.08847377,6.562543,-0.21970202,-0.7442402,2.0542505,-2.0365572
-1.0306039,-2.786826,-0.03257112,6.1855373,0.057416942,-0.9894224,1.9811519,-2.3377862
-1.2872937,-2.6570106,0.9163243,5.174108,0.03983531,-0.73308355,2.0692847,-1.9690887
-0.8003448,-2.8114455,0.95253104,5.408326,0.11562898,-0.68671024,2.1403062,-2.096484
-0.7058142,-3.0441904,0.6742753,5.5275855,0.2175532,-0.72046757,1.9483552,-2.1806524
-0.6864538,-2.8680563,0.5460219,5.8193164,0.012534639,-0.63313836,2.2658749,-1.9574019
-0.9801841,-2.7958562,0.24868922,5.7230816,0.25779253,-0.8331147,2.1848671,-2.1450794
-0.59079343,-2.8494122,0.115303524,5.8583155,0.5366465,-0.5783866,1.9890282,-2.0521352
-1.0202715,-2.862018,0.30340818,5.571449,0.38144022,-0.8112502,2.3530688,-2.0978174
-0.9806555,-2.8932579,0.3783631,5.8900127,0.048019953,-0.81308675,2.1361592,-1.9822357
-0.74033386,-2.9125624,0.40291786,6.1038384,-0.036772195,-0.5984664,1.954675,-1.9946228
-0.6656857,-2.7853556,0.25747275,6.283425,-0.056722134,-0.6564612,2.0872028,-2.0801086
-0.8045913,-2.743793,0.16950981,6.16339,-0.0028993364,-0.66589093,2.171751,-1.9231533
-0.7564325,-2.8143463,-0.09289912,5.9913325,0.448827,-0.75257254,2.0524323,-2.037962
-0.600491,-2.974713,0.32597724,6.1328053,0.114976354,-0.6508278,1.9855576,-2.1525881
-0.6860959,-2.9162657,0.52363926,6.072592,-0.15778138,-0.71520555,2.1165175,-2.1901743
-0.77041876,-2.8939626,0.6640009,6.1517158,-0.26460528,-0.6374762,2.06737,-1.9703918
-0.8345373,-2.8214343,0.58206946,5.9433966,-0.065627,-0.7516491,1.9608449,-2.0259697
-0.50507045,-2.978572,0.47056782,6.1183033,0.09300707,-0.5613317,2.1521413,-2.0634718
-0.8114363,-2.9212928,0.3011863,6.1506248,0.05970106,-0.5799142,2.0813882,-2.3093982
-0.9301404,-2.8121328,0.47810534,5.9813156,-0.09150828,-0.7135519,2.0406394,-2.082174
-0.7725598,-2.8216865,0.0606458,5.9960284,0.34659824,-0.7629798,2.2318957,-2.157615
-0.661545,-2.9332209,0.24150744,5.6135554,0.53174615,-0.74754345,2.0278585,-2.0727308
-0.8618859,-2.886675,-0.4222983,5.3088603,1.5096915,-0.5496945,2.193843,-1.9898391
-0.8254468,-2.8570957,-0.60298735,5.7469096,1.2833872,-0.6221861,1.9620833,-2.2084744
-0.89493674,-2.7672975,-0.8404516,5.7820683,1.2232333,-0.69347775,2.2330005,-2.1258712
-0.73943996,-2.8689399,-0.4956976,5.654817,1.157866,-0.8290412,2.361188,-1.9870203
-0.8177079,-2.958567,-0.54724735,6.0319185,0.9279158,-0.6499811,2.074023,-2.1608238
-0.75548214,-2.99336,-0.26930162,5.809482,0.89604306,-0.65975195,2.038346,-1.8940315
-0.55885506,-2.938849,-0.0811392,6.0477853,0.5602925,-0.73695195,2.0938866,-2.1259403
-0.67073756,-3.0045264,-0.8353006,6.3597713,0.90131897,-0.7214766,2.035787,-2.165186
-1.158933,-2.7236934,-0.88706553,6.5574017,0.58905643,-0.7651585,2.0070784,-2.2753763
-1.0196129,-2.7455416,-0.7867345,6.7820373,0.451037,-0.65505767,1.8825145,-1.9331759
-0.7782648,-3.0358286,-0.8211594,7.1271367,0.05053228,-0.7243246,2.0214596,-2.1643968
-0.84736836,-2.83753,-0.8546191,7.2430844,-0.016708445,-0.70154494,2.20934,-2.1245236
-0.88365334,-2.82763,-0.6579624,6.7900605,0.1790945,-0.65782416,2.0601726,-2.0690033
-0.84056795,-2.8670998,-0.120098315,6.19193,0.24551886,-0.8318398,2.244901,-2.1547697
-1.0281324,-2.8868036,0.17266178,6.033406,0.0031544357,-0.7135977,2.2335553,-2.3475018
-0.8758952,-2.7631063,0.43998307,6.1591463,-0.2834367,-0.74598014,2.333478,-2.0447257
-0.8285667,-2.8247845,0.6268142,5.9687996,-0.22451417,-0.7372301,1.9653344,-2.0300958
-0.74864256,-2.903977,0.7725072,6.1608505,-0.53048056,-0.76800185,2.1536994,-2.0849304
-0.56574893,-3.0270474,0.8407882,5.8271184,-0.091772705,-0.663195,2.0726368,-2.2556834
-0.6652557,-2.8749309,1.0958244,5.374563,0.111976266,-0.62309486,1.9026624,-2.1150863
-0.79289216,-2.905236,0.43442953,5.1354322,0.8384111,-0.66467446,2.027847,-2.119762
-0.71130025,-2.905611,0.5077849,5.1495686,0.8753197,-0.69106627,2.0241418,-2.3373995
-0.88492024,-2.8974793,0.261947,5.2963033,0.8428889,-0.8164774,2.3405402,-2.1160817
-0.65210193,-2.931344,0.33587784,5.156066,1.0420247,-0.62815,2.1671793,-2.170472
-0.95282453,-2.8725276,0.24033995,5.3138285,0.730262,-0.80101997,2.0956655,-2.076772
-1.0475264,-2.7732673,0.004274306,5.565054,0.671626,-0.8574272,1.9198655,-2.1554627
-1.0943031,-2.8268106,-0.21986666,5.6349916,0.87926024,-0.8162201,2.0899708,-2.0732155
-0.79461473,-2.8626916,0.04996346,5.7762046,0.4728841,-0.6835154,2.0684314,-2.178477
-0.6284671,-2.9269238,0.3555229,5.7443113,0.35246232,-0.75409603,2.0256438,-2.1659467
-0.79154575,-2.8606954,0.5579038,5.5771437,0.2784638,-0.7088907,2.1217413,-1.7924508
-0.9277933,-2.8520455,0.31871396,5.708732,0.19530614,-0.6805817,2.1540518,-2.0023572
-0.56661516,-2.915346,0.74352384,5.7451506,0.03640664,-0.61669207,2.0648797,-2.0964043
-0.8591433,-2.8990486,0.5307911,5.7365713,0.12578481,-0.60890615,1.9560901,-2.1696625
-0.84208465,-2.838563,0.15596744,5.638966,0.45951128,-0.679627,2.1444788,-2.1730325
-0.6579759,-2.9416127,0.31359512,5.157791,0.82290876,-0.7222263,2.0808203,-1.9444518
-0.851731,-2.983364,-0.013868981,5.426402,0.89559144,-1.0202873,2.17116,-2.166916
-0.9421229,-2.7766206,0.083741695,5.5631504,0.6742044,-0.5572172,2.1619344,-1.9815005
-0.8641352,-2.9779296,0.2900068,5.4288635,0.55397403,-0.60461235,2.2026618,-1.9147507
-0.87773126,-2.9231677,0.21570767,5.5079045,0.517689,-0.69399416,2.0728824,-2.1448243
-0.58205134,-2.948271,0.1736516,5.764982,0.59644234,-0.67556703,1.9102738,-2.102199
-0.6261343,-2.969743,-0.06115608,6.2225432,0.36458367,-0.5460857,2.1057127,-2.2966146
-0.87384206,-2.782218,-0.06501716,6.1704054,0.29876608,-0.6175274,2.079963,-2.0913746
-0.88556546,-2.8141685,-0.13631567,5.853831,0.6746291,-0.6527182,1.9424862,-2.284166
-0.9587249,-2.9385846,0.16312867,5.3980803,0.6462358,-0.85692763,2.0498948,-2.1067526
-0.70390177,-2.887066,0.41978228,5.430412,0.58041984,-0.58753484,1.9006227,-2.0037346
-0.52427167,-2.9955058,0.62737465,5.3314137,0.6565894,-0.56128156,2.1057477,-2.2094903
-0.98267674,-2.8817837,0.20606911,5.179037,0.85923034,-0.8597469,1.956008,-2.3610437
-0.85757613,-2.8636336,0.6756882,4.8186417,0.75491565,-0.69901407,2.051547,-2.020651
-0.90217626,-2.9244356,0.6653236,4.839676,0.8398678,-0.7566634,2.0433927,-2.2762303
-0.99407053,-2.9028025,0.54576856,4.77986,0.84847045,-0.87508476,1.9765275,-2.1735265
-0.66251504,-2.777737,0.56973886,5.0120683,0.90726393,-0.6407835,2.0107656,-2.1463034
-1.3151097,-2.666921,0.0902907,5.1876826,0.87430644,-0.92602354,2.0155842,-2.245067
-0.8227148,-2.8892832,0.93185616,5.016683,0.5704243,-0.6854292,2.253232,-2.2772658
-0.9858994,-2.8234131,0.6566972,5.014683,0.63198125,-0.70106786,1.9115181,-2.0956073
-0.9852328,-2.7519736,0.5136567,5.157952,0.60821396,-0.698163,2.2222438,-2.0025976
-1.0654503,-2.7516768,0.4080187,4.935078,0.87582827,-0.73273706,1.9801531,-2.1679873
-0.9508793,-2.7868056,0.10722126,4.8484907,1.2948223,-0.73638546,2.1760209,-2.088918
-0.4815517,-3.1189978,0.10915238,5.4386578,1.0203105,-0.65102386,2.1936364,-2.170432
-0.81477034,-2.924626,0.37622887,5.2914777,0.6465108,-0.7083273,2.1267967,-2.251657
-0.59779245,-3.0826552,0.20326692,5.5100045,0.67195,-0.7303362,1.8333834,-2.1678267
-0.81196934,-2.8084118,0.19718404,5.927266,0.3323488,-0.7421333,1.8760291,-1.9843305
-0.5783461,-2.9448383,0.33150625,5.812695,0.42417523,-0.6011282,1.9233555,-2.1839597
-0.8901223,-2.873806,0.4840488,5.595527,0.30461884,-0.8235886,1.9715997,-2.1706295
-1.0586212,-2.8747234,0.35815272,5.5700765,0.3754544,-0.7530101,2.196843,-2.1911783
-0.9483965,-2.8426535,0.21862885,5.53916,0.5552643,-0.67062724,2.220909,-2.1643326
-0.87617886,-2.8306088,0.08017121,5.5689454,0.6827236,-0.74595666,2.117124,-1.9687973
-0.54157174,-2.9684129,0.6971897,5.2835984,0.5956475,-0.6122502,2.0651808,-2.1259906
-0.79647326,-2.974838,0.54364216,5.3242927,0.6508457,-0.6550552,2.0284994,-2.1867583
-0.89322037,-2.9759676,0.3096326,5.364547,0.6417956,-0.6342704,2.0369396,-2.1626391
-0.7551095,-2.8784637,0.37925676,4.957595,1.02882,-0.6837592,2.1541207,-2.1072738
-0.6074909,-3.013128,0.1374174,5.322172,1.0758913,-0.66052496,1.8351231,-2.1159024
-0.7256453,-3.0316706,0.62201494,5.5816092,0.13784485,-0.75898194,2.181026,-2.0688045
-0.8185961,-2.8857765,0.500008,5.6684194,0.22869773,-0.7310862,1.9914525,-2.2402894
-0.5014263,-3.0722263,0.29568538,5.7124805,0.5371972,-0.73044825,1.9976454,-2.115205
-0.97697383,-2.8317134,0.41770515,5.8618693,0.049923647,-0.6888117,1.9104838,-2.2199366
-0.90900916,-2.9326067,0.5815569,5.292792,0.3682755,-0.76323265,1.8900814,-2.1879895
-0.63575804,-3.0976062,0.23150684,5.50919,0.77660865,-0.6633881,2.0367596,-2.242278
-0.9519115,-2.8468661,0.29904175,5.250407,0.7889095,-0.8468643,2.0901535,-2.1063004
-0.67384446,-2.8389688,0.305462,5.5424747,0.68756086,-0.6764981,2.0989795,-2.0895762
-0.9340498,-2.8372376,0.8243485,5.8533998,-0.40414816,-0.64537024,2.3851087,-2.0353572
-0.8838135,-2.8901083,0.781983,6.000117,-0.45672116,-0.65577114,2.1728542,-2.2331078
-0.97160244,-2.7946913,0.66913956,6.139184,-0.47923142,-0.5428241,1.9906683,-2.097026
-0.7998333,-2.983682,0.48401806,6.116238,-0.16251478,-0.6193867,1.9262354,-2.0995755
-0.8767047,-2.9796653,0.37758288,5.978508,-0.044319406,-0.8622446,2.1387813,-2.2108452
-0.81736404,-2.823232,0.46588138,6.055691,-0.095862165,-0.64493173,2.036559,-2.1620579
-0.7212637,-2.8962474,0.40810183,5.9326596,0.03776268,-0.72776276,2.0830197,-2.1305833
-0.72994566,-2.9842079,0.4164975,5.8204203,0.1317035,-0.7341657,2.0423117,-2.0069196
-1.052686,-2.7292273,0.63500077,5.610841,-0.040084817,-0.7172202,2.1427894,-2.068571
-0.9620528,-2.8160598,0.44717103,5.562112,0.34000385,-0.69617957,2.4401834,-2.0700772
-0.7465032,-2.8251143,0.41121802,5.8724747,0.28836894,-0.62118286,2.103114,-2.237366
-0.65312225,-2.831238,0.17306128,6.247788,-0.046998788,-0.69490534,1.9556441,-2.0475981
-1.0355148,-2.840309,0.2660773,6.1710496,-0.22031516,-0.7836588,2.0703058,-2.2678177
-0.81141514,-2.810479,-0.043522496,6.365072,0.07536818,-0.7745189,1.8820896,-2.2352908
-0.67269677,-2.834593,0.40098533,6.050656,0.10154164,-0.61508155,2.1157153,-2.1452339
-0.7875984,-2.993292,0.085633636,6.1189327,0.24884784,-0.74882317,1.8920965,-2.1132183
-0.74794036,-2.954728,0.1955321,5.965094,0.35710385,-0.5911294,1.964695,-2.228033
-0.7877245,-2.8006294,0.15840803,6.160848,0.11208153,-0.6614766,2.1285112,-2.0681686
-0.89794976,-2.9251218,0.10677717,5.8825736,0.25940284,-0.7060019,1.9309483,-2.1080854
-0.69938564,-2.8561656,0.20643617,6.048737,0.18583265,-0.6726369,2.1978173,-2.0714858
-0.887216,-2.8109746,0.34853584,6.1614633,-0.090899125,-0.7004752,2.0813046,-2.0720587
-0.97889274,-2.968432,0.11925337,6.1837263,-0.07262116,-0.8490315,2.2049587,-2.418729
-1.1688279,-2.8419874,-0.18542562,6.0173154,0.27133176,-0.7782309,2.2762501,-2.0171058
-1.1891844,-2.7406476,-0.36600477,6.3229976,0.18126598,-0.81464815,1.9074844,-2.1344903
-0.77644616,-2.933997,-0.16921903,6.388157,0.21113695,-0.6639494,2.1620126,-2.3356235
-0.5043062,-3.0663238,-0.28697747,6.497515,0.32964817,-0.63866395,2.061836,-1.9756334
-0.62563276,-2.8453076,-0.19815756,6.3267064,0.3742609,-0.66868365,1.9542729,-2.1297193
-0.80371624,-2.9438207,-0.24729653,6.2358155,0.31617418,-0.70311815,1.9701424,-2.0924366
-0.73729753,-2.9606802,-0.39909562,5.960156,0.85694736,-0.74186957,2.1920507,-2.0519812
-0.69498396,-3.0090551,-0.10262661,6.0960593,0.4072193,-0.64272904,2.2431188,-2.1806731
-0.83696085,-2.79171,-0.4553125,6.0477276,0.84307605,-0.5755779,2.1655002,-2.147275
-0.5875697,-2.9728425,-0.449596,5.7313347,1.189554,-0.7015303,1.9233344,-2.2282054
-1.01807,-2.8612146,-0.2259603,5.548361,0.97880983,-0.77941567,2.0163484,-2.2657802
-1.0233268,-2.8794959,-0.32249483,5.5204577,1.001747,-0.8548203,2.1134381,-2.21963
-0.798793,-2.91858,0.19564353,5.1902285,0.9675048,-0.677183,2.0074086,-2.2372377
-0.54088455,-2.9218,0.5541204,4.351583,1.6191362,-0.6850562,1.9166156,-2.112101
-0.61399317,-3.0605102,0.6661538,4.307405,1.5586842,-0.67682767,1.978256,-2.104273
-0.84079576,-2.862529,1.0893487,4.1210895,1.120623,-0.72307146,2.0653732,-2.347985
-0.89553344,-2.8445692,0.6537903,4.0269957,1.7865481,-0.7517631,2.164304,-2.1737208
-1.1083214,-2.7743905,0.66215444,4.590509,1.0675912,-0.7817352,1.8876784,-1.9626324
-0.7927747,-2.8847752,0.5415288,4.666718,1.2605343,-0.6494502,2.2294378,-2.1569128
-0.96600515,-2.8034723,0.34909648,4.8326526,1.2064217,-0.7416892,2.1732805,-1.8998654
-0.9753512,-2.8094127,0.14551313,5.0877175,1.1700304,-0.7896297,2.1406019,-2.046019
-1.0114527,-2.7661204,-0.06781905,5.47776,1.0030628,-0.7926478,2.019251,-2.3738334
-1.1115155,-2.6704872,-0.21264724,5.57648,0.93355715,-0.8091049,1.8176683,-2.3231444
-0.7387066,-2.9384806,-0.3554191,5.6930337,1.0696106,-0.74411625,2.0889525,-2.1006224
-0.70909613,-2.8438122,-0.15846555,5.602923,1.0351368,-0.7016935,2.1350608,-2.038502
-0.8523922,-2.8325453,-0.76989084,5.8442945,1.2764925,-0.7099773,1.8222835,-2.0622878
-0.694139,-2.9360356,-0.2802072,5.61864,1.1825634,-0.7049933,2.075926,-2.0193055
-0.5832719,-2.9651237,-0.045890927,5.583934,1.0270178,-0.66872615,2.1657186,-2.1727931
-0.9671485,-2.9441373,0.016458388,5.1638956,1.1047968,-0.873576,2.0467277,-2.300513
-0.9413317,-2.829228,0.08351039,5.4486804,0.7777604,-0.80332935,2.1508331,-2.2662752
-0.74426794,-2.9263177,-0.10921583,5.777667,0.854821,-0.70941067,2.1393914,-2.1696413
-0.6596024,-2.814361,0.17552942,5.5686717,0.915039,-0.5550776,2.0868843,-2.1587124
-0.85478014,-2.7921743,-0.02366073,5.6776695,0.740662,-0.63551563,1.9721159,-2.0602162
-1.1313754,-2.8113892,-0.20818518,5.0697923,1.3152022,-0.8519113,2.1957479,-2.208547
-0.9379469,-2.848882,-0.4680059,5.181931,1.5120573,-0.7450672,2.1210856,-2.1796644
-0.9648532,-2.8572264,-0.32143158,4.7922683,1.8588989,-0.6764128,1.9937276,-2.051425
-0.82546455,-2.889122,-0.36618122,5.6200566,1.1102706,-0.7093798,2.091128,-2.1792316
-0.6762617,-2.7327347,-0.020045405,5.670303,0.8922226,-0.61265945,2.1708214,-2.1686072
-0.60165507,-2.8303356,0.03211132,5.453525,1.0588976,-0.67509973,1.9265358,-2.1678836
-0.7218059,-2.6426675,0.2407055,5.0749245,1.3678375,-0.589881,1.9865133,-2.117931
-0.60794955,-2.9531755,0.095785856,5.015167,1.2947613,-0.6445465,2.009728,-2.000726
-0.61267763,-2.927732,-0.07914838,5.4960685,1.1860158,-0.5969578,2.1778286,-2.248076
-1.0173264,-2.843041,0.31180447,5.3801622,0.47044495,-0.9384446,2.3062024,-2.0919247
-0.695597,-2.968747,-0.10310083,5.866333,0.67225534,-0.6563848,2.06748,-2.2033105
-0.5892649,-3.050907,0.25664282,5.6521997,0.6710317,-0.65292823,2.1359968,-2.0628374
-0.9335066,-2.953701,0.37301704,5.733335,0.226693,-0.6760335,2.0422165,-2.2172518
-1.1910217,-2.7668123,-0.05386606,5.8187237,0.41431898,-0.73556846,2.1343873,-1.8501128
-0.76106817,-2.9758816,0.27061877,5.7808943,0.31505787,-0.69862527,1.9425111,-2.0954468
-0.9878079,-2.8271253,0.049635652,5.702082,0.5368602,-0.71917695,2.2251804,-2.1807582
-0.63982224,-2.9597144,0.22774923,6.092759,0.2740403,-0.6073976,1.9776305,-2.088743
-0.87706745,-2.842798,-0.3218843,6.227878,0.44076526,-0.6446246,1.9643426,-2.0756836
-0.6860816,-2.8760104,-0.19487919,6.0670257,0.6013088,-0.5557114,1.9640712,-2.1606987
-0.6269741,-2.9075522,-0.2237456,5.78286,0.9249371,-0.59262174,2.1080518,-2.0502088
-0.5047038,-3.1558342,0.09755212,5.6115255,0.8932002,-0.60778624,2.0402808,-2.1149342
-0.3981742,-3.017187,0.20205417,5.879058,0.5702513,-0.62534267,2.2477522,-1.9314651
-0.8263605,-3.0190136,-0.23458904,6.096323,0.53748757,-0.67840457,2.1521683,-2.159686
-0.78145164,-2.9891791,-0.17627738,5.95735,0.615989,-0.6896607,2.1234052,-2.3985755
-0.73560196,-2.871935,0.058788355,5.5938606,0.7024128,-0.7808641,1.9148245,-2.31403
-0.95129365,-2.791478,0.28776687,5.422024,0.5672141,-0.8367347,2.03835,-2.2337072
-0.70199585,-2.9123228,-0.13606319,5.7339907,0.863445,-0.6448675,1.9613942,-2.1985438
-1.2367904,-2.6760433,0.116047524,5.507389,0.57536376,-0.86854565,2.032949,-2.1773324
-0.76014316,-2.9265535,0.17954753,5.5406575,0.71262217,-0.66161263,2.2712662,-1.9981186
-0.9795051,-2.8714175,-0.09900557,5.518037,0.88022655,-0.692216,2.1567006,-2.1510465
-0.57623667,-2.8386006,0.12896219,5.4995704,1.0294529,-0.68567055,2.180845,-2.1078646
-0.90830946,-2.8162148,-0.17659524,5.307601,1.2994938,-0.7714481,2.0165143,-2.218173
-1.009736,-2.85302,0.19682345,4.8110766,1.212994,-0.82315755,2.1854331,-2.2545574
-0.69580185,-2.9940403,0.19716793,4.742913,1.6284641,-0.6900317,2.145867,-2.0859573
-0.99313974,-2.9982483,-0.21905859,4.745002,1.5936373,-0.90273654,2.1050746,-2.1013489
-0.77349573,-2.9046507,-0.32355925,5.3076777,1.4564699,-0.6825411,2.1809626,-2.1762576
-0.34852147,-2.8866353,-0.45414892,5.640408,1.5144465,-0.6116658,2.2259045,-2.0558848
-0.88785243,-2.9386802,-0.5651977,5.5027475,1.437197,-0.6795587,2.0461867,-2.2462213
-0.56174624,-2.9885807,-0.37055832,5.5083733,1.3695201,-0.61650276,2.0242012,-2.121074
-0.9486969,-2.8694608,-0.004523863,5.482361,0.84270096,-0.68198156,1.9530182,-2.139769
-0.6759241,-2.8794694,0.10366624,5.435445,1.021169,-0.63955027,2.0413938,-2.0470798
-0.5471056,-2.9231346,0.0012262632,5.3193197,1.3909831,-0.53077406,2.331234,-2.1044905
-0.98891467,-2.8180776,-0.19766605,5.16899,1.219218,-0.80719703,2.3477798,-2.0783846
-0.7082703,-2.8841631,-0.28727466,5.190123,1.494568,-0.7221653,1.9915104,-2.1921074
-0.7411319,-2.849656,0.19249994,5.1513124,1.1664336,-0.66644263,2.2721047,-2.1363292
-0.81352043,-2.9779341,0.25590846,6.243687,-0.12857667,-0.67057186,1.9885037,-2.1624212
-0.7424754,-2.9008775,0.42481884,6.218734,-0.24438483,-0.82446563,2.0695841,-2.151661
-0.7833013,-2.896133,0.8297327,5.997808,-0.41337702,-0.6376546,2.2734666,-2.2239041
-0.8360732,-2.8402348,1.1471753,5.9351044,-0.7300166,-0.7225647,2.0278711,-2.0784597
-0.98092264,-2.9344475,0.81998366,6.2027683,-0.7605535,-0.8166166,1.8847898,-2.253354
-1.0064079,-2.8985252,0.72604793,6.1984925,-0.6523676,-0.734517,2.1698031,-2.1336684
-0.4892095,-3.015939,0.7301749,6.085011,-0.2523185,-0.5590077,2.0636947,-2.1715689
-0.5393173,-2.9191093,0.73253775,5.975707,-0.027532803,-0.6071218,2.1562395,-2.2381744
-0.598975,-2.9976833,0.40136167,5.9304023,0.20629515,-0.6171423,2.0715349,-2.1389828
-0.9814917,-2.8491967,0.087958045,5.6536384,0.5118867,-0.8324954,1.861526,-2.178087
-0.831045,-2.9137876,0.18143047,5.6747622,0.3047995,-0.7807612,1.945087,-1.9664786
-0.9095399,-2.8667157,0.58109295,5.3936615,0.4872093,-0.7463475,2.1289036,-1.9663032
-0.8988998,-2.7506297,0.32769656,5.26304,0.87046415,-0.6714486,2.0729625,-2.2614973
-1.0489981,-2.7089841,-0.019759256,5.5709124,0.5897095,-0.72912586,2.0510538,-2.1849573
-0.72460866,-2.9023619,0.08142168,5.599741,0.7221461,-0.77991897,2.0563617,-2.1400325
-0.8338836,-2.9044824,-0.09888998,6.1611238,0.255904,-0.81522655,2.1597848,-2.129042
-0.88337755,-2.82112,-0.37069514,6.357358,0.38684684,-0.66244745,2.015098,-2.2066453
-0.6897695,-2.9737065,-0.40659538,6.618347,0.26034996,-0.6457186,2.0566032,-2.1495752
-0.66347253,-2.943647,-0.091775,6.2252383,0.34139496,-0.77492,1.795937,-2.2024777
-0.73719245,-2.8989732,0.2866372,5.72818,0.47437713,-0.75504637,1.9893699,-2.0770416
-0.98284745,-2.838032,0.031167595,5.837678,0.31251413,-0.8597385,1.9659001,-2.101026
-1.0238154,-2.8248591,0.36524737,5.656831,0.29614672,-0.7964664,2.080149,-1.9161586
-0.940267,-2.831504,0.1564256,5.9033346,0.26028752,-0.5975067,2.0428545,-2.1970687
-0.6448556,-2.9620411,0.024653185,6.0400953,0.37736705,-0.81081456,1.9563123,-2.049551
-0.8328745,-2.9031534,0.3153294,5.854448,0.15465894,-0.90097916,2.123861,-2.2146888
-0.92767334,-2.8275924,0.63026786,6.021315,-0.4584735,-0.7392675,1.9981279,-2.2335768
-0.9711706,-2.7096834,0.4769516,5.822497,0.08037581,-0.76082265,2.1477706,-2.170358
-0.6311247,-2.9961612,0.3612038,5.7208586,0.27746207,-0.7209498,2.3220644,-2.145193
-0.80094093,-2.9293098,-0.050439365,5.8309803,0.69965047,-0.676262,2.1859834,-2.3164442
-0.53222734,-2.8631415,0.108984284,6.098403,0.5339518,-0.5319382,2.248814,-1.9739987
-0.8392447,-2.9121041,-0.096178964,6.0531497,0.41125512,-0.743571,2.056374,-2.2926283
-0.92176723,-2.9005213,-0.35057428,6.224943,0.3718436,-0.69675374,2.038187,-2.1090133
-0.8259969,-2.881602,-0.42630017,6.193516,0.60218275,-0.76386964,2.145969,-2.1220524
-0.52137893,-3.0124605,-0.31084087,6.0165844,0.9011291,-0.64381737,1.8156796,-1.9275486
-0.7816034,-2.909928,-0.028141323,5.955199,0.46810246,-0.728045,2.0175672,-1.9696777
-0.62075377,-3.0411634,0.07493226,5.7978764,0.6010711,-0.65116775,2.2401392,-2.142454
-0.8973803,-2.9224267,0.086873785,5.8560367,0.42233646,-0.83307093,2.0372047,-2.1161537
-0.5063991,-2.979306,0.052569974,6.258303,0.28390083,-0.5332276,2.2310724,-2.0913684
-0.8606264,-2.950903,-0.24154332,5.9430656,0.72521514,-0.70044446,1.978743,-2.160905
-0.4746277,-3.0402672,0.058224875,5.4810653,1.0638092,-0.69470394,2.011793,-2.1696253
-0.66170394,-2.9296763,0.22199348,5.3196583,0.81252396,-0.78087395,2.2570558,-2.1839926
-0.900828,-2.810775,0.48954535,5.5154214,0.20234297,-0.7219998,1.9605378,-2.0106885
-0.7945311,-2.812008,1.1261889,5.076273,0.26736632,-0.6938916,2.0900707,-2.2056472
-0.76974577,-2.87307,0.77175677,5.182364,0.57156974,-0.68813205,2.021763,-2.055299
-0.77026254,-2.941482,0.9738921,5.090554,0.23614223,-0.6835348,2.160384,-2.2202342
-0.5661795,-2.9192703,0.70750004,5.594853,0.19865,-0.59518886,2.2867086,-2.1174345
-0.8663015,-2.8207893,0.374977,5.499389,0.6251098,-0.71453446,2.1990526,-2.2113123
-0.8940393,-2.8666508,0.7134885,5.085836,0.4720659,-0.84351385,2.0607843,-2.078462
-0.68229544,-2.9530573,0.588841,5.365555,0.50776505,-0.7008775,2.2684891,-2.2419145
-0.8084112,-2.8181572,0.36350194,5.638728,0.42955822,-0.6707911,2.1332948,-2.161246
-0.813644,-2.9728854,0.48163408,5.698761,0.17014427,-0.7078641,2.2769377,-2.1490955
-0.86724365,-2.9288914,0.2239692,5.5176606,0.47253427,-0.77263296,2.1959717,-2.270447
-0.78531015,-2.8049126,0.29358658,5.807536,0.31434232,-0.5049228,2.0474224,-2.210938
-0.76237303,-2.8348236,-0.07931632,6.167496,0.3276695,-0.7852666,1.837729,-2.2603645
-0.84120125,-2.8277988,-0.45272487,6.2951565,0.5642165,-0.57683915,2.2206354,-2.0916896
-0.661149,-3.0065684,-0.27454925,5.932855,0.83233416,-0.6137223,2.1271641,-2.01774
-0.9279784,-2.9059513,-0.22077139,5.841058,0.74950457,-0.7213616,2.0390224,-2.1185884
-0.767179,-2.9660997,-0.035698798,5.83137,0.70032126,-0.6471047,2.0111997,-2.074187
-0.7628169,-2.8727157,-0.4235205,6.081929,0.7818979,-0.7050066,2.318984,-2.2537296
-0.91309977,-2.88825,-0.111171626,5.6893067,0.7981888,-0.6864406,2.0938976,-2.0049784
-0.6809771,-3.015703,-0.4405308,5.8016386,1.1279593,-0.60858274,2.1176412,-2.1557636
-0.5571612,-2.9794054,-0.7118405,5.8513703,1.4294567,-0.6436346,2.2586725,-2.1597986
-0.86540455,-2.8028963,-0.4643719,5.6320987,1.2581773,-0.6762256,2.0243137,-2.1352992
-0.684734,-2.9575012,-0.8640825,5.6961784,1.5938598,-0.6935727,2.1410532,-2.0328288
-1.1379461,-2.7689364,-0.6449238,5.478387,1.2256861,-0.8452439,1.9729991,-2.0018466
-0.7264581,-2.9716427,-0.5559872,5.404386,1.4967315,-0.7269014,2.060569,-2.0876055
-0.75803775,-3.0132213,-0.49850455,5.5765095,1.3213953,-0.66973823,2.0711672,-2.201536
-0.8033684,-2.8491187,0.25823,5.2740545,1.0068178,-0.6863092,2.3010485,-2.0660694
-0.6492784,-2.794318,0.06271053,5.548917,0.9045452,-0.59120363,2.1639562,-2.0958142
-0.8494529,-2.917842,-0.43094075,5.65888,1.1330272,-0.7297151,2.176789,-2.2186217
-1.0038166,-2.833728,-0.1802209,5.167057,1.3414754,-0.65831304,1.9857972,-1.9865257
-0.75760007,-3.0672312,-0.0627503,5.0088973,1.4089167,-0.67321104,2.2571232,-2.2279763
-0.8319478,-2.852527,0.4595264,4.791373,1.1343511,-0.7129214,2.1619442,-1.924235
-0.71475244,-2.9320428,0.28672847,4.9386725,1.3030195,-0.7163905,2.0044503,-2.205469
-0.7854386,-3.0510461,-0.08573437,5.215479,1.1802866,-0.89781284,2.1559403,-2.202827
-0.7514957,-3.0089483,-0.16925874,5.0133343,1.5661705,-0.8275894,2.0695524,-2.2984858
-0.79367757,-2.8037472,-0.36444154,5.24103,1.5377226,-0.7108811,2.120009,-2.020718
-0.6849196,-2.9561849,-0.37808296,5.0823097,1.6225332,-0.86731386,1.9827791,-2.1691134
-0.57269907,-3.034198,-0.50227326,5.5648923,1.4786249,-0.73554283,2.0374937,-2.1042736
-0.8316306,-2.9549758,-0.56665516,5.505466,1.4040582,-0.7414468,1.9289775,-2.1656814
-0.55451137,-2.8891747,-0.28166056,5.8962674,0.898521,-0.74305755,1.979388,-2.098998
-0.6852347,-2.992022,0.029697513,5.796273,0.5904835,-0.69806504,2.148971,-2.1126525
-0.9953149,-2.8001556,0.00021332168,5.613136,0.6043412,-0.91662186,2.2942393,-2.2541928
-0.763819,-3.0058658,0.41636616,5.7618556,0.291352,-0.667978,2.2172601,-2.1692128
-0.82204115,-3.0096707,0.31856185,6.2430854,-0.30090424,-0.7626353,2.1949742,-2.1744118
-0.7951066,-2.8788214,0.18035631,6.5337887,-0.35123128,-0.56750923,2.3159842,-2.1092784
-1.123384,-2.765936,0.6799233,6.1755743,-0.75808287,-0.9011075,2.102845,-2.2827964
-0.6523246,-3.052696,0.9841246,6.204964,-0.69457626,-0.6644915,2.0801528,-2.0546176
-0.64847076,-2.9307768,0.71957564,6.280464,-0.39264983,-0.50291204,2.155545,-2.1690326
-0.75248134,-2.8190157,0.736938,5.759388,-0.0039336057,-0.63738143,1.8887734,-2.0599604
-0.8785468,-2.8620508,0.63416517,5.7300005,-0.017842798,-0.73005825,2.0435092,-2.150958
-0.8518566,-2.857537,0.4253197,5.709269,0.21010578,-0.7006714,2.0426025,-2.1982958
-0.89259726,-3.0000463,0.43767688,5.466755,0.50532186,-0.80189294,1.946254,-2.0569715
-0.78783476,-3.0259979,0.2855164,5.7148957,0.34453925,-0.9074966,2.0274563,-2.0689056
-0.8318253,-2.8335927,0.46413466,5.8641243,0.029487211,-0.7159925,2.196087,-1.9322342
-0.8803824,-2.805873,0.7370947,5.565471,0.15366293,-0.649068,2.2597866,-2.0453746
-0.7637662,-2.858148,0.88257086,5.319043,0.20814252,-0.8049114,2.230545,-1.9865819
-0.8614734,-2.8143868,0.7143681,5.540843,0.089288875,-0.65453625,2.238597,-2.2169034
-0.6445064,-2.8431218,1.0560411,5.188261,0.3292193,-0.6515006,2.1132245,-2.2283962
-0.80318344,-2.8538113,1.0222058,5.234399,0.11129659,-0.8507303,2.1120992,-2.0614522
-1.0925062,-2.843884,1.3950146,4.211799,0.6012813,-0.8170285,2.0216377,-2.1188827
-1.0398089,-2.834547,1.4735326,3.7507918,0.89390653,-0.7145451,2.169769,-2.4137344
-0.62519896,-3.0037012,1.6667345,4.3929257,0.49830148,-0.69197387,2.1541736,-2.1775827
-0.96954954,-2.8369646,0.95895576,4.8566923,0.56039405,-0.69889677,2.206802,-2.1407762
-0.98868203,-2.8548486,0.8631295,5.026775,0.31433892,-1.0836016,1.92297,-2.142864
-0.6879266,-2.9400496,0.08691253,5.618559,0.7521075,-0.6410704,2.285269,-2.1636827
-0.8464859,-2.9130204,-0.1846317,6.397063,0.17260753,-0.7831278,1.910572,-2.1967726
-0.98405117,-2.7411292,0.007855722,6.1739364,0.19516169,-0.749281,2.1319811,-2.1595051
-0.72533053,-2.8823102,0.40622032,5.7319307,0.3589349,-0.66900545,2.17045,-2.0207584
-0.6721314,-2.9353373,0.43049082,5.741163,0.2986457,-0.6358459,2.315586,-2.2053545
-0.8018368,-2.9423745,0.026342269,5.9186435,0.35698184,-0.6814016,2.1943204,-2.0921123
-0.71659833,-2.836386,-0.30539647,6.297781,0.42566863,-0.543423,2.0774317,-2.1302426
-0.5727276,-3.044702,-0.3538652,6.2857914,0.71832615,-0.63408923,2.0063648,-2.1653147
-0.22857693,-2.9873223,-0.31934154,6.311963,0.82453084,-0.55103815,2.2446947,-1.9188882
-0.7869655,-2.85646,-0.2237343,5.6899943,1.0225513,-0.6330514,2.3008451,-2.1558456
-0.7267777,-2.8214564,0.068082005,5.6186447,0.86512536,-0.67941797,2.2005763,-2.0972183
-0.7913519,-2.9887512,0.06582289,5.817785,0.5282495,-0.5957676,2.199945,-2.0658915
-0.7584843,-2.986,-0.25082538,5.772256,0.9292492,-0.6753525,2.086734,-2.0698588
-1.0569923,-2.814438,-0.013738219,5.3170877,0.93908113,-0.64730936,2.015174,-2.0948393
-0.8010706,-2.9097366,0.22577749,5.095713,1.0896387,-0.6555076,2.078157,-2.20366
-1.1095593,-2.8050182,-0.09019962,5.880738,0.46621233,-0.8898,1.9008719,-2.2091718
-0.871767,-2.8685822,0.15793593,5.9108276,0.22329843,-0.7440379,2.1018338,-1.9978907
-0.4740066,-3.005194,0.17447649,6.082053,0.49088007,-0.5428285,2.0724857,-2.1268568
-0.8558245,-2.8725255,0.094195716,6.1256385,0.24344562,-0.7000729,1.8224103,-2.2318382
-0.57260174,-3.166664,0.13699634,6.0788736,0.28566334,-0.6564484,2.11106,-2.1541493
-0.8179209,-2.8529615,0.23259477,5.8641114,0.34693706,-0.774393,2.077435,-2.0977206
-0.85727125,-2.8713741,0.09131756,5.8698864,0.3851498,-0.7424249,1.9453917,-2.1127162
-1.0290782,-2.7569733,0.28619125,5.69994,0.35741773,-0.7843515,2.1881948,-1.9841076
-1.0021266,-2.867723,0.66066766,5.242222,0.33064833,-0.8084126,2.0406024,-2.1085012
-0.9985629,-2.7849429,0.6488788,5.333684,0.24959783,-0.9048846,2.2607822,-2.121805
-0.94626343,-2.7198725,0.70383406,4.947217,0.6620449,-0.6402521,2.0819905,-2.0549214
-0.6281958,-3.031052,0.34298372,5.5328274,0.5323327,-0.7847131,2.1797674,-2.1920362
-0.7691503,-2.7923725,-0.28214952,6.112847,0.72736555,-0.713511,2.083231,-2.1961117
-0.7976994,-2.8436184,-0.44558674,6.063809,0.7989085,-0.646759,2.08732,-2.108908
-0.7914315,-3.0041754,-0.24099189,6.067074,0.52477145,-0.6956129,2.1938186,-2.1909733
-0.7752154,-2.8114827,-0.13862713,6.2296524,0.3197787,-0.68591535,1.8884947,-2.0001664
-0.65677947,-2.9047399,0.007209831,6.013964,0.4574719,-0.63890266,2.0454953,-2.2394843
-0.794093,-2.948363,-0.2818793,5.998992,0.65652466,-0.7536385,2.1451328,-2.016232
-0.6016135,-3.0602894,-0.010415228,6.3433495,0.12986076,-0.7150854,2.0955646,-2.2434638
-0.75857556,-2.8738167,0.0654879,5.9073825,0.44132543,-0.70874333,2.2185094,-2.1094992
-0.80868506,-2.9126973,0.09384597,5.6152472,0.6310088,-0.7576288,2.0902605,-2.2171044
-0.8666006,-2.9294426,-0.13074268,6.168669,0.43552744,-0.773514,2.1589177,-2.1493104
-0.5461686,-2.8599124,-0.39555344,6.2401423,0.704314,-0.67447925,2.006517,-2.1339922
-0.89834726,-2.875572,-0.8823306,6.704747,0.55030996,-0.61431,2.1037965,-1.8660651
-0.72504735,-2.8973098,-1.0603083,6.848457,0.6280498,-0.81909424,2.2236326,-2.0978913
-0.5099445,-3.013087,-1.0816486,6.803224,0.8900996,-0.62492514,2.0139692,-2.243724
-0.85839045,-2.8330817,-1.063318,7.1463194,0.30966398,-0.66218984,2.1185615,-2.0958629
-0.7438301,-2.866013,-0.93909353,6.9252467,0.47065774,-0.63976127,2.1609256,-2.1459582
-0.7738579,-2.9079447,-0.79483294,6.7142544,0.53009117,-0.62158066,2.0831788,-2.1521564
-0.87646496,-2.8858333,-0.5465737,6.8454633,0.03411549,-0.68709886,1.9723696,-2.0589
-0.89355457,-2.785802,-0.25736627,6.978338,-0.27983588,-0.68235993,2.090639,-2.1122062
-0.92022353,-2.9192932,0.0152152935,6.905281,-0.64144623,-0.64651114,1.9312562,-2.1007946
-0.9956793,-2.7992861,-0.107775725,6.797754,-0.42243534,-0.6941818,2.0306675,-1.9791676
-1.1344012,-2.8490584,-0.12500393,6.8031597,-0.6138856,-0.95966727,2.0218728,-2.100375
-0.92185646,-2.844828,-0.025306514,7.049402,-0.6539634,-0.62423724,1.9445629,-2.2338376
-0.7581878,-2.8522499,0.053892523,7.1829,-0.8317648,-0.61043316,1.9686509,-2.0027094
-1.0514792,-2.8640425,0.09772589,7.216466,-1.0288025,-0.87705755,2.4642913,-2.1398377
-0.6821114,-2.9854062,-0.041180287,6.9057975,-0.5137075,-0.7003447,1.9677327,-2.2827063
-0.77986324,-2.9819498,0.08032282,7.0024858,-0.7671626,-0.7925285,2.062158,-2.150414
-0.9184061,-2.896284,0.2216917,6.706665,-0.64451134,-0.7077741,2.1087425,-2.1558168
-0.60212076,-2.9025629,0.028149422,7.237857,-0.8117524,-0.8076744,1.9704375,-2.121068
-0.54218763,-2.9154377,-0.10958691,6.610859,0.0777965,-0.6539067,2.0756664,-2.0292525
-0.89919454,-2.9027832,-0.44548,6.7093887,0.02850064,-0.76824284,2.3993282,-2.0647044
-0.8363744,-2.94836,-0.21742164,6.79284,-0.19453695,-0.7560965,2.2780378,-2.0874763
-0.9242966,-2.8361216,-0.3482303,6.659423,0.027591823,-0.6195347,2.1376903,-2.1617947
-0.77820826,-2.8829699,-0.34419915,6.648103,0.081160635,-0.6291066,1.9853023,-2.1122086
-0.8897337,-2.9112124,-0.15010417,6.3925037,0.06986534,-0.68922144,2.1393402,-2.2352161
-0.80160666,-2.9106507,-0.3496282,6.2839427,0.45896363,-0.63730234,2.2259102,-2.1489637
-0.6166202,-2.9182465,-0.53434044,6.669769,0.44085753,-0.7842431,1.8813846,-2.0688062
-0.6606385,-2.9938207,-0.28307945,6.4423037,0.3802496,-0.603961,1.8835832,-2.2708278
-0.70173675,-2.8879013,-0.36149648,6.319351,0.57683223,-0.7273685,2.081602,-2.0677705
-0.8790894,-2.8354464,-0.3483089,6.154516,0.5048845,-0.7487099,2.0822864,-2.0306623
-0.7220926,-2.985176,-0.26652694,5.9144225,0.80312127,-0.5712646,2.1859245,-2.0876617
-0.84433246,-2.9353867,-0.1434011,6.0808554,0.41677436,-0.7500358,2.0631483,-2.1539798
-0.90977246,-2.8265536,0.075187385,6.350777,-0.13339514,-0.7138884,2.0867157,-2.003566
-0.68507427,-2.8452728,0.2775294,6.1460514,0.11359556,-0.626758,1.9367459,-1.9308027
-0.86214966,-3.0004327,0.22282264,5.758626,0.29248857,-0.8316543,2.11073,-2.1299236
-0.9901721,-2.882746,0.032705225,5.641435,0.5721041,-0.83711416,2.158341,-2.0932434
-0.56514585,-2.9638774,0.46066,5.36836,0.72544795,-0.62647533,2.174535,-2.1749213
-1.0874884,-2.694607,0.54064196,4.8828745,0.9174343,-0.8261545,2.0206711,-2.1824508
-0.9483949,-2.885493,1.5304458,4.6575975,0.18205015,-0.7985945,1.9665076,-2.174503
-0.80587745,-2.892962,1.412996,4.663937,0.16093677,-0.82464236,2.0354779,-2.1620533
-0.9942003,-2.8410044,1.5826008,4.753235,0.09197795,-0.7204862,2.065204,-2.2100766
-1.0041574,-2.9050124,1.6617652,4.4788704,0.23963909,-0.7051614,1.8436538,-1.7211335
-1.0984919,-2.8561575,1.2856073,4.6040993,0.3484572,-0.9082702,2.2410884,-2.029655
-0.8118908,-2.855024,0.8189042,4.844096,0.8455583,-0.7456475,2.3207874,-1.8779061
-0.7996732,-2.963092,0.46262997,4.977475,1.1220421,-0.5954608,2.170814,-2.2713847
-0.755603,-2.8126802,0.37999037,4.994822,1.2017857,-0.67818177,2.1224315,-2.1727169
-0.9422848,-2.8712819,0.20997599,5.2101936,0.9233672,-0.71433103,2.1822085,-2.1860456
-0.76980287,-2.828112,-0.12021654,5.7600417,0.7798942,-0.7292788,1.960499,-2.1986368
-0.3369939,-3.007272,0.1402856,5.282506,1.1350794,-0.5783977,2.1624782,-1.9947507
-0.93053705,-2.901445,0.25416094,5.23698,0.8698579,-0.83348864,2.0323272,-2.205454
-0.49173507,-3.0011969,0.12236628,5.4574184,1.0620047,-0.5944591,2.1530383,-2.2133343
-0.5692943,-3.1270344,0.2723223,5.319061,0.8971893,-0.6830638,2.0515196,-2.1994288
-0.7719392,-2.7968712,-0.009916145,5.557037,1.0099721,-0.60175294,2.1422172,-2.2125425
-0.88381356,-2.9053504,-0.124237135,5.436908,1.0018796,-0.7317468,2.2764378,-2.0042505
-0.9654823,-2.836682,-0.15718429,5.052521,1.2739837,-0.7388436,2.3930078,-2.0377886
-0.9511283,-2.9978502,-0.12663448,5.717261,0.69951177,-0.9319871,2.2804217,-2.2162926
-0.8639879,-2.883625,-0.44164658,5.7904305,0.92666197,-0.7912643,2.0461204,-2.3087153
-0.85389555,-2.935045,-0.32372814,5.9555073,0.6459448,-0.7676081,2.351523,-1.9788823
-0.56638235,-3.0287008,0.36832374,5.968011,0.1750097,-0.61805844,2.0763607,-2.0831516
-0.878461,-2.857493,0.071806446,6.073991,0.13353302,-0.66394484,2.1255763,-2.1242185
-0.83202213,-2.9636605,0.17649388,5.5757895,0.519946,-0.7644424,2.0295794,-2.0591538
-1.2862939,-2.7601368,0.023777463,5.329825,0.7848341,-0.8869057,2.1582696,-2.1986735
-0.75130975,-2.9286683,0.3398721,5.2510643,0.91503507,-0.71119815,2.0713556,-2.1707206
-0.46991137,-3.043639,0.4184292,5.396322,0.8630117,-0.522774,2.0712938,-2.2001438
-0.5070244,-2.971704,-0.11212222,5.654687,1.0199404,-0.5024076,2.0140588,-2.0002522
-0.9554083,-2.702357,-0.0023884415,6.044885,0.31292707,-0.71116686,2.0634055,-1.9419395
-0.8221127,-2.8406243,-0.049970042,6.1185346,0.37433192,-0.7164256,2.077467,-2.1524622
-0.8857205,-2.8705697,-0.10125478,5.9213705,0.5936904,-0.72458816,2.147538,-2.0569546
-0.80622905,-3.0046585,-0.039076436,5.760768,0.72306246,-0.74188536,2.2475119,-2.2317455
-0.6307604,-2.9549897,-0.30131245,5.670727,1.2121375,-0.63800305,1.9288268,-2.1466668
-0.6564888,-2.99734,-0.4637464,5.783551,1.1314228,-0.7314348,2.0318522,-2.027188
-0.7608839,-2.8586965,-0.15915488,5.757645,0.9275299,-0.6277187,2.2036781,-2.155741
-0.78323436,-2.9106572,-0.2613628,5.6685224,1.0523914,-0.64720637,2.191041,-1.923798
-0.9064044,-2.954606,-0.43066192,5.2464366,1.4999193,-0.75744164,2.1360223,-2.3391488
-0.93725854,-2.9255056,-0.43564963,5.3041363,1.5724126,-0.7987897,2.1290543,-2.367078
-0.9108627,-2.8735905,-0.73450077,5.2444153,1.6962965,-0.66973764,1.9631829,-2.2284858
-0.71742576,-3.1583266,-0.31402034,5.0670104,1.7073262,-0.76176655,2.004071,-2.316343
-0.84448195,-2.863295,-0.58312047,5.421029,1.5763668,-0.6694733,1.9784836,-2.1014206
-0.9707938,-2.9462104,-0.5977423,5.2820535,1.5397286,-0.761884,1.9492561,-2.2048852
-0.7912493,-3.0510747,-0.29345998,5.3272696,1.3387098,-0.7960848,2.221083,-2.1024077
-0.9260764,-2.8536797,0.19949344,5.4212146,0.664652,-0.7586982,1.910967,-2.024328
-0.8038037,-2.9584827,-0.14554673,5.6217446,0.8884607,-0.70805264,2.5388377,-2.0466795
-1.0055463,-2.860834,-0.16142875,5.727912,0.72068447,-0.7810593,2.0490537,-2.049269
-0.75062203,-2.9193213,-0.20337683,5.8899283,0.7262569,-0.74084693,2.010626,-2.0667453
-0.71860397,-2.8546216,-0.31408647,5.799752,0.91239077,-0.7673929,1.9154062,-2.1976125
-0.9976211,-2.7785106,-0.29479173,6.117654,0.34764063,-0.7115395,2.0155342,-2.054587
-0.82561684,-2.8343835,-0.07998943,5.9500136,0.58587444,-0.74817485,2.0853937,-2.2236285
-0.8023541,-2.9038327,0.30804724,5.643458,0.39685452,-0.7946652,2.2278724,-2.0893364
-0.6110373,-2.9423082,0.11925474,5.81262,0.6006047,-0.6903548,2.112781,-2.0315747
-1.0863028,-2.794753,-0.24521565,5.6317043,0.78588444,-0.74827814,2.123553,-2.1182985
-0.95793164,-2.9194314,-0.14035776,5.390814,1.0226656,-0.7641886,2.094447,-2.0332212
-0.7427473,-3.0188491,0.07689664,5.3966804,1.0684371,-0.5410101,1.9767035,-2.1354482
-1.0858926,-2.6917815,-0.33272332,5.421117,1.1590718,-0.9014365,2.1652625,-1.9232441
-0.80312645,-2.8437681,-0.1596508,5.6358776,0.8942297,-0.68460256,2.1396525,-2.160925
-0.7651363,-2.8299806,-0.09362567,5.328753,1.1770558,-0.6702501,2.077229,-2.216637
-0.7736762,-2.8398063,-0.1268404,5.1964326,1.2918413,-0.795907,2.1718895,-2.0856338
-0.5012329,-3.0801277,-0.4029024,5.5724525,1.4615526,-0.4704746,2.1365283,-1.9813262
-0.90649134,-2.8902385,-0.29618457,5.6393466,0.9397014,-0.7982356,2.2811341,-2.2136939
-1.00103,-2.7867877,0.15321456,5.4074373,0.69269973,-0.88446677,2.2962053,-2.0022805
-0.9230126,-2.8229659,0.57384664,5.116575,0.7231204,-0.6321282,2.1661227,-2.2550569
-0.7122648,-2.8966446,0.6772613,5.045608,0.7772923,-0.69629914,2.1014342,-2.1338916
-0.67115897,-3.1510365,0.63462055,4.7604647,1.0494819,-0.67813015,1.9778873,-2.238509
-0.9505742,-2.945998,0.3299565,4.7831264,1.2799876,-0.61868185,2.1060622,-2.262502
-0.66504544,-2.9153748,0.3287052,5.245947,1.0950131,-0.56561613,2.0163321,-2.2633693
-0.933652,-2.862513,0.20301187,5.134935,0.98573196,-0.7808036,2.0363107,-2.2249541
-0.7838833,-3.0073853,0.148469,5.04899,1.1514189,-0.8316048,2.0550375,-2.0146692
-0.9995187,-2.9762866,-0.011397466,5.2467723,1.0654438,-0.75157434,1.9575506,-2.1780224
-0.9445504,-2.8177433,0.30652422,5.19758,0.80448097,-0.69841176,2.243546,-2.1236749
-0.7688108,-2.836261,0.11558208,5.2054276,1.1203399,-0.7236227,2.202655,-2.1307037
-0.7616125,-2.9526403,0.03451755,4.854983,1.465343,-0.7154952,2.0130568,-2.0929904
-0.81308407,-2.8323748,0.072710685,4.7447443,1.6449454,-0.6992486,2.2098467,-2.0684097
-0.7531266,-2.9005911,-0.1522798,5.2823615,1.3855685,-0.6936692,2.073316,-2.2229042
-0.7883418,-2.7759476,-0.018817583,5.3361635,1.1245253,-0.67426723,1.9898022,-2.1434457
-1.0282481,-2.8168838,-0.3256215,5.4435105,1.1117826,-1.1735151,1.8904558,-2.0320547
-0.8162105,-2.8810735,-0.21719259,5.370553,1.2374835,-0.7033953,2.0081809,-2.0472176
-0.84558606,-2.8342268,-0.2435469,5.7091746,0.93307686,-0.6975214,2.0230305,-2.131457
-0.96617746,-2.8681304,0.07636879,5.483494,0.7920131,-0.7067527,1.8524567,-2.199751
-0.48473227,-2.9578156,0.40544263,5.3712955,0.9125641,-0.56853396,2.229627,-2.008862
-0.8353986,-2.978679,0.3401308,5.1323338,0.9565806,-0.7567696,1.8696897,-2.215379
-0.80680984,-2.9233553,0.3498989,5.125356,0.8284496,-0.63345885,2.0481465,-2.2017252
-0.68710303,-2.7730925,0.06326529,5.2948365,1.0646837,-0.66208225,1.9031425,-2.0643516
-0.9955366,-2.84845,0.116731875,5.2919536,0.867099,-0.81418395,1.9993776,-1.8893778
-0.8375334,-3.04146,0.16397125,5.2076125,0.9061747,-0.7251886,2.3127708,-2.0774686
-0.916969,-2.9836855,0.052960806,5.5086546,0.74314004,-0.8876878,1.7139072,-1.9993874
-0.8621915,-2.906786,-0.0012986776,5.326994,1.0934323,-0.77163523,2.2682862,-2.0710406
-0.9033898,-3.0334756,0.33186063,5.14691,0.80635214,-0.7417735,2.244734,-2.1876097
-0.4331668,-2.738434,0.37345272,5.3623133,0.9966657,-0.5747647,2.1625378,-2.0515306
-0.5754866,-2.997966,-0.16621189,5.241639,1.4618328,-0.6216106,2.1635065,-2.03273
-0.90943325,-2.8347542,-0.39094505,5.3906517,1.3673748,-0.76562756,2.1491072,-2.0236776
-0.88158244,-2.9613893,-0.13691859,5.412196,1.0333728,-0.6593845,1.9960604,-2.1484153
-0.8598996,-2.8130546,-0.29808554,5.5550094,1.1571349,-0.68613267,2.0940785,-2.0333848
-0.88899314,-2.8738515,-0.85815877,6.144098,1.1054028,-0.9010955,2.1353467,-2.1091774
-0.889559,-2.8887355,-0.8896067,6.0305634,1.085001,-0.76829255,2.1671681,-2.0896168
-0.8646358,-2.9416738,-0.91501087,6.2231297,0.93047917,-0.75943136,1.9994178,-2.164841
-0.8301731,-2.909223,-0.12213443,6.1405206,0.36336336,-0.74753815,2.1500723,-2.1914153
-0.80071783,-2.929194,0.20078646,6.0512233,0.26178655,-0.6720754,2.2926428,-2.0369518
-0.9219854,-2.924547,-0.038774338,5.8454757,0.4510525,-0.6384946,2.1607835,-2.1420832
-0.86344576,-2.9355896,-0.09520965,5.988349,0.38150313,-0.7688248,2.2132807,-2.020065
-0.8965876,-2.8209846,0.14509653,5.7570662,0.39241514,-0.67628485,2.184692,-2.2250133
-0.70777977,-2.948616,0.057566643,6.134157,0.14068587,-0.80061454,1.9681723,-2.0829008
-0.6127634,-2.8685808,-0.16924304,6.0592866,0.62864166,-0.642286,2.0736225,-2.000907
-1.1436877,-2.772491,0.17305715,6.0262523,0.08137892,-0.730902,2.0854394,-2.0906324
-0.61771905,-3.196712,0.11102791,6.242431,0.027421594,-0.8269257,2.038066,-2.0506606
-0.657376,-2.9216201,0.7528513,5.6476855,0.08365649,-0.7179361,2.1149206,-2.1490505
-0.8258083,-2.9255023,0.15834631,5.7602015,0.4743083,-0.8319973,2.0822203,-2.1387718
-0.79577756,-2.9484565,0.2503383,5.683815,0.42681307,-0.89279884,2.1090252,-2.159424
-0.8418386,-2.8548038,0.12686732,5.6003656,0.62848514,-0.6908982,2.125429,-2.177495
-0.86363286,-2.8401797,-0.34501475,5.6852026,0.9257174,-0.9077192,2.055304,-2.1863143
-0.9147137,-2.8775177,-0.38092947,5.547172,1.2249781,-0.5502867,2.099615,-2.1147392
-0.8769205,-2.9890823,-0.21308811,5.4588943,1.1200817,-0.7304385,1.9813201,-2.2154725
-0.6866457,-3.0160155,-0.34247214,5.3100023,1.4125082,-0.79036707,2.3055077,-2.1572845
-1.0381863,-2.9328907,-0.5317902,5.0871964,1.6360232,-0.8633671,1.9318427,-2.1350555
-1.1488414,-2.6905944,-0.7465506,5.3819366,1.599085,-0.78984034,2.052824,-2.1163268
-1.0355973,-2.8372157,-0.6439359,5.6304073,1.2656204,-0.77637583,2.185985,-2.0676181
-0.8988414,-2.7669454,-0.9341866,5.8062534,1.4153235,-0.8023102,2.1681707,-2.1312113
-0.7535403,-2.770135,-0.9071368,6.0102086,1.3950369,-0.71721584,1.9530652,-2.16836
-0.76671064,-3.0776634,-0.9708874,6.2252975,1.0972248,-0.6503522,2.2424371,-2.4459674
-0.6821347,-2.8791401,-0.81735915,6.511109,0.9468533,-0.68286043,2.174827,-2.0361109
-0.58915365,-2.9601529,-0.3732961,5.8978767,0.98046476,-0.592818,1.8096013,-2.1228168
-0.946388,-3.0256257,-0.46520117,5.5426435,1.0759987,-0.7899317,2.253408,-2.175261
-1.192385,-2.6495562,-0.5330166,5.789631,1.0128893,-0.7509075,1.9491975,-2.0118315
-0.9374471,-2.8807707,-0.81152606,6.2112617,1.0565019,-0.6665551,2.111676,-2.2241461
-0.80108064,-2.8510933,-0.76815313,6.405398,0.81106365,-0.60983366,1.9725642,-2.2959478
-0.8483197,-2.8911033,-0.6896247,6.6325197,0.30195436,-1.0821102,1.9913185,-1.9655529
-0.40108472,-3.0191662,-0.4606124,6.627487,0.6202352,-0.5937563,2.2329123,-2.132305
-0.48295498,-3.021243,-0.20025767,6.476115,0.3254812,-0.77765596,2.038111,-2.1025023
-0.67180616,-3.0019693,-0.43980005,6.2455616,0.5883934,-0.6249572,2.1511745,-1.9683621
-0.6362331,-3.0784357,-0.2918212,6.4197025,0.364748,-0.6427261,2.1759455,-2.120534
-0.7801331,-2.9749002,-0.17907487,6.5384283,0.09012693,-0.7085166,2.0542212,-2.1000268
-0.7593789,-2.8717284,0.054832928,6.6550107,-0.17574854,-0.6389185,2.3182268,-2.1750793
-0.92813885,-2.8768995,-0.16829337,6.749043,-0.2409821,-0.7901219,2.277496,-2.1534295
-0.75848943,-2.8937705,-0.13147515,6.5424757,-0.083222084,-0.75629926,2.0024114,-2.0264525
-0.6623912,-2.9241612,-0.17145227,6.586139,0.12438384,-0.6508322,2.0905497,-2.217429
-0.61320794,-3.0155864,-0.26502395,6.6520114,0.09332539,-0.6261465,2.1703398,-2.2879066
-0.8390517,-2.8734493,-0.17324105,6.553996,0.012739924,-0.6171769,1.9926958,-2.157467
-0.7959683,-2.9044287,0.098272055,6.434952,-0.19221745,-0.73176694,1.8121417,-1.8457125
-0.8430836,-2.9280941,0.1699101,6.5938077,-0.41492894,-0.5982254,2.1906445,-2.1635046
-0.55190206,-3.0763736,0.8013951,6.3923006,-0.65176576,-0.63538724,2.1651216,-1.8896466
-0.5571526,-3.0539012,0.40025863,6.674305,-0.56204253,-0.6303083,2.0883412,-2.0210319
-0.9321793,-2.7626202,0.6524736,6.651568,-0.943497,-0.67510957,2.2416086,-2.0686836
-1.0173596,-2.82184,0.9252296,6.8440914,-1.460597,-0.68110853,2.0536447,-2.0931582
-1.0008814,-2.9105968,1.3430301,6.5501065,-1.654076,-0.70635635,1.9137778,-2.0615969
-0.9103077,-2.8591506,1.3335847,6.3823676,-1.3969483,-0.6874116,2.0664487,-2.042259
-0.7752576,-2.9386492,1.4691784,6.0669346,-1.149805,-0.7526893,1.9957393,-2.1575947
-0.6647625,-2.8553681,1.6514411,5.786466,-0.8651718,-0.6282191,2.2160807,-2.126329
-0.8505788,-2.8952,1.1303278,6.0600886,-0.812073,-0.7371885,2.0181916,-2.1193085
-0.8808,-2.924255,1.3225577,5.724332,-0.72503066,-0.56237465,2.0896342,-2.058661
-0.7822893,-2.8355858,0.90287334,5.9651947,-0.54321444,-0.73610353,2.0199583,-2.223861
-0.59370893,-2.9249647,0.8233977,6.252532,-0.49125051,-0.591599,1.8504719,-2.0166814
-0.8624797,-2.8412015,0.6618158,6.368301,-0.70586747,-0.6632649,1.9720261,-2.174838
-0.72910774,-2.887438,0.08070918,6.9891963,-0.55679184,-0.6907089,2.0239816,-2.2413168
-0.48679346,-3.0925481,0.21059117,6.865598,-0.49630666,-0.6132613,1.9179032,-2.1680467
-0.76069564,-2.9484787,0.13649417,6.7120056,-0.39684457,-0.7166505,2.0408306,-2.1665037
-0.81418324,-2.88909,0.3568434,6.6237645,-0.50612986,-0.6524062,2.0552168,-1.9332623
-0.83045083,-2.8525982,0.242599,6.2821226,-0.033964295,-0.58693975,2.2144136,-2.0849984
-0.9542776,-2.9153385,0.25866413,5.91046,0.07918229,-0.76974535,2.059569,-2.229632
-0.9820166,-2.8972127,0.45583367,5.8228097,-0.013064573,-0.7357019,2.238892,-1.989385
-0.833819,-2.8907554,0.8474038,5.4607186,0.09984153,-0.64817834,2.173341,-2.118547
-1.078178,-2.8036473,0.29318634,5.4623985,0.411185,-0.97609407,2.3393986,-2.2928693
-0.8385867,-2.7792008,0.14135328,5.7266946,0.5001728,-0.71753496,2.064707,-2.153645
-0.81849813,-2.8287022,0.16248909,5.8799725,0.45883995,-0.68582517,2.1178398,-2.0010211
-0.8471954,-2.8820481,0.40099233,5.498608,0.5137145,-0.6323247,1.9062591,-2.2187047
-0.8196488,-2.867948,0.4858016,5.4782677,0.4868152,-0.624141,2.104086,-1.9050727
-1.1338257,-2.7677405,0.2848636,5.5227323,0.43610016,-0.8349945,2.128189,-2.1713514
-0.52662677,-2.8629305,0.24294345,5.933919,0.411116,-0.6516244,2.148665,-2.1699543
-0.65090185,-3.0085766,0.28527942,5.8201537,0.29162455,-0.6467215,1.8791901,-2.0947003
-0.7108888,-2.9204063,0.6906061,5.7530193,-0.010034349,-0.602519,2.1698673,-1.9716206
-0.7572647,-2.8514702,0.8317403,5.434568,0.2068311,-0.75769615,2.1520019,-2.0580225
-0.71968997,-2.9732394,0.625366,5.08755,0.723271,-0.6476184,1.9796494,-2.2498336
-0.6613093,-2.9477258,0.6019231,4.917685,1.0738813,-0.731391,2.1220362,-2.049223
-0.77715886,-2.8675907,0.48356715,4.640289,1.4022701,-0.68952227,2.0604286,-2.3887262
-0.7158524,-2.8184621,0.4428278,4.534917,1.5830485,-0.8066939,1.9077305,-2.0229478
-0.81016314,-2.8276937,0.32680282,4.8727455,1.3373055,-0.6598211,2.2395012,-2.3356457
-0.9044936,-2.9587429,0.4911481,4.8843594,0.8915435,-0.8507509,1.9892713,-2.330046
-0.8810516,-2.8918495,0.32241997,4.6283236,1.3671557,-0.71001935,2.3446085,-2.1675296
-0.528455,-2.896406,0.862589,4.566864,1.1094456,-0.73316556,2.06154,-2.0004358
-0.9216172,-2.9150722,0.94190764,5.0185733,0.45475423,-0.68953514,2.0183256,-2.2053475
-0.98428905,-2.8027527,1.1471971,4.857007,0.28001937,-0.76064485,2.2453313,-2.0436616
-0.49695122,-3.0203903,1.4449408,4.8258085,0.27589718,-0.6158852,2.3108065,-2.0603516
-0.8808428,-2.839982,1.3511623,4.902332,0.04851562,-0.7567229,2.2618246,-2.0206888
-0.5944929,-2.9284577,1.6016479,4.981877,0.074193284,-0.71160614,2.0038123,-2.130386
-0.8129585,-2.8842423,1.2431616,4.7780037,0.32964358,-0.588897,2.1926568,-1.9699554
-0.61598,-3.0480988,1.1311384,5.1532636,0.13737558,-0.7657763,2.1987367,-2.0676205
-0.92763764,-2.8592675,0.6397778,5.835435,-0.32647628,-0.7457107,2.0520666,-2.0733404
-0.8500601,-2.945619,0.8638324,5.7791257,-0.26469883,-0.76749706,2.1702483,-2.1396716
-0.82953817,-2.9387593,0.77482474,5.4448013,0.046383582,-0.74575675,2.2231572,-2.2388844
-0.95157665,-2.841818,0.48578015,5.736277,0.12305825,-0.58019924,1.9461154,-2.1650074
-1.0200765,-3.0087729,0.27818555,5.7359924,0.22061767,-0.7481122,2.0571334,-2.1284952
-0.5891704,-3.0002384,0.41725838,5.8010592,0.2640477,-0.6163273,2.2154508,-2.274889
-0.8716563,-2.944895,0.7343071,5.097246,0.52188325,-0.6990121,2.0366323,-2.1626546
-0.58148295,-3.063307,0.9193991,4.9738483,0.49226907,-0.7348658,2.0996542,-2.0677624
-0.7028565,-2.9191332,0.5933893,5.2331257,0.61989206,-0.7361014,1.9867872,-2.0708017
-0.94696873,-2.9380417,0.6430181,4.9194994,0.6780258,-0.7208415,2.221003,-2.1272497
-0.8993886,-2.9406297,1.2244756,4.6158133,0.4032608,-0.77197814,1.9548404,-2.3130915
-0.7222245,-2.9041307,1.9073944,4.5770597,-0.063046284,-0.75159854,2.0529609,-2.0948586
-0.81191874,-2.9460938,1.7628318,4.815026,-0.10911522,-0.73531425,1.9672564,-2.1151805
-0.7075781,-2.983246,1.9229859,4.5586314,-0.12637864,-0.83897954,2.1025596,-2.2051342
-1.0221972,-2.7676535,1.895113,4.502411,-0.10231465,-0.71687436,1.8882716,-2.0019345
-0.8153945,-2.929569,1.9008625,4.8498993,-0.368858,-0.7075073,1.895599,-2.1058106
-0.96567416,-2.7908046,1.7572075,5.157672,-0.7921943,-0.7680094,2.0876832,-2.0151966
-0.894373,-2.818119,1.9401717,5.688569,-1.2099415,-0.74457484,2.0251667,-2.2188895
-0.725642,-2.8874648,2.2045016,5.548469,-1.4522167,-0.78433794,2.1071508,-1.9617873
-0.6340588,-2.9670022,2.0162551,5.886344,-1.4305104,-0.76383317,2.0808372,-2.167059
-1.0214438,-2.804499,1.8284428,5.474988,-1.0900654,-0.7937422,2.0175745,-1.9981681
-0.89135563,-2.903089,1.762636,5.3494153,-0.8962029,-0.7720434,2.0746393,-2.113761
-1.0044678,-2.840812,1.4932017,5.6644053,-0.82595587,-0.7059896,2.3479528,-2.2023664
-1.0083262,-2.7767668,1.5316806,5.3067,-0.6116943,-0.7749177,2.050298,-2.0634844
-0.813321,-2.8711774,1.2432307,5.417871,-0.18631801,-0.7704256,2.0544777,-2.0349333
-0.8054274,-2.9532568,0.8229552,5.2285004,0.3848499,-0.77042335,2.141473,-2.2993007
-0.6096104,-2.9537027,1.191711,5.2139935,0.01916268,-0.7123023,2.042252,-2.204257
-0.7966944,-3.0548596,0.8179008,4.9398727,0.6930731,-0.6335969,2.2392225,-2.1617293
-0.75681996,-2.8401854,0.81244385,5.04272,0.6268503,-0.6829465,2.0146995,-2.1138263
-1.0745035,-2.799318,0.65452033,5.272729,0.3547046,-0.7856798,2.1013978,-1.9839535
-0.78955215,-2.899647,0.32139087,5.059802,1.0448035,-0.7861397,2.2448924,-2.203574
-0.772098,-2.9759974,0.5562942,4.404451,1.3089447,-0.69313276,2.0762904,-2.1253524
-0.9309231,-3.1160755,0.391267,4.239857,1.7675061,-0.77552587,2.1831193,-2.2961683
-0.9108452,-2.826041,0.49615616,4.582882,1.2640508,-0.746336,2.2822015,-2.2527013
-0.65680027,-2.874289,0.73066986,4.8053403,0.9719186,-0.67129385,2.3881779,-2.103209
-0.94001985,-2.890503,1.0093914,4.9681005,0.33741364,-0.7330167,2.0321681,-2.1685357
-1.0142624,-2.8999176,0.9730141,5.2721367,0.053832516,-0.8811876,2.1071181,-2.18532
-0.60863495,-2.9685547,0.8571845,5.2517114,0.2948508,-0.6702478,2.251555,-2.041502
-1.213462,-2.6634896,0.3391717,5.447073,0.408118,-0.8694649,2.1945484,-2.2416131
-0.6383451,-3.0458233,0.57967824,5.1361637,0.83629626,-0.8233291,2.1586092,-2.2172737
-0.61525327,-3.0359163,0.48553702,5.321092,0.7987809,-0.734418,2.0799375,-2.0047426
-0.8593532,-2.7794924,0.38671082,5.387908,0.68322843,-0.63406104,2.1224296,-2.2153056
-0.59170425,-3.015116,0.31891906,5.713178,0.41219592,-0.6596167,2.1543787,-1.9389032
-0.8388634,-2.8324692,0.40211052,5.395397,0.5075194,-0.72515553,2.0678132,-2.058042
-0.77090764,-2.863882,0.14990063,5.6066656,0.80602044,-0.71163934,2.0801077,-2.0944676
-0.33046344,-3.1023197,0.03484527,5.760073,0.96710795,-0.6691989,2.0642803,-2.0825675
-0.792799,-2.887113,-0.09714827,5.735835,0.8424689,-0.69048035,2.1953812,-2.181621
-0.56733125,-2.8736227,-0.11004672,5.569744,1.1603882,-0.6527625,2.0260532,-2.18091
-0.95768684,-2.7480502,-0.8531269,5.458417,1.6941713,-0.7882896,2.2110746,-2.1985188
-0.83381057,-2.6992345,-0.66538835,5.4409566,1.7683119,-0.76001287,1.9933867,-1.9574139
-0.57168996,-2.9839096,-0.47378385,5.0822935,1.870863,-0.6767955,2.1716175,-1.9284743
-0.8164693,-2.8370867,-0.6764255,5.4574947,1.6720315,-0.6835398,2.2542918,-2.1889584
-0.6778261,-2.9627843,-0.35415062,5.2554307,1.6504236,-0.67518884,2.117007,-2.2604191
-0.50708574,-3.034024,-0.2726441,4.9845943,1.7572162,-0.73229015,2.0398588,-1.7796067
-0.7899949,-3.0229163,-0.4131672,4.7172933,2.040466,-0.7546127,2.1089122,-2.206524
-0.8541684,-2.952657,-0.41235605,5.018215,1.752409,-0.7252721,2.0809045,-2.2631216
-0.8978583,-2.8771436,-0.09064947,4.8430147,1.6201493,-0.6671226,2.119519,-2.0687
-0.7309596,-2.856396,-0.051935647,5.0662036,1.5709416,-0.7691761,1.9789681,-2.1842604
-0.83085847,-2.890241,-0.18567798,5.360819,1.1438324,-0.7141201,1.8536676,-2.1643298
-1.1062227,-2.8080542,-0.34981942,5.3727345,1.1863865,-0.8707747,1.9696711,-2.2320316
-0.63124377,-3.0560036,-0.103711665,5.580307,1.1177087,-0.5700127,1.9943923,-2.1506927
-0.82770264,-2.89282,-0.034891512,5.4099865,1.0673805,-0.72751373,2.1544876,-2.0281866
-0.85793984,-2.855403,-0.03769374,5.4995556,0.8549015,-0.81397945,2.012006,-2.2802305
-0.68704695,-2.8224912,-0.41274005,5.809601,1.1047621,-0.70889187,2.2925353,-2.1255722
-0.86979145,-2.7976937,-0.6123881,5.9649515,0.97534317,-0.74084556,2.1156502,-2.1739633
-0.5722022,-2.9891536,-0.3678248,5.753177,1.2612488,-0.5585655,1.9465679,-2.1562626
-0.60123515,-2.9283864,-0.4965965,5.2632504,1.688829,-0.6657994,1.9960556,-2.1711082
-0.98536134,-2.7922812,-0.42994875,4.9301443,1.7908343,-0.77306956,2.0696273,-2.305333
-0.8331881,-2.8173096,-0.031580687,5.0055084,1.406593,-0.78461415,2.085971,-2.0770414
-0.84295064,-2.85797,0.412856,5.072513,0.8221658,-0.6782475,2.378661,-2.2518237
-0.8333647,-2.9517896,0.092660956,5.187012,1.0455115,-0.74351305,2.206899,-2.028199
-0.4745845,-2.9491384,0.84190965,4.725133,0.99599254,-0.5228714,1.9577135,-2.0610657
-0.7739883,-2.8911982,0.45734087,5.2102785,0.6912885,-0.6829158,2.1228943,-2.147008
-0.81187445,-2.8640318,0.69517523,4.8408833,0.79905397,-0.65841603,2.0585465,-2.113042
-0.63276106,-2.8884385,0.54313356,5.0520835,1.0515349,-0.63064444,2.1463528,-2.1995924
-0.7366519,-2.9400613,0.8600486,4.86044,0.6519508,-0.6649314,1.9246799,-2.1591039
-0.7076754,-2.958152,1.4218907,4.448527,0.729474,-0.74420404,2.169121,-2.1369786
-0.9527751,-2.8985953,1.2156022,4.2644925,0.8657127,-0.6841777,2.2068622,-1.9422661
-0.76890576,-2.9489155,1.5329759,4.2339816,0.6757114,-0.74139345,2.026467,-1.9903736
-0.8385305,-2.9196687,1.4069389,4.286615,0.6460655,-0.7257744,2.2347267,-2.2524803
-1.0688161,-2.8553047,1.4184285,4.157787,0.6348192,-0.69600755,2.2429993,-2.1460319
-1.0222329,-2.844772,1.3267971,4.667259,0.36286914,-0.74928313,2.1358454,-2.1996045
-0.7695931,-2.8342733,1.3065349,5.0296507,0.17684452,-0.6505047,2.0614498,-1.9980986
-1.0572238,-2.8104465,1.2070067,4.795801,0.23466939,-0.68869346,1.9289083,-2.1652043
-0.7917958,-2.9183924,1.4725739,4.550092,0.36094436,-0.74991745,2.2566938,-2.1505861
-0.7753024,-2.910435,1.4796547,4.665406,0.3205727,-0.5844443,2.1829462,-2.1529512
-0.70330215,-2.911574,1.2276304,4.5851955,0.63600564,-0.65400714,1.9889013,-2.1443803
-0.6035833,-2.8738806,1.2828876,4.867726,0.2730854,-0.59295875,2.3320582,-2.0437152
-1.0323093,-2.8358455,1.1462376,4.51934,0.5976712,-0.73065954,2.0996068,-2.0364609
-0.8849158,-2.8619065,1.2565824,4.3772554,0.8046182,-0.64525944,2.2420185,-2.261491
-0.77494025,-2.9085596,0.97048,4.6881084,0.7535488,-0.79520667,2.0194843,-2.1981435
-0.72617495,-2.9264612,0.70468694,5.017995,0.7008666,-0.72021097,2.084149,-2.2328131
-0.7857578,-2.8343682,0.5169106,5.133432,0.81908494,-0.61908394,2.2230263,-2.1143095
-0.89288133,-2.897573,0.72297144,4.7656713,0.81851023,-0.72819036,2.1544662,-2.0640595
-1.0931593,-2.742791,0.7630126,4.7069983,0.765936,-0.8277919,2.1824687,-2.1966202
-0.9772928,-2.9402125,0.25778878,4.7389755,1.3260715,-0.7901793,2.1864662,-2.258326
-0.79710233,-2.7910647,0.7606963,4.6579285,0.95065725,-0.7370222,2.1232505,-2.102605
-0.8516163,-2.9007444,0.714228,4.6620073,0.96934503,-0.7534744,2.3211515,-2.056881
-0.98296434,-2.8504598,0.20524952,5.004702,1.0487884,-0.6693348,2.010268,-2.172851
-0.7133269,-2.9668715,0.20382436,5.0091004,1.2477709,-0.7767134,2.262399,-2.0536814
-0.7038731,-3.0082207,0.2554695,5.155307,1.1190349,-0.69084996,2.0884058,-2.202898
-0.8622926,-2.847753,-0.011707987,5.2077866,1.1314942,-0.737947,2.3179715,-2.09323
-0.98387355,-2.6771615,-0.14307092,5.273105,1.2578583,-0.6639691,1.9868042,-2.2102406
-0.5693972,-3.0657907,0.040169917,5.021535,1.3533474,-0.64381874,2.02892,-2.1356354
-0.6534211,-2.908349,0.15485519,4.9263344,1.2670281,-0.671634,2.1204076,-2.0675902
-0.97507447,-2.794411,-0.2792649,5.1361256,1.4453307,-0.793761,2.0629823,-2.081913
-0.8292536,-2.8276334,-0.05276739,5.130822,1.311965,-0.6738021,2.143557,-1.9862491
-0.99226373,-2.9054463,-0.021124342,5.453014,0.60834646,-0.82920855,2.2983527,-2.023485
-0.99554527,-2.7303777,0.49197865,5.3957644,0.40436238,-0.7384112,2.2107408,-2.10239
-0.90908355,-2.9280467,0.3005065,5.376516,0.53086716,-0.7785262,2.1525934,-2.1563435
-0.7385971,-2.80486,0.1395478,5.614086,0.8079407,-0.6393785,1.8715595,-2.080589
-0.929,-2.919938,0.0783615,5.1928163,0.93798405,-0.6296663,2.0799809,-2.2345622
-0.8669461,-2.8504686,0.5897436,5.0661306,0.71047556,-0.7318331,2.0112224,-2.0750825
-1.1141987,-2.7363842,-0.18771861,5.1438823,1.0630045,-0.75898933,2.2358677,-2.0373993
-1.0284948,-2.9036467,-0.22903734,5.599246,0.959986,-0.7326242,2.0707223,-2.1349063
-0.6336099,-3.0643263,0.06676073,5.601974,0.77813756,-0.6240174,2.0474756,-2.1155348
-0.80075765,-2.8368208,0.18961994,5.6267176,0.6375447,-0.677843,2.0854526,-2.1914666
-0.56987715,-2.860412,0.09430202,5.455607,1.0144929,-0.6595911,2.0944397,-2.2016225
-0.45448837,-2.908252,-0.30411097,5.6730494,1.1211327,-0.5933477,1.9039727,-2.062228
-1.0575993,-2.866644,0.16664062,5.108929,1.0196887,-0.8396043,2.207327,-2.2412958
-0.84210813,-2.852511,0.46863154,4.9952974,0.97666687,-0.75812334,2.0241554,-2.1549988
-0.7561445,-2.9708705,0.41899386,5.081995,0.93759125,-0.7055565,2.3080916,-2.236073
-0.7993435,-2.8981557,0.7048307,5.1183023,0.6296065,-0.70933574,2.1472538,-2.2087693
-0.9108538,-2.8656363,0.6744487,5.089571,0.5325763,-0.77275944,2.2332094,-2.1947732
-0.80322933,-2.90183,0.71477187,5.2935395,0.28866518,-0.69498444,2.2239501,-2.2149005
-0.68003553,-2.8852065,0.8870518,5.2713203,0.3690818,-0.5537925,1.8644146,-2.0294936
-0.780734,-2.8701825,0.54296184,5.6151724,0.30025738,-0.60859287,2.0464482,-2.0546005
-1.0262345,-2.821837,0.35857993,5.1039968,0.7967506,-0.80280894,2.2039964,-2.3161035
-0.8072428,-2.8536677,0.12754187,5.197486,1.0341969,-0.76375526,2.184564,-2.315438
-0.7186422,-2.9004612,0.2822165,5.0238266,1.2045532,-0.5831253,2.0776858,-2.1542757
-0.99338645,-2.7956557,0.39624575,4.4280825,1.3592871,-0.7886189,2.2822318,-2.1592965
-0.78642607,-2.7638657,0.6351524,4.867546,1.0477021,-0.74691504,1.913987,-1.884906
-0.6946004,-2.7652843,0.778298,5.1599536,0.60111433,-0.52030736,2.0904994,-2.0630133
-0.3981396,-2.92861,0.40800935,5.3396273,0.9063376,-0.53097016,2.1772237,-2.0183747
-0.8199444,-2.8516622,-0.008614711,5.513878,0.84106684,-0.6513403,1.9713936,-2.2106442
-0.76538545,-3.0558863,-0.012603554,5.7777853,0.64027655,-0.6487086,2.123537,-2.107946
-0.76482236,-2.9119809,-0.054608855,5.698286,0.7527325,-0.85011894,1.8147476,-2.0040777
-0.84383297,-2.9062374,0.16255891,5.5767193,0.49530712,-0.6936069,1.9789267,-1.985244
-0.94162923,-2.811123,0.22644104,5.9305515,0.042184185,-0.6049504,2.2371147,-2.179462
-0.8143615,-2.9134212,0.2686199,6.1073093,-0.00050752604,-0.6084852,2.2210884,-2.035601
-0.9437945,-2.7724266,0.41056755,6.114891,-0.22037232,-0.7972993,1.9023579,-2.0726256
-0.81905305,-2.8416085,0.06286217,5.791269,0.63365674,-0.78140223,2.2593093,-2.0639577
-0.69963247,-2.8836796,-0.18033344,6.2197742,0.55065155,-0.55006427,2.123322,-1.9599887
-0.6226892,-2.942474,0.007652234,6.0763817,0.4999133,-0.6174499,2.107772,-2.1733646
-0.76705533,-2.9904127,0.2645329,5.4963865,0.7575461,-0.64805496,2.110486,-2.0017505
-0.7959738,-2.882764,-0.0035061212,5.543732,0.8516747,-0.6691214,2.1186173,-2.0421016
-0.74857575,-2.9416902,0.016199771,5.892526,0.6415765,-0.6883587,2.1005912,-2.1172414
-1.2336001,-2.7422993,-0.13149312,5.4968276,0.8468406,-0.7017098,1.868837,-2.1354089
-0.94356483,-2.7587006,-0.032727074,5.6994224,0.58974123,-0.68086094,2.0812192,-2.139387
-0.88914335,-2.8584626,0.30359244,5.5318794,0.50548285,-0.7716782,2.1027358,-2.224225
-0.8855813,-3.0240746,0.14450021,5.5990877,0.6039854,-0.7698462,1.892278,-2.1133323
-0.7879735,-2.823351,0.21768437,5.7498255,0.37626985,-0.8085483,2.1110833,-2.074998
-0.9191023,-2.72261,0.3599097,5.885897,0.20637041,-0.68937737,2.0578313,-2.0975611
-1.0272298,-2.780581,0.58090186,6.064366,-0.3895723,-0.87562424,2.1990921,-1.9678123
-0.8110417,-2.9526594,0.5752116,6.095375,-0.32152307,-0.8680556,2.1013021,-2.361964
-0.92488664,-2.863631,0.5048775,5.997988,-0.15080766,-0.7100482,2.1386487,-2.0805573
-0.50501174,-2.9391332,1.0557071,6.1692567,-0.6732013,-0.65304536,2.0062728,-1.985945
-0.93080986,-2.872004,0.68232876,6.240036,-0.629693,-0.6113814,2.1461985,-2.092956
-1.0152351,-2.795112,0.8366297,5.921431,-0.5100883,-0.81571317,2.0786064,-2.0376587
-0.4859795,-2.9735427,1.1382614,6.234259,-0.76204455,-0.619804,2.0717885,-2.0458174
-0.9384685,-2.764887,1.1893618,6.0427365,-0.86019367,-0.7063963,2.1665459,-2.0938144
-0.61406755,-2.933261,1.5977886,5.7885036,-0.87397367,-0.65482265,2.1681526,-2.3284874
-0.85046506,-2.8848877,0.97639513,5.8066974,-0.4732881,-0.73311114,2.0332816,-2.2184472
-0.6946284,-2.9521625,1.0378813,5.6952,-0.3445934,-0.7430239,2.2212813,-2.1798143
-0.5674615,-2.947592,1.3497882,5.3031125,-0.13139711,-0.60012656,2.3478925,-2.1120415
-0.8298512,-2.809457,0.17799552,6.070801,0.121905446,-0.70440185,2.11126,-2.217372
-1.0791801,-2.896394,-0.03319597,5.9102826,0.3046117,-0.8952877,2.1777124,-2.277706
-0.82652795,-2.9624257,-0.14616421,5.8300414,0.62662596,-0.8049259,2.1091573,-2.0881917
-0.9211046,-2.8118906,0.17842126,5.975412,0.1945762,-0.6642067,2.1200075,-2.1411722
-0.9306856,-2.7894812,0.013862449,5.912373,0.47404706,-0.6834154,2.2326052,-2.0141714
-0.42681238,-2.89702,-0.01590153,5.815863,0.8116076,-0.57294446,2.3489435,-2.0054905
-0.58335465,-3.1562998,0.14922512,5.5489097,0.62329584,-0.6681109,2.4239836,-1.731166
-1.0718554,-2.7356288,0.10992189,4.893427,1.1230559,-0.7897037,2.1641228,-2.2095616
-0.94470453,-2.9560041,1.084803,4.430103,0.73469937,-0.74162203,2.2645092,-2.0801747
-0.73026776,-2.9360297,0.93161434,4.3558965,1.0940188,-0.7454456,2.273799,-1.9229904
-0.6417584,-3.0382168,0.55972856,4.735853,1.2467005,-0.62006754,2.0869372,-2.2872941
-0.9077249,-2.84534,0.0599335,5.0248494,1.3140559,-0.70423543,2.1094456,-2.053241
-0.78697336,-2.9625313,-0.26559323,5.2376657,1.3794495,-0.80247426,2.1932194,-2.0173836
-0.9637923,-2.8392713,0.27461177,4.9182525,1.0225493,-0.8751734,1.9815491,-2.1833398
-0.84843886,-2.9514778,0.44545493,4.510461,1.4790817,-0.6282633,2.1648357,-2.2150369
-0.87021476,-2.9228973,0.2575472,4.5914125,1.5523574,-0.7246746,2.0213313,-2.2930415
-0.94743,-2.8551958,-0.07468524,4.97904,1.3276715,-0.7007712,2.178762,-2.1548169
-0.96877503,-2.7667034,0.06859411,4.9293785,1.3434718,-0.7668091,2.0722013,-2.1548102
-0.9148805,-2.6249475,0.5375894,4.9300127,0.918746,-0.604017,2.0333138,-2.0245724
-0.9614337,-2.9426112,0.3552853,4.900797,1.0955907,-0.7923442,2.0270157,-2.4304984
-0.7674327,-2.938894,0.68357927,4.3896136,1.4042882,-0.80594695,2.0561683,-2.1854894
-0.84608465,-2.9045508,0.84494275,4.347676,1.2270331,-0.87210816,2.0927052,-1.9806825
-0.74689066,-2.907847,0.62744063,4.54086,1.2717699,-0.67264044,2.2622576,-2.255844
-0.80897385,-2.9747577,0.76427406,4.7999854,0.9637709,-0.6586538,2.0253541,-2.2608972
-0.69938123,-2.862596,0.6563037,4.742787,1.0328947,-0.57914037,1.9254084,-2.1682673
-0.9387982,-2.8927658,1.0701286,4.4877944,0.74804527,-0.66454685,2.0196056,-2.2269187
-0.71471846,-3.0453932,0.60520655,4.892073,0.9599643,-0.74735224,2.0174065,-2.2001593
-0.8219899,-2.8220572,0.45703876,4.7002177,1.1879166,-0.69498783,2.4519591,-2.1064222
-0.81573033,-3.0059867,0.01216381,4.705318,1.6365311,-0.735389,2.199551,-2.017274
-0.93583536,-3.03347,0.21070635,3.9644485,2.1575925,-0.76615566,2.0132594,-2.3710093
-0.943479,-2.714994,0.48567572,4.281928,1.551356,-0.70945007,2.0857322,-2.070395
-0.9348634,-2.877937,0.01847043,4.6564317,1.6888564,-0.620108,2.1499271,-2.1212914
-0.42683798,-3.1302545,0.07224189,4.596379,1.9968605,-0.6588633,2.1316435,-2.2226725
-0.7514814,-2.9707685,-0.21276514,4.5114603,2.198739,-0.73344004,1.9835432,-2.198727
-0.8226609,-2.8952682,-0.16524625,4.953044,1.6991105,-0.62948525,2.0863793,-2.185651
-1.1121278,-2.872236,-0.20421652,4.8093185,1.5117085,-0.8173484,2.140192,-2.1943128
-0.9156802,-2.8233056,-0.54788846,5.5838323,1.3947769,-0.6730037,2.0279083,-2.186094
-1.0213002,-2.796989,-0.47033268,5.1279674,1.618547,-0.72818863,2.128835,-1.9511449
-0.6478307,-2.9375427,0.10887451,4.860696,1.5303372,-0.7327936,2.091491,-2.0108066
-0.8146871,-2.943222,0.20011109,5.0061245,1.2984505,-0.71471804,2.0046828,-2.4469411
-1.0373753,-2.8747127,-0.08706093,4.9562564,1.3227546,-0.80576515,2.1969872,-2.3649337
-0.8959299,-2.9185388,0.3683452,4.8037157,1.2374365,-0.6662185,2.0315294,-2.219782
-1.0449358,-2.7111416,-0.03297611,5.0274754,1.301633,-0.6338472,2.2382164,-2.2104843
-0.7173388,-2.7625241,0.74909693,4.870401,0.8508159,-0.7223698,1.9422067,-2.1289873
-0.8002412,-2.8888206,0.6019177,4.83835,0.9443115,-0.70042634,2.0596004,-2.154158
-0.6281657,-2.9821563,0.88862795,4.546463,1.0161625,-0.68844616,1.9937534,-2.0770006
-1.044227,-2.8931525,0.48933747,4.492762,1.1169815,-0.9648433,2.2950573,-2.2268798
-0.9181309,-2.8918748,0.17903763,4.6303263,1.4950868,-0.6896395,2.094811,-2.1883698
-1.0532001,-2.9161801,-0.3931814,4.9842696,1.7024251,-0.7211456,2.0049648,-2.1822498
-0.729,-3.0594563,-0.29506713,4.9181895,1.8251387,-0.74486935,2.019172,-1.9570675
-0.7952101,-2.9529524,-0.59055334,5.1580234,1.8054588,-0.7756317,2.0916057,-2.137994
-0.5304785,-2.940517,0.10593285,5.2412686,1.2083882,-0.69822097,2.1462903,-2.124731
-0.8020107,-2.8614247,-0.0047747865,5.967707,0.44736457,-0.704103,2.320768,-2.0069115
-0.83682185,-2.7493107,0.21084432,5.867313,0.34862342,-0.6858607,2.1295967,-2.0312731
-0.8421641,-2.9326947,-0.109104306,5.892056,0.5710388,-0.67113924,2.1856866,-2.0573814
-0.691947,-2.9562385,-0.038525186,5.8618298,0.624251,-0.6226467,2.1791856,-2.376125
-0.78694534,-2.8427095,-0.40400293,6.181713,0.64949465,-0.65646803,2.1098392,-2.0796063
-0.97108454,-2.8971057,-0.45421463,6.099112,0.70102763,-0.6250484,2.0861268,-2.1311684
-0.4271897,-3.0922937,-0.096808515,6.02153,0.7863381,-0.68607795,2.3171964,-2.0434015
-0.6726106,-2.906236,-0.019675093,6.173201,0.3691898,-0.6047934,2.1197703,-2.1713932
-0.830842,-2.85356,-0.0014060014,5.7807226,0.5863948,-0.7543363,2.1916404,-2.1740954
-0.7433529,-2.9108508,-0.058075186,5.554927,1.0545734,-0.71354014,2.089241,-2.1913044
-0.868415,-2.8760345,0.09886197,5.48375,0.8074954,-0.7179548,2.206246,-2.1146564
-0.89849824,-2.9288745,-0.29568422,6.1389365,0.5239091,-0.6836277,2.047956,-2.206628
-0.5660742,-2.8822358,-0.5287194,6.280303,0.7457184,-0.6209756,2.0018454,-2.2306228
-1.0445068,-2.825325,-0.83893085,6.162857,0.9524919,-0.7382463,2.12963,-2.2158446
-0.88615674,-2.744015,-0.96534956,6.1234093,1.1477089,-0.71356493,1.8555735,-2.314153
-0.88560086,-2.801091,-0.6690025,5.912201,1.1662364,-0.5834632,2.2671099,-2.394052
-0.89833987,-2.9136112,-0.5605859,6.1311917,0.7375091,-0.7165027,2.0814571,-2.1460142
-0.9322346,-2.86869,-0.4277819,5.775854,1.0484563,-0.83452004,2.0238132,-1.9046773
