0.93028116,0.43377003
0.93247753,0.44210586
0.97022516,0.4395783
0.9956237,0.42112252
0.9337954,0.44200495
0.95040625,0.44780633
0.9526356,0.42834044
0.97600806,0.4396913
0.97273576,0.396801
0.9819922,0.41917232
0.8473754,0.4101198
0.9618626,0.45344847
0.90983665,0.43067476
0.8879723,0.40735978
0.943334,0.45631826
0.9946975,0.4501501
0.987675,0.4532875
0.9616564,0.40392342
0.8786513,0.42690796
0.9793793,0.44654474
0.9606321,0.41901034
0.9643625,0.4126759
0.9298289,0.4558081
0.97353446,0.42975056
0.98417807,0.45149896
0.97078925,0.44412157
0.9503091,0.40517983
0.9670814,0.46675876
0.9033196,0.4461716
0.9085026,0.43643194
0.96022034,0.46962988
0.8527447,0.41461688
0.9273434,0.4431243
0.94911844,0.43524706
0.9815097,0.4231932
0.8856106,0.41838312
0.99409884,0.4309915
0.8880572,0.43268964
0.90600324,0.42387822
0.9353086,0.43250826
0.9664831,0.40342426
0.9373936,0.430236
0.97422224,0.44170645
0.9828153,0.46612358
0.87750566,0.4313639
0.920034,0.43832654
0.9738753,0.45877537
0.95320845,0.46470976
0.91521007,0.4341482
0.92402387,0.43988776
0.8767178,0.42438737
0.9471447,0.4588188
0.9720525,0.4403168
0.9017233,0.4359729
0.93467325,0.44673887
0.8686058,0.39388716
0.9781762,0.41603974
0.9280332,0.46217915
0.88530046,0.4242235
0.9608604,0.45445818
0.8628082,0.41172728
0.95776314,0.41764995
0.8513445,0.4135767
0.9151615,0.40728873
0.98124003,0.44946402
0.8643818,0.39924765
0.98112786,0.4469621
0.8713662,0.43588313
0.9700857,0.44898647
0.98696107,0.4359688
0.928437,0.44215274
0.9469965,0.4164972
0.9966575,0.42981336
0.96258485,0.43304062
0.9487075,0.46123737
0.9068829,0.45055303
0.9512887,0.43245572
0.9718545,0.44931066
0.898098,0.3992444
0.93840736,0.4531521
0.9415019,0.45335567
0.91812956,0.44401103
0.9789721,0.46283016
0.9904862,0.4472998
0.8636634,0.4248571
0.9642451,0.45488724
0.8176525,0.40305164
0.9366824,0.4133852
0.93515694,0.4458282
0.995299,0.3912983
0.9500757,0.4710464
0.95502776,0.43757176
0.94072753,0.43375632
0.95625526,0.43894473
0.9552943,0.44739902
0.9944962,0.44249138
0.9966976,0.3961926
0.97336096,0.4006749
0.9389682,0.42143
0.93302286,0.43971694
-0.44502923,-0.9199902
-0.39442185,-0.8889914
-0.38193375,-0.8531229
-0.4290641,-0.9156369
-0.43435705,-0.93741024
-0.42449424,-0.86674446
-0.44271076,-0.94048274
-0.44862986,-0.9874984
-0.4228466,-0.8578351
-0.43627596,-0.9816153
-0.42462113,-0.902861
-0.4388723,-0.9840262
-0.42956868,-0.9037108
-0.42573684,-0.9081206
-0.388079,-0.8213469
-0.4476095,-0.93682283
-0.45741597,-0.98668945
-0.44718564,-0.9553822
-0.43454227,-0.9050054
-0.43308884,-0.9559059
-0.40374437,-0.8565951
-0.42585868,-0.8896536
-0.44925156,-0.9822753
-0.4387346,-0.9186198
-0.44333106,-0.9449937
-0.41969573,-0.93843824
-0.43841946,-0.9957217
-0.44501832,-0.9604655
-0.43765658,-0.9208986
-0.43817225,-0.9257611
-0.43093693,-0.98581576
-0.43329802,-0.91143423
-0.41552654,-0.9283911
-0.42372972,-0.8729061
-0.45072812,-0.8958919
-0.45256868,-0.9474183
-0.44590807,-0.8891537
-0.45247248,-0.90545726
-0.4326957,-0.96370304
-0.42391333,-0.8978677
-0.45433238,-0.9634818
-0.4499787,-0.95161957
-0.46145603,-0.9236018
-0.437694,-0.9716772
-0.42238906,-0.8490844
-0.433517,-0.92147833
-0.44052494,-0.9861564
-0.45002833,-0.9105959
-0.4411396,-0.90918297
-0.43516195,-0.95149624
-0.42753133,-0.8678449
-0.4244325,-0.9349388
-0.44298947,-0.98037446
-0.45753726,-0.9454711
-0.44868383,-0.87275445
-0.45010185,-0.98869133
-0.43510428,-0.99298036
-0.4375967,-0.92279613
-0.4457471,-0.9310816
-0.43303773,-0.953609
-0.44886047,-0.9391854
-0.42095596,-0.8988738
-0.4226959,-0.90978223
-0.45476857,-0.9603844
-0.45001203,-0.90649575
-0.41898578,-0.9056919
-0.44041497,-0.93088675
-0.4348256,-0.9767717
-0.43962884,-0.94498813
-0.43985936,-0.9366788
-0.43734962,-0.99013495
-0.43444058,-0.9100406
-0.4129854,-0.8593259
-0.43773407,-0.97701585
-0.43968594,-0.9292691
-0.44318846,-0.9930014
-0.42851728,-0.8763436
-0.42753276,-0.94720143
-0.4197065,-0.9211889
-0.42624378,-0.8613916
-0.41174704,-0.87135065
-0.4395992,-0.95159745
-0.45039862,-0.9519233
-0.42392144,-0.95417565
-0.4129697,-0.9770074
-0.43106058,-0.97861546
-0.45522895,-0.9550213
-0.43303314,-0.94835037
-0.43648612,-0.99304354
-0.4417734,-0.92556304
-0.44795898,-0.9906649
-0.42579356,-0.8885753
-0.41239104,-0.9013491
-0.43468273,-0.9028628
-0.45654377,-0.9434229
-0.44644848,-0.9230346
-0.43412724,-0.87671876
-0.43023852,-0.9630326
-0.44459075,-0.9771003
-0.42208862,-0.98025537
0.96838355,0.45347235
0.9541583,0.4106313
0.9584712,0.41066778
0.90724397,0.43982804
0.95725256,0.4341415
0.98630023,0.44607523
0.9191914,0.42912996
0.91781586,0.45883602
0.9457484,0.42968887
0.98714316,0.43804136
0.95487624,0.46598214
0.9580662,0.43511114
0.8423993,0.39951617
0.9934583,0.45281297
0.93354315,0.42567772
0.9279664,0.44085887
0.9133335,0.4306433
0.87894726,0.43101948
0.99531007,0.44652396
0.9984478,0.45418832
0.9719933,0.43698078
0.9202707,0.4276698
0.9690617,0.42012537
0.97979546,0.45247853
0.8832294,0.40491667
0.9461025,0.43116376
0.9746011,0.45322058
0.93983215,0.43193832
0.95850164,0.4426717
0.92733186,0.45357704
0.98112184,0.42020106
0.83962697,0.40224662
0.9934585,0.4564344
0.9572334,0.4513515
0.8856396,0.4200431
0.89725465,0.37434724
0.9920992,0.42217714
0.98712945,0.42119905
0.935271,0.4503761
0.9941106,0.41361138
0.98949593,0.43425608
0.8788747,0.4510729
0.98031116,0.43375084
0.9847286,0.41821843
0.9131076,0.43208092
0.95317197,0.45077696
0.9513566,0.46078035
0.92498326,0.4223889
0.9666133,0.42173612
0.94149727,0.45986083
0.9846526,0.4291333
0.8863267,0.39851165
0.9933394,0.43346217
0.9718655,0.41198853
0.8489405,0.41291967
0.93831897,0.44060484
0.9518462,0.38990462
0.91848665,0.46413124
0.93209314,0.45232666
0.96150374,0.45193815
0.8656909,0.3959732
0.92089266,0.48292935
0.99161553,0.41414097
0.955018,0.43396768
0.9159307,0.42996776
0.96219033,0.4429152
0.93111926,0.39018378
0.86508614,0.41805723
0.9792436,0.38906786
0.8936961,0.395395
0.9613624,0.42817956
0.9376333,0.4461459
0.9420456,0.44603437
0.9028214,0.43090498
0.91020656,0.43273622
0.7882103,0.3744472
0.9817599,0.43932238
0.93234605,0.43779483
0.95688826,0.4507412
0.9850119,0.47749382
0.9334333,0.4181994
0.9351721,0.42478278
0.9556347,0.4423634
0.9564894,0.44934785
0.85413796,0.4160621
0.8733011,0.41875958
0.9479431,0.43270254
0.90462166,0.45525953
0.9736238,0.45281014
0.89926696,0.42620736
0.9887079,0.44046804
0.9072079,0.42708907
0.92845136,0.43522802
0.9491295,0.43410182
0.9791598,0.4484903
0.8638814,0.42728648
0.9445093,0.4361434
0.991073,0.45007196
0.942631,0.4045597
0.95547944,0.42685878
0.9176494,0.44157496
0.9400559,0.43637004
0.9826783,0.43695283
0.9267427,0.44241747
0.96603984,0.4312991
0.86270916,0.43646234
0.9436387,0.4310649
0.9297488,0.43762514
0.92072403,0.44233084
0.9009646,0.4122943
0.90368754,0.4265051
0.9770232,0.44472486
0.97181255,0.47148526
0.97467345,0.4712596
0.8763402,0.4357491
0.9944246,0.44039378
0.96095514,0.4223134
0.877312,0.4491606
0.93836427,0.4656554
0.98328227,0.42600554
0.87057394,0.43030444
0.99011356,0.4463334
0.89880484,0.42989913
0.91046065,0.42610395
0.9014862,0.42194086
0.91007984,0.44144595
0.93401134,0.41040903
0.9667676,0.43323797
0.9001913,0.43228608
0.8725104,0.40180296
0.9532882,0.44253734
0.96014583,0.46086502
0.8916968,0.41565806
0.92109334,0.45242432
0.99923617,0.43906796
0.92755616,0.43555447
0.8901398,0.42459056
0.90965676,0.41084197
0.8626048,0.40591815
0.977062,0.45094573
0.9575031,0.44625875
0.9652463,0.4466097
0.89648384,0.4212531
0.96821463,0.4376342
0.8732799,0.4120654
0.9498936,0.4239138
0.8426339,0.43414608
0.85596853,0.42022362
0.9112728,0.432784
0.86742043,0.42678866
0.98642105,0.46252614
0.8958951,0.4493356
0.9027941,0.4514818
0.8822128,0.4466353
0.97409135,0.4587472
0.9941432,0.43720102
0.9416802,0.4315255
0.9827217,0.43923333
0.88073736,0.43703306
0.94676507,0.44844225
0.9718952,0.46050918
0.9964802,0.42142662
0.97213787,0.4567337
0.9839295,0.4347033
0.9450202,0.44251564
0.96967375,0.43977052
0.93986404,0.4490046
0.95572156,0.4456272
0.9167489,0.4528865
0.9414578,0.39744967
0.9578115,0.4514196
0.9927759,0.4296886
0.9994998,0.43162063
0.9933092,0.4369101
0.9961654,0.4377934
0.86348456,0.43317747
0.9917806,0.4340242
0.9152718,0.4292767
0.95512444,0.43345332
0.91983396,0.38926244
0.9804449,0.45848763
0.8541236,0.42907712
0.9539,0.43804386
0.945344,0.4410067
0.920615,0.4363878
0.96753514,0.446739
0.9157244,0.4140947
0.92017883,0.44753537
0.88301617,0.45800823
0.9932977,0.41823167
0.9500252,0.4258362
0.9704439,0.45391938
0.9998664,0.43291408
0.97659814,0.4312193
0.9282512,0.4348551
0.95216805,0.46159878
0.9886058,0.4609663
0.9316641,0.42872584
0.89437634,0.43769956
0.9369259,0.41825214
0.9532875,0.43903318
0.9396194,0.3700525
0.8688121,0.4057357
0.99800354,0.4184556
0.9950783,0.44578752
0.9778561,0.43745935
0.9013292,0.43930107
0.92943335,0.43508422
0.897882,0.44681576
0.8642432,0.40940338
0.9269637,0.4482393
0.9113389,0.4386695
0.88425595,0.43739662
0.9995026,0.42803243
0.9978446,0.44708812
0.9725193,0.44949234
0.9334348,0.44609016
0.83647066,0.39157572
0.8627479,0.41101164
0.947907,0.43998718
0.88384193,0.41138345
0.96006185,0.43033046
0.89714587,0.4140035
0.92135483,0.4382624
0.9132433,0.4237372
0.9034488,0.4639545
0.9381676,0.447185
0.936591,0.44398415
0.9705357,0.4186493
0.9470657,0.46200192
0.9804806,0.44372356
0.90665895,0.40699333
0.97669554,0.447856
0.9703419,0.4325269
0.92972326,0.42721906
0.9462644,0.4644469
0.8815272,0.41819426
0.94816065,0.41463327
0.92402065,0.44223574
0.9702483,0.37506166
0.9981952,0.43986103
0.95306265,0.3948939
0.83200425,0.38986272
0.97250396,0.47165835
0.989068,0.45824894
0.97349685,0.43246683
0.9511722,0.436954
0.9704941,0.45834562
0.8935311,0.42823672
0.9827041,0.44779828
0.9765735,0.45030805
0.965928,0.45541158
0.90828586,0.44272357
0.99965394,0.42550662
0.99756974,0.4327633
0.9846991,0.42046633
0.9207,0.45936567
0.97222555,0.44551766
0.9768239,0.43764466
0.99295354,0.44557646
0.8670061,0.4099937
0.9045301,0.42128152
0.8308488,0.42369765
0.92577744,0.43405172
0.93687844,0.43875033
0.86885685,0.42557934
0.9976647,0.44157434
0.9864382,0.42862725
0.9456636,0.45100805
0.9945523,0.45514667
0.9026947,0.4559264
0.9542367,0.44077826
0.8836071,0.4230953
0.96567625,0.44064823
0.99137944,0.4421959
0.9349409,0.4705087
0.9108271,0.44161117
0.91831464,0.43750462
0.9482881,0.44958928
0.99705654,0.4674188
0.89769244,0.44915727
0.9580404,0.45561665
0.932178,0.44101363
0.96160084,0.449933
0.97974026,0.44311032
0.8769184,0.45051876
0.9589535,0.44558495
0.86500543,0.4481629
0.9007938,0.4466373
0.9746856,0.4670486
0.9935926,0.41444764
0.90328526,0.41904467
0.96082455,0.42932013
0.99449134,0.41770053
0.9957826,0.44009563
0.93019843,0.44532222
0.9415183,0.4512453
0.93916297,0.4245277
0.93846875,0.44968557
0.8941775,0.4331122
-0.44186348,-0.95935297
-0.42558533,-0.9912342
-0.44321838,-0.9632345
-0.398874,-0.9035676
-0.45131737,-0.9347793
-0.4230475,-0.9324502
-0.44180816,-0.9665477
-0.41884035,-0.8717623
-0.42891026,-0.87086505
-0.42469382,-0.8582071
-0.43719238,-0.89087445
-0.41754714,-0.9751422
-0.4611006,-0.927578
-0.44938216,-0.85882205
-0.42296088,-0.9693312
-0.4435634,-0.9671021
-0.44731954,-0.96499723
-0.44908664,-0.92111784
-0.46734193,-0.93734187
-0.4315786,-0.91100967
-0.41486755,-0.9759019
-0.43592107,-0.93770516
-0.42554513,-0.90247166
-0.4456728,-0.9257465
-0.40427646,-0.8707596
-0.43779403,-0.9066371
-0.4546137,-0.8950751
-0.40792277,-0.85780257
-0.43463323,-0.9058295
-0.41029564,-0.875901
-0.43494603,-0.99819845
-0.44994658,-0.9678017
-0.4312695,-0.88217694
-0.43816376,-0.89577365
-0.44493216,-0.898672
-0.41258207,-0.8585963
-0.4315425,-0.94358087
-0.43647632,-0.950581
-0.44105107,-0.9900904
-0.44016486,-0.98428214
-0.42399412,-0.9173811
-0.41876104,-0.9928336
-0.4098042,-0.9970076
-0.44428685,-0.9005327
-0.45122445,-0.9897993
-0.434979,-0.95329463
-0.43263102,-0.9875348
-0.42828292,-0.96971613
-0.44110262,-0.9023886
-0.40591353,-0.86205155
-0.45776933,-0.97832006
-0.4408593,-0.95835346
-0.44363257,-0.92675984
-0.4320275,-0.9984895
-0.4464538,-0.95951045
-0.45317304,-0.9044963
-0.42591426,-0.9279673
-0.43889,-0.89200956
-0.45663613,-0.97517717
-0.43460512,-0.9925503
-0.44830889,-0.98871493
-0.41058892,-0.8259559
-0.43405175,-0.9613533
-0.43033215,-0.97691345
-0.44638646,-0.96322936
-0.44969976,-0.9201649
-0.4031112,-0.8920512
-0.4618302,-0.94948816
-0.44403812,-0.8854239
-0.44549632,-0.9256318
-0.4420532,-0.9491846
-0.44022334,-0.9688898
-0.42506564,-0.90297866
-0.43371126,-0.93817526
-0.42002714,-0.8794599
-0.43535414,-0.86909354
-0.4508646,-0.9812754
-0.40528062,-0.8745209
-0.44675303,-0.94853896
-0.43163058,-0.9475689
-0.4228533,-0.9187517
-0.42336664,-0.98657423
-0.4528639,-0.97278756
-0.44070435,-0.94108385
-0.43329617,-0.9996034
-0.44654626,-0.9578173
-0.4578295,-0.9531059
-0.4441042,-0.9251635
-0.420493,-0.8625737
-0.44369736,-0.9798035
-0.42809033,-0.96986675
-0.42430526,-0.96859753
-0.45699394,-0.9629255
-0.43916658,-0.9921462
-0.43179014,-0.9558001
-0.4424942,-0.89015627
-0.44703284,-0.93162495
-0.4299653,-0.95278233
-0.43153352,-0.8730241
-0.45316285,-0.9655869
0.8567789,0.41786444
0.9688311,0.43538907
0.9867817,0.44671538
0.8787885,0.42883983
0.99889386,0.37954164
0.95163745,0.4061776
0.9750823,0.43358827
0.90425915,0.47621503
0.9163632,0.38174766
0.876806,0.4365642
0.97749,0.42415017
0.99541616,0.46099344
0.98635364,0.43578172
0.90987796,0.41633773
0.9900744,0.46014515
0.9474498,0.46993282
0.97989786,0.4345667
0.95630336,0.45975107
0.97416925,0.44219053
0.9944599,0.43038434
0.9496325,0.41988346
0.9273162,0.45426095
0.95439965,0.45395583
0.9130922,0.40741813
0.9082099,0.44079316
0.93938726,0.44260132
0.90525436,0.44048125
0.9236134,0.44104457
0.9219358,0.41813228
0.9384306,0.44593722
0.9375692,0.43560547
0.99574775,0.41146252
0.9337753,0.44965324
0.9459424,0.44297853
0.90757537,0.4494032
0.93323445,0.44429755
0.88467896,0.42725673
0.98771626,0.42992356
0.9211991,0.43769366
0.8624331,0.39114177
0.92277575,0.43464357
0.95863426,0.38526952
0.96625733,0.44745743
0.9423911,0.43717915
0.92819166,0.4129848
0.96116793,0.45350298
0.9691498,0.46241072
0.9409637,0.45205167
0.97184116,0.4515019
0.92779213,0.42028448
0.985338,0.4428714
0.93343216,0.44984066
0.9933891,0.45272863
0.99407727,0.4234784
0.983762,0.44706255
0.99820083,0.42785218
0.98159736,0.45880347
0.9382092,0.4419369
0.9993618,0.46196523
0.96196604,0.42882618
0.99022484,0.44965738
0.91953385,0.423096
0.8672915,0.3974656
0.84922767,0.41104466
0.88859427,0.40172315
0.99183714,0.43811557
0.95911324,0.4131963
0.94001746,0.43913993
0.9732447,0.45918182
0.9783238,0.3826
0.9933153,0.44817334
0.95334524,0.4636841
0.92182267,0.4471136
0.94104,0.42599544
0.9598038,0.44092822
0.9186564,0.44926473
0.9107245,0.44579732
0.99947566,0.4380192
0.9997836,0.43916583
0.9882686,0.43984014
0.9109156,0.4272389
0.8704708,0.43752626
0.97680074,0.46100864
0.96062124,0.442349
0.9073563,0.41003478
0.98005927,0.44750136
0.9602978,0.4374528
0.87386525,0.41627857
0.9551381,0.44147226
0.96062833,0.41621903
0.8726932,0.41822848
0.9723615,0.44572636
0.90113074,0.42916942
0.94148344,0.4392134
0.9954461,0.4242248
0.9775777,0.44582307
0.8925727,0.4319518
0.85848475,0.4242946
0.9125191,0.42080832
0.96000654,0.42328587
0.97301793,0.44462815
0.91406065,0.44033664
0.9351174,0.43580627
0.9705751,0.47194153
0.89544195,0.4223616
0.944359,0.45016828
0.9769695,0.43602085
0.93056065,0.46243873
0.963929,0.45325056
0.9838678,0.44828734
0.9271981,0.47456196
0.90095955,0.44450393
0.96645856,0.35897505
0.9014865,0.45110178
0.87840486,0.40501526
0.9457345,0.4233369
0.98776037,0.42842036
0.99319893,0.44403583
0.9867268,0.42545515
0.9666578,0.43389717
0.899685,0.4461868
0.9299255,0.42007387
0.96128005,0.46432206
0.9369743,0.4242174
0.9815563,0.4256681
0.8391859,0.39769655
0.99510795,0.4275697
0.98407435,0.44006345
0.9829336,0.44973314
0.9221125,0.4521311
0.90861917,0.4416049
0.97824484,0.43378225
0.84350145,0.43773007
0.876595,0.41375238
0.9934268,0.4507184
0.95637286,0.4382198
0.96990865,0.44668728
0.9886004,0.4567866
0.94156367,0.44431317
0.9178127,0.42590618
0.9707641,0.4508538
0.9724736,0.4378192
0.8345525,0.4059431
0.9683884,0.43103045
0.9767802,0.44275036
0.9626129,0.4336428
0.8957525,0.45199013
0.9418489,0.45781508
0.97893643,0.45901826
0.88935184,0.42297673
0.9611885,0.429551
0.9890786,0.44931585
0.9266522,0.45432454
0.9551018,0.39288458
0.99985015,0.44986126
0.9733059,0.4442807
0.9511412,0.4152357
0.95933,0.41867465
0.99739444,0.43140748
0.8994994,0.4399959
0.95017296,0.45401052
0.9233357,0.43141595
0.8973701,0.43899432
0.9368492,0.4451622
0.98698914,0.42770904
0.91916114,0.46432108
0.992955,0.4695193
0.9419984,0.43418592
0.99899435,0.4585212
0.96270776,0.43139178
0.9449036,0.42908365
0.9017313,0.4380811
0.9803467,0.43288153
0.8783053,0.44171476
0.9801519,0.4471852
0.9597948,0.439727
0.8779077,0.43922523
0.9454268,0.4448013
0.96408635,0.44653976
0.99720824,0.44377613
0.98822445,0.43024915
0.87905073,0.41403326
0.9405462,0.44215223
0.91076255,0.4523627
0.91592723,0.45743796
0.89550596,0.44033337
0.99144965,0.45049384
0.9419744,0.4397107
0.9538297,0.4490374
0.9101434,0.42096898
0.9290162,0.45262247
0.9433868,0.4122048
0.9120487,0.45455214
0.9683464,0.44963425
0.9729142,0.40026313
0.9476223,0.43081802
0.8932624,0.44161537
0.9294768,0.4426977
0.94652146,0.43934318
0.89250124,0.43838826
-0.44310892,-0.87643987
-0.42259488,-0.85726404
-0.42399237,-0.9482527
-0.42836538,-0.89147574
-0.4409055,-0.98837763
-0.41632602,-0.88473266
-0.44259298,-0.97424024
-0.43577418,-0.9602519
-0.40783095,-0.8750744
-0.4438059,-0.95871365
-0.43871328,-0.9202146
-0.42591318,-0.96309507
-0.44623706,-0.97783655
-0.4542618,-0.98046774
-0.42764297,-0.9626623
-0.4619057,-0.9480073
-0.43878525,-0.9747503
-0.43799707,-0.91455376
-0.44391376,-0.96598184
-0.44578674,-0.8429815
-0.4134295,-0.8645392
-0.43175635,-0.9797927
-0.4458835,-0.95661885
-0.415559,-0.94344765
-0.44713095,-0.9347627
-0.4395221,-0.9650531
-0.4183571,-0.8696057
-0.402818,-0.87169266
-0.4324785,-0.85326105
-0.42236108,-0.87716144
-0.43379968,-0.9875032
-0.44063056,-0.91879433
-0.43685317,-0.95255184
-0.4242377,-0.99636894
-0.42690003,-0.90101004
-0.44636235,-0.92879766
-0.44596082,-0.83476835
-0.40954646,-0.991863
-0.4120147,-0.9591914
-0.44310313,-0.9767314
-0.43205792,-0.95879567
-0.46284398,-0.9402927
-0.4393832,-0.9865261
-0.43633023,-0.89977837
-0.41801652,-0.95509076
-0.44401294,-0.98537034
-0.42972153,-0.95348424
-0.43834448,-0.9382703
-0.44334456,-0.97748256
-0.4182349,-0.8753733
-0.4394249,-0.9272058
-0.4348107,-0.96115136
-0.4378604,-0.9807111
-0.4270163,-0.9869925
-0.45713526,-0.96495825
-0.44377533,-0.9675854
-0.4441743,-0.93429
-0.44001776,-0.9854
-0.416061,-0.8786416
-0.44264945,-0.903009
-0.4515911,-0.9164517
-0.43052167,-0.9144271
-0.44720766,-0.9361066
-0.43770826,-0.9432836
-0.4415004,-0.9230523
-0.43218127,-0.98951375
-0.43725175,-0.92853206
-0.43527877,-0.89869887
-0.45456433,-0.96666056
-0.44268858,-0.8974516
-0.44689012,-0.9385807
-0.458454,-0.93016374
-0.425721,-0.9014877
-0.4346246,-0.8929883
-0.43894187,-0.9420722
-0.45956677,-0.87503624
-0.4253871,-0.8940086
-0.44302344,-0.9985804
-0.4628748,-0.9423177
-0.4340648,-0.90071905
-0.41455033,-0.89492416
-0.44048238,-0.9250118
-0.42645195,-0.90704846
-0.44548687,-0.9424478
-0.43370506,-0.9930205
-0.4344611,-0.9587196
-0.4443698,-0.9879272
-0.4498134,-0.9072389
-0.4389554,-0.9542945
-0.42268,-0.94342095
-0.39256975,-0.86968076
-0.4456836,-0.9954888
-0.4040787,-0.87077194
-0.4044967,-0.8593268
-0.3965184,-0.8491406
-0.44616365,-0.87721467
-0.4227769,-0.893805
-0.41921768,-0.90401435
-0.44835764,-0.8974618
-0.4316063,-0.9196271
0.95166534,0.438757
0.9653365,0.4362054
0.93503475,0.4313224
0.9211959,0.44891173
0.92781776,0.43912882
0.8767601,0.42999682
0.9004739,0.42814806
0.9941766,0.42849442
0.9395312,0.3911955
0.9369113,0.42268652
0.95150685,0.43186805
0.9410546,0.42700902
0.8878765,0.4167168
0.9847138,0.4266357
0.9343115,0.44350433
0.8909201,0.40629557
0.87697047,0.37991312
0.98243994,0.4420305
0.97191113,0.44203752
0.9845803,0.4174531
0.94092226,0.4793745
0.8474028,0.42831677
0.99221456,0.44203204
0.9073446,0.41600177
0.98582876,0.45946714
0.83637047,0.40040183
0.846487,0.42069674
0.990246,0.4533885
0.9004463,0.436084
0.9387995,0.38201386
0.97724116,0.44604993
0.9503371,0.4412027
0.98175263,0.43576613
0.9658107,0.4639895
0.97582173,0.44713265
0.9509327,0.44735077
0.9546869,0.4495573
0.9874264,0.46515116
0.95211786,0.46146342
0.9447956,0.41711646
0.9143795,0.44885638
0.9711924,0.45479733
0.91309196,0.43362546
0.991552,0.45124978
0.95818305,0.43149695
0.9415186,0.4358342
0.94765776,0.4051562
0.9521986,0.4572181
0.99140406,0.4339737
0.9936784,0.46081492
0.9328763,0.41715804
0.9335061,0.48108247
0.97802913,0.4077793
0.8946119,0.41371715
0.9150544,0.4286517
0.94130576,0.46647263
0.8923519,0.4318124
0.9983917,0.44245687
0.9005041,0.44407913
0.86277455,0.3961406
0.9907099,0.43656424
0.96414137,0.42809722
0.8735072,0.42062584
0.9387603,0.44739664
0.97762245,0.45004115
0.89750755,0.43449345
0.9971169,0.431357
0.94115907,0.4234398
0.8254577,0.41784218
0.8850468,0.42243767
0.9661964,0.45490262
0.9602653,0.41445562
0.9924389,0.40453222
0.9765434,0.42148077
0.9518607,0.44103202
0.95676315,0.45053312
0.9954707,0.4529541
0.95850897,0.45304912
0.94423944,0.4384757
0.9591497,0.44579268
0.9129479,0.47408774
0.99383396,0.4235793
0.9653591,0.426881
0.96201384,0.4200463
0.9104593,0.4003264
0.9966464,0.42642504
0.9894271,0.46894068
0.8799754,0.42276445
0.9855987,0.44994476
0.8919284,0.38736215
0.9674924,0.42098302
0.93757343,0.44528395
0.9650762,0.4429348
0.9861559,0.42702886
0.9276996,0.4217192
0.9308566,0.46683466
0.9353545,0.45417678
0.91402996,0.44418627
0.8976222,0.46664098
0.9144467,0.4332215
0.9900717,0.46471873
0.97218376,0.4336585
0.9573269,0.44921127
0.9501442,0.45368397
0.8996657,0.40832713
0.9617819,0.44081146
0.9668454,0.46623096
0.9385037,0.45134568
0.9849235,0.4669452
0.9920972,0.39352474
0.87966484,0.43107533
0.943448,0.45388532
0.989935,0.4823285
0.84207857,0.43699273
0.95152813,0.43920916
0.9547535,0.4546587
0.9831613,0.46590197
0.8883083,0.43411177
0.9052061,0.47543108
0.93064326,0.43002984
0.9952478,0.4527369
0.9962271,0.43088773
0.9207329,0.42869607
0.8993017,0.4185315
0.8465669,0.40027046
0.99945384,0.43068972
0.9819644,0.4523033
0.96973926,0.44803017
0.9514678,0.4418552
0.9247971,0.43045294
0.99979925,0.4427266
0.93247515,0.4566002
0.91194427,0.4254915
0.92646533,0.4409107
0.9704149,0.46384767
0.9734873,0.46166363
0.9716517,0.46470344
0.9191281,0.42958498
0.9203361,0.43367815
0.92149746,0.45032042
0.8776614,0.4485598
0.95473635,0.42875668
0.65942043,0.32678244
0.9641477,0.43074274
0.9817721,0.45791093
0.88747925,0.46572232
0.9843721,0.4461888
0.9837208,0.41247508
0.8624033,0.41550082
0.96677834,0.44958776
0.92589825,0.3990593
0.98169196,0.4536866
0.99811137,0.42682642
0.85973763,0.44468895
0.89869,0.4487114
0.90828806,0.3964914
0.9807855,0.43685323
0.9911908,0.4409433
0.9376117,0.4169066
0.9086889,0.44235244
0.97349465,0.445939
0.9147464,0.435318
0.89000934,0.4397271
0.9677629,0.45129755
0.9367554,0.47852495
0.971989,0.44511533
0.94912404,0.44244236
0.935484,0.4700335
0.94434154,0.44953775
0.8955432,0.44258264
0.94732916,0.45507738
0.84271854,0.4071579
0.9613226,0.4242125
0.8812704,0.42672846
0.887997,0.40074077
0.9011511,0.43532768
0.9520953,0.42325112
0.86661595,0.39934844
0.90034515,0.41502237
0.9691261,0.43947604
0.9551569,0.4565945
0.979472,0.44281784
0.9622111,0.42410475
0.92378396,0.4335501
0.9740265,0.4349243
0.96198064,0.46442926
0.9626952,0.4384446
0.9156747,0.4409912
0.95628965,0.43028504
0.96764046,0.46164274
0.9925081,0.4165272
0.91593593,0.42190692
0.8986794,0.4334919
0.9548263,0.43884802
0.9662389,0.4481164
0.9704505,0.46001813
0.8635591,0.41308424
0.9863211,0.4340315
0.93462616,0.42484346
0.97712886,0.44912943
0.9649551,0.45924148
0.99324864,0.45586482
0.9195284,0.42138088
0.9996225,0.42514503
0.94358367,0.4589479
0.971178,0.45160803
0.9210169,0.4456938
0.92455894,0.42726672
0.94180566,0.44991443
0.95920587,0.44798145
0.93207353,0.43837187
0.9864175,0.46794996
0.96278936,0.4472984
0.9883642,0.4394244
0.98653454,0.46813172
0.9103413,0.43872026
0.9212165,0.46227506
0.8416945,0.39972416
0.96460265,0.4261286
0.9133028,0.43816867
0.93533194,0.45056954
0.95404506,0.47229397
0.9282483,0.45268205
0.8863718,0.4280844
0.942105,0.4220645
0.9676868,0.46277842
0.97172296,0.4686769
0.8265669,0.43880305
0.98968124,0.41064876
0.9375237,0.47293726
0.95785993,0.4485457
0.91963804,0.43414685
0.98285794,0.45150527
0.99041444,0.45021427
0.87941974,0.4217867
0.9479294,0.4085231
0.95057833,0.43229493
0.95273584,0.43865046
0.89595836,0.44344136
0.91616726,0.42337272
0.9624266,0.44808865
0.97902346,0.4321087
0.9014391,0.43778983
0.87639624,0.40029263
0.7737241,0.37041795
0.93886685,0.42495018
0.9303893,0.44539326
0.99107987,0.43285993
0.9720037,0.43019497
0.9894425,0.40112695
0.8970092,0.40454087
0.9578816,0.4444083
0.9869242,0.4308278
0.9211749,0.40216506
0.98058456,0.44477335
0.9507868,0.44094852
0.88962305,0.4477487
0.99246883,0.44441673
0.91689366,0.44062838
0.984175,0.4275876
0.92532784,0.44299683
0.9481552,0.42760247
0.951819,0.4228895
0.98324037,0.43221232
0.974849,0.44406003
0.92616886,0.42800796
0.9289223,0.4678768
0.9335022,0.44858012
0.94669235,0.44814625
0.8429762,0.4160604
0.91125405,0.42127106
0.93621933,0.44623464
0.9975337,0.4529595
0.9835643,0.4462718
0.88388604,0.41406626
0.9732978,0.4426521
0.8212887,0.4063406
0.8361705,0.3870638
0.9947557,0.43602827
0.93930566,0.4449881
0.98510814,0.45595315
0.92175066,0.45202
0.9105123,0.43602458
0.9366964,0.4653889
0.9131978,0.42575464
0.98457336,0.44424608
0.97661185,0.44585335
0.89619046,0.40082464
0.9163561,0.42102212
0.9271261,0.42813596
0.9404214,0.41185853
0.9332643,0.4567766
0.97750497,0.4549443
0.86405665,0.41225144
0.8975437,0.45287758
0.97436506,0.4451467
0.9498015,0.4417248
0.9610605,0.44730318
0.9197424,0.46010086
0.93755096,0.45947275
0.9915283,0.41515663
0.9979795,0.4389544
0.9049145,0.41316622
0.962305,0.46481764
0.90415704,0.41807398
0.9691436,0.43750948
0.9446673,0.45639884
0.98998445,0.44409996
0.94178694,0.42235288
0.90176713,0.43680638
0.98725474,0.40776265
0.9208492,0.44766584
0.9848392,0.44231397
0.98049414,0.45603412
0.93104357,0.443135
0.88264686,0.43195322
0.97072804,0.46461362
0.9165472,0.4633328
0.9875648,0.4303937
0.99133426,0.437675
0.9898776,0.42644662
0.8804817,0.43418735
0.9916626,0.40123346
0.93964607,0.45704547
0.8704663,0.41635627
0.90679604,0.44212422
0.9437317,0.45641428
0.9953967,0.42983377
0.85163414,0.41308746
0.95012647,0.44432688
0.9521066,0.43816686
0.90510243,0.41875854
0.8991286,0.40907767
0.9762896,0.42400572
0.9140997,0.44527406
0.9850708,0.43447396
0.85345435,0.4127505
0.9809271,0.43509674
0.9988862,0.44149593
0.9668376,0.45398453
0.9813502,0.437356
0.9198006,0.45343012
0.9691942,0.44937354
0.8855046,0.42870376
0.9902065,0.4383494
0.977112,0.44632912
0.9398818,0.4416881
0.9540192,0.4379023
0.95474654,0.41371873
0.9806812,0.41989124
0.8791151,0.44840708
0.9332335,0.43696603
0.95341563,0.40290543
0.96985763,0.4750041
0.9714924,0.4491639
0.93951106,0.447723
0.971631,0.46592247
0.8577057,0.42706847
0.9607332,0.42527765
0.9745504,0.45498806
0.88647425,0.41543457
0.95042944,0.41233212
0.98227173,0.41533324
0.86940056,0.4212344
0.943773,0.4275479
0.9368558,0.45868164
0.87850827,0.43987593
0.9907671,0.44037998
0.9159142,0.44456318
0.87371445,0.40744558
0.9336297,0.46434796
0.9931949,0.42749774
0.9076672,0.42703313
0.9706847,0.44065452
0.8158459,0.3885208
0.93385386,0.43549052
0.8994874,0.42418817
0.9148327,0.44051155
0.93659455,0.44264922
0.9749047,0.45018864
0.9437331,0.42732427
0.94248724,0.42369393
0.9286967,0.45762262
0.97434723,0.45838934
0.9230077,0.43024588
0.99360627,0.44671974
0.97949725,0.43946564
0.95249647,0.4111839
0.94924,0.4477003
0.9068815,0.4182732
0.9611447,0.42102346
0.9401984,0.42611894
0.9669693,0.45253062
0.9365032,0.44354084
0.91294676,0.42082953
0.93939614,0.43576
0.8118474,0.4168925
0.8710855,0.4203163
0.84171027,0.408026
0.8951229,0.4179803
-0.41302532,-0.8910813
-0.42437732,-0.92515224
-0.42730665,-0.9225049
-0.42444533,-0.9855449
-0.4525193,-0.96171045
-0.42306367,-0.9584074
-0.42358258,-0.9083645
-0.45548412,-0.9462576
-0.45396924,-0.9232676
-0.43463036,-0.95135754
-0.45004356,-0.9424524
-0.40256098,-0.84856755
-0.43543056,-0.9292399
-0.42998242,-0.8665592
-0.44230977,-0.918904
-0.44555005,-0.92012805
-0.43727744,-0.96525156
-0.42075706,-0.9241207
-0.45690048,-0.9160156
-0.4281793,-0.8856698
-0.44582787,-0.92088765
-0.44804895,-0.9876848
-0.44213426,-0.9555661
-0.4611489,-0.95813394
-0.4525842,-0.96426255
-0.41693798,-0.8757528
-0.42732602,-0.8875201
-0.4628465,-0.97604185
-0.447568,-0.958541
-0.41636303,-0.8757916
-0.44259202,-0.9667829
-0.4340148,-0.94506925
-0.43777707,-0.9955531
-0.45557758,-0.98902047
-0.42561355,-0.870398
-0.44643858,-0.9310302
-0.42603362,-0.88430285
-0.40008482,-0.88764155
-0.44844413,-0.96121377
-0.43300933,-0.8300482
-0.40111467,-0.8342026
-0.43955958,-0.9593422
-0.42347145,-0.855515
-0.44151932,-0.9852575
-0.45968547,-0.9750215
-0.39865008,-0.9736312
-0.41983944,-0.9695663
-0.42806932,-0.9695505
-0.4247989,-0.98673695
-0.41937047,-0.9319758
-0.42700186,-0.94047326
-0.4374688,-0.9525718
-0.38293034,-0.84844106
-0.44625005,-0.94952303
-0.42615786,-0.98441094
-0.46178252,-0.9764689
-0.44867665,-0.9764463
-0.44967353,-0.9605841
-0.42265832,-0.89217377
-0.45921117,-0.9124851
-0.452763,-0.92134356
-0.43174374,-0.9152977
-0.43616137,-0.90199345
-0.41525885,-0.9116906
-0.44215104,-0.956465
-0.41611978,-0.86548305
-0.4228213,-0.8957126
-0.44385168,-0.8787476
-0.44310695,-0.894475
-0.4284729,-0.90878886
-0.44962084,-0.95120704
-0.42204082,-0.87626404
-0.43244728,-0.9525746
-0.45082244,-0.9665474
-0.4092238,-0.86922795
-0.4335473,-0.9125936
-0.43525162,-0.9511134
-0.4388552,-0.98289424
-0.4027535,-0.88125074
-0.43577927,-0.9806687
-0.41614187,-0.8740044
-0.46115598,-0.93746376
-0.42361644,-0.8797961
-0.43049625,-0.9070514
-0.44101918,-0.90834135
-0.45594013,-0.9251305
-0.43768242,-0.9826663
-0.43658322,-0.898089
-0.4539491,-0.92234844
-0.4261816,-0.9874
-0.44066638,-0.92566717
-0.40146306,-0.95662814
-0.42780253,-0.93010306
-0.45133626,-0.9452989
-0.43504557,-0.92170155
-0.41242033,-0.9217233
-0.4423845,-0.9316474
-0.43058413,-0.8909606
-0.43645698,-0.94132394
-0.3993417,-0.99491334
0.88983905,0.4230356
0.9990902,0.45241696
0.9937916,0.45757204
0.97358346,0.4655809
0.9443886,0.42451048
0.9917488,0.44981578
0.9451477,0.4473306
0.93135524,0.45490116
0.9403412,0.40728086
0.88582045,0.41950536
0.9689223,0.45433417
0.9489236,0.42381045
0.9034486,0.42543513
0.9332183,0.44457865
0.8904295,0.42674708
0.84905565,0.39948964
0.94858605,0.45300648
0.86270195,0.41285408
0.9280007,0.4627667
0.91014725,0.43409052
0.9021325,0.45804736
0.88215077,0.45367151
0.9075704,0.42856053
0.93444973,0.4260978
0.8579949,0.44063237
0.95162916,0.46249047
0.89027697,0.4279185
0.98124164,0.4486799
0.99626577,0.43513307
0.9998498,0.4606796
0.949467,0.41476074
0.9802602,0.46359324
0.9947355,0.44685256
0.9207158,0.44454965
0.84543073,0.4011227
0.9447212,0.438235
0.94345665,0.44308174
0.9401115,0.43737844
0.9537657,0.43070447
0.9920728,0.43394083
0.8955997,0.436884
0.9807166,0.4379916
0.94278556,0.4019857
0.8546225,0.41159976
0.9392976,0.43780854
0.8779923,0.42284942
0.9140433,0.4252161
0.8325319,0.42238575
0.8942394,0.42879722
0.9176986,0.41438144
0.9945738,0.434478
0.9797361,0.43826717
0.8758894,0.42337665
0.86620325,0.4149452
0.96649414,0.43826368
0.9763027,0.42945507
0.87452745,0.416985
0.9715729,0.453823
0.8716097,0.41358015
0.99533564,0.42932945
0.94823366,0.3717799
0.9716077,0.42157388
0.99060726,0.45123592
0.96601194,0.44860968
0.9364297,0.46144605
0.9330765,0.42282403
0.9645776,0.432123
0.9879033,0.4596371
0.9610146,0.43581215
0.9215663,0.41322064
0.9765249,0.42022762
0.9215167,0.4330843
0.91353875,0.44259018
0.7314924,0.34704936
0.9670328,0.4512214
0.9130452,0.43269554
0.9730296,0.43434274
0.98464525,0.44715494
0.93810606,0.42738014
0.9579359,0.43225193
0.94109404,0.4324106
0.9507948,0.44888943
0.9927098,0.45550278
0.95066404,0.42254514
0.96595466,0.43664542
0.9445878,0.4250637
0.8933378,0.4370462
0.93444675,0.43958953
0.9886829,0.44499797
0.92730665,0.42374235
0.99895126,0.41429758
0.96306807,0.4334248
0.9327444,0.45060575
0.9384865,0.40251455
0.9150655,0.42170003
0.9573555,0.43500215
0.9079421,0.36733383
0.8834849,0.43439156
0.9735417,0.44572848
0.99102217,0.41445467
0.9307684,0.4365799
0.9097039,0.41132358
0.92466223,0.44911233
0.8805397,0.42728466
0.98629254,0.44194844
0.98699796,0.43375313
0.9229239,0.44000375
0.91148496,0.4358113
0.8923485,0.43154743
0.961494,0.46924835
0.9951686,0.39371547
0.9269387,0.4359261
0.9365599,0.4389864
0.94252175,0.4448232
0.93013006,0.437113
0.83094746,0.40423197
0.9061729,0.4432478
0.92151904,0.43701568
0.9283826,0.4322488
0.95763296,0.45840344
0.98530895,0.436118
0.97401273,0.4260229
0.96050143,0.45362404
0.9871517,0.43167627
0.9001351,0.43228492
0.9272125,0.43641907
0.9867118,0.43917444
0.8960957,0.4357125
0.8392671,0.4202001
0.9933145,0.4083215
0.9314282,0.4425349
0.9532803,0.4388719
0.94870293,0.44013005
0.9777795,0.3936992
0.91481113,0.4354837
0.97797084,0.4534167
0.9833068,0.42173058
0.97879344,0.4220189
0.8455523,0.4187054
0.8790272,0.4079351
0.92418796,0.45550084
0.9634182,0.4352271
0.88294375,0.426753
0.9843459,0.4317475
0.95405287,0.44658694
0.97141737,0.44159013
0.945745,0.43096092
0.9327202,0.42979437
0.9852255,0.42735752
0.89984465,0.42356345
0.8736446,0.45712692
0.8401698,0.40547875
0.9959233,0.45670167
0.92225784,0.46591234
0.8664469,0.4040185
0.97967595,0.42509827
0.9831616,0.43715405
0.97963643,0.43723336
0.9708971,0.43249694
0.9576153,0.42871553
0.8746437,0.41906708
0.9660233,0.4300675
0.98741394,0.44697446
0.9967852,0.44296056
0.9387313,0.43352154
0.9994821,0.41761404
0.995848,0.4260293
0.99125046,0.4390654
0.98336643,0.46510634
0.8886565,0.43325844
0.8863277,0.453043
0.979013,0.45037097
0.87694657,0.42098925
0.9878674,0.44299015
0.89060926,0.42833495
0.9144063,0.42946637
0.838034,0.40130696
0.9671093,0.44527346
0.91256464,0.40465075
0.941255,0.4442086
0.9559687,0.423437
0.8922559,0.43511903
0.90832067,0.4286159
0.9352322,0.42712194
0.93106747,0.4189151
0.94857335,0.41311768
0.95958966,0.4302982
0.9786315,0.43324465
0.95179427,0.3966397
0.9467753,0.45796382
0.96850336,0.44992805
0.9848463,0.45868087
0.989714,0.44731185
0.91299593,0.4169682
0.935041,0.46022156
0.91179174,0.449717
0.86036456,0.41736266
0.9679554,0.46717042
0.95835376,0.42840993
0.99097747,0.435477
-0.4259511,-0.96089953
-0.44401485,-0.96480995
-0.43853983,-0.98277766
-0.46348247,-0.9341387
-0.4385521,-0.9841695
-0.40217328,-0.850874
-0.4462863,-0.9314172
-0.41886702,-0.8850404
-0.42398044,-0.8927841
-0.43402222,-0.9516841
-0.39803216,-0.9715389
-0.45132646,-0.98900425
-0.4138155,-0.87994784
-0.4381651,-0.98445755
-0.4414828,-0.8947233
-0.44578022,-0.940047
-0.44383886,-0.996215
-0.42068353,-0.89404315
-0.45386863,-0.944229
-0.40617225,-0.88415533
-0.4481898,-0.9754623
-0.4273284,-0.9590668
-0.40123817,-0.8831774
-0.42365924,-0.84803915
-0.44244453,-0.8738848
-0.4673768,-0.91816705
-0.42196044,-0.9823941
-0.42496663,-0.91485155
-0.42767385,-0.9326847
-0.44185627,-0.9181158
-0.4366947,-0.8555364
-0.43522742,-0.91282374
-0.43498042,-0.9694179
-0.44032863,-0.91373026
-0.40822685,-0.8525394
-0.4383132,-0.8701025
-0.4421573,-0.9292444
-0.44360584,-0.9729348
-0.42559522,-0.88663733
-0.42555076,-0.98121065
-0.44382334,-0.9296907
-0.41776764,-0.9138007
-0.4417625,-0.94761395
-0.45080292,-0.9712707
-0.45134687,-0.9280815
-0.42577475,-0.88138723
-0.43881708,-0.95462453
-0.45519903,-0.94988745
-0.4236287,-0.88268095
-0.41054875,-0.85296893
-0.4530373,-0.95762503
-0.45660675,-0.8993131
-0.42685473,-0.8992204
-0.43473402,-0.9017844
-0.4282602,-0.9340544
-0.42948383,-0.9908012
-0.44002658,-0.92075604
-0.4348418,-0.9739305
-0.4465148,-0.90618974
-0.4201163,-0.9028993
-0.42161343,-0.9203021
-0.41621882,-0.85741925
-0.41923732,-0.88979006
-0.43281782,-0.9952662
-0.42789143,-0.99508524
-0.42984292,-0.872361
-0.44851124,-0.94479716
-0.4600972,-0.88362163
-0.45097232,-0.9527392
-0.391858,-0.8812467
-0.4046534,-0.88847667
-0.42221516,-0.9242891
-0.42834812,-0.88929135
-0.4320808,-0.8809507
-0.46096146,-0.93730146
-0.4129128,-0.8858254
-0.40559718,-0.976333
-0.4334895,-0.865895
-0.41306934,-0.8778943
-0.4552163,-0.96886915
-0.43603748,-0.96827877
-0.43147007,-0.91041255
-0.4467448,-0.9405631
-0.42916518,-0.9110449
-0.41201437,-0.95843065
-0.38989437,-0.82108754
-0.43486828,-0.9430544
-0.4313198,-0.93200916
-0.4504291,-0.99785984
-0.43195716,-0.84471613
-0.41139033,-0.8604334
-0.43232313,-0.8775168
-0.44055718,-0.9392313
-0.46901274,-0.9150017
-0.4496125,-0.9377698
-0.45176122,-0.9798268
-0.4382742,-0.9240724
-0.45502275,-0.9471987
-0.41887078,-0.8982667
-0.4131188,-0.84398067
0.9425182,0.4513624
0.8607731,0.45354
0.9007863,0.42593667
0.9559256,0.43572754
0.97020537,0.44793114
0.9898952,0.43509635
0.97249466,0.44838598
0.88788617,0.4577382
0.8840852,0.42799893
0.98468465,0.4536416
0.958483,0.43009537
0.9577702,0.47557992
0.86385417,0.4040544
0.98448145,0.46469638
0.89496005,0.43570232
0.9744585,0.4473986
0.8938037,0.44435588
0.95277333,0.45660076
0.9923501,0.42117754
0.9323874,0.44523746
0.9995615,0.45025125
0.9537432,0.44656458
0.9041145,0.44027182
0.9255687,0.4553863
0.9989893,0.37845227
0.99417955,0.4307233
0.8450832,0.4052972
0.98278296,0.43358988
0.8937457,0.42352074
0.99374634,0.45445713
0.99099064,0.4272747
0.8660469,0.41449496
0.87802976,0.42212644
0.9369661,0.41838583
0.995391,0.4482038
0.92140085,0.43609983
0.99765927,0.440151
0.975145,0.43975252
0.9382122,0.46202683
0.95813674,0.3992304
0.9232047,0.42428046
0.9594716,0.43480778
0.9292172,0.44471967
0.93113405,0.4305532
0.93197465,0.43227243
0.9512091,0.46708313
0.92490786,0.42836192
0.9210973,0.434345
0.93381596,0.45222846
0.9394436,0.44390678
0.9637615,0.42142048
0.897221,0.42844236
0.9393827,0.43978038
0.95970994,0.44122815
0.9162364,0.4525261
0.89152515,0.4495495
0.92130154,0.38663977
0.9944908,0.42947498
0.99051255,0.44734922
0.8289864,0.43187454
0.8833605,0.42776522
0.95723665,0.43920875
0.94303685,0.4369556
0.90298426,0.40679237
0.9099575,0.429159
0.9423777,0.43835542
0.84330815,0.41360164
0.8401171,0.427039
0.9640197,0.48591265
0.9925583,0.44644162
0.8624295,0.41899428
0.8735492,0.40459743
0.89690405,0.43891677
0.88532573,0.42839462
0.9532611,0.42264616
0.92599595,0.44026774
0.91177064,0.42609623
0.99042934,0.40675598
0.9336816,0.41835
0.98569554,0.40984404
0.9620785,0.45506608
0.91497034,0.45708248
0.9808412,0.4592366
0.9064565,0.43819836
0.9391775,0.45519572
0.96752536,0.42435682
0.99993664,0.4374032
0.9107736,0.43615264
0.87232274,0.39557666
0.9174972,0.41803592
0.9893956,0.4525358
0.9545933,0.47259867
0.99187016,0.43608457
0.8901238,0.4411288
0.9734994,0.42523593
0.90934217,0.4153611
0.88155705,0.44549003
0.82388204,0.41040707
0.9568718,0.44617736
0.964999,0.44723412
-0.43145958,-0.93653226
-0.4622839,-0.9503231
-0.439677,-0.9387168
-0.44447082,-0.9535542
-0.44015005,-0.8908026
-0.4154446,-0.9205437
-0.4335332,-0.85693616
-0.42934647,-0.9021494
-0.4120528,-0.87437505
-0.42993793,-0.91129494
-0.4225212,-0.9719969
-0.442044,-0.88543034
-0.42835462,-0.9457288
-0.439829,-0.9837076
-0.44645566,-0.9223097
-0.4426211,-0.9736767
-0.43662557,-0.98518914
-0.4170079,-0.9071022
-0.43223462,-0.984438
-0.41932058,-0.86909944
-0.44308776,-0.8489859
-0.4161566,-0.8859775
-0.42584845,-0.8699616
-0.44546393,-0.958115
-0.44179446,-0.98831606
-0.42310432,-0.98416656
-0.45389363,-0.9450982
-0.4536787,-0.9558722
-0.42928597,-0.8957682
-0.43183723,-0.9596445
-0.4552925,-0.9207221
-0.418408,-0.9984359
-0.4376065,-0.9596837
-0.40234897,-0.85469484
-0.4595253,-0.91621375
-0.4295308,-0.93216795
-0.46112984,-0.9921771
-0.42849755,-0.9115329
-0.4378557,-0.9165741
-0.4320288,-0.9733014
-0.44600204,-0.8882346
-0.43549475,-0.93924576
-0.43473342,-0.95476115
-0.45704642,-0.98337096
-0.4582495,-0.92116827
-0.44328323,-0.9259891
-0.42457446,-0.9778644
-0.45902932,-0.9535882
-0.43767917,-0.9077833
-0.40345043,-0.997669
-0.4196827,-0.8965037
-0.42795616,-0.97035986
-0.42341885,-0.96869385
-0.43476346,-0.92762834
-0.44625354,-0.91376823
-0.43764767,-0.88280547
-0.40729278,-0.89387834
-0.42743886,-0.8898698
-0.41383693,-0.8786468
-0.4363061,-0.930224
-0.42912295,-0.9881767
-0.440764,-0.98168266
-0.42612115,-0.8855045
-0.42428008,-0.9101216
-0.43339583,-0.93539983
-0.4198272,-0.9129067
-0.44639423,-0.9633867
-0.46140683,-0.96615994
-0.42884508,-0.9073461
-0.4409264,-0.9592028
-0.41443995,-0.8768547
-0.45429152,-0.92979306
-0.44425315,-0.93537664
-0.41320327,-0.8855853
-0.44317454,-0.9015853
-0.443378,-0.9573688
-0.43490294,-0.96917987
-0.39302322,-0.86681527
-0.45145637,-0.95937264
-0.439264,-0.97751343
-0.4510573,-0.9747077
-0.427112,-0.94972795
-0.39804474,-0.886923
-0.43579817,-0.96019685
-0.4530316,-0.94483685
-0.44347712,-0.93540084
-0.43344992,-0.94978595
-0.42720354,-0.9280182
-0.4306663,-0.9018151
-0.427638,-0.9105936
-0.4356229,-0.883597
-0.41808978,-0.9595006
-0.4319701,-0.9865123
-0.44713706,-0.9786085
-0.4493549,-0.8932885
-0.43230185,-0.97542447
-0.4465668,-0.9819752
-0.4399522,-0.9948008
-0.41181198,-0.8564149
-0.41743204,-0.8958819
-0.43335733,-0.9762116
-0.44894406,-0.91605985
-0.41039953,-0.9144018
-0.4201698,-0.9414089
-0.4326499,-0.9041365
-0.43341714,-0.96371293
-0.40264282,-0.969878
-0.4605087,-0.9026154
-0.42962348,-0.9435441
-0.4313525,-0.9949775
-0.44279432,-0.9742848
-0.46131068,-0.948261
-0.43760258,-0.94977665
-0.41353342,-0.906022
-0.4179084,-0.9785127
-0.41393012,-0.9762142
-0.45037568,-0.9960477
-0.43957838,-0.9507522
-0.4419152,-0.96447456
-0.43685877,-0.90029365
-0.4339528,-0.9679527
-0.418662,-0.8592565
-0.45025623,-0.97806704
-0.42776683,-0.9106622
-0.43768993,-0.9580254
-0.4153191,-0.9001037
-0.4331564,-0.9532559
-0.4614576,-0.9798986
-0.42907825,-0.98835355
-0.4254721,-0.98138607
-0.42611045,-0.9245997
-0.4448414,-0.97004527
-0.40338674,-0.85664874
-0.44275853,-0.98154783
-0.44257972,-0.9796664
-0.42358887,-0.8921857
-0.44080713,-0.96066207
-0.46823865,-0.9340492
-0.44563454,-0.8944924
-0.45334435,-0.9492398
-0.42244214,-0.8729227
-0.45930177,-0.95922977
-0.44605097,-0.9804725
-0.4454652,-0.98660463
-0.45789886,-0.9844902
-0.4082198,-0.87414026
-0.4283474,-0.928785
-0.42975605,-0.8956528
-0.46112615,-0.93973166
-0.41395468,-0.9509949
-0.41727468,-0.86337525
-0.44902948,-0.9422142
-0.4597618,-0.981785
-0.44093788,-0.9598008
-0.41844532,-0.9247064
-0.43877348,-0.9992527
-0.43258852,-0.858245
-0.4218048,-0.88008726
-0.45629108,-0.91680014
-0.4196047,-0.9501935
-0.43123266,-0.98183036
-0.4380233,-0.9698854
-0.4223864,-0.9831946
-0.45890683,-0.9615496
-0.43903348,-0.91621894
-0.43482375,-0.8813017
-0.45545915,-0.9440983
-0.39029124,-0.84694993
-0.41220656,-0.8613334
-0.4591305,-0.9379191
-0.4206663,-0.9679551
-0.42537916,-0.88313454
-0.4483499,-0.9419641
-0.4504015,-0.89209366
-0.41900817,-0.90480983
-0.44166753,-0.9882444
-0.4180084,-0.9841136
-0.4479188,-0.9518429
-0.4279849,-0.92875403
-0.42118362,-0.98265374
-0.44558853,-0.9901343
-0.4310744,-0.9113175
-0.4248395,-0.9946262
-0.45734364,-0.9603185
-0.43760294,-0.9091405
-0.42746952,-0.87027097
-0.43367574,-0.9531592
-0.4360392,-0.8977649
-0.4364546,-0.94479907
-0.43305197,-0.9741915
-0.46199837,-0.97595793
-0.44179678,-0.90722084
-0.4226648,-0.90232694
-0.45570594,-0.9395833
-0.4315178,-0.9454023
-0.42600614,-0.8632826
-0.43830675,-0.99156
-0.41413563,-0.84366804
-0.4162645,-0.8656753
-0.4259849,-0.89358264
-0.442121,-0.98293847
-0.43050167,-0.9897584
-0.43683916,-0.9741352
-0.44268388,-0.9554842
-0.43941632,-0.991279
-0.44546688,-0.9470861
-0.4190748,-0.90263146
-0.42694584,-0.938412
-0.46180597,-0.9664761
-0.4442412,-0.97513914
-0.44825977,-0.8987649
-0.44771868,-0.95973265
-0.38837323,-0.8484477
-0.38828233,-0.90498203
-0.43532306,-0.9754356
-0.44346452,-0.9672809
-0.4469909,-0.96962494
-0.41513932,-0.91054624
-0.43485653,-0.9265338
-0.4303171,-0.9834688
-0.41954547,-0.8688346
-0.42319027,-0.9930764
-0.45533934,-0.9777932
-0.4375679,-0.8912164
-0.43190014,-0.9249151
-0.45613554,-0.94547844
-0.44061458,-0.9435346
-0.44746512,-0.95009077
-0.43646654,-0.8741949
-0.45586538,-0.89717495
-0.43343475,-0.99667907
-0.39732346,-0.85701674
-0.43479514,-0.9340964
-0.42116013,-0.99093837
-0.43779838,-0.9701925
-0.41288996,-0.9853146
-0.41863513,-0.9968295
-0.44187966,-0.95465267
-0.41925588,-0.919209
-0.44560364,-0.97737706
-0.4391893,-0.9519521
-0.43766674,-0.9838904
-0.45396882,-0.97551346
-0.4339129,-0.97022706
-0.40254864,-0.8548221
-0.43910453,-0.9050988
-0.44529158,-0.9708122
-0.43527207,-0.9367558
-0.4367882,-0.8758871
-0.44922936,-0.98872346
-0.4561999,-0.9473569
-0.45489183,-0.92506343
-0.44805947,-0.9607526
-0.43424138,-0.9743342
-0.41821963,-0.9356508
-0.45556936,-0.8704173
-0.40931138,-0.88208437
-0.43713638,-0.9281791
-0.41567257,-0.8857754
-0.47060403,-0.9475168
-0.41210678,-0.87878
-0.4172619,-0.8509342
-0.3883406,-0.8604408
-0.42723134,-0.9912509
-0.45143288,-0.93671936
-0.40545267,-0.9559818
-0.42943206,-0.9060132
-0.44380865,-0.9743869
-0.43247065,-0.9687287
-0.42027113,-0.87270594
-0.4143045,-0.85725737
-0.40908283,-0.95645624
-0.4279378,-0.9405438
-0.42112675,-0.8952427
-0.42425582,-0.87763107
-0.4509652,-0.9078247
-0.45380846,-0.97316587
-0.44045785,-0.96947557
-0.41438004,-0.85903955
-0.4095739,-0.9190255
-0.41422376,-0.99628067
-0.4458213,-0.8796404
-0.41328797,-0.9959429
-0.45637777,-0.9003235
-0.44644544,-0.9540863
-0.4403086,-0.90683925
-0.45301333,-0.8703922
-0.4543674,-0.9546727
-0.43335545,-0.9425532
-0.45868388,-0.9160762
-0.41911054,-0.90107924
-0.4175798,-0.9013305
-0.44642332,-0.9351537
-0.41799453,-0.8784634
-0.44149217,-0.98430926
-0.43809873,-0.93411034
-0.43302584,-0.90936846
-0.4410086,-0.9266617
-0.44501027,-0.92960465
-0.44562232,-0.97594726
-0.4416374,-0.90979236
-0.44803086,-0.9343962
-0.43069917,-0.93130666
-0.42618772,-0.95549166
-0.44801113,-0.92193747
-0.43485436,-0.85390514
-0.44668144,-0.9791382
-0.42572108,-0.8930971
-0.4624811,-0.9204245
-0.44689468,-0.90026516
-0.42590487,-0.86886233
-0.45036912,-0.98493516
-0.41312754,-0.8896308
-0.45794755,-0.96732867
-0.4407461,-0.9121011
-0.44059208,-0.934673
-0.44278747,-0.9149821
-0.43715408,-0.952917
-0.43313906,-0.94342875
-0.44370064,-0.9162122
-0.43554533,-0.9529949
-0.40699807,-0.885917
-0.42076206,-0.891058
-0.404283,-0.86788106
-0.44315153,-0.9857901
-0.42243057,-0.88646436
-0.4339298,-0.927224
-0.44422346,-0.940047
-0.40686542,-0.90166175
-0.44353074,-0.9648479
-0.44841263,-0.91321224
-0.43490794,-0.9130646
-0.4516174,-0.9651643
-0.4389751,-0.99702615
-0.44556472,-0.9385017
-0.4232044,-0.87520045
-0.42407894,-0.91222304
-0.41064116,-0.88962114
-0.4558102,-0.9385193
-0.390989,-0.8547447
-0.42373008,-0.89314204
-0.4269052,-0.99835414
-0.41381454,-0.8937532
-0.43825,-0.9047521
-0.4132501,-0.88228863
-0.42128298,-0.9735294
-0.43987238,-0.88659984
-0.4282282,-0.9839765
-0.4193421,-0.86188436
-0.42181233,-0.91648155
-0.42142627,-0.892509
-0.4552188,-0.92511296
-0.40000176,-0.883733
-0.40908745,-0.89077103
-0.46162707,-0.92962885
-0.41611934,-0.98982525
-0.43173274,-0.9608369
-0.43799585,-0.86946374
-0.46159914,-0.95297205
-0.43100572,-0.9048435
-0.43813214,-0.97850436
-0.3921109,-0.8568643
-0.40172818,-0.86416125
-0.4227146,-0.9152148
-0.41602528,-0.9096828
-0.46414214,-0.946079
-0.42488405,-0.89272505
-0.4357833,-0.93961483
-0.43296415,-0.9869919
-0.4370256,-0.94908273
-0.44198892,-0.9856518
-0.42630005,-0.9953055
-0.44717228,-0.94866794
-0.41367856,-0.8723148
-0.41068524,-0.9981456
-0.43352935,-0.9728138
-0.42581534,-0.86385274
-0.42031115,-0.8512744
-0.43719745,-0.9272593
-0.4194256,-0.89457166
-0.43649745,-0.94381785
-0.44484577,-0.91364354
-0.45464477,-0.98352176
-0.4172538,-0.89053446
-0.42616332,-0.96001905
-0.4187346,-0.89082396
-0.44006968,-0.93584245
-0.44407642,-0.9511213
-0.44762757,-0.9764908
-0.45305213,-0.9605021
-0.4411491,-0.96362257
-0.4401886,-0.9253756
-0.4624645,-0.9637423
-0.4423938,-0.9353175
-0.43304944,-0.86290056
-0.4261796,-0.9737207
-0.4249072,-0.87824327
-0.35391217,-0.7646395
-0.4368228,-0.96464306
-0.4494406,-0.91299146
0.95417666,0.42554873
0.9102603,0.44271198
0.8952923,0.4420162
0.94349813,0.43194225
0.8939396,0.44426978
0.9476185,0.42972988
0.9531587,0.42387202
0.89161557,0.42545626
0.74867225,0.40198302
0.83058375,0.38878077
0.8930156,0.43386278
0.92868996,0.4620691
0.92671967,0.43813983
0.9643985,0.39814988
0.9702439,0.44151488
0.93884706,0.43228754
0.8393441,0.40000007
0.9998548,0.39634913
0.96701056,0.37176564
0.95700616,0.414231
0.91557235,0.436442
0.8847073,0.4289746
0.86526865,0.39993304
0.9107364,0.40002316
0.91714674,0.44499826
0.9640591,0.4311054
0.94257605,0.4092309
0.88843113,0.4093926
0.9634666,0.43787655
0.9355938,0.42849448
0.9376239,0.369215
0.90897405,0.44020304
0.8655676,0.43513352
0.8649934,0.41990733
0.88923967,0.4292532
0.9834536,0.4775244
0.88224673,0.4018176
0.960015,0.44655696
0.93979746,0.43015337
0.88386726,0.45632294
0.92114466,0.4403763
0.96464676,0.44786355
0.8232723,0.41316304
0.96577233,0.4381423
0.9486384,0.44550353
0.9455409,0.43039438
0.9528228,0.43269646
0.864827,0.42259848
0.9762481,0.4598549
0.96935815,0.45134217
0.9614863,0.44318372
0.88239604,0.4304172
0.9154393,0.43114236
0.97879064,0.4352202
0.9799627,0.4617078
0.9345154,0.4343056
0.9636629,0.42722973
0.87501186,0.41447473
0.92270523,0.42392492
0.88997453,0.4084584
0.8555511,0.4140419
0.90031797,0.43230373
0.93773746,0.4467316
0.8576339,0.42138046
0.9630708,0.44814247
0.9702305,0.43062478
0.9687333,0.47055626
0.8758163,0.44611698
0.9558344,0.43770766
0.99998325,0.4340124
0.99025416,0.4492361
0.9500812,0.44650075
0.8799028,0.42766443
0.8761994,0.41892707
0.91323984,0.44763163
0.90682304,0.4337252
0.98286444,0.4495674
0.8881478,0.40979692
0.8921808,0.42338154
0.9264306,0.43158975
0.9629657,0.45536667
0.9047973,0.42911866
0.85405546,0.4202445
0.9684411,0.44499737
0.9489158,0.439548
0.94593024,0.44071466
0.9957918,0.44209296
0.96348596,0.44113472
0.87438947,0.40477765
0.9648106,0.4163993
0.8413635,0.40445396
0.8281121,0.38612658
0.9794773,0.4196387
0.9202281,0.43965533
0.9968283,0.41304398
0.9000125,0.41892582
0.9877768,0.4751364
0.9761809,0.42491746
0.9147305,0.42944366
0.9148485,0.4563216
0.9619313,0.42849627
0.92158294,0.44529432
0.87263036,0.41142336
0.91762763,0.44551936
0.81141007,0.41807216
0.93009466,0.42737404
0.9285505,0.4018588
0.9426229,0.4390672
0.9357383,0.42688206
0.93380386,0.45560834
0.9912586,0.43044144
0.8944673,0.44006836
0.97558767,0.4727759
0.9503703,0.45034805
0.92648274,0.43804345
0.97641444,0.4335089
0.9377064,0.44480065
0.99863523,0.42463067
0.91064674,0.43058622
0.95826656,0.44707918
0.95828646,0.45279214
0.94569856,0.3858198
0.9025409,0.4484019
0.9163771,0.42936072
0.93665004,0.42571077
0.8349505,0.39929688
0.9312643,0.44406313
0.9171845,0.42162892
0.9758248,0.4501446
0.8903072,0.4552531
0.8443533,0.40575308
0.92941165,0.40593848
0.9595253,0.45156023
0.8341813,0.4140351
0.96679795,0.45345545
0.94075096,0.4129911
0.9591513,0.41039577
0.9166745,0.4201955
0.88255036,0.39272922
0.99624646,0.42427245
0.98325366,0.4438948
0.96704865,0.4434492
0.9130752,0.4205481
0.949504,0.403444
0.90419555,0.4203273
0.9819966,0.45932138
0.9865326,0.44626123
0.9734494,0.4658363
0.9917996,0.408553
0.8969305,0.4298992
0.92564404,0.41653454
0.8678474,0.41535088
0.9747283,0.42954394
0.9863541,0.41362834
0.9954455,0.46031803
0.99453866,0.46291277
0.9752595,0.44227505
0.8334902,0.39564902
0.99708676,0.45925492
0.9745901,0.43369013
0.95480275,0.43441132
0.97306335,0.45274037
0.90845305,0.44822663
0.9432789,0.43333516
0.9267293,0.41178885
0.96286654,0.44661537
0.92936826,0.45246738
0.92790866,0.4148731
0.9956492,0.42695555
0.87345153,0.4097455
0.90112865,0.39709303
0.9276022,0.43147826
0.88195014,0.42904073
0.93028146,0.45710313
0.9966743,0.44791892
0.86228937,0.39401707
0.92512655,0.43491912
0.957948,0.4096772
0.93488574,0.43445966
0.9034489,0.42988038
0.9255234,0.4336374
0.90295607,0.44228262
0.9733715,0.45916584
0.94207704,0.43166035
0.8775434,0.4661204
0.9637137,0.44441518
0.8564571,0.4341171
0.9887069,0.4374508
0.9573606,0.40873584
0.87534344,0.40248683
0.9002656,0.44158936
0.95006067,0.44667572
0.993184,0.4470124
0.97025365,0.42540798
0.97546947,0.4699931
0.944383,0.4336608
0.91049933,0.43042177
0.9888024,0.44517618
0.9479775,0.43032482
0.9567392,0.4163178
0.9371863,0.40527156
0.96343,0.43117353
0.9329369,0.4331831
0.92394966,0.45009282
0.97687805,0.45221654
0.8274819,0.41850448
0.9285451,0.4332969
0.97014534,0.39704937
0.9465913,0.4685134
0.98007256,0.4418857
0.92295504,0.4185064
0.96801066,0.39866176
0.97380555,0.47166723
0.9016889,0.43974814
0.91113496,0.4249795
0.9596974,0.4539732
0.9908072,0.4390134
0.9700617,0.43717626
0.9794718,0.41715768
0.8376242,0.3944284
0.97598875,0.46075055
0.97911084,0.43914366
0.91004336,0.4361976
0.927348,0.4357812
0.94975376,0.42913255
0.968068,0.43333498
0.93763787,0.42616382
0.95644397,0.4653801
0.9483712,0.4309079
0.9252798,0.40322408
0.9998612,0.444483
0.9199279,0.44015026
0.9787404,0.42341208
0.9508769,0.44203743
0.9295979,0.40697908
0.99829674,0.4505056
0.97585666,0.45705053
0.9864051,0.45364323
0.96973044,0.4615269
0.94400865,0.41575265
0.9783402,0.44774747
0.9010199,0.41291288
0.9472848,0.4681883
0.91193277,0.44067696
0.98752147,0.43032628
0.9160721,0.429441
0.8289186,0.3974749
0.9427002,0.42900985
0.99838877,0.4441235
0.9684711,0.43893963
0.8167737,0.3998608
0.9417583,0.44359183
0.96004045,0.43232206
0.9673082,0.43660033
0.96119034,0.44102228
0.9768072,0.3953595
0.9589249,0.46503836
0.94022995,0.40642485
0.9783374,0.45769948
0.9975226,0.4735216
0.9969168,0.43655244
0.9693773,0.42808473
0.9594845,0.45114034
0.91781646,0.44280952
0.99450403,0.4499506
0.9775352,0.4489795
0.8755311,0.41600117
0.9777037,0.44417503
0.95383316,0.42814732
0.90702933,0.43358642
0.9739961,0.4467002
0.97204125,0.45806938
0.9100474,0.44900736
0.92774,0.42363566
0.9171152,0.43884975
0.8963282,0.42852744
0.9236838,0.44452026
0.87880635,0.42825276
0.9010336,0.43449897
0.95312184,0.42495352
0.9961184,0.43040606
0.98040825,0.4364625
0.9207239,0.45032892
0.9465671,0.43966222
0.8722319,0.4261533
0.9136523,0.4437297
0.9870526,0.4438349
0.9544386,0.38802144
0.84805197,0.3985518
0.91652745,0.44419858
0.91683084,0.4273371
0.9414231,0.45955038
0.94900346,0.46208957
0.96693796,0.44366807
0.97684824,0.46521965
0.9886334,0.44436434
0.89442486,0.41678673
0.95583,0.4640131
0.99405587,0.36115092
0.9672806,0.4649264
0.9462806,0.44488946
0.95633495,0.45252326
0.92007184,0.43250227
0.87647337,0.42421743
0.94580954,0.4167511
0.9922173,0.4424631
0.9980688,0.44166487
0.9865798,0.4687685
0.99445254,0.4407104
0.9256699,0.4182625
0.99378145,0.4271872
0.9726617,0.4402952
0.9787811,0.4482104
0.9585176,0.43064302
0.9089522,0.4260153
0.9544766,0.45443532
0.9189227,0.41324118
0.9641436,0.44082233
0.92463726,0.4384343
0.9259188,0.44384018
0.9912322,0.44198343
0.92705774,0.43647188
0.92712927,0.44777307
0.9558048,0.41666967
0.9094251,0.4082932
0.90412045,0.4229343
0.99526554,0.44076064
0.93999267,0.43537694
0.9335177,0.4279632
0.9551683,0.4594884
0.9808768,0.42860797
0.99424595,0.4197509
0.9992922,0.37777755
0.90361017,0.4135018
0.86511207,0.41028783
0.9393858,0.44056752
0.86056644,0.41769734
0.9224711,0.43574068
0.98775476,0.43598372
0.8994856,0.44390026
0.8813335,0.4187063
0.9506611,0.45908183
0.9348035,0.43838754
0.8466884,0.4273796
0.96336204,0.4449107
0.94045883,0.44443515
0.99391687,0.44410324
0.9239992,0.45324865
0.93523556,0.42898297
0.9600761,0.4502823
0.9798398,0.4085042
0.9632175,0.45928708
0.9935166,0.4248847
0.9164833,0.43994778
0.8811545,0.4457136
0.89847344,0.4248585
0.90478754,0.4442713
0.97567517,0.4488282
0.88620263,0.42096135
0.88616925,0.42428756
0.90434545,0.4274399
0.87297946,0.42187524
0.86006474,0.44063175
0.9490433,0.42208326
0.9976314,0.44966254
0.93210757,0.4484352
0.9753674,0.44757998
0.95648384,0.4412481
0.9136107,0.44394535
0.99838114,0.42781004
0.98555166,0.41674274
0.86499506,0.41843563
0.9600745,0.43599477
0.9196432,0.44426066
0.9452564,0.42308468
0.9204286,0.44227338
0.96837866,0.44619295
0.9725516,0.44306505
0.9563439,0.45962018
0.9448888,0.44516465
0.98611104,0.44381243
0.9428646,0.43540218
0.8557527,0.42107177
0.9745123,0.43511546
0.98220634,0.38831234
0.95325196,0.41341835
0.9159393,0.43497327
0.9494452,0.42099383
0.94439113,0.44073588
0.9408144,0.43639514
0.99508226,0.4608309
0.9307966,0.44776273
0.91127425,0.4223667
0.9466199,0.4513659
0.84226376,0.3975348
0.9877651,0.44743496
0.99600136,0.42251283
0.96477294,0.39664796
0.9553798,0.4261027
0.85813504,0.42832258
0.96208525,0.44710776
0.9497529,0.42783365
0.91081566,0.3894531
0.9843555,0.4389908
0.9211401,0.43634215
0.8542827,0.4378914
0.97128654,0.43853974
0.8327438,0.42494398
0.8849505,0.4484658
0.8427315,0.40428728
0.9241391,0.4450971
0.9168377,0.43436372
0.9647837,0.44612864
0.9400927,0.44470227
0.99654084,0.42423964
0.9668065,0.46618953
0.9496868,0.44995615
0.9101808,0.45768908
0.9109286,0.42996374
0.8667826,0.41839123
0.975085,0.45561242
0.9850699,0.4300354
0.93062645,0.4633735
0.850723,0.41909978
0.94179016,0.47793117
0.94452244,0.4568307
0.9539902,0.43560806
0.9126192,0.41986308
0.97244304,0.45728895
0.98214257,0.46956316
0.83791035,0.42810586
0.9886451,0.44093984
0.9971477,0.43549198
0.94494456,0.44248003
0.9320032,0.43203548
0.992556,0.44903907
0.9332579,0.41569746
0.89904803,0.42153186
0.96064883,0.45345417
0.8509862,0.43566987
0.8571282,0.41794518
0.9598431,0.4551166
0.9768214,0.41136357
0.99688023,0.44422936
0.9034794,0.45187688
0.91504306,0.42223465
0.8713497,0.40537646
0.8538925,0.44085863
0.9158801,0.44688928
0.9024039,0.40426365
0.9918268,0.4734273
0.9478275,0.4361248
0.9702623,0.44032106
0.9733792,0.47315797
0.82130814,0.417414
0.953629,0.45941207
0.9296482,0.43311197
0.96894825,0.4431675
0.9393058,0.42630902
0.92697495,0.44033015
0.89564955,0.41857287
0.94286644,0.47162443
0.9101823,0.43698752
0.97349167,0.44690645
0.98311126,0.42924407
0.8373043,0.42203215
0.90582126,0.4134769
0.9248604,0.44461986
0.9155057,0.4489003
0.9390464,0.42573857
0.913147,0.4540054
0.9910438,0.45292005
0.96689034,0.45257625
0.95820284,0.46065626
0.9275556,0.4441558
0.9525352,0.4650763
0.9531715,0.4084256
0.91036916,0.41971794
0.9497339,0.461963
0.9423512,0.44559216
0.8876033,0.42608815
0.96963805,0.45853195
0.9485031,0.42938885
0.9651932,0.44211918
0.9055755,0.4239368
0.97839195,0.43843392
0.9897002,0.45905328
0.9979828,0.43164027
0.94370764,0.42961556
0.9619698,0.43095708
0.98262876,0.44879565
0.9805145,0.4591062
0.9452518,0.34649122
0.94880384,0.45428097
0.8531129,0.41870618
0.8914986,0.44518352
0.8392529,0.42824656
0.8601649,0.4274223
0.88206077,0.3954122
0.9619304,0.4603809
-0.43143216,-0.94647807
-0.4262422,-0.9751785
-0.44136307,-0.8548555
-0.43620747,-0.9383733
-0.44872028,-0.91578275
-0.4533331,-0.9613676
-0.4041365,-0.84098697
-0.41640183,-0.8857324
-0.4656139,-0.9507256
-0.41794318,-0.91248363
-0.4192319,-0.8767634
-0.44331032,-0.99812305
-0.4424117,-0.99150574
-0.45016855,-0.9415949
-0.45812857,-0.9694641
-0.43193138,-0.9707827
-0.44934627,-0.95928335
-0.42508835,-0.8645339
-0.41173592,-0.9689116
-0.41649175,-0.93338865
-0.43508142,-0.97121924
-0.4366233,-0.8887687
-0.44358972,-0.9717669
-0.41261965,-0.9516542
-0.4321017,-0.9072049
-0.43666795,-0.9883356
-0.41625616,-0.86249137
-0.397932,-0.84633136
-0.45278254,-0.96388406
-0.41315365,-0.99714124
-0.45078775,-0.9550715
-0.44340035,-0.94662607
-0.43664697,-0.9212533
-0.42558444,-0.90193146
-0.42679486,-0.9440661
-0.43933734,-0.9707219
-0.4560641,-0.88169444
-0.40864038,-0.98856807
-0.44201925,-0.96088994
-0.416348,-0.8972046
-0.43671015,-0.98921174
-0.44013453,-0.97222966
-0.41986233,-0.9857772
-0.41418496,-0.8819702
-0.41561896,-0.998423
-0.41091663,-0.8841288
-0.41728896,-0.8608672
-0.43280092,-0.90328294
-0.45657614,-0.9861098
-0.4400353,-0.9193355
-0.4361007,-0.9004796
-0.4214514,-0.97561157
-0.44823316,-0.91696346
-0.44653636,-0.97286326
-0.4384636,-0.93346536
-0.44773662,-0.91767937
-0.4250779,-0.980289
-0.46353924,-0.91260326
-0.41019514,-0.8866122
-0.43733796,-0.93131995
-0.45792502,-0.9349531
-0.43224958,-0.9642699
-0.42454705,-0.9601507
-0.43304634,-0.9150878
-0.43270618,-0.89975643
-0.43382126,-0.92079383
-0.4414374,-0.8889277
-0.4151178,-0.87979263
-0.42421225,-0.90896505
-0.44437283,-0.930655
-0.42877653,-0.9817358
-0.42016757,-0.92253065
-0.42939296,-0.91487294
-0.4415346,-0.97401565
-0.4530113,-0.9452668
-0.43113178,-0.9046284
-0.44125754,-0.8947506
-0.4251643,-0.89751345
-0.4279282,-0.9631541
-0.43886575,-0.96758264
-0.47509363,-0.91796887
-0.43814358,-0.95536894
-0.4453118,-0.9459307
-0.4332933,-0.9055205
-0.44423613,-0.82583654
-0.43046257,-0.97543186
-0.42823848,-0.98769623
-0.45193368,-0.9663847
-0.4348992,-0.9001564
-0.44260544,-0.9921537
-0.43150568,-0.98924595
-0.42870957,-0.922371
-0.4144906,-0.99238753
-0.4314058,-0.91412306
-0.4470007,-0.9071639
-0.432303,-0.9687419
-0.43683353,-0.93632615
-0.42360926,-0.9009096
-0.41663602,-0.85951483
-0.42791724,-0.9956446
0.915154,0.4317906
0.9388582,0.44495016
0.984604,0.43898368
0.95750874,0.4548649
0.9935363,0.43649572
0.99828553,0.43614495
0.9746028,0.44997612
0.95087296,0.43976596
0.8744986,0.41230804
0.93084157,0.436018
0.9209239,0.4379393
0.9045578,0.43623772
0.93947023,0.4688275
0.93852025,0.45667443
0.895203,0.41457263
0.9475209,0.44503477
0.9739698,0.44777247
0.9878167,0.45377108
0.8940907,0.4268683
0.9647468,0.44854718
0.97800446,0.43875518
0.9656066,0.45087042
0.9414525,0.44045037
0.9602256,0.4377898
0.9165708,0.43106732
0.90498537,0.42422986
0.9076535,0.45343748
0.87507206,0.41609043
0.8637586,0.409326
0.89316815,0.44910368
0.98542786,0.4580401
0.9995886,0.42430997
0.9944882,0.4368949
0.99096066,0.44815594
0.97421426,0.42742628
0.88828164,0.43119854
0.9757233,0.43601415
0.99669075,0.45255086
0.9151681,0.42946213
0.9525616,0.3909141
0.9781613,0.44177055
0.82259357,0.39408404
0.9670902,0.4382623
0.9361427,0.46457723
0.87443435,0.404109
0.987465,0.43787488
0.97577524,0.45826823
0.9905938,0.42245504
0.8970724,0.4359814
0.916284,0.4515347
0.9967425,0.4363921
0.98722905,0.43700436
0.85235953,0.40566632
0.960199,0.45370325
0.98194546,0.4468366
0.91740406,0.43704978
0.9614648,0.4670455
0.84524775,0.40534028
0.94382733,0.4537223
0.951009,0.43340275
0.9758564,0.44920942
0.96424663,0.4491206
0.88217956,0.41837206
0.9163515,0.4238622
0.9673928,0.40391713
0.9669662,0.44109505
0.84778464,0.42077366
0.90415823,0.38896027
0.9285318,0.3978552
0.99856484,0.44193763
0.9977977,0.43400574
0.9205393,0.43484098
0.98846704,0.433058
0.8890238,0.43254304
0.92288834,0.42764628
0.8831436,0.41961703
0.9338047,0.4380238
0.9959635,0.41966936
0.9334796,0.4549961
0.87232226,0.42114192
0.91391736,0.4397566
0.88668746,0.42310676
0.9725333,0.4484485
0.8389873,0.38532522
0.94901806,0.42404705
0.9555751,0.4546224
0.8666175,0.41497478
0.9873492,0.44091907
0.87157065,0.45057493
0.9486342,0.42437944
0.9268388,0.44972512
0.95490706,0.4026289
0.90461326,0.4306607
0.9668182,0.44274974
0.9646063,0.4244047
0.88297385,0.42481065
0.98504335,0.43494833
0.88041735,0.43083176
0.9833387,0.41410998
0.9276434,0.43407765
0.97990376,0.45097473
0.95104766,0.44148594
0.96318716,0.4513244
0.9699658,0.42751834
0.9944471,0.38715306
0.992668,0.4450726
0.95003235,0.44999337
0.9929586,0.41882688
0.9232226,0.42816848
0.96028155,0.4390192
0.9261643,0.42109483
0.9990739,0.43411347
0.89980036,0.44493228
0.88457656,0.41700166
0.9143833,0.4575236
0.9562611,0.44741303
0.9321793,0.4318232
0.9040998,0.42280215
0.943058,0.4506482
0.941239,0.45603752
0.9715424,0.44465205
0.93154055,0.43951914
0.9843121,0.45333332
0.9547054,0.42728493
0.96066266,0.43373376
0.8995112,0.4385094
0.94992936,0.44500858
0.9835364,0.42526436
0.97066396,0.43411082
0.9021395,0.43886656
0.8970817,0.42693514
0.92954123,0.46021983
0.9909803,0.4409393
0.9585693,0.4538229
0.8881058,0.42106563
0.9712736,0.4382995
0.9242605,0.4370163
0.9566104,0.45498142
0.99806505,0.43414187
0.96590495,0.43305138
0.9210396,0.44966045
0.9244439,0.42662132
0.9968653,0.46064734
0.93102044,0.45358545
0.9728545,0.46167994
0.9879686,0.43079996
0.844928,0.41587925
0.96544796,0.44905064
0.9542238,0.43568447
0.91519004,0.45578164
0.9900662,0.42663485
0.9213298,0.44264272
0.8987616,0.4134404
0.9564565,0.45166743
0.93685615,0.43269956
0.90124303,0.41910595
0.9233158,0.47337884
0.9410069,0.4316708
0.8791075,0.42603976
0.95074606,0.44979712
0.956333,0.4460284
0.97401875,0.40112445
0.9226627,0.4092464
0.872971,0.42744294
0.9072446,0.44966507
0.9665611,0.43596143
0.95559764,0.4610919
0.9664498,0.45802197
0.8930347,0.44165686
0.9900587,0.43710288
0.9743637,0.4514564
0.915851,0.44732943
0.9766634,0.43467343
0.958684,0.4383964
0.9743524,0.42377868
0.87151855,0.42167446
0.89903015,0.43895087
0.9080182,0.44550624
0.9013458,0.45411146
0.9310517,0.4338236
0.9036235,0.42587653
0.995734,0.41770193
0.9157461,0.44943833
0.9929111,0.4131785
0.9733096,0.45344037
0.97533876,0.43754938
0.8433341,0.39155987
0.90691876,0.43508837
0.95456207,0.45748952
0.9552447,0.42534453
0.9981564,0.46495193
0.9975678,0.45273268
0.94347405,0.41522852
0.93939084,0.45453528
0.89109635,0.43510854
0.8691414,0.4153052
0.9890769,0.4554274
0.9580849,0.4365005
0.9863715,0.41848558
0.89182967,0.42138794
-0.40418014,-0.9956427
-0.4397571,-0.8940501
-0.45557064,-0.9948275
-0.43601096,-0.9317666
-0.4373532,-0.98884475
-0.4164599,-0.9837651
-0.44546863,-0.9239842
-0.43018118,-0.8752084
-0.41963556,-0.987058
-0.43387032,-0.9262842
-0.4468964,-0.9309536
-0.4368165,-0.89587015
-0.44215775,-0.93664294
-0.42379817,-0.9313921
-0.43802255,-0.9985757
-0.4219729,-0.891978
-0.44173008,-0.9907354
-0.44894308,-0.9373459
-0.40336043,-0.9011058
-0.43440533,-0.8888022
-0.454483,-0.93948287
-0.45195282,-0.9388703
-0.46782136,-0.9639471
-0.420146,-0.88256496
-0.41896465,-0.89601356
-0.4540435,-0.9257037
-0.43775684,-0.9008705
-0.4378909,-0.9856695
-0.42837477,-0.9576069
-0.4198164,-0.88784003
-0.42057532,-0.95992064
-0.44541377,-0.9685956
-0.4412269,-0.9061314
-0.43710655,-0.9589117
-0.4584847,-0.92143744
-0.45324445,-0.9807869
-0.44015342,-0.9382267
-0.4308121,-0.91820025
-0.43692926,-0.87916225
-0.4301571,-0.88646424
-0.40876105,-0.98652214
-0.41551468,-0.8933813
-0.44746035,-0.9283583
-0.42302477,-0.9023386
-0.4408669,-0.858878
-0.40166265,-0.9961431
-0.43267202,-0.968274
-0.424947,-0.8322711
-0.4301219,-0.9318618
-0.41118225,-0.9152461
-0.4314457,-0.9621364
-0.41374555,-0.8723065
-0.42767674,-0.9615427
-0.44248566,-0.97188634
-0.4413544,-0.9055576
-0.44337484,-0.9174198
-0.4280396,-0.89384544
-0.45930314,-0.9582629
-0.4321031,-0.8821623
-0.45413393,-0.9442871
-0.44938135,-0.96024555
-0.44093442,-0.9005562
-0.4267494,-0.91573197
-0.42489251,-0.87417316
-0.41735983,-0.8571898
-0.43226698,-0.8781482
-0.42798185,-0.9515468
-0.43062285,-0.8665817
-0.42525774,-0.9147828
-0.44668636,-0.9405823
-0.42175323,-0.9987224
-0.4426576,-0.9279679
-0.44531524,-0.98189
-0.42535278,-0.99577165
-0.4094532,-0.85812783
-0.45159468,-0.92949027
-0.4275187,-0.97981405
-0.4168909,-0.8731977
-0.4550245,-0.9931125
-0.44193396,-0.9870433
-0.42275617,-0.8761353
-0.43985635,-0.93219537
-0.428282,-0.8896733
-0.43854192,-0.9765034
-0.43581426,-0.9356488
-0.42517367,-0.96436256
-0.44629604,-0.9874243
-0.41767094,-0.85433537
-0.45104662,-0.95425695
-0.41004992,-0.90707237
-0.43494397,-0.9202478
-0.40405384,-0.8871594
-0.44396377,-0.8666408
-0.44604692,-0.996686
-0.40764168,-0.89008576
-0.43412998,-0.8965962
-0.43297148,-0.9684626
-0.4276043,-0.9376669
-0.423527,-0.9872536
-0.42359704,-0.9981063
0.96658957,0.4659721
0.9091785,0.45479792
0.91059214,0.43486637
0.9951774,0.4372632
0.93678546,0.41870767
0.9093371,0.43930313
0.9042992,0.42866126
0.9772388,0.44573617
0.9439202,0.44571567
0.8657755,0.3900958
0.9838576,0.42739427
0.932287,0.43771312
0.86692566,0.4225569
0.9813607,0.41798842
0.89725614,0.45014206
0.91507024,0.43598315
0.9812263,0.42414793
0.9699214,0.40960824
0.9412249,0.43333495
0.9349788,0.4557111
0.9692618,0.44736463
0.89489007,0.4499946
0.9104905,0.43204615
0.8892167,0.40808216
0.8573515,0.4045312
0.9126001,0.4020291
0.90496135,0.43911743
0.92769694,0.43610153
0.923195,0.44094747
0.98689157,0.4290411
0.8923943,0.43776953
0.93311566,0.45168802
0.91877127,0.4341251
0.891117,0.45210317
0.892532,0.41317084
0.9781688,0.41406703
0.91766006,0.4498262
0.9811175,0.42242083
0.872476,0.43851724
0.9756366,0.44771868
0.9258221,0.456456
0.9150429,0.42136815
0.86380637,0.43357795
0.85160935,0.42826155
0.95403594,0.45271298
0.90063286,0.44027326
0.95169073,0.4551382
0.9667727,0.40318286
0.9953794,0.42528108
0.95421845,0.42637292
0.96310693,0.45261374
0.9529467,0.39984947
0.9603928,0.43315357
0.9882063,0.4586579
0.93526506,0.44479764
0.89306253,0.43051422
0.980953,0.4266367
0.96662647,0.44695404
0.9293576,0.44325003
0.9660334,0.4469556
0.9998619,0.4153591
0.8470516,0.43268082
0.923555,0.46246287
0.87295157,0.42911318
0.9588241,0.42915797
0.9641404,0.42977422
0.89004934,0.43235973
0.97494364,0.43637314
0.9755314,0.44131052
0.8747532,0.43639588
0.93936825,0.43642572
0.8851098,0.43226603
0.99962217,0.4363844
0.95048726,0.4406177
0.97504115,0.44083312
0.9989622,0.4322432
0.8633119,0.43173102
0.94402134,0.39800873
0.92884666,0.41953665
0.9562023,0.44737682
0.93432635,0.4455031
0.9645287,0.42331392
0.96771693,0.43559092
0.9730564,0.43420768
0.9756623,0.430806
0.9887093,0.4116751
0.9380077,0.44754544
0.86991924,0.41402414
0.87055933,0.43969893
0.9739802,0.41217542
0.8896255,0.42449966
0.8948404,0.41275916
0.9459825,0.43390033
0.8591776,0.39716476
0.9179289,0.43358162
0.99332404,0.45850718
0.9601694,0.44617048
0.9751288,0.45346925
0.83926576,0.41937116
0.91516423,0.43370005
0.99023575,0.4434232
0.96617174,0.41754916
0.9412029,0.4334605
0.9519524,0.43634447
0.9822165,0.42252672
0.90787894,0.41477227
0.9318154,0.44462743
0.9784857,0.4376782
0.8574081,0.426145
0.99869084,0.43106607
0.9678021,0.42914793
0.9714337,0.430959
0.84489465,0.41049638
0.9787102,0.44113535
0.9432725,0.4349817
0.9050981,0.43422064
0.9472402,0.45753086
0.94710416,0.44228658
0.94572884,0.4419049
0.96558046,0.4562716
0.9882045,0.43023416
0.8907041,0.43635595
0.9474602,0.4371171
0.9619013,0.46258694
0.93370813,0.43006238
0.99927413,0.44115967
0.92203635,0.45097205
0.9052338,0.42233574
0.98638,0.45982426
0.89558893,0.41959068
0.8805225,0.41486803
0.997016,0.46053255
0.96053517,0.43574843
0.9438771,0.43622252
0.9434744,0.40853053
0.97856057,0.4270644
0.9984899,0.4471618
0.9749979,0.42376956
0.8811095,0.45678076
0.9773184,0.46876642
0.96833986,0.4562113
0.9352687,0.40106618
0.8693843,0.44454676
0.9936545,0.45494294
0.9415801,0.42857128
0.9271781,0.43659502
0.87696856,0.43912637
0.91651404,0.44098157
0.99611104,0.43643987
0.9665005,0.45719546
0.9730915,0.4744677
0.96401244,0.4491404
0.87883246,0.44897443
0.8952646,0.4275116
0.9983486,0.43507683
0.9111064,0.4658286
0.91121095,0.40639007
0.9255737,0.4156056
0.8201759,0.39236832
0.973391,0.45462605
0.9565751,0.46457082
0.98311335,0.4465433
0.9250625,0.4402613
0.92535895,0.42930084
0.91948164,0.44053745
0.92257357,0.4305901
0.9873323,0.42527142
0.96726483,0.39947477
0.9507796,0.44163913
0.9064857,0.45869946
0.97956526,0.42687672
0.92193544,0.45605376
0.97544384,0.44571307
0.9280039,0.4278445
0.8820205,0.40278763
0.9340018,0.44215807
0.90337217,0.44149327
0.98371196,0.4227389
0.93790823,0.43652818
0.96256286,0.42693466
0.9501916,0.4532992
0.9319545,0.44703004
0.954897,0.45913243
0.9448157,0.43265173
0.9450917,0.44191808
0.9464916,0.4461726
0.93505555,0.39963543
0.9464101,0.44504726
0.98450094,0.4547111
0.99574214,0.42600998
0.9268252,0.42736658
0.9957429,0.4700926
0.8955131,0.4580105
0.9503184,0.46445283
0.9309662,0.42519858
0.93944895,0.43096787
0.9478929,0.44496867
0.9800142,0.43002245
0.9407173,0.44391918
0.9004483,0.3982369
-0.4400702,-0.90485686
-0.44598976,-0.9552073
-0.4264597,-0.9647074
-0.40097114,-0.85527015
-0.396606,-0.8051779
-0.4472239,-0.90456545
-0.4133324,-0.87930655
-0.42841133,-0.89884835
-0.4404468,-0.91794705
-0.43500865,-0.8915336
-0.39526054,-0.939196
-0.42778796,-0.9060083
-0.45510337,-0.9251096
-0.45113096,-0.9447281
-0.43068022,-0.90848726
-0.42971444,-0.973716
-0.43690658,-0.9232145
-0.44579667,-0.9711647
-0.45439896,-0.95690936
-0.43103305,-0.97141093
-0.43559638,-0.9918758
-0.46340153,-0.96194214
-0.42551038,-0.98433334
-0.4396492,-0.9297182
-0.4320498,-0.8751436
-0.43925643,-0.98020136
-0.44879144,-0.9434384
-0.43164447,-0.94088185
-0.45328006,-0.9733305
-0.4495799,-0.95858335
-0.4089477,-0.98809314
-0.45431834,-0.9643986
-0.43586272,-0.88930637
-0.4399659,-0.8942671
-0.42014796,-0.9619228
-0.4394701,-0.98020726
-0.44081104,-0.8998367
-0.422472,-0.9843375
-0.45209357,-0.97244245
-0.40761793,-0.8144878
-0.441969,-0.9597671
-0.39474952,-0.7995488
-0.44012406,-0.91436625
-0.40821448,-0.8779485
-0.43677953,-0.9930872
-0.43871838,-0.94387627
-0.41017368,-0.87887317
-0.4357236,-0.8841154
-0.43768108,-0.85276496
-0.4387002,-0.9505503
-0.42358372,-0.8995422
-0.4246889,-0.8483274
-0.42541647,-0.8950852
-0.44178927,-0.9156067
-0.43655682,-0.9782105
-0.4376391,-0.98509383
-0.43779057,-0.940357
-0.45928583,-0.89401746
-0.45832327,-0.9693188
-0.43854624,-0.9371933
-0.4310822,-0.89753735
-0.4354892,-0.988009
-0.4297835,-0.96340835
-0.43735424,-0.9259449
-0.40538588,-0.8765614
-0.44984156,-0.90764475
-0.43138024,-0.97647566
-0.4432841,-0.99421686
-0.43887377,-0.8842374
-0.4596161,-0.9550131
-0.45281056,-0.9432294
-0.45080796,-0.9789882
-0.45613062,-0.89886284
-0.4227875,-0.9597179
-0.44961748,-0.9928698
-0.4044655,-0.999176
-0.45557007,-0.9134793
-0.42347172,-0.87006
-0.4308239,-0.8907995
-0.44883612,-0.9533598
-0.4206032,-0.98614407
-0.45785818,-0.9667
-0.40700787,-0.868625
-0.44257382,-0.920076
-0.44155332,-0.99997246
-0.4515161,-0.9825456
-0.43330455,-0.8691969
-0.421613,-0.85409164
-0.43019915,-0.9475863
-0.4231575,-0.9931749
-0.37612593,-0.7986955
-0.45709202,-0.92027503
-0.4359659,-0.99401677
-0.44805083,-0.95606285
-0.42062593,-0.89093935
-0.42837813,-0.93773216
-0.43425518,-0.9933989
-0.46244603,-0.92769295
-0.45232463,-0.9226852
-0.4383063,-0.98531955
0.9323031,0.44810492
0.929392,0.43726495
0.92695075,0.45954528
0.9093075,0.44871768
0.90238965,0.41806087
0.94558537,0.43672645
0.888157,0.42090327
0.96992785,0.46105868
0.98819435,0.4134729
0.92516905,0.45074925
0.96754813,0.42013955
0.9785167,0.45608738
0.9800256,0.46122092
0.98536515,0.45784816
0.96530384,0.41461724
0.9908841,0.43690825
0.8668271,0.4242764
0.9476941,0.45475745
0.9484932,0.43511155
0.9855652,0.45190376
0.8588621,0.42237484
0.97968405,0.4451744
0.9702978,0.42553642
0.8895155,0.42365247
0.9665206,0.45740592
0.91713315,0.42642105
0.8846898,0.42545846
0.93103004,0.42900863
0.91901207,0.41050264
0.94180924,0.4334267
0.8857245,0.43969828
0.9664094,0.44769514
0.9324702,0.41958535
0.9480536,0.44165942
0.96864897,0.4394976
0.9820656,0.46001232
0.9318532,0.4534229
0.90391034,0.43345585
0.9120818,0.41838592
0.9419449,0.46193814
0.8149928,0.38895607
0.9960046,0.43051
0.929071,0.4282365
0.9763119,0.44472927
0.9515363,0.44707695
0.98078376,0.43328553
0.9976793,0.4588816
0.9730278,0.44984698
0.97310156,0.44918826
0.9791454,0.433761
0.8754697,0.43831933
0.95050526,0.4365847
0.99101806,0.44192404
0.8357979,0.40455663
0.930692,0.45955423
0.89095765,0.42056638
0.83663183,0.4336441
0.9346753,0.44360602
0.9957426,0.45530176
0.9717178,0.440696
0.9464575,0.40930662
0.9843074,0.46035054
0.9702031,0.44992828
0.9596286,0.4534421
0.893339,0.4449827
0.98083633,0.43379888
0.907798,0.45018622
0.90194774,0.44838333
0.9974669,0.42525154
0.97241247,0.4069743
0.9430655,0.44424254
0.8865135,0.44120416
0.92677855,0.40072855
0.93578887,0.42703995
0.9342854,0.43418753
0.92736804,0.4565374
0.9989054,0.43496066
0.87043035,0.4292718
0.9268414,0.433918
0.902736,0.4203252
0.93399507,0.34515494
0.8582041,0.42070743
0.93760693,0.45174652
0.9623637,0.44342723
0.89965594,0.4295168
0.9460552,0.427554
0.9991742,0.43089253
0.9500342,0.43908
0.93213457,0.4628754
0.96435857,0.44795856
0.9455496,0.41513318
0.9535294,0.43456206
0.9335899,0.43955404
0.96261215,0.43925336
0.8888929,0.4090661
0.94781405,0.47262493
0.9397632,0.4316257
0.9610447,0.46315634
0.9245153,0.42412663
0.87410545,0.43074796
-0.44334644,-0.9897799
-0.4667621,-0.9387316
-0.4420851,-0.966459
-0.46495968,-0.92350304
-0.4246552,-0.9486949
-0.45000157,-0.97623307
-0.43104362,-0.9205695
-0.39891255,-0.8496353
-0.4346125,-0.92975634
-0.43471554,-0.9890985
-0.4212981,-0.924396
-0.4123557,-0.97128206
-0.38530964,-0.83312017
-0.45235556,-0.95110893
-0.43900758,-0.94146425
-0.4363807,-0.94652486
-0.44463423,-0.97085357
-0.45436385,-0.93929535
-0.45812038,-0.9735693
-0.45609966,-0.9917015
-0.42235583,-0.99680907
-0.43257087,-0.99775195
-0.41989887,-0.9665197
-0.4174151,-0.894387
-0.41291428,-0.98394203
-0.45545107,-0.9727878
-0.45127368,-0.9755158
-0.43208382,-0.904897
-0.4384218,-0.9223407
-0.43651262,-0.9702908
-0.44472164,-0.8915442
-0.44456714,-0.98946375
-0.40915993,-0.90329725
-0.4384029,-0.8697458
-0.46432236,-0.9620374
-0.45498663,-0.97548527
-0.43044022,-0.9784019
-0.4375119,-0.9950784
-0.44182023,-0.95645666
-0.45541236,-0.962793
-0.42157626,-0.93771243
-0.4300852,-0.941911
-0.45405835,-0.9593276
-0.44946492,-0.9601179
-0.44378054,-0.97663736
-0.44317815,-0.9865392
-0.424358,-0.9811317
-0.414154,-0.88191926
-0.43716437,-0.89867795
-0.44935906,-0.9098274
-0.41735753,-0.8986223
-0.43898618,-0.8976568
-0.43331093,-0.9777603
-0.43436056,-0.8906826
-0.4439422,-0.99181944
-0.44023177,-0.936552
-0.46209943,-0.9525318
-0.43345162,-0.9667989
-0.40226823,-0.8863844
-0.4497847,-0.94664687
-0.43691036,-0.9292525
-0.44361854,-0.91513366
-0.43158373,-0.8907023
-0.43193337,-0.9318378
-0.43545502,-0.93444955
-0.4424435,-0.98407704
-0.42199,-0.9047718
-0.4169148,-0.86941123
-0.4374992,-0.98063815
-0.4425552,-0.9949313
-0.45448136,-0.9694541
-0.4602257,-0.9537434
-0.4537698,-0.93139124
-0.43721166,-0.9223327
-0.44151506,-0.92382187
-0.43805277,-0.9779219
-0.44162053,-0.9856573
-0.44522336,-0.9185428
-0.4561165,-0.9741434
-0.45505205,-0.9764626
-0.43223155,-0.90960556
-0.4325042,-0.92568856
-0.4480041,-0.9251968
-0.4264793,-0.9720602
-0.4301564,-0.9930658
-0.4234027,-0.9388715
-0.42362407,-0.98460746
-0.4331196,-0.9894371
-0.4438913,-0.90167165
-0.39135996,-0.8535372
-0.43801942,-0.9122881
-0.44996542,-0.9861887
-0.42915154,-0.8992992
-0.4634179,-0.9824681
-0.4453574,-0.89863056
-0.42842227,-0.9515544
-0.44624853,-0.9307823
-0.43817285,-0.99651384
-0.44099462,-0.9805987
-0.4352072,-0.88850486
0.988601,0.4446437
0.9512833,0.44039693
0.97147566,0.454038
0.8942633,0.44144145
0.8964636,0.4487741
0.9487298,0.44479182
0.8812823,0.4315772
0.90100336,0.44894502
0.87926567,0.4244969
0.90366304,0.44167045
0.94115674,0.4933073
0.968285,0.43824032
0.9529494,0.43812484
0.9520385,0.41818398
0.98897773,0.42833513
0.9409549,0.43953884
0.9155956,0.45116723
0.89584637,0.43130064
0.9958787,0.42745557
0.86397594,0.42006743
0.9346847,0.43972927
0.8721163,0.41522247
0.86850756,0.414517
0.8676733,0.4207129
0.9100794,0.43778998
0.9453877,0.47002524
0.98566437,0.40579876
0.9295227,0.42979878
0.8732778,0.42244825
0.9097579,0.44103292
0.8997497,0.43217823
0.9247626,0.43388048
0.98129666,0.4411138
0.9711924,0.4155595
0.92664796,0.42836744
0.8537983,0.4240537
0.93608946,0.41437316
0.90666693,0.43021497
0.9849727,0.45999405
0.90015,0.4195503
0.9043859,0.4218012
0.93619883,0.43215477
0.92982566,0.43939745
0.931992,0.44236743
0.97804844,0.43694562
0.875357,0.41890392
0.95879316,0.43794364
0.8611834,0.4082323
0.9922301,0.4341437
0.9321489,0.4564723
0.9781072,0.41537574
0.9008468,0.46564585
0.89817894,0.38984695
0.9270698,0.432387
0.9523432,0.42539415
0.9150367,0.43455225
0.9611396,0.43017292
0.9730182,0.45355442
0.91940534,0.42242503
0.88710713,0.44283554
0.8740291,0.43106338
0.91708094,0.429727
0.95306075,0.4289654
0.909168,0.42188135
0.9581516,0.43010592
0.92680377,0.4323155
0.96236223,0.4630525
0.9041193,0.40788895
0.8527765,0.41274658
0.83508265,0.4055022
0.98208165,0.4749821
0.86925787,0.4275974
0.9941698,0.43316403
0.9597466,0.46060506
0.8964332,0.4605592
0.94980896,0.42912877
0.9189525,0.42813486
0.90797883,0.42921972
0.92865723,0.44933105
0.8909654,0.44649336
0.9276565,0.43930012
0.9648257,0.46678954
0.8816974,0.44079992
0.9989968,0.44506457
0.877631,0.409031
0.95655215,0.43826866
0.9084816,0.47083256
0.8911531,0.48269352
0.9309083,0.4350095
0.9942379,0.46178004
0.9960257,0.4595507
0.9719613,0.39907897
0.9262871,0.45490298
0.92535657,0.416459
0.96732765,0.43827024
0.9410766,0.4583071
0.8988979,0.43954238
0.9782041,0.46118817
0.902815,0.40505838
0.93690974,0.41491628
0.90210253,0.42339748
0.89191085,0.44941676
0.9921986,0.43272662
0.9992692,0.4501134
0.92572415,0.4256364
0.96679926,0.43212837
0.97640485,0.4408551
0.94310343,0.4451649
0.8951712,0.38902056
0.99204636,0.4467624
0.98693526,0.44625285
0.96623087,0.40976965
0.945233,0.42041734
0.96654665,0.4445659
0.85667986,0.41250128
0.8692167,0.43251848
0.91980785,0.44235352
0.8908872,0.41026497
0.9784248,0.42738998
0.9326174,0.4576217
0.9623963,0.45088306
0.9991626,0.42668504
0.95593184,0.44424054
0.97072643,0.4647975
0.9031615,0.44154698
0.8908855,0.42773727
0.89198256,0.3925846
0.8774835,0.4235321
0.98641413,0.46218333
0.873843,0.46819857
0.97344404,0.45077112
0.9346484,0.41322777
0.8903539,0.44250154
0.9237519,0.4410264
0.93369895,0.42557386
0.98801696,0.45427975
0.9010373,0.42924413
0.9248342,0.43429512
0.9086562,0.41767985
0.95574534,0.41839743
0.8909397,0.4240853
0.9087948,0.44971952
0.9809223,0.44215295
0.93856764,0.44291604
0.86345303,0.40822348
0.92443556,0.4415065
0.9536809,0.44032747
0.8629149,0.43798816
0.94189477,0.435594
0.9675751,0.45316127
0.8906314,0.4081721
0.9133333,0.43221325
0.89767057,0.41560796
0.9637097,0.43537396
0.96081895,0.3841539
0.973342,0.40234733
0.9655094,0.4715826
0.8631894,0.44620362
0.9784241,0.39485896
0.90250313,0.42950478
0.89314115,0.45391554
0.90405977,0.4233822
0.89861643,0.4318659
0.977652,0.4270582
0.91045016,0.4268109
0.8212237,0.40443155
0.9962376,0.40310726
0.9043919,0.41237783
0.98957515,0.45121953
0.95608926,0.4427606
0.9659945,0.4622552
0.9642846,0.4528942
0.95315707,0.4495572
0.9296974,0.4337227
0.84122545,0.4027977
0.9529597,0.4097154
0.95018727,0.44174963
0.9334466,0.44215652
0.9227962,0.43560603
0.99908245,0.42378464
0.9599952,0.4444129
0.95911616,0.4207266
0.92636853,0.44885668
0.9535227,0.40415516
0.9672652,0.42469093
0.94735354,0.45083478
0.9442623,0.4278773
0.9811003,0.4234747
0.95375204,0.44249842
0.9035187,0.4349132
0.89367896,0.4220389
0.83799267,0.400967
0.96744466,0.4567749
0.9528946,0.45648056
0.89985883,0.4386914
0.94023865,0.41670638
0.8820013,0.44169107
0.90949255,0.4560362
0.9555678,0.43705752
0.9282313,0.42653164
-0.43487445,-0.9221023
-0.43320912,-0.929192
-0.4343591,-0.9548868
-0.4225208,-0.9010393
-0.4336237,-0.9292849
-0.4140232,-0.9793992
-0.42585894,-0.91380405
-0.4253848,-0.890141
-0.44252524,-0.92562884
-0.42066392,-0.89907527
-0.1994556,-0.9914756
-0.21784297,-0.9988986
-0.19968612,-0.9936519
-0.20159729,-0.99665624
-0.21051545,-0.99204886
-0.21727744,-0.9962899
-0.22690284,-0.99368817
-0.20365578,-0.996883
-0.20904206,-0.98716235
-0.22513102,-0.99576104
-0.21225451,-0.9964796
-0.22081561,-0.994322
-0.1940915,-0.98219657
-0.12744689,-0.95819706
-0.19149123,-0.977453
-0.20966421,-0.9975829
-0.16640745,-0.9834878
-0.18649374,-0.9886545
-0.20581649,-0.9911933
-0.1865397,-0.97956455
-0.21943034,-0.99582845
-0.20364496,-0.9872008
-0.22579695,-0.99730104
-0.18289086,-0.97910523
-0.18283992,-0.98417234
-0.19611852,-0.9854094
-0.23384646,-0.9998749
-0.2160534,-0.98501086
-0.21420181,-0.994522
-0.21962829,-0.9934206
-0.20763655,-0.99215716
-0.21979162,-0.9980136
-0.21557073,-0.9865638
-0.19714907,-0.9813078
-0.20048437,-0.9869413
-0.22613671,-0.999451
-0.20309675,-0.98339665
-0.22438832,-0.99459964
-0.20539111,-0.98357064
-0.1875942,-0.98721033
-0.23510262,-0.9935243
-0.15385796,-0.96710604
-0.18106657,-0.9925717
-0.23909947,-0.9941132
-0.22403659,-0.9990384
-0.22620055,-0.99724925
-0.2071505,-0.98739564
-0.18465722,-0.97634387
-0.17497848,-0.9736532
-0.20055835,-0.9840894
-0.20919448,-0.9883197
-0.18303426,-0.9805431
-0.21103893,-0.9945729
-0.22061835,-0.98757225
-0.2095848,-0.99133444
-0.17509162,-0.9810876
-0.16729671,-0.9703456
-0.21946998,-0.9968917
-0.21247183,-0.99008024
-0.18376386,-0.98546666
-0.20587227,-0.9905136
-0.17000604,-0.97546804
-0.20462817,-0.98720586
-0.22558561,-0.99982846
-0.2128241,-0.9950186
-0.22267562,-0.99581724
-0.21468197,-0.99499196
-0.23011324,-0.9952691
-0.16057947,-0.973342
-0.19674046,-0.98505104
-0.1830851,-0.97494775
-0.1974654,-0.996675
-0.16477503,-0.9621721
-0.18051842,-0.9846283
-0.20561871,-0.99907386
-0.18417437,-0.9980878
-0.21334381,-0.9882857
-0.21755715,-0.9994292
-0.22405525,-0.9946036
-0.18911006,-0.97988904
-0.19367833,-0.98052466
-0.22919475,-0.9999123
-0.19863997,-0.99664164
-0.1973712,-0.98879665
-0.2072167,-0.99444777
-0.18753864,-0.9839915
-0.19536091,-0.9765355
-0.22830154,-0.99984795
-0.17072643,-0.9738063
-0.22407663,-0.9988979
-0.404095,-0.87261105
-0.4372167,-0.9629704
-0.41686356,-0.9527748
-0.4510145,-0.9500449
-0.44705498,-0.9300246
-0.4092809,-0.9888159
-0.44634172,-0.88278127
-0.39677027,-0.99809515
-0.44808367,-0.9513527
-0.45041513,-0.8758362
-0.42966148,-0.9633963
-0.45288855,-0.9961735
-0.4517186,-0.95655656
-0.44069952,-0.9948953
-0.41455296,-0.9434653
-0.4451176,-0.93955284
-0.4376564,-0.90334386
-0.41163418,-0.8925637
-0.4509779,-0.99448955
-0.44762895,-0.9723526
-0.44266668,-0.96973926
-0.43798497,-0.9336694
-0.44990468,-0.95329434
-0.41916355,-0.89231604
-0.4259509,-0.9546115
-0.44097233,-0.9446606
-0.40888032,-0.89613146
-0.44853103,-0.89682883
-0.46005023,-0.9591858
-0.4458239,-0.96561825
-0.42652646,-0.9076191
-0.4302638,-0.92510927
-0.45682764,-0.9120989
-0.45366657,-0.9533801
-0.4549756,-0.9328947
-0.41468683,-0.8904095
-0.41559383,-0.8629068
-0.39313045,-0.83062065
-0.43854117,-0.9703517
-0.46299428,-0.969618
-0.4409408,-0.9996307
-0.42793033,-0.9932265
-0.4404063,-0.93155515
-0.44545552,-0.98812395
-0.42418432,-0.89953095
-0.44194967,-0.92032236
-0.43992165,-0.96144336
-0.41259602,-0.8818722
-0.45991138,-0.953063
-0.44693875,-0.964658
-0.43665087,-0.99597144
-0.41181442,-0.8716487
-0.4478846,-0.96323127
-0.43081072,-0.9477102
-0.38653845,-0.9987849
-0.42106056,-0.8984164
-0.43971348,-0.90915173
-0.43438298,-0.88485545
-0.42267135,-0.88257074
-0.438603,-0.9493983
-0.40665185,-0.8871873
-0.43112725,-0.9078206
-0.44370466,-0.9911024
-0.44011855,-0.9739932
-0.43979013,-0.919025
-0.4345506,-0.97950804
-0.4194972,-0.97200835
-0.44972256,-0.9552465
-0.42602718,-0.90073436
-0.41325286,-0.96007496
-0.4381156,-0.92945784
-0.41596305,-0.9790992
-0.4411924,-0.9852487
-0.41324225,-0.9078304
-0.43064517,-0.98015356
-0.44535694,-0.88930863
-0.3868727,-0.8670032
-0.4492652,-0.9746958
-0.43142265,-0.9606351
-0.43924308,-0.92331356
-0.4522059,-0.9686816
-0.44452536,-0.97776693
-0.42717388,-0.99762243
-0.44110802,-0.9400489
-0.4340182,-0.9468606
-0.4553622,-0.9731166
-0.41661146,-0.92751104
-0.43123657,-0.96006125
-0.44020328,-0.9320146
-0.44020838,-0.9793119
-0.4460836,-0.95349854
-0.43766448,-0.9493141
-0.42299944,-0.98964816
-0.42718163,-0.9996228
-0.43099663,-0.8893052
-0.44686753,-0.92289364
-0.40980852,-0.8671765
-0.44904515,-0.95538706
-0.44736388,-0.97640175
-0.43424544,-0.93611485
-0.43724793,-0.9192181
-0.40909132,-0.93936574
-0.4459743,-0.97748244
-0.42602184,-0.87965554
-0.43568414,-0.95605093
-0.45297462,-0.9337735
-0.41698548,-0.87469894
-0.46531826,-0.95668304
-0.35992792,-0.8170536
-0.41742393,-0.883033
-0.4222373,-0.9198926
-0.43121892,-0.9805511
-0.42843115,-0.99945146
-0.42404687,-0.93585896
-0.4484517,-0.9358997
-0.44295827,-0.9541107
-0.43329528,-0.9913077
-0.45593798,-0.9906874
-0.45665956,-0.9498383
-0.41893527,-0.9831946
-0.4279392,-0.9899535
-0.44551066,-0.9184681
-0.43338698,-0.98860633
-0.431388,-0.9253575
-0.44883946,-0.96350896
-0.4448008,-0.9862358
-0.43649563,-0.8971127
-0.41646543,-0.8956868
-0.45042852,-0.96195215
-0.43587533,-0.9643573
-0.43341053,-0.9426798
-0.4310082,-0.92150855
-0.44187585,-0.9183876
-0.4470565,-0.8952723
-0.41285923,-0.88321984
-0.42007223,-0.8827342
-0.46148846,-0.94258773
-0.43487805,-0.9540395
-0.42532456,-0.90867925
-0.45471776,-0.9466021
-0.43364662,-0.93456584
-0.41993263,-0.97338575
-0.4311814,-0.9011702
-0.40768734,-0.87438506
-0.43577868,-0.9539104
-0.44099012,-0.98804396
-0.4165064,-0.88379043
-0.41143906,-0.85998607
-0.44397664,-0.97477764
-0.45888424,-0.9571875
-0.45475772,-0.9615074
-0.44121623,-0.95258653
-0.45094305,-0.9893193
-0.43958092,-0.9493033
-0.4393905,-0.94977486
-0.3963512,-0.85061425
-0.43646935,-0.8789845
-0.42817774,-0.9681642
-0.43741676,-0.97929114
-0.4114777,-0.99997956
-0.43159616,-0.95227426
-0.43963006,-0.97708184
-0.44204688,-0.9245502
-0.4433024,-0.93485343
-0.42965046,-0.9283575
-0.43654376,-0.94126934
-0.4448254,-0.89919734
-0.42565393,-0.91669625
-0.4422238,-0.8994799
-0.44799373,-0.9618299
-0.423558,-0.8783516
-0.4244924,-0.8866038
-0.42776605,-0.9686689
-0.42902747,-0.8841169
-0.40328938,-0.8364161
-0.4351996,-0.92835724
-0.45131373,-0.9742017
-0.457396,-0.93479383
-0.43952915,-0.9389719
-0.44163045,-0.99644804
-0.4114089,-0.89409566
-0.42797184,-0.90688354
-0.4403821,-0.94628847
-0.44835177,-0.96203804
-0.4342333,-0.9141421
-0.42721334,-0.9082638
-0.41699693,-0.96658516
-0.43582988,-0.9249667
-0.43870947,-0.9649807
-0.42972735,-0.913098
-0.43893033,-0.9503634
-0.43763822,-0.9710922
-0.38468912,-0.82900405
-0.4510034,-0.96367526
-0.45564076,-0.99390024
-0.43723997,-0.893083
-0.4409277,-0.94702005
-0.44654706,-0.9846731
-0.41082862,-0.8756739
-0.43395787,-0.9983417
0.83857083,0.4109112
0.9603875,0.44632703
0.9901902,0.46537217
0.97114325,0.44500408
0.9376132,0.4707996
0.9788149,0.42944777
0.9596942,0.4214928
0.91580385,0.44684216
0.99999386,0.44035357
0.9881694,0.45168337
0.9457869,0.4465449
0.96951926,0.43355832
0.96337795,0.44291684
0.9712791,0.42248255
0.9589965,0.42616573
0.9570007,0.45873454
0.9467416,0.43298182
0.8966865,0.42268017
0.9319917,0.42064685
0.9642913,0.45625257
0.98534983,0.39349857
0.927845,0.38940874
0.9649226,0.44152075
0.9646286,0.44039208
0.98629415,0.45035526
0.9947148,0.4131087
0.92467296,0.4734966
0.9747492,0.4491128
0.84566927,0.40011483
0.9541896,0.44359428
0.9767428,0.46312678
0.9654762,0.38840058
0.9880869,0.43798935
0.93744063,0.43656608
0.83682615,0.394426
0.991829,0.4239852
0.95581496,0.44912887
0.96735686,0.42272595
0.93279415,0.4361081
0.9697952,0.4273666
0.96395016,0.44025195
0.9907256,0.4547425
0.9316972,0.43918282
0.95428836,0.41538456
0.9848634,0.42480728
0.9977126,0.45710087
0.9736194,0.44369596
0.9538819,0.43834496
0.92044735,0.42579415
0.9872878,0.46521023
0.873922,0.41613176
0.9782469,0.44087598
0.934614,0.40743762
0.9677664,0.44675675
0.9621785,0.46102965
0.9346855,0.44487432
0.8907095,0.4336693
0.94749874,0.4395596
0.9856514,0.45739987
0.9360204,0.43395242
0.91753256,0.46243283
0.9093118,0.4096585
0.9034355,0.41452336
0.9641036,0.44259012
0.9588446,0.4569612
0.8683638,0.4229943
0.94400054,0.43425596
0.93212,0.39636162
0.9491663,0.46830624
0.8680328,0.41243246
0.89604783,0.4238664
0.9032135,0.42854562
0.94199926,0.4683809
0.91925323,0.4142424
0.93486106,0.43491393
0.9868977,0.45431414
0.9556379,0.431475
0.9487557,0.39869744
0.9230799,0.42845577
0.93039066,0.4212968
0.9197021,0.4447955
0.97625107,0.45250526
0.8956657,0.42194802
0.8932604,0.4548898
0.9213981,0.4346035
0.9284266,0.44006714
0.9172841,0.41597915
0.9548571,0.4460405
0.92738,0.4384487
0.98345095,0.43167645
0.98051566,0.4594533
0.9978043,0.4230558
0.9593364,0.46749315
0.9990199,0.41152602
0.98322606,0.44997334
0.93006104,0.4590453
0.9544869,0.45804745
0.9523856,0.45533243
0.83594006,0.3766363
0.9444114,0.42563444
0.9728155,0.43202525
0.8600812,0.43651858
0.9793301,0.45579797
0.8846004,0.4558754
0.93568313,0.4534615
0.9877632,0.42680752
0.9327902,0.42497677
0.93088144,0.4418072
0.9435584,0.4455181
0.9437522,0.46015334
0.90374345,0.42525187
0.9571448,0.43475127
0.9971339,0.4402033
0.9655935,0.41210106
0.9573257,0.4567404
0.93212515,0.39601016
0.9124014,0.424911
0.9851369,0.41542912
0.8967799,0.42447603
0.9401205,0.42518824
0.9938523,0.43285516
0.99395114,0.39180332
0.8526523,0.39915928
0.8417598,0.42729503
0.98685247,0.41356537
0.9054767,0.44211608
0.9729062,0.44671336
0.9355612,0.45091385
0.9178329,0.3891146
0.99509054,0.45097762
0.9765292,0.44173035
0.9470955,0.43408197
0.95493925,0.43821797
0.8983503,0.43547264
0.90982985,0.46463233
0.99022263,0.4497502
0.97127825,0.43915048
0.93167204,0.46532625
0.9945704,0.4708405
0.99133295,0.42647904
0.9825143,0.46297312
0.8819069,0.41512808
0.90143126,0.4087291
0.8309638,0.42336962
0.99155897,0.43741086
0.8243541,0.40705013
0.90075755,0.432298
0.9906663,0.43447462
0.8754217,0.42626047
0.8628105,0.42993075
0.93995386,0.46089175
0.96487474,0.46472216
0.9935507,0.41146535
0.9885307,0.44909623
0.99693334,0.46851748
0.9460489,0.39786536
0.90670687,0.43106717
0.9992514,0.43801382
0.93166727,0.46643505
0.96570796,0.43283123
0.9220147,0.4300619
0.9472494,0.42619294
0.928392,0.4541012
0.99298036,0.4617844
0.82426655,0.43903628
0.96520567,0.41453943
0.9325927,0.4575673
0.8230231,0.39633274
0.9605171,0.44915116
0.99629694,0.38083512
0.99774504,0.4369691
0.8532938,0.40886328
0.7719245,0.4140405
0.8886643,0.4262873
0.94898367,0.44187286
0.95643556,0.45642433
0.9648105,0.40998125
0.917217,0.43420556
0.9253943,0.42470357
0.88237953,0.43678853
0.8598535,0.41286442
0.9426092,0.46046358
0.88772506,0.42273608
0.8956457,0.38916615
0.8516665,0.41294357
0.9882877,0.39605933
0.93440133,0.4479878
0.91058666,0.45314348
0.9985755,0.4311404
0.94076484,0.4468133
0.9425412,0.42849073
0.9562231,0.4291244
0.93147504,0.41987324
0.9199834,0.41277838
0.9012861,0.42626926
0.9563894,0.46425903
0.94670767,0.40659788
0.8280683,0.38625538
0.8994373,0.4591817
0.96222407,0.44613785
0.967164,0.45732072
0.87687224,0.40618205
0.9594906,0.40685263
0.9581969,0.45238233
0.95953286,0.40504557
0.9207845,0.4237043
0.9592883,0.44344574
0.9765204,0.41852912
0.94870055,0.4399532
0.9062689,0.45008788
0.9409782,0.42116266
0.9774814,0.4448862
0.83137065,0.3883039
0.8875264,0.43428573
0.9336278,0.442541
0.93036896,0.45434314
0.9267167,0.439319
0.9889578,0.42718676
0.9635537,0.4584766
0.9687541,0.44388753
0.87805736,0.42552236
0.90407455,0.46235323
0.99706477,0.4458215
0.9446601,0.462513
0.8984682,0.42161983
0.9229082,0.41298714
0.8944303,0.44738144
0.9043636,0.42072973
0.9502182,0.44924647
0.8571157,0.44569844
0.9698186,0.4511424
0.90516657,0.4333585
0.8978167,0.46192276
0.9719503,0.4298023
0.9039702,0.41705632
0.95252717,0.44416687
0.9435784,0.4416025
0.9259686,0.4572874
0.95006466,0.4200349
0.90050405,0.42933133
0.90312684,0.42770654
0.93573034,0.42235106
0.9431135,0.447414
0.9395962,0.4546153
0.9369496,0.41039896
0.9814151,0.44475845
0.9975798,0.43950796
0.8999771,0.4143261
0.90039,0.43308824
0.9304166,0.4349823
0.91710085,0.4412749
0.94474405,0.42768794
0.8918458,0.42647454
0.86887246,0.438991
0.98800033,0.4407687
0.94344,0.3999292
0.9509234,0.43278223
0.9514174,0.44833592
0.9339738,0.44634786
0.9869238,0.4525987
0.9158715,0.40960315
0.9619503,0.43029958
0.93423194,0.43063965
0.92131233,0.45475698
0.9098293,0.40141457
0.9107862,0.4408273
0.9041008,0.4327174
0.87904894,0.428681
0.97205555,0.45944208
0.8176987,0.3763452
0.99333125,0.43927744
0.94297665,0.4417477
0.91475344,0.43303683
0.9229382,0.42095438
0.9998826,0.44091666
0.94963247,0.45410794
0.95389,0.45999056
0.98721194,0.4488319
0.96407986,0.42237034
0.9557432,0.44511786
0.97962236,0.38390887
0.8799298,0.42240345
0.8858457,0.43011355
0.9734714,0.46616426
0.85858625,0.41693652
0.9797002,0.43118516
0.9453614,0.42530563
0.9771983,0.4007505
0.90011823,0.44995943
0.9285408,0.39593285
0.9402106,0.45042178
0.95754784,0.4290968
0.8791959,0.42684758
0.90064913,0.4134101
0.91197956,0.4107837
0.84128916,0.41184247
0.92971325,0.43534246
0.8658588,0.43507156
0.9309225,0.41424114
0.9873815,0.44972163
0.93686074,0.4356777
0.96997225,0.44567066
0.9409684,0.46124008
0.98825836,0.43111116
0.9777588,0.4213193
0.9573155,0.43605068
0.9726165,0.4216552
0.99385595,0.4222077
0.929861,0.44451174
0.99877936,0.44238636
0.9815514,0.43898916
0.9366179,0.45750043
0.8881441,0.43941975
0.95341504,0.4448127
0.9826668,0.44183394
0.9696773,0.4526678
0.954505,0.4597355
0.93137354,0.4241003
0.9888585,0.43084535
0.9055658,0.449558
0.85867023,0.40917274
0.9790074,0.45181683
0.94542956,0.42987496
0.8462016,0.41312948
0.86560696,0.42751426
0.9479828,0.42450273
0.98674375,0.4546321
0.9842256,0.447897
0.9444248,0.45478117
0.9916931,0.4570038
0.9210352,0.43708888
0.9736564,0.45744437
0.9378314,0.45950758
0.93077165,0.44900674
0.93484044,0.45287257
0.953499,0.44167367
0.97881114,0.43876547
0.9694156,0.43312714
0.9271038,0.44313118
0.9195679,0.45388624
0.97732735,0.46087444
0.95226705,0.44367665
0.9961524,0.45388222
0.95467883,0.4396957
0.91418415,0.43104815
0.8759478,0.41034967
0.87908715,0.4300405
0.8800106,0.43433553
0.9521313,0.44974053
0.97872394,0.45341364
0.91682327,0.429124
0.88657874,0.43212706
0.9712885,0.42810914
0.96764964,0.4413302
0.94823617,0.4530219
0.9435334,0.43746203
0.904743,0.42632893
0.9254966,0.4082686
0.9630595,0.45163023
0.9331682,0.41862175
0.9374998,0.35234895
0.968294,0.442199
0.9545878,0.4549885
0.99097407,0.44642875
0.9833662,0.4090406
0.9333074,0.3948787
0.9521355,0.45986393
0.92194325,0.43089995
0.9391182,0.4083265
0.9889323,0.44806716
0.8709784,0.4312852
0.8789677,0.43006763
0.9606699,0.4476203
0.9101887,0.46558914
0.8744004,0.4482533
0.96612656,0.42742053
0.7731384,0.39144036
0.9629224,0.43674922
0.9844411,0.43898928
0.9665033,0.45904604
0.89736587,0.40013793
0.9090516,0.41835338
0.9232854,0.4267352
0.93078256,0.44530457
0.9269605,0.42685753
0.9324775,0.46258157
0.8670893,0.39818704
0.85053325,0.42763802
0.9207259,0.4484124
0.9120344,0.4561109
0.90243554,0.44494906
0.9858728,0.41148987
0.91542214,0.40344298
0.8765772,0.38407853
0.976026,0.43697584
0.95397025,0.4427372
0.8960539,0.4059391
0.99357784,0.4187485
0.8715009,0.4369144
0.97037137,0.43554214
0.9986455,0.46031272
0.98165745,0.43487346
0.9589787,0.41600445
0.9845359,0.4413411
0.9305569,0.44347757
0.94088477,0.43866804
0.87482303,0.42710212
0.9547725,0.42953682
0.9719948,0.4598425
0.9289892,0.41143826
0.94645596,0.41810244
0.97109514,0.4478712
0.8914068,0.44098142
0.9383459,0.44407353
0.9009103,0.44045347
0.9975818,0.43544048
0.9381063,0.4523107
0.9091788,0.4054447
0.9384873,0.43884873
0.9369629,0.46661738
0.95859915,0.46122923
0.96365136,0.4360494
0.9973272,0.4407236
0.96112394,0.4476528
0.8405661,0.43043014
0.9517999,0.39638484
0.9156248,0.41748652
0.8595313,0.41346657
0.9440173,0.43809322
0.9254736,0.40839738
0.907285,0.38510886
0.87445277,0.42405555
0.8643451,0.43641576
0.99883795,0.42527962
0.89603084,0.4398328
0.92166007,0.44947517
0.99615294,0.44359642
0.9225786,0.39911205
0.9238343,0.40450254
0.90349764,0.40694892
0.9360542,0.41502124
0.9674227,0.42889825
0.9007372,0.44109443
0.87114435,0.41942587
0.9645558,0.43512958
0.9380929,0.43497616
0.9879285,0.44636297
0.87736994,0.4173385
0.9215262,0.46133164
0.93663555,0.44095728
0.876974,0.42497224
0.8931371,0.44537166
0.96138537,0.4188605
0.9536216,0.42844266
0.96713537,0.43796456
0.9522027,0.46104687
0.92423385,0.42551726
0.9415983,0.45546114
0.97337043,0.4403539
0.9997932,0.38992062
0.9962328,0.44267613
0.90663195,0.42998883
0.9255036,0.44469637
0.98922783,0.43368596
0.97195005,0.43722647
0.927605,0.42489752
0.93911684,0.4231495
0.88640094,0.48958987
0.9697516,0.43425515
0.9817478,0.45159712
0.9457925,0.4431531
0.899595,0.43919393
0.9410447,0.4301963
0.88162494,0.42601013
0.89697206,0.40736917
0.9460256,0.4518833
0.99206495,0.45129132
0.9877804,0.4413029
0.92124826,0.44660577
0.97436666,0.4586855
0.99188393,0.46185294
0.93097574,0.4169104
0.9766663,0.4323559
0.8740412,0.40789002
0.9473756,0.46943444
0.8701226,0.41447344
0.8423805,0.42224088
0.9125042,0.42795664
0.9993386,0.4210315
0.88528174,0.4266654
0.9184759,0.4171361
0.8846329,0.42131573
0.88791084,0.41852692
0.91622764,0.44611624
0.9778424,0.43840685
0.8317243,0.4127656
0.99880785,0.43368328
0.9672174,0.43396178
0.95961994,0.45213777
0.9224368,0.42993274
-0.44559568,-0.97472596
-0.43911138,-0.9599997
-0.44497266,-0.9487288
-0.4444789,-0.9540603
-0.42078882,-0.9957544
-0.43804017,-0.98684657
-0.4368595,-0.950773
-0.44394812,-0.9527723
-0.45341888,-0.9634848
-0.42318958,-0.93383193
-0.4347212,-0.9149577
-0.4273773,-0.91922486
-0.46320534,-0.9614642
-0.43169156,-0.9565838
-0.42129645,-0.8670734
-0.45228523,-0.9858909
-0.44085112,-0.9687052
-0.44021544,-0.99107516
-0.44338265,-0.93073195
-0.44868764,-0.93517965
-0.45970988,-0.9551645
-0.45675617,-0.9294403
-0.4591274,-0.9130918
-0.44272944,-0.9552341
-0.40954283,-0.8444578
-0.4059556,-0.8659467
-0.43967775,-0.99602973
-0.40652505,-0.96782345
-0.42793748,-0.96131533
-0.42281994,-0.9001747
-0.4480063,-0.9333825
-0.4225117,-0.8776869
-0.45237896,-0.9814767
-0.4326537,-0.98447907
-0.42573002,-0.89539105
-0.43299443,-0.9075484
-0.41948795,-0.88497245
-0.44047886,-0.95022434
-0.42169943,-0.9706697
-0.37189534,-0.84373784
-0.39645037,-0.8134392
-0.45520145,-0.9865561
-0.45031527,-0.9693237
-0.42030331,-0.9068805
-0.41324928,-0.9527602
-0.4379646,-0.92683715
-0.46143585,-0.9649769
-0.4635939,-0.90940195
-0.42491913,-0.96342367
-0.38115978,-0.89397895
-0.42833483,-0.9247064
-0.44223776,-0.90170014
-0.42724365,-0.8958687
-0.43881103,-0.9025759
-0.43892702,-0.9854864
-0.44952148,-0.97174007
-0.40884355,-0.91154367
-0.16915554,-0.9789051
-0.22299328,-0.99223644
-0.1796999,-0.9903448
-0.21270828,-0.9997413
-0.21010424,-0.9867048
-0.22375521,-0.9891083
-0.1718972,-0.97333497
-0.17563692,-0.97361076
-0.1519648,-0.9634821
-0.15212967,-0.96180606
-0.22066851,-0.9957295
-0.19408132,-0.99743426
-0.226592,-0.99856216
-0.21825218,-0.9924309
-0.21263978,-0.9937372
-0.19932094,-0.98460966
-0.20558058,-0.9959154
-0.1856155,-0.9908817
-0.21656285,-0.98975766
-0.20823444,-0.988839
-0.22141694,-0.99481785
-0.37799072,-0.8121248
-0.4450974,-0.9937287
-0.42727304,-0.89953154
-0.44292083,-0.91668147
-0.43944013,-0.94368625
-0.41955873,-0.98208016
-0.44465962,-0.9511573
-0.42571512,-0.93494534
-0.4586353,-0.98477465
-0.4235515,-0.9486026
-0.4001739,-0.848831
-0.4353472,-0.91400206
-0.42657533,-0.9723414
-0.43893284,-0.9432115
-0.45287406,-0.9969555
-0.42426065,-0.8708564
-0.41444477,-0.9873289
-0.44620904,-0.9771847
-0.45775762,-0.94427925
-0.42123282,-0.88762116
-0.42226496,-0.9421327
-0.4394606,-0.94810873
-0.41721815,-0.86011577
-0.42539397,-0.91773826
-0.44512725,-0.85833925
-0.40382603,-0.8674475
-0.45607916,-0.9498772
-0.43856737,-0.9234704
-0.44333613,-0.94704044
-0.43013707,-0.9725462
-0.44537365,-0.95188475
-0.4417179,-0.9791913
-0.4460207,-0.91192317
-0.44713765,-0.99403214
-0.42200303,-0.98798203
-0.43792894,-0.98267573
-0.44627422,-0.9556381
-0.4063788,-0.8674453
-0.44497734,-0.9132825
-0.45713773,-0.9900284
-0.4507794,-0.92020094
-0.46344233,-0.95810705
-0.43488777,-0.99201995
-0.41948047,-0.95876074
-0.45736718,-0.92580163
-0.44866824,-0.9254863
-0.43272638,-0.8606259
-0.4262611,-0.99338144
-0.4362086,-0.98066485
-0.4392246,-0.9532233
-0.44448814,-0.96254134
-0.42526644,-0.9644542
-0.43987158,-0.9340027
-0.41702226,-0.99994975
-0.42937878,-0.99655515
-0.45409358,-0.89831865
-0.4194623,-0.9887142
-0.4421568,-0.993006
-0.43670514,-0.8680503
-0.45678034,-0.9847078
-0.43616414,-0.9345049
-0.43678775,-0.9592333
-0.44651663,-0.89953905
-0.43830058,-0.9606197
-0.4488101,-0.97526324
-0.43134952,-0.9389383
-0.44340128,-0.9924823
-0.44485196,-0.95671797
-0.4394905,-0.9993581
-0.4093214,-0.91208434
-0.45620164,-0.97190624
-0.4148005,-0.99880373
-0.43781942,-0.8825681
-0.44074726,-0.99589115
-0.44578677,-0.90508133
-0.44603524,-0.8982224
-0.4391726,-0.98139536
-0.42884696,-0.9980014
-0.4219425,-0.90658814
-0.42300287,-0.8653336
-0.44525683,-0.97422385
-0.4421567,-0.9785714
-0.43516526,-0.93740183
-0.43950063,-0.9534663
-0.44520605,-0.9452514
-0.42871794,-0.92486125
-0.45454976,-0.93655306
-0.45264685,-0.9644778
-0.4371222,-0.9531591
-0.43134713,-0.92904407
-0.42043436,-0.9956799
-0.4546519,-0.95060456
-0.40690896,-0.8833795
-0.40801528,-0.8735744
-0.44149867,-0.95061713
-0.4289449,-0.88489187
-0.4159139,-0.8936948
-0.44557366,-0.90456194
-0.40761107,-0.88238007
-0.43011826,-0.8962328
-0.41926983,-0.9763415
-0.46314552,-0.9494149
-0.44961822,-0.9028277
-0.44905728,-0.9357911
-0.42366695,-0.92528856
-0.4280968,-0.90889794
-0.4278171,-0.89499754
-0.4398148,-0.94263285
-0.4381379,-0.9312195
-0.44925305,-0.9053159
-0.44267577,-0.8993094
-0.44165644,-0.9372233
-0.41937575,-0.9082665
-0.42770234,-0.93938226
-0.41787082,-0.9637069
-0.43518215,-0.9671458
-0.4203696,-0.8815506
-0.42906064,-0.92536837
-0.44635835,-0.965844
-0.43644825,-0.8709471
-0.44741997,-0.94574034
-0.4540706,-0.9674385
0.999701,0.48818922
0.85955346,0.42979532
0.99097526,0.4551721
0.88735485,0.42184022
0.98641056,0.41590938
0.89416474,0.42498118
0.9525715,0.41875383
0.94243836,0.43879235
0.9094714,0.4467838
0.96862525,0.43676588
0.99689054,0.449486
0.9526333,0.44770297
0.9049737,0.4680178
0.9423532,0.4484778
0.9109702,0.41793928
0.8922846,0.42646956
0.9574496,0.42920896
0.9331447,0.42999297
0.96161515,0.45926043
0.94126487,0.43759373
0.93884087,0.40662724
0.93394405,0.4724825
0.8728375,0.38888368
0.96140134,0.44671687
0.98961663,0.45199746
0.8791241,0.4195396
0.99658257,0.4522242
0.94721687,0.44121984
0.94768834,0.43261
0.9817416,0.4417543
0.86985743,0.39620978
0.9758879,0.4099101
0.89117116,0.4372122
0.98324865,0.4432527
0.9985823,0.43738338
0.940629,0.4553304
0.94897807,0.44850424
0.9864115,0.43490708
0.8722742,0.4227745
0.9012946,0.40992326
0.96212715,0.43410125
0.8446531,0.42092234
0.92890954,0.43540666
0.9921234,0.4444391
0.83986324,0.42721057
0.9740337,0.46543467
0.9668691,0.43734223
0.98144275,0.45263964
0.86936176,0.4131893
0.9739289,0.44982958
0.94820035,0.41297963
0.94416875,0.3788033
0.92544615,0.44968343
0.9795721,0.43384102
0.95240927,0.45203233
0.882418,0.39382473
0.927353,0.4562032
0.95902413,0.4328282
0.95226645,0.46075085
0.9174243,0.43914253
0.8497296,0.4109062
0.94292796,0.4368464
0.9353694,0.425679
0.9906668,0.44641784
0.9974354,0.4368899
0.9628123,0.4355833
0.98473644,0.45837516
0.9970808,0.38868666
0.98169076,0.45854524
0.91574633,0.4325269
0.9093012,0.45906383
0.9669644,0.43127263
0.9751844,0.4158782
0.84909624,0.4307753
0.9831849,0.45119402
0.93679374,0.43696544
0.9351875,0.43731192
0.91312057,0.44528136
0.9719906,0.44530585
0.99373984,0.44009247
0.9861202,0.44109052
0.9022983,0.39324424
0.93276036,0.4419144
0.87935513,0.4382458
0.9193925,0.43379077
0.8856204,0.44296065
0.9024244,0.4319333
0.97804564,0.44761428
0.9255701,0.42614344
0.9046926,0.43020386
0.994463,0.4279438
0.95076954,0.3436057
0.9467748,0.42728135
0.99023527,0.4254442
0.93807095,0.45833555
0.9813247,0.44893876
0.97815484,0.45027262
0.9581823,0.42315203
0.99535865,0.41546693
0.922304,0.44746873
-0.43305853,-0.94617623
-0.44871023,-0.9052898
-0.4385225,-0.93448234
-0.42690942,-0.9480134
-0.45397863,-0.9334872
-0.43823025,-0.8975053
-0.44089884,-0.9660368
-0.42736137,-0.89013135
-0.4410791,-0.95002025
-0.4408305,-0.9448047
-0.4335985,-0.99774134
-0.40227282,-0.84431356
-0.43472046,-0.92311513
-0.43212768,-0.85990757
-0.4514212,-0.9601124
-0.46501073,-0.9309191
-0.43941763,-0.97868943
-0.4597281,-0.89810455
-0.4508248,-0.9129746
-0.447748,-0.95721626
-0.4319765,-0.95033807
-0.4249437,-0.88310254
-0.44494936,-0.87240314
-0.41287875,-0.9926769
-0.43453258,-0.99957997
-0.43351847,-0.9153273
-0.42660472,-0.88370395
-0.43174422,-0.8769891
-0.4274944,-0.9997271
-0.41378865,-0.9774248
-0.44073108,-0.9523922
-0.4530036,-0.96664256
-0.42252585,-0.89755887
-0.42856824,-0.9190766
-0.4415243,-0.86906725
-0.44987357,-0.9697001
-0.44412255,-0.9650393
-0.45214027,-0.93776095
-0.39185882,-0.9114323
-0.45603853,-0.97942746
-0.4389088,-0.9463956
-0.3621504,-0.85137665
-0.42954516,-0.90477914
-0.45563695,-0.9594746
-0.45343107,-0.914104
-0.445227,-0.9719412
-0.40895864,-0.8798665
-0.43277118,-0.89072037
-0.4524243,-0.96630424
-0.41777116,-0.8675408
-0.44365883,-0.933165
-0.40021548,-0.9394011
-0.43943298,-0.9238093
-0.43571702,-0.89885014
-0.43928012,-0.96186036
-0.4278417,-0.8961419
-0.44368356,-0.90716124
-0.463356,-0.898638
-0.4221886,-0.9162752
-0.45809776,-0.97957474
-0.4394238,-0.9636065
-0.44679403,-0.97788656
-0.41963562,-0.98219043
-0.43935716,-0.9153218
-0.4343725,-0.985745
-0.42143804,-0.95143837
-0.4557822,-0.93533885
-0.43761066,-0.95039487
-0.43768704,-0.9247571
-0.44533753,-0.9478085
-0.44270194,-0.99267286
-0.43398398,-0.97881806
-0.4534518,-0.95749235
-0.42730463,-0.9127175
-0.4358117,-0.98885095
-0.42595848,-0.9957545
-0.42843726,-0.97453207
-0.41835046,-0.92773324
-0.43467122,-0.9558973
-0.43548352,-0.8905798
-0.45250204,-0.9676569
-0.43290526,-0.92353624
-0.4492879,-0.9482653
-0.4521766,-0.9721563
-0.4291929,-0.96393114
-0.4412907,-0.8817108
-0.39782563,-0.8477335
-0.42821023,-0.93037444
-0.42603296,-0.9998871
-0.45165765,-0.9529056
-0.437589,-0.94930005
-0.436214,-0.92669857
-0.43342188,-0.9696906
-0.4228089,-0.995904
-0.44055906,-0.95445144
-0.45077398,-0.94769573
-0.41193295,-0.8479073
-0.44043076,-0.981102
-0.43288726,-0.861424
-0.4401719,-0.9601766
-0.41810557,-0.863905
-0.4253976,-0.9996286
-0.43606347,-0.8968978
-0.42560315,-0.9792469
-0.44539535,-0.96169865
-0.44402528,-0.963139
-0.4428318,-0.94615096
-0.4586789,-0.96078515
-0.3949329,-0.8513573
-0.4348422,-0.9599885
-0.43087333,-0.9151267
-0.44305855,-0.9935258
-0.43918997,-0.99243236
-0.4414663,-0.9820576
-0.42366147,-0.8687632
-0.43281356,-0.95584935
-0.4342048,-0.91669565
-0.4400449,-0.94446355
-0.4276093,-0.99969006
-0.425231,-0.9075248
-0.44177157,-0.9236164
-0.4493272,-0.9015346
-0.45794237,-0.8902857
-0.4216051,-0.9575693
-0.4278362,-0.99526024
-0.4399309,-0.9918828
-0.45615467,-0.91049093
-0.4481281,-0.9574367
-0.4356174,-0.8718429
-0.41542745,-0.8783507
-0.45609257,-0.92118037
-0.43256655,-0.9376319
-0.44269645,-0.91178215
-0.43320876,-0.85630774
-0.43553397,-0.9715022
-0.43208364,-0.88952976
-0.4322892,-0.8741818
-0.44272393,-0.9684063
-0.4225711,-0.8786923
-0.41507557,-0.89136964
-0.43050492,-0.9181567
-0.4343222,-0.9489993
-0.4140089,-0.9733116
-0.43143138,-0.86650604
-0.4480107,-0.97878075
-0.4562564,-0.93316585
-0.45617846,-0.9487769
-0.43582645,-0.923203
-0.43591112,-0.9271491
-0.43395713,-0.9390345
-0.41683117,-0.87987363
-0.45892957,-0.9612511
-0.4534289,-0.9399442
-0.44024217,-0.9070785
-0.44091132,-0.9416266
-0.4517421,-0.94077927
-0.43521374,-0.91908514
-0.42344433,-0.90550625
-0.4335639,-0.93630105
-0.44770575,-0.98631114
-0.41303083,-0.89369464
-0.4385814,-0.9678094
-0.4462891,-0.922175
-0.4161164,-0.8834978
-0.4417657,-0.90958035
-0.43064338,-0.93513066
-0.4535398,-0.94892794
-0.43856966,-0.9519629
-0.446096,-0.94088745
-0.4062011,-0.8904767
-0.43251866,-0.967045
-0.4483163,-0.89991766
-0.4513132,-0.92177993
-0.43863356,-0.90150917
-0.41979742,-0.9960853
-0.43847454,-0.94295037
-0.4550198,-0.9609134
-0.45649433,-0.9600708
-0.43776074,-0.9163193
-0.43825945,-0.8787862
-0.44426572,-0.9007162
-0.41495138,-0.8698145
-0.42710984,-0.9093321
-0.4202771,-0.86421007
-0.452991,-0.98441046
-0.44379133,-0.94780475
-0.44559118,-0.97309196
-0.4453565,-0.8992386
-0.42926407,-0.9334678
-0.43965298,-0.91820717
-0.3764131,-0.8409935
-0.42767206,-0.85545295
-0.4452686,-0.9406197
-0.40467232,-0.8614427
-0.45760655,-0.89960074
-0.42147294,-0.9616183
-0.3916385,-0.84822166
-0.44234872,-0.917144
-0.45569244,-0.89825684
-0.44078842,-0.9349549
0.99988306,0.38572162
0.9350968,0.43543422
0.9282705,0.4335173
0.97237486,0.45171982
0.899414,0.4411863
0.9775259,0.39422825
0.8963642,0.4446912
0.9559782,0.44535872
0.9115492,0.39753816
0.85304964,0.40030292
0.98123825,0.4468127
0.9244908,0.43003115
0.88789433,0.43064323
0.93707293,0.4346558
0.985258,0.4545661
0.9516842,0.41612172
0.94430035,0.41768932
0.83877164,0.40479687
0.9716826,0.4075226
0.9855908,0.44746003
0.91659313,0.4497104
0.90200335,0.45553958
0.8857962,0.45801714
0.90618473,0.4132143
0.88625175,0.4192666
0.9950755,0.43603668
0.9732663,0.4496794
0.90594095,0.42999494
0.86683655,0.42136014
0.8853952,0.431712
0.88544464,0.42940366
0.99428964,0.4379384
0.9474948,0.44108424
0.9143695,0.4410764
0.9083828,0.4277186
0.9936996,0.4035421
0.9702866,0.4607745
0.978926,0.41793525
0.9223602,0.44698623
0.89145255,0.38873294
0.9753425,0.4341358
0.9448833,0.4610691
0.8768958,0.41231644
0.88367057,0.4099748
0.9645023,0.41678473
0.9948864,0.45331076
0.9757685,0.4486139
0.9798628,0.4463741
0.9353684,0.44462073
0.9538938,0.43673584
0.9595578,0.4257725
0.9328261,0.45701557
0.99940044,0.45520732
0.91047645,0.40999344
0.9812808,0.43437457
0.90418047,0.45428982
0.9771014,0.4073775
0.8702722,0.4129979
0.99319804,0.444268
0.9744017,0.4490071
0.96361464,0.42351875
0.95023906,0.4259255
0.90649056,0.44155765
0.8949553,0.4318646
0.8272156,0.40906873
0.9562568,0.44704428
0.9861194,0.4559724
0.93159336,0.45318723
0.9494823,0.47376448
0.88298523,0.42404997
0.91644007,0.43112573
0.9976513,0.43443143
0.9862713,0.45429438
0.91020143,0.4326812
0.990417,0.43599325
0.92940396,0.43561277
0.901815,0.44741213
0.9832599,0.44590276
0.95168746,0.4049728
0.8934569,0.4343324
0.9470214,0.4278677
0.9983579,0.44049126
0.9559391,0.42399576
0.97936755,0.44894275
0.97739995,0.47228703
0.882966,0.41966256
0.90059525,0.41260776
0.9669573,0.42575848
0.9561642,0.44312033
0.8902243,0.42813453
0.873526,0.42907405
0.95156515,0.44722903
0.99241924,0.41300657
0.9026519,0.4346345
0.98652226,0.4563516
0.92154086,0.41754863
0.92839015,0.44370586
0.91361535,0.4487653
0.89527035,0.42471245
0.91177243,0.4258212
0.96857816,0.43506566
0.9964087,0.4060961
0.9635084,0.45507866
0.9515604,0.4410504
0.99553883,0.4475521
0.85168517,0.39873186
0.9537089,0.44329697
0.97625947,0.4482871
0.9541867,0.4385564
0.8950054,0.42501616
0.9549345,0.41296667
0.89981925,0.44239703
0.97878593,0.43943858
0.8874925,0.43673375
0.9790362,0.4614952
0.8916186,0.40497506
0.9531139,0.4428681
0.98977727,0.41740948
0.94855887,0.4312709
0.96173114,0.4138179
0.9466492,0.45139605
0.9764273,0.45139846
0.91843736,0.4147182
0.9732361,0.4462272
0.9680259,0.4445251
0.99284935,0.3968117
0.90365386,0.4067038
0.9567395,0.48409823
0.95854795,0.44345057
0.935827,0.45242995
0.9855471,0.44028038
0.97781694,0.45054194
0.97319305,0.45050174
0.87225527,0.4288152
0.9587792,0.4640336
0.8978496,0.43439454
0.81653875,0.40858465
0.9769533,0.46378484
0.9786508,0.43983334
0.95904434,0.39819524
0.9891035,0.42987096
0.9359563,0.4371647
0.95799714,0.43582162
0.9458262,0.3982136
0.957,0.43986657
0.96687025,0.43087226
0.9749924,0.45383665
0.9025002,0.4329199
0.94501007,0.47303176
0.9108624,0.42050445
0.90927255,0.4434503
0.9626254,0.4404843
0.9044196,0.42260936
0.9806635,0.43944505
0.99899256,0.4313286
0.832712,0.41663447
0.92777705,0.44203135
0.95112604,0.45683336
0.9386805,0.46057686
0.93336684,0.44560617
0.93079865,0.42205977
0.8420079,0.40203732
0.9859588,0.4357826
0.96061665,0.43350405
0.906078,0.42629287
0.92177963,0.44736323
0.91244483,0.4273647
0.9710683,0.48090896
0.9867245,0.45973098
0.9396785,0.432248
0.97644514,0.4449585
0.8830366,0.42550474
0.9480701,0.43311936
0.94032925,0.43954793
0.8796792,0.42221794
0.96034265,0.4535562
0.8758459,0.41547027
0.97451866,0.44807434
0.9545538,0.44614804
0.8887911,0.43161312
0.9413198,0.432518
0.89189386,0.42631438
0.9916382,0.4466963
0.91235715,0.44950926
0.9459648,0.45786163
0.97979814,0.4229791
0.99028516,0.44322369
0.91578245,0.44434816
0.9266883,0.46047822
0.9330021,0.4374262
0.89954746,0.43176034
0.902288,0.4334989
0.9170618,0.4267655
0.86382407,0.41863683
0.9998736,0.4127105
0.98619425,0.37965077
0.95361036,0.44553274
0.9277741,0.43690827
0.99988943,0.4252091
0.9315441,0.4502324
0.9882774,0.42595515
0.9115099,0.44664592
0.9345074,0.4011262
0.9488788,0.44118083
0.9462324,0.44149184
0.97709215,0.43096456
0.91369313,0.4149438
0.8405849,0.4081498
0.8958344,0.42604557
0.92487097,0.42250562
0.9658034,0.45759165
0.97327936,0.45741513
0.9205536,0.43418562
0.88773066,0.4448982
0.98053217,0.4176398
0.99851555,0.45149234
0.8831971,0.42677888
0.9071601,0.430306
0.9752793,0.44416538
0.9724532,0.44526485
0.98240143,0.44689164
0.9259063,0.4570305
0.95996165,0.45723784
0.8458933,0.42162958
0.89705354,0.41761243
0.9266777,0.42746395
0.997146,0.44299647
0.75611645,0.3712214
0.963661,0.44333798
0.88079077,0.40816757
0.9812287,0.42809656
0.977217,0.47066945
0.98345184,0.41043448
0.85673535,0.3950939
0.8884896,0.4073241
0.98008657,0.47476113
0.88425326,0.43181562
0.89660364,0.44169044
0.98007154,0.4287204
0.92692006,0.4569079
0.993463,0.46242946
0.9331624,0.44016176
0.98951584,0.45264786
0.9147103,0.45663092
0.95007694,0.36894372
0.95281094,0.44049498
0.9808896,0.4606362
0.97383165,0.45031318
0.9240725,0.45931596
0.9143061,0.4333861
0.8899753,0.42562196
0.905053,0.44672716
0.90605694,0.4096914
0.96178925,0.40689027
0.9375212,0.45095718
0.97227997,0.45205197
0.96423376,0.45118818
0.9850379,0.42461538
0.8696585,0.43659022
0.9289021,0.435475
0.94444424,0.45462486
0.875539,0.42797413
0.8471129,0.40111232
0.9566366,0.46183783
0.9412579,0.44853553
0.9341409,0.45833418
0.99075115,0.4534835
0.94729424,0.45415115
0.9947028,0.43073317
0.9478457,0.44541517
0.98695993,0.40002596
0.99513054,0.4237611
0.9612918,0.452955
0.9444562,0.43338707
0.9995208,0.46434033
0.89781666,0.41910085
0.929889,0.44162217
0.9846475,0.44468614
0.96352905,0.43792215
0.98456275,0.4297184
0.9142996,0.47056502
0.93551934,0.44675857
0.9961422,0.42430097
0.89606637,0.44437498
0.97469366,0.38244116
0.8430474,0.41351485
0.9941519,0.40155688
0.9193693,0.4429026
0.8812983,0.4172735
0.9756206,0.42917818
0.8450158,0.40333894
0.9700442,0.4546991
0.956016,0.46460548
0.9841178,0.43736356
0.9946467,0.43536547
0.9652845,0.45229244
0.88551056,0.44791746
0.94273174,0.4359826
0.9795894,0.44904763
0.9517942,0.44892147
-0.43054464,-0.86024237
-0.41099423,-0.845072
-0.4367207,-0.88682914
-0.42321113,-0.9567059
-0.44183964,-0.9581558
-0.46026325,-0.91301364
-0.44585901,-0.888194
-0.43597788,-0.9185647
-0.40805742,-0.8634461
-0.45220056,-0.9485461
-0.44626388,-0.97249484
-0.44970247,-0.8964854
-0.44593164,-0.98966974
-0.43100286,-0.97499865
-0.44330323,-0.991188
-0.41276464,-0.8346355
-0.42805046,-0.94508344
-0.43428138,-0.9073102
-0.4461097,-0.9626336
-0.4218423,-0.8777973
-0.41483364,-0.8562883
-0.44412255,-0.97386706
-0.45068944,-0.9637074
-0.4168564,-0.8802358
-0.44282967,-0.92080724
-0.449764,-0.97136056
-0.42478433,-0.9110609
-0.44658673,-0.9422694
-0.44499165,-0.9150876
-0.44106743,-0.9804586
-0.38873732,-0.84871924
-0.44909522,-0.9577703
-0.45042232,-0.9254021
-0.4483048,-0.98176724
-0.40936726,-0.88057905
-0.43352303,-0.93127906
-0.43897507,-0.9439175
-0.4113402,-0.9944365
-0.41643587,-0.9619635
-0.44381404,-0.96490747
-0.36293477,-0.81928235
-0.4379121,-0.946979
-0.42944542,-0.9170386
-0.44495723,-0.9135877
-0.4499678,-0.98260415
-0.4408941,-0.8885866
-0.42868388,-0.97493535
-0.4253093,-0.9539299
-0.43233025,-0.8796861
-0.43937936,-0.95256317
-0.45562378,-0.93577063
-0.4412549,-0.9853713
-0.4446465,-0.9146161
-0.43577313,-0.87427294
-0.44229826,-0.90869784
-0.45377508,-0.8857095
-0.37164256,-0.8424584
-0.42227122,-0.9415298
-0.44963494,-0.9921367
-0.40670145,-0.79871184
-0.44581163,-0.93109477
-0.4663141,-0.9590722
-0.4424589,-0.97382367
-0.4073885,-0.8537605
-0.4332071,-0.963214
-0.38799447,-0.8401681
-0.4601735,-0.94099593
-0.4055797,-0.9942703
-0.43954754,-0.98309153
-0.45356783,-0.913471
-0.43222308,-0.99756753
-0.44058898,-0.9111143
-0.42410168,-0.9785648
-0.43049258,-0.88267124
-0.43800956,-0.97341406
-0.45099026,-0.95378745
-0.4284978,-0.91382563
-0.44039667,-0.97224706
-0.433046,-0.90208006
-0.42505702,-0.9179594
-0.42747277,-0.8975732
-0.42389333,-0.9188521
-0.43810344,-0.95546556
-0.43263018,-0.93023235
-0.4441094,-0.97058415
-0.4433752,-0.92986476
-0.43126613,-0.9470463
-0.42747864,-0.9797307
-0.4474508,-0.9494335
-0.45133486,-0.9511716
-0.44317263,-0.9531315
-0.4423148,-0.9908892
-0.44968098,-0.9866025
-0.40914294,-0.8293407
-0.42815182,-0.9986459
-0.3975626,-0.8674286
-0.42928046,-0.9833122
-0.43419728,-0.9155016
-0.42544332,-0.86255294
-0.4458159,-0.918702
0.9839933,0.45387974
0.8596611,0.43015513
0.98793876,0.4316399
0.9899392,0.45969617
0.9953913,0.4408574
0.96495086,0.44287992
0.89499444,0.43007773
0.886664,0.42425886
0.9935244,0.44598347
0.8919226,0.430286
0.95427215,0.42344534
0.8884331,0.41227898
0.8421574,0.40146196
0.921999,0.44694197
0.9325258,0.4498399
0.9553685,0.4188502
0.94488156,0.44381738
0.86672765,0.43460542
0.9739717,0.43257564
0.971996,0.4432309
0.9604659,0.44871575
0.92351764,0.4445508
0.8581917,0.42584348
0.9168806,0.4204486
0.99048316,0.43796107
0.97377753,0.44395006
0.8559764,0.40860716
0.9340125,0.41657913
0.9394274,0.44607952
0.9620851,0.44543692
0.96253836,0.45011342
0.96303153,0.446656
0.93210405,0.44213784
0.9151354,0.43764666
0.8904676,0.43407682
0.88248086,0.40100202
0.9901905,0.4317106
0.85729885,0.43503785
0.9998223,0.42914173
0.8769674,0.41005644
0.9324358,0.43277583
0.9540839,0.44665825
0.9290588,0.43079218
0.99007636,0.45900562
0.940022,0.45423335
0.9587535,0.4371486
0.96038437,0.45909902
0.9668279,0.45150176
0.97929424,0.4200363
0.98019767,0.42097405
0.9120631,0.42556384
0.9149879,0.4379349
0.9596892,0.44164357
0.92506593,0.46166655
0.95209545,0.44508955
0.96230793,0.44239232
0.9620543,0.4372573
0.94102776,0.42329556
0.97956616,0.44952247
0.91059446,0.4569253
0.91589415,0.41210246
0.97102785,0.44959393
0.9642441,0.44121823
0.91870475,0.4507847
0.98230064,0.45324358
0.9322867,0.4672373
0.91679686,0.42788568
0.95180094,0.44245642
0.9216953,0.46750703
0.92063624,0.4336245
0.933192,0.44880474
0.99281174,0.46075308
0.9267746,0.4208308
0.9808715,0.3801482
0.89190173,0.39202142
0.9799587,0.43352854
0.95884323,0.383382
0.97388464,0.44452494
0.87561435,0.4490086
0.960323,0.41434833
0.9704267,0.39818692
0.9198407,0.44401202
0.9937088,0.45621797
0.96763843,0.43487844
0.9650148,0.44776073
0.94953215,0.4334126
0.8200241,0.41953012
0.9603245,0.4455463
0.99782383,0.4477454
0.9065922,0.4382801
0.9962566,0.421422
0.99184287,0.434563
0.8664593,0.44271904
0.9591952,0.4643406
0.89550334,0.4167135
0.9300554,0.44909295
0.9975254,0.43435234
0.9486105,0.46534246
0.9977285,0.45526963
0.99377656,0.4313668
-0.43811855,-0.9727917
-0.42567724,-0.9686634
-0.45953056,-0.98817915
-0.44165835,-0.94204473
-0.42870486,-0.951469
-0.43667236,-0.9168346
-0.43809804,-0.97103083
-0.4220191,-0.9074122
-0.41661125,-0.8965236
-0.42532367,-0.922317
-0.44993842,-0.97575134
-0.43438378,-0.9733536
-0.43681133,-0.96456754
-0.43837774,-0.99200976
-0.44342417,-0.97099984
-0.43149754,-0.99425703
-0.44613615,-0.96246713
-0.4275428,-0.90536207
-0.43893778,-0.9980302
-0.4192354,-0.9738391
-0.449307,-0.9628849
-0.4246479,-0.8860206
-0.42718878,-0.98804665
-0.391991,-0.9364073
-0.42624632,-0.9299176
-0.43511152,-0.9416703
-0.40840018,-0.8730333
-0.45726624,-0.9624507
-0.43611145,-0.99832356
-0.43407142,-0.8795882
-0.44562256,-0.88718987
-0.41049004,-0.93707204
-0.42047554,-0.9428764
-0.43737692,-0.87960297
-0.45618102,-0.9964635
-0.4377355,-0.9692674
-0.4493042,-0.94144714
-0.4301765,-0.98181415
-0.43845767,-0.9227406
-0.4285945,-0.8780266
-0.43158087,-0.89439034
-0.41072518,-0.8702078
-0.41990614,-0.90465033
-0.43940705,-0.9587819
-0.43757644,-0.9097015
-0.42093772,-0.90365607
-0.43352503,-0.914039
-0.44648653,-0.99617827
-0.44259787,-0.920008
-0.44787097,-0.8607874
-0.43906513,-0.9527783
-0.43969217,-0.95478827
-0.4356711,-0.96822035
-0.443438,-0.8991226
-0.4175604,-0.8940574
-0.43769103,-0.91032124
-0.43815085,-0.9494871
-0.44314814,-0.96376467
-0.44965234,-0.90135264
-0.4266558,-0.97755456
-0.45103478,-0.93845874
-0.4276524,-0.91913867
-0.4223154,-0.97912043
-0.44148943,-0.9398473
-0.4333618,-0.99640685
-0.41028526,-0.87213385
-0.4230196,-0.85587376
-0.41387784,-0.86226225
-0.4479169,-0.9658627
-0.44068262,-0.98620224
-0.42067882,-0.8815735
-0.43193996,-0.8575057
-0.4451849,-0.9792328
-0.43844226,-0.9437959
-0.41484818,-0.9594128
-0.4263438,-0.82428527
-0.42944524,-0.98214895
-0.41494548,-0.97120017
-0.3952018,-0.8954152
-0.40579867,-0.9969947
-0.40134758,-0.87434787
-0.4362642,-0.92305326
-0.44553068,-0.98792464
-0.43528435,-0.9993546
-0.42803136,-0.91476226
-0.44549897,-0.93187493
-0.44166845,-0.923856
-0.4529691,-0.919008
-0.43773472,-0.97165054
-0.45504084,-0.9632516
-0.45485306,-0.958014
-0.35409382,-0.80779386
-0.44480604,-0.91440034
-0.4395585,-0.9619537
-0.44011834,-0.95422214
-0.44412988,-0.94605666
-0.46118712,-0.958827
-0.43131426,-0.9061779
-0.43802187,-0.9146193
-0.42932835,-0.8640286
-0.38666323,-0.850462
-0.458161,-0.946039
-0.4454783,-0.9979133
-0.4584561,-0.9648932
-0.44679928,-0.9082757
-0.43065184,-0.9695692
-0.42259717,-0.99607503
-0.4576713,-0.9439443
-0.44868347,-0.9402059
-0.42489353,-0.9070936
-0.43122786,-0.8808164
-0.44669607,-0.9434409
-0.4433788,-0.984242
-0.431965,-0.9818397
-0.4468183,-0.93115634
-0.4345408,-0.9509799
-0.45359266,-0.92265415
-0.4389654,-0.9395438
-0.45035827,-0.9212542
-0.44152534,-0.9577143
-0.42511025,-0.87947935
-0.43525952,-0.96841425
-0.43128422,-0.8981439
-0.42621803,-0.91182894
-0.4569635,-0.9669191
-0.44108307,-0.864584
-0.43391716,-0.9763189
-0.4220255,-0.87302786
-0.43338087,-0.9241957
-0.44741502,-0.9726942
-0.4478293,-0.90873426
-0.45500287,-0.9973566
-0.4489847,-0.9869862
-0.4152327,-0.9804503
-0.44616705,-0.99383366
-0.43162766,-0.96152204
-0.46403652,-0.9775656
-0.4454392,-0.9446022
-0.43120214,-0.9983359
-0.41900596,-0.90799236
-0.41038355,-0.88875973
-0.4233916,-0.92669266
-0.43587524,-0.9574362
-0.40649334,-0.893617
-0.4036725,-0.8656836
-0.44735822,-0.9811707
-0.4507839,-0.9151243
-0.47045577,-0.94771874
-0.41476077,-0.8883922
-0.42777613,-0.8867586
-0.45320216,-0.9034641
-0.4443702,-0.96179366
-0.43073738,-0.95321137
-0.41926193,-0.8651596
-0.40808305,-0.9821083
-0.4511051,-0.95123154
-0.43039724,-0.9790161
-0.4291603,-0.8952023
-0.4552636,-0.9276541
-0.45179906,-0.98569137
-0.4397283,-0.9811102
-0.43680182,-0.93058383
-0.4371947,-0.92824835
-0.44576716,-0.9824291
-0.4416508,-0.98950917
-0.4348286,-0.99995995
-0.4565968,-0.96498376
-0.43262294,-0.88661337
-0.4509179,-0.9332124
-0.43019637,-0.90645665
-0.4213198,-0.9529289
-0.431622,-0.8839193
-0.44312453,-0.9275216
-0.43545967,-0.992926
-0.42972162,-0.9779517
-0.44404462,-0.9276866
-0.44126892,-0.9464562
-0.44258285,-0.972216
-0.4381156,-0.93315405
-0.44530624,-0.95516443
-0.43079382,-0.8990803
-0.448699,-0.9463373
-0.42461437,-0.85807776
-0.43952996,-0.91481215
-0.45151162,-0.93794376
-0.43608323,-0.9877195
-0.44588014,-0.9125688
-0.4430578,-0.9906612
-0.43863228,-0.8965954
-0.44353345,-0.95007783
-0.44449237,-0.9497818
-0.43068308,-0.9023901
-0.41775274,-0.95103985
-0.43404827,-0.8733036
-0.44612578,-0.98210096
-0.42137566,-0.91394025
-0.42273274,-0.8941048
-0.44485658,-0.9532996
-0.393671,-0.84461695
-0.44812417,-0.9314705
0.90062946,0.42038742
0.9884022,0.4436562
0.860384,0.43773153
0.9869967,0.4556838
0.9998011,0.43913016
0.97017,0.44530162
0.9260851,0.42754382
0.9834582,0.4411688
0.9110383,0.42376256
0.99940133,0.44790587
0.9309306,0.44131863
0.9337414,0.46235326
0.9384494,0.42865258
0.98346287,0.45010254
0.98224616,0.438512
0.9183732,0.45260233
0.9846023,0.43395194
0.9334837,0.41757327
0.9325708,0.41585454
0.87631243,0.43546838
0.9905183,0.45094526
0.97574633,0.43858325
0.8940157,0.40873018
0.9637933,0.43682837
0.97135806,0.449038
0.9247062,0.4347482
0.8480771,0.3912322
0.89123076,0.44112575
0.9369228,0.42900476
0.94552255,0.42977154
0.9630768,0.44725478
0.9378071,0.45700383
0.98559,0.4466699
0.96680087,0.42618895
0.84565175,0.44314557
0.9917216,0.4060782
0.92721313,0.46426892
0.9984483,0.45533633
0.86169726,0.41488135
0.97180307,0.41668215
0.9115473,0.43916914
0.93272626,0.42593145
0.93185365,0.43805918
0.8998401,0.44014665
0.8350809,0.41023576
0.9911016,0.46196416
0.9070138,0.42502335
0.9116053,0.44945934
0.97938174,0.45241717
0.8904743,0.4095578
0.9604988,0.45867613
0.9739102,0.42931974
0.8077029,0.39471892
0.9364049,0.45703244
0.9625209,0.45133382
0.94306886,0.43613285
0.9402641,0.44287884
0.9418491,0.45161518
0.9924545,0.44539267
0.91626275,0.43536973
0.9478977,0.43964753
0.86583614,0.4287858
0.9618722,0.44841293
0.8516551,0.39026418
0.9857418,0.39592227
0.96202075,0.45941976
0.93812424,0.36697933
0.89994514,0.44396412
0.8606158,0.42155015
0.9628964,0.42474785
0.9387083,0.4481936
0.83253574,0.3992161
0.9609587,0.43692338
0.97802687,0.4491932
0.87147975,0.41459247
0.98925894,0.42789707
0.9344932,0.43244147
0.9437859,0.4520233
0.9487879,0.45100918
0.93244463,0.44294992
0.86081076,0.4197383
0.83700967,0.4273249
0.8594916,0.4008308
0.99613863,0.46152407
0.89459085,0.44166967
0.89350826,0.44965008
0.9959685,0.4480534
0.87864625,0.41389626
0.8961398,0.43951145
0.9538964,0.45249042
0.89284605,0.4416212
0.93039525,0.45373815
0.9575514,0.4364242
0.99004525,0.40031406
0.91416854,0.43327332
0.98970824,0.44773433
0.998061,0.44675204
0.9873756,0.4181219
0.96805716,0.47162357
0.88724256,0.4578123
-0.43440118,-0.9480807
-0.44785228,-0.90056735
-0.44131976,-0.87580156
-0.42814735,-0.9680882
-0.44524574,-0.9873494
-0.42519873,-0.8789212
-0.4277927,-0.9388294
-0.42739674,-0.88112044
-0.4496259,-0.9397481
-0.39857772,-0.85456246
-0.4505375,-0.9870525
-0.44557694,-0.9528338
-0.4362731,-0.89560395
-0.42961016,-0.9084531
-0.42816123,-0.86467314
-0.44622716,-0.953958
-0.41949576,-0.8663456
-0.43789378,-0.89382184
-0.45052138,-0.9611551
-0.4504034,-0.94177246
-0.44421616,-0.9792071
-0.43509293,-0.9930445
-0.42911413,-0.9351311
-0.43217117,-0.9947171
-0.4387016,-0.9242989
-0.44908637,-0.96877986
-0.44836786,-0.94285375
-0.40949646,-0.86931777
-0.42159793,-0.86758345
-0.4502757,-0.98473674
-0.41224146,-0.99640644
-0.41636786,-0.8901369
-0.44100025,-0.91024214
-0.42979893,-0.9037519
-0.44018385,-0.88882846
-0.4455497,-0.9584102
-0.42811275,-0.83211553
-0.45057493,-0.9405069
-0.4359748,-0.85924214
-0.40162444,-0.8819299
-0.43839893,-0.879648
-0.41344288,-0.9205954
-0.44687968,-0.9444027
-0.42524755,-0.92528534
-0.43797556,-0.91736704
-0.4357596,-0.9134763
-0.4476884,-0.951013
-0.41839877,-0.8596299
-0.40608335,-0.99807495
-0.44092858,-0.9852746
-0.43152532,-0.9926298
-0.45269123,-0.97480243
-0.45537433,-0.9178358
-0.43892685,-0.8772054
-0.4389989,-0.9122994
-0.4422842,-0.9360909
-0.40904838,-0.8897283
-0.43943557,-0.9657467
-0.412152,-0.91619736
-0.44675577,-0.9950992
-0.46524644,-0.94092643
-0.43018213,-0.9591098
-0.43647486,-0.86271715
-0.41113138,-0.9993019
-0.42840397,-0.8968652
-0.42527178,-0.92809844
-0.4342851,-0.8955857
-0.43601835,-0.9895152
-0.4543077,-0.99907136
-0.42704427,-0.9038786
-0.44537374,-0.99320453
-0.42385843,-0.8960065
-0.44134134,-0.9753108
-0.45965582,-0.964428
-0.43436465,-0.90151554
-0.43148687,-0.9844511
-0.43071932,-0.99994713
-0.4517597,-0.9595277
-0.44722,-0.9815389
-0.43564978,-0.9075951
-0.45394412,-0.94329685
-0.44347525,-0.91133666
-0.45205536,-0.93990266
-0.4272291,-0.98881024
-0.437496,-0.96180326
-0.4295809,-0.97293276
-0.44233012,-0.9311533
-0.46169752,-0.9787614
-0.43847853,-0.9769583
-0.42955884,-0.8793597
-0.45621568,-0.9806077
-0.40573925,-0.88398105
-0.44594863,-0.92119473
-0.41746262,-0.8799402
-0.45333675,-0.97933894
-0.44484168,-0.96664244
-0.43792805,-0.9710072
-0.45238546,-0.9535239
-0.42857677,-0.9180828
-0.43447548,-0.9711847
0.95634985,0.4603307
0.9213491,0.4154545
0.98752254,0.44027534
0.9070074,0.44657215
0.97251326,0.44791985
0.8457545,0.45001218
0.95203465,0.40097183
0.98523414,0.41597316
0.988091,0.4575055
0.90622723,0.44972426
0.998607,0.42621517
0.9447164,0.43739605
0.9424652,0.44764358
0.98816496,0.39891386
0.9737693,0.4585857
0.85357755,0.4168728
0.9243855,0.41796216
0.93544537,0.427753
0.9624256,0.43844128
0.9771077,0.41903952
0.9592144,0.44978467
0.88769567,0.417238
0.94293725,0.43100348
0.97857726,0.44685218
0.9726225,0.45194337
0.90483856,0.43855628
0.87283754,0.42227504
0.9647471,0.4312252
0.9414197,0.45490223
0.9340445,0.43588242
0.9778885,0.42675695
0.91116524,0.442189
0.9220862,0.44907534
0.9822669,0.4442811
0.8124618,0.3964353
0.9727099,0.4508174
0.96236295,0.4523094
0.9143453,0.4242077
0.94408804,0.43126988
0.91662955,0.42916024
0.91304517,0.46474367
0.91205704,0.42218173
0.9702074,0.4250465
0.92307764,0.44375947
0.9377657,0.41475824
0.88680637,0.43596467
0.84830326,0.39083567
0.9532801,0.45459655
0.9394097,0.42058048
0.9227798,0.38396487
0.9644735,0.4511687
0.96683306,0.4329953
0.98248905,0.3929244
0.99264514,0.43469942
0.98050815,0.45442367
0.98289233,0.44310907
0.8341532,0.41947615
0.9603164,0.4398373
0.96274537,0.44017148
0.99582,0.42853782
0.86831987,0.41223502
0.9793112,0.45585164
0.92241424,0.44367146
0.88184565,0.42035252
0.955857,0.4439731
0.9071666,0.44769225
0.9475459,0.45321852
0.87847084,0.41220286
0.89170635,0.41392928
0.9664939,0.4478966
0.94291335,0.432275
0.9939386,0.44964448
0.9822589,0.43937802
0.95893955,0.4442431
0.9490835,0.4677801
0.914333,0.44107434
0.97406477,0.45085913
0.993904,0.38454688
0.9806288,0.44855273
0.9988493,0.4096713
0.89684176,0.43336397
0.95648843,0.4457144
0.9264872,0.4460567
0.98707944,0.44281816
0.97657084,0.4560987
0.9561371,0.44460797
0.97253853,0.42992455
0.9108529,0.4285405
0.9346567,0.4312317
0.9661885,0.44547653
0.94878334,0.4564686
0.92861384,0.42831644
0.98870295,0.4287572
0.9170273,0.4261679
0.9618215,0.45424074
0.9959442,0.4279735
0.8824158,0.42511225
0.9225973,0.43042457
0.9704535,0.43014094
0.924769,0.448937
0.91794574,0.42029384
0.9712997,0.4611426
0.94211406,0.45567364
0.98165774,0.4345179
0.88842005,0.45285833
0.9592656,0.46480218
0.98071814,0.43084738
0.95620596,0.42837822
0.87479454,0.41478541
0.9916763,0.4386363
0.99859875,0.43179747
0.98260915,0.41800272
0.93823326,0.4385078
0.92120177,0.4448289
0.9332723,0.41201067
0.9010631,0.43070206
0.9815562,0.4542988
0.906439,0.4269808
0.92368734,0.4370502
0.9651571,0.41401333
0.8521245,0.4126615
0.9959651,0.4409445
0.902561,0.44519797
0.89477146,0.41909832
0.9722394,0.41226286
0.9720097,0.42928243
0.98386055,0.43391377
0.9523267,0.44338754
0.9721306,0.4647426
0.9745111,0.45396397
0.9647447,0.4540845
0.91755575,0.4254828
0.928541,0.45859712
0.9602734,0.41619128
0.8347987,0.40622866
0.9213785,0.42798838
0.9791435,0.4522264
0.90133154,0.4278802
0.8379595,0.404508
0.98819053,0.43260428
0.90886134,0.41819203
0.9868739,0.4421071
0.989111,0.4524979
0.98893243,0.4489515
0.87685174,0.40995187
0.95474577,0.44174498
0.94842243,0.43181065
0.96803916,0.4407798
0.9714254,0.44050664
0.9239793,0.41668952
0.8957897,0.42217544
0.97379494,0.44787732
0.93670934,0.45103934
0.94472367,0.41581142
0.92730355,0.46168974
0.9098231,0.43404165
0.9951056,0.4279645
0.97429514,0.42167303
0.9989581,0.44201538
0.9615495,0.46606413
0.91169935,0.4572691
0.97805995,0.42683733
0.9116905,0.43080837
0.93710774,0.44439775
0.9377151,0.42022124
0.8851896,0.44025567
0.91470706,0.4439001
0.93240994,0.41558984
0.8991343,0.44863573
0.91591066,0.42060316
0.92036927,0.44958565
0.9148523,0.43503988
0.93517494,0.42912984
0.9337223,0.43193305
0.9147528,0.4187989
0.86786836,0.41170502
0.93667847,0.4581012
0.97869146,0.4356275
0.99455917,0.47754002
0.9780067,0.45641363
0.9666809,0.4405205
0.95214456,0.4430995
0.90274453,0.44849572
0.9924296,0.41792747
0.9705604,0.4698816
0.8554579,0.43461657
0.9553889,0.45672998
0.8111199,0.39315715
0.9021185,0.4504502
0.97682935,0.45041466
0.84117925,0.42037445
0.9492666,0.44373852
0.9676814,0.43744025
0.94810766,0.41207027
0.9740435,0.47030166
0.8746988,0.39739293
0.9395563,0.43566275
0.928558,0.46487424
0.91007596,0.43809387
0.88105166,0.46378064
0.90681505,0.4356241
0.8841415,0.43345895
0.9205154,0.41815072
0.983144,0.4558347
0.95011127,0.42692113
0.9257929,0.46130365
0.88203573,0.40627363
0.9438355,0.4203546
0.9707839,0.4414395
0.94925946,0.4593298
0.9558949,0.45138556
0.9378753,0.43226194
0.8674855,0.425853
0.9341684,0.4672679
0.9926346,0.41721722
0.99587905,0.44286355
0.9874635,0.43014127
0.8692009,0.43536544
0.915386,0.43775964
0.94975823,0.45706323
0.92087936,0.4421094
0.91269326,0.4235675
0.8990081,0.443508
0.9296912,0.44602212
0.94467634,0.43610427
0.9591563,0.44690663
0.9962401,0.44252557
0.92875546,0.42607102
0.8894684,0.37438947
0.8306415,0.4205742
0.94824374,0.46874726
0.8344292,0.41297045
0.9440309,0.44386384
0.8532414,0.40154552
0.8916904,0.42503297
0.93059224,0.44893697
0.9722401,0.45658833
0.9256564,0.42443368
0.9778669,0.43818092
0.98988074,0.40996584
0.94585484,0.41197327
0.9922689,0.43153688
0.9703143,0.44231096
0.8847687,0.44468576
0.92031896,0.44756433
0.873076,0.42590827
0.96358436,0.45933458
0.97222406,0.4827904
0.8789146,0.4130862
0.9440732,0.43508562
0.98861074,0.4426279
0.99869543,0.3698423
0.99112815,0.42690468
0.9431235,0.4466962
0.9981465,0.43664357
0.928729,0.44153878
0.99412173,0.44047692
0.9591229,0.46456528
0.9556093,0.45252663
0.96729136,0.46477255
0.88327026,0.411168
0.96247923,0.44534552
0.99894977,0.4138516
0.902594,0.4227075
0.99805015,0.4507169
0.9834739,0.4568414
0.9414037,0.4509084
0.94058996,0.42738736
0.9910298,0.42976847
0.9924522,0.4365606
0.9918295,0.44539395
0.9504144,0.46803042
0.9409363,0.43920228
0.99933004,0.42411605
0.9430489,0.43086487
0.9586924,0.44471666
0.9747512,0.44948265
0.89509636,0.42554826
0.937115,0.4612541
0.9218257,0.4400932
0.8571677,0.4283862
0.8171928,0.38243926
0.97648615,0.44264185
0.99116373,0.44242853
0.98436046,0.42372546
0.8543099,0.40575075
0.8471786,0.3830611
0.9158868,0.43830222
0.9321063,0.43147135
0.94825166,0.44156945
0.9089663,0.44100267
0.8029471,0.4031261
0.94715273,0.4571591
0.8873787,0.40564647
0.92749006,0.44957983
0.9642286,0.45053583
0.9183363,0.41081023
0.93608576,0.43270507
0.9591565,0.44775
0.9358351,0.43591467
-0.4445564,-0.9575131
-0.45909476,-0.95777994
-0.4283397,-0.9418229
-0.42875934,-0.9246652
-0.44908878,-0.98323727
-0.4348184,-0.9886958
-0.4576152,-0.96915793
-0.43346402,-0.99502033
-0.45421764,-0.9120454
-0.43860558,-0.86955374
-0.4484227,-0.9601374
-0.42497954,-0.90006024
-0.43550557,-0.9042128
-0.45270845,-0.9568274
-0.4340998,-0.95574415
-0.4408526,-0.8888124
-0.42113757,-0.9174857
-0.44153273,-0.9688852
-0.42123538,-0.9727509
-0.45438832,-0.95963335
-0.44869575,-0.9757706
-0.41942015,-0.9110131
-0.43852437,-0.9566456
-0.4464103,-0.9718639
-0.43615794,-0.93649524
-0.44361877,-0.98578256
-0.42540094,-0.90735734
-0.44662237,-0.9333398
-0.43705565,-0.9154851
-0.43321392,-0.95309365
-0.4282825,-0.924588
-0.46307305,-0.93209064
-0.4495383,-0.9063866
-0.4480881,-0.9665819
-0.4331422,-0.92909193
-0.4209385,-0.969166
-0.44351485,-0.97015953
-0.42406592,-0.94869006
-0.4493902,-0.95895374
-0.41610184,-0.98874795
-0.44309813,-0.94526887
-0.468616,-0.95068276
-0.43216416,-0.9075152
-0.4450189,-0.9598933
-0.4385511,-0.96160424
-0.44349635,-0.92967707
-0.4472952,-0.96666366
-0.43549648,-0.94772
-0.42944956,-0.8890471
-0.42388707,-0.8904038
-0.4333768,-0.9530987
-0.4226424,-0.9727575
-0.43852583,-0.9795605
-0.44042447,-0.91092324
-0.42533708,-0.99187934
-0.4265059,-0.86977947
-0.4209176,-0.8981212
-0.41946656,-0.8789133
-0.44351634,-0.91326934
-0.42923853,-0.91603225
-0.42100704,-0.9044548
-0.4425899,-0.9579839
-0.44722152,-0.92136043
-0.45050058,-0.9585291
-0.43760538,-0.90707994
-0.42630467,-0.904355
-0.37548062,-0.82222664
-0.4444152,-0.8828625
-0.44009852,-0.940116
-0.44497776,-0.8730633
-0.4105908,-0.8641074
-0.41762772,-0.9271698
-0.4223293,-0.95145303
-0.4542693,-0.95837903
-0.4608718,-0.9752714
-0.4179406,-0.97365254
-0.4484053,-0.9687344
-0.40782148,-0.9289703
-0.43813524,-0.9632914
-0.42510238,-0.8661656
-0.42739558,-0.9193972
-0.43750238,-0.9706305
-0.4358215,-0.9849273
-0.4234772,-0.93881136
-0.4441449,-0.9921303
-0.4376516,-0.93009496
-0.438412,-0.9539578
-0.44739154,-0.91790724
-0.44213894,-0.9765073
-0.45417327,-0.96243125
-0.44425356,-0.9560787
-0.44584832,-0.9706232
-0.43682835,-0.9289444
-0.44968614,-0.9721232
-0.41386837,-0.93821746
-0.43809882,-0.9835696
-0.42988414,-0.93332124
-0.44901168,-0.9278219
-0.44188234,-0.9613025
-0.4498041,-0.9351761
0.9168428,0.4468377
0.99585044,0.4528336
0.9772071,0.466463
0.8922627,0.42854467
0.87446404,0.41473237
0.91236657,0.456775
0.9667884,0.4741184
0.95025635,0.42276675
0.99671215,0.4233379
0.867167,0.40343955
0.95678276,0.45683625
0.84126467,0.42192975
0.89159423,0.45689607
0.83335096,0.4168724
0.9464862,0.46361995
0.96027905,0.41485152
0.966782,0.4337757
0.993357,0.4493566
0.99705833,0.4570015
0.95329446,0.4606268
0.94772035,0.4305309
0.9608464,0.44618797
0.9824921,0.43714342
0.8948512,0.44403416
0.9822069,0.4398409
0.85622376,0.39699072
0.9629198,0.40473717
0.942678,0.42743886
0.8940757,0.41815507
0.99585056,0.42570376
0.9756404,0.45804647
0.91033214,0.44675148
0.9604543,0.4464094
0.9805592,0.43455997
0.9027962,0.4491423
0.9317735,0.4438916
0.9723594,0.41150478
0.9994518,0.40143555
0.993763,0.40673307
0.8997009,0.4447588
0.9930605,0.43169796
0.9342885,0.4285354
0.9698025,0.4447677
0.9827044,0.38779905
0.9807502,0.43237698
0.9813876,0.45046583
0.91429865,0.43898648
0.99249244,0.4648055
0.9739539,0.45589587
0.97807497,0.440559
0.92431897,0.3975329
0.9901973,0.4379907
0.95287305,0.4326771
0.91337925,0.44945878
0.93429524,0.45326352
0.9724468,0.45333952
0.90573335,0.45381203
0.802867,0.40010536
0.91748655,0.4119269
0.95856565,0.44475472
0.9626025,0.44832766
0.964969,0.40230486
0.9463855,0.44980463
0.946009,0.43384778
0.9461326,0.43285698
0.9031861,0.43375525
0.99697137,0.4532252
0.97449654,0.45344627
0.8588128,0.43147704
0.940966,0.45414674
0.99760264,0.42989123
0.9804926,0.4432997
0.9637585,0.44022065
0.9772121,0.43722624
0.9083601,0.4262827
0.94452184,0.43853363
0.9621925,0.41737494
0.863931,0.39121976
0.9553714,0.44969782
0.91441363,0.4374404
0.9391674,0.4446242
0.87915695,0.40810412
0.9590885,0.4477788
0.9078886,0.43040416
0.93042016,0.4440959
0.9544719,0.44352996
0.9230172,0.43400642
0.913243,0.45134118
0.89451677,0.41620305
0.9410869,0.44663137
0.9421718,0.459376
0.8911593,0.42613587
0.9504503,0.46567398
0.96173847,0.44129613
0.9597785,0.40304014
0.96206266,0.43784326
0.85587573,0.43924025
0.97895247,0.45202088
0.9642803,0.4418347
0.9411998,0.4490887
-0.41398033,-0.95969474
-0.440968,-0.9755428
-0.4265883,-0.9974127
-0.43487853,-0.9644947
-0.45116723,-0.9466736
-0.44554874,-0.94148386
-0.41256052,-0.8810626
-0.45362064,-0.941525
-0.37926465,-0.84132147
-0.4321873,-0.9645434
-0.43496946,-0.9802315
-0.40873367,-0.8570067
-0.40329295,-0.8793835
-0.43012163,-0.91462827
-0.43308714,-0.8892027
-0.453396,-0.9682482
-0.3886316,-0.8370383
-0.4137696,-0.8660772
-0.42672163,-0.9503045
-0.42569304,-0.84928715
-0.43445796,-0.9386842
-0.4307104,-0.88686496
-0.43855032,-0.95924956
-0.42537734,-0.88082016
-0.43729773,-0.9364755
-0.4392298,-0.90018564
-0.43815652,-0.8895553
-0.4367095,-0.96434075
-0.4278267,-0.9580008
-0.45301208,-0.951189
-0.43231905,-0.9796183
-0.4151857,-0.8691097
-0.42340913,-0.9864005
-0.4234114,-0.99907106
-0.44816026,-0.9874894
-0.43015215,-0.95720917
-0.45436695,-0.94893616
-0.44129696,-0.949228
-0.42012224,-0.94478446
-0.4430832,-0.99533254
-0.45952934,-0.93757236
-0.434052,-0.9011332
-0.42359376,-0.9018736
-0.4287126,-0.9329835
-0.41986808,-0.85090214
-0.4292388,-0.85684294
-0.43911976,-0.9368729
-0.45159614,-0.9850275
-0.43687,-0.8389815
-0.45064318,-0.98062366
-0.45207775,-0.98659396
-0.47122374,-0.9331803
-0.44650608,-0.9961859
-0.44183347,-0.96233696
-0.43618864,-0.92609787
-0.45209923,-0.9726829
-0.37453106,-0.99899095
-0.43890694,-0.943951
-0.4572169,-0.9875144
-0.44980258,-0.9638995
-0.44831946,-0.9948114
-0.4297583,-0.89756393
-0.46204448,-0.9743317
-0.3950656,-0.831145
-0.44047174,-0.955186
-0.45434567,-0.93107116
-0.41742337,-0.8861822
-0.44702795,-0.97666574
-0.4276034,-0.94637936
-0.43720135,-0.9117898
-0.41541886,-0.9106272
-0.435653,-0.93136454
-0.43211,-0.8988272
-0.453284,-0.968992
-0.44722536,-0.95029336
-0.45348343,-0.94783145
-0.4376343,-0.94533706
-0.42750576,-0.9694167
-0.40946022,-0.9660138
-0.4133483,-0.85205555
-0.40171072,-0.9961559
-0.44634664,-0.9661497
-0.43962252,-0.990682
-0.44005555,-0.9733003
-0.42012277,-0.96341085
-0.41550577,-0.88377225
-0.41593355,-0.87295926
-0.43031263,-0.88387656
-0.38282353,-0.8434733
-0.44423828,-0.9705218
-0.4559379,-0.907174
-0.42733985,-0.9882242
-0.42219493,-0.9876521
-0.45020014,-0.98719066
-0.42681158,-0.9801091
-0.44131815,-0.9888329
-0.44515884,-0.9208306
-0.45502096,-0.9677498
-0.43806183,-0.9771628
-0.44544035,-0.9275885
-0.44630438,-0.99933493
-0.43928853,-0.93593884
-0.4438531,-0.9439273
-0.43372408,-0.9940808
-0.44176018,-0.97499615
-0.4415642,-0.98036295
-0.4389985,-0.9475417
-0.43895602,-0.99390805
-0.4369408,-0.93957865
-0.43473893,-0.90813386
-0.43435958,-0.9424845
-0.42443353,-0.9071556
-0.464577,-0.9194406
-0.4150332,-0.8434412
-0.4538228,-0.95813686
-0.4185295,-0.8728981
-0.44369903,-0.9638445
-0.46279392,-0.93705255
-0.45896918,-0.9155297
-0.42969397,-0.9143757
-0.4365173,-0.9509379
-0.4373535,-0.91349226
-0.43912965,-0.99810815
-0.38825744,-0.85648733
-0.40279537,-0.9807345
-0.44600224,-0.88482314
-0.45637068,-0.9739839
-0.44800538,-0.9543728
-0.43498406,-0.9137112
-0.3693504,-0.9738436
-0.41257977,-0.9600064
-0.44577307,-0.9637444
-0.4363664,-0.9448097
-0.43339717,-0.917102
-0.42630106,-0.9997619
-0.4501044,-0.95465076
-0.42753878,-0.9625391
-0.4471616,-0.9151579
-0.42491034,-0.91764396
-0.4394411,-0.99527234
-0.46032533,-0.91066754
-0.44039902,-0.9583256
-0.42559126,-0.8956869
-0.4365698,-0.95870376
-0.45137885,-0.9499715
-0.45804313,-0.9407871
-0.44369292,-0.89745975
-0.44406268,-0.93345153
-0.4417616,-0.9806748
-0.3879012,-0.89180005
-0.43199176,-0.8882642
-0.42649183,-0.9092809
-0.43709636,-0.8785613
-0.41568393,-0.8641857
-0.43257397,-0.87037224
-0.41745052,-0.98983544
-0.42698509,-0.9332903
-0.42406744,-0.94000053
-0.44409505,-0.96745217
-0.43242893,-0.8894845
-0.44973856,-0.9320043
-0.4526063,-0.9746685
-0.4234924,-0.9917092
-0.4498044,-0.9943059
-0.44238755,-0.9264185
-0.43422166,-0.98756886
-0.44012246,-0.9890164
-0.4465928,-0.93373
-0.43423104,-0.97053397
-0.44662467,-0.98102653
-0.43174985,-0.9384869
-0.45401585,-0.9277353
-0.44555908,-0.9371309
-0.45351434,-0.893478
-0.39935353,-0.8709116
-0.43642613,-0.9958084
-0.45122936,-0.93538684
-0.44037575,-0.9104371
-0.44758055,-0.8926412
-0.44303745,-0.9163127
-0.4173019,-0.8910421
-0.444375,-0.88806003
-0.447364,-0.96989524
-0.43012723,-0.95599073
-0.44806185,-0.9739754
-0.44025803,-0.94787705
-0.43913257,-0.9223348
-0.44629154,-0.9947793
-0.42155913,-0.88534886
-0.45264807,-0.93342054
-0.39846843,-0.8484867
-0.46393168,-0.9703321
-0.42848805,-0.8860404
-0.43364945,-0.86916775
-0.42413113,-0.9082748
-0.45015836,-0.9088996
-0.44829503,-0.93000525
-0.44416085,-0.9994342
-0.43058598,-0.98781407
-0.44758627,-0.9626245
0.94157284,0.4462765
0.94079304,0.4210334
0.8632828,0.40403703
0.87895197,0.41186106
0.82940143,0.41894278
0.95657796,0.44445515
0.94058025,0.44195607
0.9177158,0.425762
0.984684,0.43661237
0.9891104,0.44050616
0.9191199,0.4518103
0.9545954,0.4632666
0.94818926,0.441437
0.9878035,0.4271061
0.87995666,0.41600654
0.9281363,0.4507348
0.94688636,0.4483968
0.91173816,0.41202354
0.9724426,0.41436788
0.9832821,0.4365083
0.9335657,0.42972356
0.9254086,0.44710597
0.9934331,0.43868694
0.89228314,0.4202916
0.9851103,0.45504555
0.93981,0.44306314
0.9044082,0.43435094
0.96704173,0.455509
0.95252585,0.4283914
0.953801,0.4312448
0.9353464,0.4442072
0.9961173,0.45057738
0.96722394,0.43244404
0.878017,0.4306502
0.91740435,0.46370587
0.9794439,0.45921165
0.8904931,0.4177209
0.9778316,0.45783263
0.99458665,0.4348224
0.89146084,0.42585197
0.88194734,0.42267555
0.87149066,0.45262858
0.979319,0.44739506
0.840099,0.40212277
0.9935829,0.43513003
0.9937087,0.44463027
0.9464384,0.42923087
0.9249284,0.42579845
0.8919718,0.4329503
0.95672727,0.4482458
0.8396843,0.39181444
0.8847072,0.41156182
0.91407007,0.43245175
0.98705107,0.44168618
0.83713454,0.4147889
0.8549232,0.42294842
0.9942163,0.44036812
0.8588999,0.43594047
0.99287903,0.4550912
0.93688464,0.4385427
0.96283555,0.45648068
0.88307804,0.42272383
0.9671239,0.45173872
0.9863309,0.43972597
0.967023,0.4333766
0.8596083,0.42071867
0.92454356,0.4122903
0.97564083,0.43442646
0.94573814,0.41306353
0.98673314,0.4415918
0.96505165,0.45410112
0.9816126,0.4223161
0.9343955,0.4429442
0.9818309,0.45568857
0.98343915,0.4252284
0.9631568,0.43049836
0.9881658,0.4161848
0.9669494,0.46641472
0.9723092,0.45215407
0.9825874,0.43769357
0.9647987,0.442391
0.98320425,0.44202867
0.9844392,0.45198905
0.94890314,0.43880215
0.9598473,0.42374843
0.9385592,0.45971012
0.9631078,0.4630508
0.91832113,0.41326544
0.9397495,0.43671235
0.99195534,0.42870668
0.9305716,0.41401148
0.9234536,0.43928608
0.9673703,0.40757328
0.92230576,0.42659205
0.9295561,0.42824718
0.94048214,0.44584003
0.96597314,0.4240607
0.9581812,0.45310146
0.91737765,0.4362812
0.9031909,0.4424301
0.96501315,0.4443509
0.88402593,0.43666556
0.96925217,0.44097564
0.9505243,0.44656292
0.97969663,0.4479978
0.9192171,0.42901766
0.930512,0.4280836
0.9499117,0.43078026
0.8767474,0.3958454
0.9617311,0.4540532
0.9449372,0.35464558
0.8641396,0.4030805
0.96503335,0.41604823
0.8436704,0.40302512
0.99561334,0.42219627
0.947782,0.43226367
0.9146828,0.4482416
0.9609285,0.4384699
0.9056866,0.42462412
0.9672676,0.47335097
0.9502992,0.41470566
0.93268454,0.44673416
0.9296056,0.42843437
0.8639849,0.41921514
0.9668559,0.44825965
0.9862999,0.43364
0.9217213,0.43060556
0.9739179,0.44586074
0.8962193,0.4377971
0.9998526,0.43712723
0.9670243,0.43745747
0.9452537,0.45268014
0.83977485,0.4130215
0.9211231,0.4343838
0.94698095,0.43910494
0.9330375,0.44338843
0.9752184,0.4226197
0.9525137,0.47214717
0.9795587,0.4442636
0.992304,0.43758914
0.952567,0.46179327
0.95041025,0.4548423
0.9418445,0.4305554
0.96391743,0.44836363
0.9380848,0.38051584
0.9541381,0.4512796
0.93645793,0.4252975
0.93114173,0.40216023
0.94057506,0.47030687
0.958476,0.43045247
0.92279285,0.46846598
0.9608645,0.4287865
0.9165761,0.42397368
0.9500977,0.4233923
0.9984183,0.4478995
0.89330983,0.42891437
0.9310308,0.43132293
0.9070419,0.45212153
0.9737549,0.43552512
0.9916777,0.43142134
0.92707676,0.4382383
0.93713766,0.4598019
0.99479336,0.4443949
0.98520535,0.44433492
0.9779785,0.46641183
0.9564736,0.43536392
0.99722993,0.45590124
0.9883368,0.44430396
0.9447888,0.44184607
0.9944861,0.44994944
0.98593295,0.4443199
0.98922485,0.41726008
0.98579586,0.44496742
0.840377,0.42634648
0.8732291,0.42621428
0.97585547,0.43304488
0.9985772,0.423285
0.9995688,0.4064883
0.95900625,0.45585814
0.91251075,0.41651362
0.9456402,0.4214902
0.9750826,0.4314892
0.9310545,0.43609044
0.9631134,0.43201575
0.97951007,0.43511683
0.87404174,0.40242198
0.9325729,0.43689147
0.85252637,0.4113578
0.9947814,0.42968553
0.94564193,0.4671219
0.86669856,0.41902423
0.9848628,0.4164045
0.97090644,0.42705223
0.89542574,0.42889068
0.89304155,0.4388812
0.96848,0.4297487
0.8127459,0.38256615
0.9495082,0.41767976
0.89930326,0.43645662
0.98987925,0.449952
0.8943332,0.47644007
0.9272569,0.37795925
0.92026544,0.43497592
0.9477819,0.43565533
0.9579749,0.4160674
0.94882375,0.43022418
0.9444274,0.46302223
0.8863081,0.435385
0.9928684,0.4411362
0.9324675,0.449826
0.8613183,0.44875264
0.9013211,0.40288448
0.93669116,0.44949496
0.99375826,0.44918597
0.96146727,0.4527473
0.94795334,0.4539285
0.87039006,0.41018718
0.99983627,0.43013158
0.9803663,0.43864912
0.90124685,0.42582774
0.9780575,0.4569883
0.9944718,0.45068258
0.9225084,0.45383653
0.9635197,0.46024033
0.85624623,0.394441
0.96560514,0.4475667
0.9931575,0.41524917
0.99436826,0.45251027
0.97808075,0.4567244
0.89246744,0.42669356
0.9379031,0.42031735
0.9005809,0.42694515
0.9389093,0.44695508
0.96650404,0.40164033
0.91576844,0.4321821
0.9505204,0.4526909
0.9943879,0.45922023
0.95755947,0.43106198
0.9742707,0.45441723
0.97617304,0.42753172
0.8947419,0.4253934
0.9290635,0.44788933
0.8978898,0.41764918
0.8410572,0.38845402
0.90053844,0.4361413
0.95442134,0.44058555
0.8851972,0.40782884
0.92148286,0.4446768
0.975542,0.43625936
0.886613,0.39931226
0.98115134,0.44750673
0.9015633,0.4408628
0.9901287,0.46093148
0.974709,0.44274676
0.92912525,0.42001858
0.96823007,0.42266786
0.9986089,0.39318106
0.8710108,0.42124152
0.90952545,0.4528597
0.9828448,0.45125064
0.97561663,0.41692618
0.95184064,0.41084263
0.9387684,0.4815407
0.8916713,0.41334745
0.97044086,0.44230422
0.9931108,0.47283107
0.98738056,0.43142715
0.946001,0.42769235
0.9809352,0.447358
0.94255114,0.4525058
0.9888479,0.4308794
0.9577619,0.44288167
0.9982796,0.46703073
0.9864366,0.44473204
0.91105247,0.44617254
0.9690581,0.45933104
0.9647471,0.45538205
0.9468144,0.45344567
0.9566273,0.43312767
0.895274,0.43443352
0.95635587,0.4113946
0.9704019,0.467176
0.9590766,0.43886444
0.94870573,0.4376159
0.92002344,0.44714612
0.98628086,0.45194688
0.9800842,0.46148846
0.93171895,0.46122023
0.98347974,0.45513806
0.9499081,0.43361813
0.9948207,0.44314823
0.8961676,0.42287862
0.95097715,0.43192863
0.96512836,0.43459344
0.9177784,0.46633005
0.9480797,0.45485187
0.9761877,0.4598229
0.95156264,0.42427003
0.92248833,0.44202837
0.9522211,0.43369997
-0.45969385,-0.96480614
-0.40978053,-0.8505904
-0.43026292,-0.96246403
-0.43336678,-0.93831706
-0.41853353,-0.8888903
-0.4489134,-0.9904405
-0.44629216,-0.9211178
-0.44621798,-0.914427
-0.43997997,-0.9857513
-0.409598,-0.9719751
-0.44732422,-0.9520565
-0.42092752,-0.90358055
-0.44646728,-0.9015473
-0.4481398,-0.9102713
-0.40972868,-0.8570516
-0.45136946,-0.9649915
-0.43856263,-0.96852094
-0.41058266,-0.83056366
-0.40452307,-0.855834
-0.44838664,-0.9601871
-0.46613976,-0.94235265
-0.446333,-0.95241934
-0.451897,-0.9220803
-0.45239887,-0.9016409
-0.42029485,-0.8663932
-0.43268678,-0.9115005
-0.45937863,-0.87789947
-0.4433911,-0.94281113
-0.45725536,-0.9717638
-0.43834588,-0.92964065
-0.41048175,-0.99585974
-0.44985408,-0.92401695
-0.42376143,-0.8870755
-0.44917995,-0.9617063
-0.40090078,-0.9055882
-0.42657548,-0.9252624
-0.41874942,-0.8866256
-0.4577392,-0.96955055
-0.436735,-0.92141956
-0.4233663,-0.90708756
-0.41736868,-0.8258441
-0.42842972,-0.9437393
-0.42113265,-0.9428893
-0.41559225,-0.9813748
-0.4556458,-0.93318605
-0.45282274,-0.9722381
-0.43356028,-0.9215803
-0.45054817,-0.8936593
-0.45548347,-0.9536366
-0.43087885,-0.988491
-0.40354902,-0.9885071
-0.43633902,-0.9291497
-0.44300485,-0.95244396
-0.43680656,-0.98442316
-0.43712,-0.88472766
-0.44446486,-0.9676721
-0.42110392,-0.99000394
-0.4253466,-0.99619067
-0.44575554,-0.9290248
-0.40875265,-0.9218968
-0.41688326,-0.88378453
-0.43182752,-0.9313209
-0.43076158,-0.95261264
-0.44087103,-0.97677225
-0.46487033,-0.9535467
-0.45711067,-0.98565924
-0.45675513,-0.96207523
-0.4489063,-0.89233303
-0.4606931,-0.9190505
-0.45243114,-0.9830825
-0.43449602,-0.9919131
-0.43607217,-0.90438414
-0.41512948,-0.9763742
-0.42466807,-0.95623773
-0.44033402,-0.9363956
-0.40979216,-0.8572025
-0.43337014,-0.9622832
-0.43708444,-0.9652653
-0.42835435,-0.91523814
-0.43708736,-0.9624146
-0.43986794,-0.9822191
-0.4229406,-0.8678132
-0.42522788,-0.87857556
-0.4492569,-0.9364986
-0.42957565,-0.8806233
-0.41391277,-0.8601509
-0.42657375,-0.8993548
-0.44828448,-0.9995935
-0.40449238,-0.85996795
-0.41532394,-0.88599604
-0.43362716,-0.93026733
-0.45342156,-0.9505279
-0.4333559,-0.9938855
-0.43946284,-0.97908694
-0.45174414,-0.96971065
-0.43387315,-0.9958162
-0.4433068,-0.9199029
-0.42874733,-0.9269791
-0.4482398,-0.8578156
-0.44254473,-0.92142504
0.9366149,0.44384378
0.99452025,0.45928514
0.925518,0.42968538
0.97858936,0.4502884
0.9023239,0.42223
0.99472505,0.43210572
0.92471856,0.44392666
0.9723653,0.44874826
0.9561359,0.44189268
0.9947295,0.41202098
0.9446855,0.46550363
0.95806193,0.45009723
0.9028226,0.4551075
0.99109405,0.4425359
0.9209018,0.44916534
0.8897797,0.41129822
0.94797724,0.4657987
0.8373978,0.4045128
0.99282324,0.46226463
0.92411107,0.4689836
0.9869601,0.45022926
0.9771762,0.40697494
0.9738604,0.46012768
0.9570815,0.45453104
0.96281886,0.4286283
0.9545814,0.46230522
0.9457092,0.44122294
0.9514352,0.46977618
0.9557645,0.40915713
0.9865373,0.4244234
0.9932582,0.45029572
0.93478125,0.4311856
0.98171526,0.45349425
0.9085534,0.45853004
0.9898803,0.4178238
0.97451216,0.44895276
0.97862667,0.45074233
0.89805526,0.43314895
0.99839133,0.42974904
0.99487495,0.44708803
0.9313932,0.4362319
0.95608807,0.45468774
0.96368235,0.44149503
0.9782344,0.38364446
0.9814381,0.45133784
0.99529886,0.4283683
0.9626367,0.42604956
0.98815376,0.45913056
0.981365,0.46655965
0.9725467,0.4453948
0.99368984,0.42932802
0.98400515,0.44178644
0.9911998,0.43912685
0.94041693,0.41959685
0.9698329,0.44046864
0.8807277,0.44067043
0.9747855,0.44041595
0.8703636,0.44327864
0.88284695,0.4305139
0.92516875,0.43261907
0.99449855,0.4296009
0.9966459,0.43589827
0.9902043,0.43188173
0.930607,0.39256087
0.9650841,0.40413105
0.9071246,0.4450543
0.9610137,0.42862117
0.86750937,0.4338194
0.95068955,0.46227202
0.95401144,0.46333355
0.9114232,0.4426846
0.99962896,0.41180736
0.94797456,0.47605854
0.99858505,0.43616623
0.9498524,0.45061672
0.8767837,0.4379579
0.97354037,0.43297264
0.9146402,0.43758857
0.9829266,0.4474555
0.9375501,0.4247976
0.89672935,0.4289911
0.97935796,0.39872816
0.90909475,0.42826414
0.88802576,0.42234778
0.9710227,0.44219467
0.9975633,0.4258642
0.99067503,0.42634195
0.9648284,0.4372722
0.9408738,0.45553064
0.94001347,0.42252454
0.9172377,0.4358542
0.979002,0.43116626
0.952836,0.410103
0.96190107,0.4404725
0.99829215,0.4511316
0.97293186,0.44808903
0.93660533,0.46283868
0.94857013,0.43906432
0.9753822,0.44380468
0.9789211,0.44217086
0.8948331,0.44187933
0.8738744,0.42078698
0.895462,0.4262624
0.9286287,0.43543726
0.9050213,0.41480967
0.9613284,0.45533568
0.95025396,0.45247316
0.9996108,0.45279843
0.99646795,0.39988506
0.9769371,0.44703475
0.8748071,0.42991608
0.9699364,0.44347972
0.9732234,0.4367266
0.9247158,0.43279883
0.9207983,0.43653712
0.8302322,0.41346696
0.9149286,0.4409603
0.93452656,0.44493487
0.92279303,0.4186628
0.93444467,0.44702524
0.927415,0.4503604
0.99087906,0.4472933
0.94262487,0.44454977
0.9289767,0.42983943
0.9710608,0.4629746
0.9766968,0.44753188
0.95943123,0.43700245
0.90408546,0.43223563
0.8876469,0.41774672
0.9839865,0.446566
0.9804716,0.43118033
0.91559523,0.44393852
0.9802503,0.4589171
0.9122632,0.43302238
0.96156776,0.43854508
0.9914681,0.4411607
0.9498726,0.44603696
0.83896744,0.4130569
0.95065665,0.43712786
0.8769129,0.43525824
0.9688517,0.4362375
0.9564341,0.39602947
0.9323104,0.4270652
0.94941163,0.44654912
0.9290136,0.4274969
0.9870342,0.42566282
0.9559825,0.4409322
0.9702648,0.46150202
0.9737788,0.44257683
0.98987645,0.42384154
0.9436394,0.3848022
0.9320668,0.44470268
0.9267222,0.44515795
0.9934463,0.4513844
0.99423623,0.44460315
0.9673233,0.44884115
0.9716286,0.4320775
0.9035973,0.42835823
0.92622757,0.4533772
0.94625956,0.42708862
0.8366105,0.4198452
0.9906931,0.42426947
0.96661395,0.43600392
0.9516824,0.4477318
0.93845785,0.44284633
0.9581884,0.36081618
0.92062503,0.43518052
0.9490438,0.45895186
0.9562004,0.43889835
0.83575493,0.3946563
0.91345483,0.46772957
0.9314263,0.43299088
0.9162614,0.4508535
0.8691455,0.39111787
0.88607514,0.41204488
0.94756556,0.4506613
0.8860841,0.42516914
0.9202988,0.44133902
0.90811557,0.4149528
0.9251131,0.39924565
0.9924694,0.45031118
0.9899006,0.4377938
0.9942094,0.35553408
0.9083089,0.43350944
0.8701617,0.42702797
0.90624875,0.4033074
0.92273355,0.43600893
0.94620943,0.4147943
0.9936408,0.44918966
0.986878,0.44373247
0.9853135,0.44580796
0.9737305,0.42962956
0.85496527,0.40357104
0.93559396,0.44158056
0.9189677,0.44993138
0.9182939,0.38892752
0.92245597,0.4355544
0.88487834,0.43266207
0.9564829,0.45355445
0.95723754,0.45824012
0.90419996,0.4303465
0.9147791,0.43268868
0.91182727,0.42744315
0.8483484,0.4223538
0.970645,0.43411002
0.9601288,0.43239275
0.9415684,0.41719446
0.9854609,0.43441072
0.89529663,0.45296827
0.9651839,0.42604324
0.82976353,0.43155304
0.96516323,0.4188888
0.9749844,0.4296089
0.8767692,0.43851203
0.9396819,0.45642248
0.92755604,0.43405178
0.9182674,0.4462721
0.88629496,0.4354774
0.8992793,0.445517
0.8994228,0.44170517
0.94521904,0.42900452
0.9776877,0.43873227
0.9885843,0.44061318
0.9851289,0.45237678
0.9204111,0.46688175
0.9848873,0.44899166
0.9502844,0.43515262
0.9948252,0.45329684
0.93871355,0.44664785
0.9464516,0.44730592
0.9599835,0.4642246
0.8956337,0.45877355
0.9331828,0.42588818
0.9075637,0.44239214
0.9905102,0.44545853
0.9761173,0.41665667
0.8776791,0.41621214
0.9962384,0.40161508
0.8922283,0.4466988
0.9770967,0.4456585
0.9557052,0.48561463
0.9357148,0.41618505
0.9677244,0.41657424
0.96289283,0.42754328
0.9460417,0.46304
0.9659827,0.44054338
0.9889008,0.42950445
0.9740985,0.4344423
0.97281075,0.4581383
0.972726,0.44884598
0.94553703,0.4269834
0.9092378,0.44913128
0.95053685,0.44601476
0.97682464,0.4752171
0.9293335,0.41945067
0.84938115,0.4058973
0.9938285,0.43950248
0.89276767,0.42464954
0.9536894,0.45435223
0.95083094,0.42325568
0.8748424,0.43592596
0.91105247,0.44161558
0.9956285,0.44231844
0.9150166,0.40929386
0.9439641,0.4414631
0.960166,0.44639182
0.9762414,0.4139487
0.9119632,0.42815414
0.8339183,0.41061896
0.9080316,0.44720304
0.99512917,0.4178426
0.90735364,0.42844757
0.96633846,0.42480013
0.99544317,0.44122955
0.92742807,0.4253554
0.9600504,0.4527019
0.99098986,0.44612163
0.96294326,0.45677733
0.8457763,0.4132306
0.96756375,0.4470497
0.9674167,0.4165907
0.87782997,0.4412636
0.966717,0.44414303
0.8706346,0.38595995
0.9707011,0.4460974
0.9134831,0.4433303
0.9801275,0.4556128
0.8656691,0.41685373
0.9148658,0.42640582
0.9451243,0.43185645
0.96806365,0.4477076
0.93604064,0.4607407
0.8991059,0.44826242
0.88425773,0.4219941
0.9156835,0.43193984
0.93976414,0.4371925
0.9201302,0.42600942
0.9558723,0.41240406
0.940818,0.42414
0.92687666,0.43823835
-0.4255666,-0.9760364
-0.43685967,-0.945851
-0.4265027,-0.87252164
-0.43822417,-0.9572339
-0.43983635,-0.9752569
-0.43815264,-0.95580095
-0.43924206,-0.98055756
-0.4007184,-0.99010146
-0.4148719,-0.86261827
-0.45776203,-0.93092436
-0.41349947,-0.98065335
-0.4352616,-0.947042
-0.42518738,-0.8710829
-0.38781828,-0.8590191
-0.4475104,-0.93511194
-0.41661024,-0.92361355
-0.44705147,-0.9994759
-0.45165157,-0.9443994
-0.43571338,-0.97659934
-0.42412004,-0.9857186
-0.43961284,-0.94293594
-0.44898018,-0.96512645
-0.41436845,-0.865401
-0.45050323,-0.9513531
-0.43201804,-0.9819214
-0.4438017,-0.95504653
-0.44717366,-0.92886907
-0.4115409,-0.98985696
-0.41986576,-0.8860486
-0.41300827,-0.90621984
-0.43086907,-0.9288245
-0.4532305,-0.93862176
-0.44596338,-0.91389185
-0.45684344,-0.9710695
-0.4355275,-0.90254724
-0.43742546,-0.8717847
-0.3848946,-0.83378214
-0.45114464,-0.96745574
-0.40777907,-0.8517028
-0.43348625,-0.9740775
-0.45798358,-0.91525376
-0.44788453,-0.94620025
-0.45556512,-0.9680595
-0.4151359,-0.88492197
-0.46574956,-0.9521507
-0.44335184,-0.913285
-0.4282431,-0.9422727
-0.43587264,-0.91713804
-0.40949562,-0.90019673
-0.4303877,-0.8826536
-0.44662648,-0.91084397
-0.39421323,-0.83645856
-0.431219,-0.9788456
-0.44708744,-0.93475574
-0.4242818,-0.9511376
-0.43170726,-0.93898666
-0.44680914,-0.9697721
-0.45108673,-0.90197074
-0.43278605,-0.8803079
-0.4602838,-0.9769853
-0.44260406,-0.8622576
-0.4336256,-0.93634826
-0.41374877,-0.9991142
-0.42004773,-0.8675671
-0.43467095,-0.9744687
-0.42376536,-0.99316365
-0.44559476,-0.94341886
-0.4301017,-0.9880964
-0.4314864,-0.90469974
-0.44294003,-0.92962676
-0.42358482,-0.95397025
-0.43286783,-0.94561267
-0.42956576,-0.9459337
-0.4317321,-0.86118996
-0.43002284,-0.98786277
-0.43990186,-0.9700577
-0.44485322,-0.93083614
-0.43516597,-0.8898657
-0.43061778,-0.95956266
-0.41905615,-0.85004103
-0.43697017,-0.98981977
-0.46160382,-0.9513687
-0.44165736,-0.98432946
-0.46360856,-0.9839524
-0.44030964,-0.9025217
-0.41801658,-0.929264
-0.44575882,-0.93026745
-0.44611454,-0.9072104
-0.4334578,-0.9312186
-0.46446753,-0.89685583
-0.4306341,-0.9286962
-0.44953912,-0.95853174
-0.4507095,-0.8882641
-0.46771216,-0.8655163
-0.44558614,-0.9229569
-0.4455552,-0.92514557
-0.4224318,-0.8961524
-0.41310123,-0.9784083
-0.42261672,-0.91453916
-0.43740022,-0.9608873
-0.45179483,-0.9517013
-0.45294696,-0.9583892
-0.40505514,-0.841859
-0.42228523,-0.8696072
-0.43315333,-0.91433454
-0.4414612,-0.98401123
-0.4613117,-0.89981115
-0.41547516,-0.88645136
-0.4382365,-0.9641181
-0.43764183,-0.8966528
-0.44758537,-0.9624683
-0.44063368,-0.90748715
-0.44470257,-0.9821849
-0.43371493,-0.9266665
-0.4330256,-0.94147176
-0.40759432,-0.99919766
-0.43767086,-0.9894058
-0.44095638,-0.96227545
-0.45237893,-0.9563552
-0.43734857,-0.95277697
-0.42922032,-0.96531266
-0.4485707,-0.90330213
-0.4151985,-0.99154013
-0.43694156,-0.928808
-0.40038258,-0.82446945
-0.44327965,-0.9019425
-0.44474193,-0.93408877
-0.41452676,-0.8732494
-0.42859608,-0.9338393
-0.45376992,-0.87264884
-0.45504627,-0.9564331
-0.43246973,-0.96679515
-0.43944824,-0.94505537
-0.43234015,-0.9057729
-0.43129253,-0.9055788
-0.45049587,-0.9963477
-0.40732443,-0.9395957
-0.4146883,-0.8685641
-0.43426195,-0.99611986
-0.45303106,-0.9790143
-0.4461926,-0.9854874
-0.45430765,-0.9808739
-0.441316,-0.93431437
-0.45974877,-0.9155163
-0.42489317,-0.86133635
-0.4173122,-0.8836914
-0.45357344,-0.91073495
-0.39981702,-0.8654223
-0.44139647,-0.9710261
-0.42601943,-0.8948964
-0.43094844,-0.9606033
-0.4120752,-0.86558163
-0.42860427,-0.9582104
-0.44729087,-0.9245177
-0.44197226,-0.9912242
-0.42822683,-0.982516
-0.42737404,-0.9130012
-0.42353132,-0.90897006
-0.4403512,-0.9870944
-0.43573758,-0.983353
-0.4446091,-0.96316934
-0.44176486,-0.9451393
-0.4288095,-0.9315136
-0.42673475,-0.898364
-0.4317911,-0.94550085
-0.44867215,-0.99647963
-0.44945368,-0.97415644
-0.40542236,-0.95729333
-0.42416176,-0.9865004
-0.4506994,-0.9467344
-0.44401842,-0.9943701
-0.44804168,-0.94380563
-0.44780838,-0.92108446
-0.4190244,-0.9040309
-0.4361197,-0.94482267
-0.44406673,-0.9345399
-0.44889465,-0.9559996
-0.41363984,-0.88099253
-0.45241332,-0.96276313
-0.42965162,-0.97515
-0.4506973,-0.9104196
-0.447463,-0.96828854
-0.4282671,-0.9397218
-0.43959987,-0.87459594
-0.39996016,-0.8255052
-0.42361856,-0.9265124
-0.42912713,-0.8877364
-0.43476903,-0.89723325
-0.4322652,-0.91181177
-0.42357504,-0.91547316
-0.42579448,-0.9995362
-0.44076008,-0.9908273
-0.45835173,-0.9420078
-0.45198566,-0.9273519
-0.43745247,-0.9906313
-0.45669073,-0.98540545
-0.41258302,-0.86212957
-0.42596614,-0.8855164
-0.4110194,-0.8770207
-0.44162017,-0.9814771
-0.4169027,-0.94407535
-0.45494246,-0.952951
-0.42669803,-0.98604745
-0.45516375,-0.9644273
-0.43980888,-0.90366393
-0.41849074,-0.94948155
-0.4467484,-0.91922337
-0.41825312,-0.91810805
-0.44087186,-0.9745021
-0.43927175,-0.89651823
-0.43516794,-0.8985717
-0.43360654,-0.92769337
-0.42597786,-0.970046
-0.41610584,-0.9932024
-0.44979805,-0.985902
-0.40726185,-0.9357182
-0.43060857,-0.96496034
-0.44296816,-0.9547135
-0.42908576,-0.91963196
-0.42286205,-0.9961402
-0.4414324,-0.92280835
-0.4190226,-0.93222404
-0.44766635,-0.9217662
-0.43014082,-0.8733287
-0.44031245,-0.92978495
-0.4494014,-0.94257885
-0.42241746,-0.922861
-0.43107674,-0.9804857
-0.42934313,-0.97490543
-0.4356975,-0.9596981
-0.4293228,-0.8816769
-0.44170973,-0.916644
-0.44612977,-0.9594177
-0.43001404,-0.8905923
-0.45429274,-0.936398
-0.4323411,-0.91022694
-0.43704084,-0.9411908
-0.4301817,-0.97325754
-0.46633592,-0.9187021
-0.43762928,-0.9854634
-0.38178176,-0.8572416
-0.4437397,-0.9987654
-0.4366762,-0.921912
-0.4540113,-0.9387774
-0.43091768,-0.9267116
-0.44427004,-0.9699952
-0.3980796,-0.9614668
-0.43810493,-0.99916625
-0.43683115,-0.9260226
-0.40999952,-0.9053927
-0.43524456,-0.9970835
-0.44093776,-0.8980923
-0.44412374,-0.959102
-0.4361401,-0.90024376
-0.44851372,-0.9861946
-0.41506746,-0.87205553
-0.44553787,-0.9859015
-0.4440341,-0.9015814
-0.45279858,-0.9156757
-0.440687,-0.9620223
-0.4490706,-0.8893511
-0.44774044,-0.9249628
-0.43830374,-0.8895845
-0.46805945,-0.9207118
-0.4087279,-0.8772514
-0.45163378,-0.9812797
-0.4191389,-0.8721483
-0.43663472,-0.9815154
-0.43684703,-0.9197881
-0.44804433,-0.9261558
-0.43769643,-0.9184073
-0.4437568,-0.9140429
-0.42126003,-0.88499767
-0.42957622,-0.91658884
-0.4335691,-0.8916627
-0.4080454,-0.8733855
-0.44973388,-0.92696726
-0.43528658,-0.96550715
-0.43913168,-0.9770018
-0.44460043,-0.8885286
-0.43087313,-0.9840308
-0.45116377,-0.9318186
-0.4378967,-0.9018487
-0.4360628,-0.9204147
-0.443082,-0.9644935
-0.4464692,-0.8911048
-0.43555135,-0.9811651
-0.43800545,-0.92502207
-0.44073996,-0.93221724
-0.42861068,-0.8794445
-0.4244617,-0.91432
-0.44250846,-0.9230797
-0.44005924,-0.98749703
-0.4305851,-0.9920094
-0.43054187,-0.9736736
-0.43108493,-0.9053697
-0.4456524,-0.9644092
-0.43984845,-0.9974857
-0.4388555,-0.9273498
-0.43976265,-0.94818985
-0.44336724,-0.95708436
-0.43490002,-0.89697856
-0.4289634,-0.98521787
-0.43177426,-0.9036703
-0.4127706,-0.91956574
-0.4313212,-0.9085139
-0.40789774,-0.8466913
-0.42755947,-0.924319
-0.43434665,-0.8713585
-0.43235794,-0.98964894
-0.42543808,-0.88879883
-0.41768625,-0.93986475
-0.4289792,-0.9138217
-0.40111735,-0.9874877
-0.45531148,-0.972162
-0.42179602,-0.8961286
-0.4394745,-0.92150337
-0.43853647,-0.9864185
-0.42693922,-0.9402696
-0.45821884,-0.9286091
-0.43222016,-0.989592
-0.42548585,-0.96639633
-0.4174362,-0.8412719
-0.43399003,-0.89399076
-0.45263383,-0.96258324
-0.4466291,-0.97405535
-0.42558414,-0.8725592
-0.44955987,-0.9791086
-0.45216587,-0.9706319
-0.39205036,-0.89868754
-0.44856027,-0.94261104
-0.43755257,-0.994163
-0.4279049,-0.89747024
-0.4419651,-0.9519359
-0.4303708,-0.9770693
-0.4203768,-0.9513087
-0.3916976,-0.8654228
-0.4680937,-0.9207548
-0.4531502,-0.9399826
-0.455242,-0.98587865
-0.44801128,-0.98582006
-0.43464944,-0.9729843
-0.44277298,-0.98643976
-0.43747458,-0.9832072
-0.41102242,-0.88563955
-0.45761383,-0.9379034
-0.45968124,-0.974874
-0.4530836,-0.9827248
-0.4065225,-0.9992332
-0.43121105,-0.8491045
-0.45391414,-0.94227034
-0.43781483,-0.9720915
-0.44703373,-0.90735257
-0.44100863,-0.99441093
-0.42750236,-0.9492136
-0.42370474,-0.8613207
-0.43859953,-0.9735773
-0.44208586,-0.9291625
-0.41953453,-0.90108997
-0.43586493,-0.90698946
-0.4556,-0.96533316
-0.44628492,-0.9905538
-0.44571728,-0.92186004
-0.42461604,-0.83460337
-0.40500602,-0.8497843
-0.45134073,-0.92852443
-0.41555914,-0.8629019
-0.41124922,-0.99271494
-0.45038238,-0.97580135
-0.43157253,-0.97368824
-0.42776912,-0.8983598
-0.4446031,-0.9780215
-0.45258516,-0.9576253
-0.42830542,-0.9207252
-0.45353135,-0.9492728
-0.41319126,-0.9131284
-0.4390314,-0.88046515
-0.44757566,-0.94953495
-0.4131868,-0.9376234
-0.41764563,-0.9388605
-0.46235323,-0.9437167
-0.4512608,-0.9634809
-0.42158276,-0.90680414
-0.41806963,-0.884657
-0.4366944,-0.9128754
-0.41502765,-0.88876325
-0.41905203,-0.84918576
-0.42827165,-0.95289296
-0.42665815,-0.9540839
-0.44791162,-0.95380354
-0.4364937,-0.9389845
-0.43650717,-0.9377631
-0.44577143,-0.9440728
-0.43231013,-0.91076666
-0.43792006,-0.9574156
-0.4217888,-0.87280643
-0.43964246,-0.9046974
-0.46070868,-0.9470515
-0.4108089,-0.8851015
-0.3963444,-0.9650157
-0.44859183,-0.95900655
-0.43602896,-0.977298
-0.43675634,-0.9179012
-0.42309695,-0.97517675
-0.43334964,-0.94802
-0.43521678,-0.89255154
-0.43724585,-0.97733134
-0.42225665,-0.8875951
-0.44037053,-0.94469035
-0.45134816,-0.9720602
-0.4358218,-0.90767276
-0.44301936,-0.9346899
-0.42021504,-0.9429064
-0.43462962,-0.9392067
-0.44551104,-0.95918006
-0.4412694,-0.8874532
-0.4424623,-0.9060102
-0.4527759,-0.9526064
-0.43832716,-0.9522556
-0.42828816,-0.92058176
-0.43327424,-0.9655389
-0.43717754,-0.9469441
-0.44680145,-0.9757825
-0.4605392,-0.90497136
-0.42215225,-0.98122334
-0.42558745,-0.87368125
-0.40694043,-0.8467325
-0.45313185,-0.9076829
-0.43518564,-0.9913076
-0.4255861,-0.9212634
-0.42497852,-0.9766319
-0.41763264,-0.88760656
-0.437866,-0.9032222
-0.43654087,-0.96170396
-0.45644623,-0.899109
-0.41298422,-0.8732019
-0.45147878,-0.9862785
-0.41595867,-0.91500205
-0.44215304,-0.92064846
-0.4047522,-0.86880535
-0.43670183,-0.93648994
-0.44241714,-0.91772825
-0.428794,-0.89414793
-0.45278412,-0.9762903
-0.41479227,-0.874341
-0.42076582,-0.8657577
-0.4287791,-0.85024047
-0.43638432,-0.9224372
-0.4395601,-0.9670479
-0.42510128,-0.96720004
-0.4253991,-0.995693
-0.42261386,-0.8753628
-0.44333845,-0.9534632
-0.4535388,-0.9479599
-0.45573053,-0.9915571
-0.43942106,-0.894375
-0.4199213,-0.8596218
-0.41502422,-0.9411773
-0.36158788,-0.8133202
-0.41463315,-0.8959808
-0.42216533,-0.97756046
-0.42819154,-0.9655066
-0.44632363,-0.9419797
-0.45683116,-0.98284256
-0.43962616,-0.9578387
-0.4284316,-0.9557229
-0.4314738,-0.92342776
-0.43572536,-0.96724015
-0.43234888,-0.9155856
-0.44229114,-0.9191426
-0.43335855,-0.95348215
-0.43523732,-0.88745046
-0.38913226,-0.8316978
-0.42911536,-0.8805483
-0.41738126,-0.87787414
-0.42194724,-0.99305147
-0.43092388,-0.97391266
-0.44515002,-0.99116534
-0.4108216,-0.9130803
-0.4259488,-0.9145501
-0.42054814,-0.99364847
-0.44503486,-0.9016405
-0.43300337,-0.93624747
-0.46502578,-0.9744275
-0.418165,-0.9124487
-0.42383316,-0.96179134
-0.43569154,-0.9548544
-0.42488992,-0.9083583
-0.42782965,-0.9051109
-0.42803252,-0.8753978
-0.43745464,-0.99907357
-0.4410445,-0.86765057
-0.4368986,-0.9947901
-0.45687982,-0.9164165
-0.43731067,-0.93800914
-0.42343622,-0.8780134
-0.4637124,-0.9232484
-0.41527024,-0.9949826
-0.4288601,-0.9679417
-0.43432665,-0.90478647
-0.43701452,-0.9464885
-0.43875337,-0.87918794
-0.43721288,-0.9562603
-0.4327832,-0.9388933
-0.4261937,-0.99457383
-0.40382975,-0.85413206
-0.4408776,-0.94176185
-0.4168785,-0.8687299
-0.42675695,-0.99138
-0.43707523,-0.9136298
-0.42847836,-0.96381843
-0.4376184,-0.98055685
-0.4437796,-0.9354318
-0.44103256,-0.9120931
-0.44872048,-0.9577969
-0.44089463,-0.9003488
-0.42355236,-0.8714024
-0.44423434,-0.8940062
-0.42212155,-0.8768334
-0.42833117,-0.9056286
-0.44036087,-0.91083497
-0.4656178,-0.9326697
-0.45880547,-0.91834104
-0.4392961,-0.98031765
-0.43135992,-0.8669657
-0.42850804,-0.9249076
-0.4101431,-0.983188
-0.40851176,-0.90220356
-0.4440482,-0.9908223
-0.46003303,-0.97868085
-0.44635212,-0.97779727
-0.43301883,-0.9712622
-0.45361757,-0.92677844
-0.43989363,-0.9783611
-0.45456782,-0.92353094
-0.4375224,-0.90769976
-0.4357668,-0.8892388
-0.40993613,-0.8470987
-0.41575858,-0.8175105
-0.42072374,-0.9567732
-0.39410788,-0.9525127
-0.4245962,-0.9618455
-0.44517395,-0.97494864
-0.4218929,-0.896065
-0.411291,-0.89202607
-0.43641627,-0.99423546
-0.45001182,-0.84936833
-0.45917416,-0.99192077
-0.44803515,-0.9435463
-0.42693847,-0.9876346
-0.437233,-0.88639456
-0.41668874,-0.92781645
-0.45129687,-0.91988415
-0.4067076,-0.8741331
-0.4376955,-0.9543144
-0.4161425,-0.9693724
-0.4407101,-0.9268764
-0.43400586,-0.949174
-0.44555038,-0.94695866
-0.41627902,-0.8810343
-0.4568837,-0.9222401
-0.42390013,-0.9705363
-0.4136532,-0.86586404
-0.43858904,-0.9539905
-0.4244694,-0.8639976
-0.405606,-0.8498504
-0.4566983,-0.9647381
-0.4421553,-0.91311026
-0.44919768,-0.9718967
-0.41914773,-0.8802995
-0.444087,-0.8902795
-0.4072971,-0.8762289
-0.43384245,-0.9666814
-0.45183462,-0.9503351
-0.41746414,-0.9954821
-0.43763244,-0.9754041
-0.41769603,-0.991319
-0.40756828,-0.91031045
-0.45029032,-0.9208398
-0.43762547,-0.91024005
-0.43969053,-0.9395035
-0.4326817,-0.9984889
-0.43468356,-0.94041735
-0.43176422,-0.9575619
-0.44110474,-0.92332375
-0.44792122,-0.96008056
-0.43943733,-0.9483362
-0.37838835,-0.8576368
-0.44553372,-0.9216102
-0.45048654,-0.98107475
-0.43366778,-0.87654346
-0.4589928,-0.9403213
-0.4546463,-0.90891975
-0.4185487,-0.9708413
-0.4084442,-0.86103797
-0.4387027,-0.9156586
-0.4455645,-0.99266046
-0.44197798,-0.94204295
-0.43401945,-0.91906494
-0.45415267,-0.9956364
-0.43809697,-0.9494756
-0.42435476,-0.8921008
-0.3967094,-0.8539674
-0.44139215,-0.9340556
-0.42670566,-0.89488125
-0.43860862,-0.8512907
-0.43145585,-0.9855289
-0.4060787,-0.8314082
-0.45825338,-0.9500155
-0.4289207,-0.9011327
-0.41249257,-0.83172345
-0.44212002,-0.981188
-0.43313903,-0.9475163
-0.4159006,-0.954526
-0.44035408,-0.9743257
-0.4358908,-0.90643686
-0.4185097,-0.9082505
-0.43571684,-0.93455565
-0.4319571,-0.9502634
-0.44984508,-0.90721184
-0.43851787,-0.98844415
-0.43211046,-0.86505985
-0.45159334,-0.9773362
-0.41555718,-0.8790657
-0.44464132,-0.9509805
-0.43259668,-0.9634236
-0.43955988,-0.9053221
-0.43882155,-0.9928666
-0.41642734,-0.9130999
-0.42383203,-0.92570615
-0.4417958,-0.89869183
-0.44649723,-0.99025816
-0.4361102,-0.9807973
-0.4309244,-0.97671926
-0.46228018,-0.9430907
-0.44325837,-0.9292138
-0.44792944,-0.94256145
-0.4325938,-0.8795058
-0.41966417,-0.8903094
-0.44967514,-0.9473155
-0.44937247,-0.9704066
-0.43855122,-0.9999088
-0.43815297,-0.9705478
-0.43710724,-0.98278177
-0.41485423,-0.8566727
-0.38580957,-0.8541618
-0.44556537,-0.9392584
-0.4271715,-0.84939015
-0.443563,-0.91004455
-0.4541136,-0.9364666
-0.43561074,-0.9511154
-0.4086595,-0.98582715
-0.4632712,-0.9412606
-0.45346045,-0.98596746
-0.44785,-0.8945383
-0.43950227,-0.97634816
-0.45445937,-0.9457459
-0.4636248,-0.88270134
-0.43143043,-0.8954462
-0.44667068,-0.93426126
-0.43336317,-0.9498039
-0.45185515,-0.9762357
-0.430015,-0.89911914
-0.4510985,-0.943327
-0.4585971,-0.9445819
-0.43691465,-0.98174924
-0.41905287,-0.8698767
-0.4245255,-0.9742566
-0.42501456,-0.98262554
-0.4540893,-0.900132
-0.4564258,-0.972126
-0.46194017,-0.95545626
-0.4370768,-0.8876215
-0.45445308,-0.9247451
-0.4218464,-0.9945615
-0.438356,-0.99024117
-0.41640064,-0.8700791
-0.43212408,-0.94424057
-0.43675128,-0.96004623
-0.4330485,-0.8809812
-0.434999,-0.9614728
-0.40831983,-0.8714129
-0.4469913,-0.9947643
-0.46471676,-0.97039676
-0.4346043,-0.8676872
-0.41813728,-0.922385
-0.45382014,-0.998833
-0.42718738,-0.9563624
-0.4384298,-0.93120474
-0.4545902,-0.932222
-0.4406633,-0.90381044
-0.39276692,-0.8567036
-0.429216,-0.86794776
-0.40600878,-0.84001917
-0.4207379,-0.9443264
-0.43095517,-0.8805228
-0.43640134,-0.94055724
-0.45536482,-0.95721996
-0.45551056,-0.9612516
-0.4660381,-0.92827475
-0.43977776,-0.97062135
-0.44684476,-0.963358
-0.4558322,-0.9436571
-0.42210674,-0.8721028
-0.42123565,-0.9534432
-0.4369839,-0.98139995
-0.40366155,-0.99702305
-0.42322338,-0.9034772
-0.44993666,-0.9897947
-0.44923574,-0.89353985
-0.38634023,-0.86960775
-0.44358993,-0.94748694
-0.38670203,-0.9579915
-0.40577465,-0.8531867
-0.44251296,-0.89992505
-0.43261254,-0.99193615
-0.43671706,-0.95291746
-0.42308682,-0.9796745
-0.4304963,-0.9735821
-0.42667735,-0.9330333
-0.42698216,-0.8844679
-0.41048867,-0.98089063
-0.42526764,-0.8528049
-0.43056792,-0.87210125
-0.45189428,-0.95962554
-0.4542759,-0.98967373
-0.447158,-0.93095887
-0.4350012,-0.9099016
-0.45146006,-0.9153715
-0.43156695,-0.9150324
-0.4193928,-0.876265
-0.43189856,-0.9192722
-0.42809102,-0.99933326
-0.41905367,-0.9833828
-0.42650926,-0.86358964
-0.4242508,-0.9574625
-0.441048,-0.9628749
-0.4574473,-0.91652787
-0.46051273,-0.9041359
-0.44246894,-0.9083943
-0.4439371,-0.9123606
-0.4357847,-0.9459698
-0.43149862,-0.8782998
-0.45373788,-0.978296
-0.44539952,-0.9221507
-0.44239432,-0.94912285
-0.41989356,-0.9509444
-0.4355854,-0.9381362
-0.43820885,-0.9751738
-0.4318869,-0.9915858
-0.44301894,-0.9623064
-0.44635946,-0.98318803
-0.41728348,-0.911553
-0.4342885,-0.97448903
-0.41906586,-0.91219026
-0.4274688,-0.95102704
-0.42625788,-0.8889748
-0.4496306,-0.9377148
-0.41969582,-0.9007441
-0.4348919,-0.94801164
-0.41519254,-0.8750011
-0.44118667,-0.9875207
-0.43813497,-0.943626
-0.43141153,-0.8589652
-0.43953592,-0.9709003
-0.43583694,-0.91406375
-0.44228837,-0.98698467
-0.43687382,-0.92118794
-0.44053102,-0.96001256
-0.44953728,-0.99853843
-0.43833435,-0.9805573
-0.41013044,-0.84001094
-0.4533231,-0.9189624
-0.42021468,-0.8619035
-0.43805993,-0.9141584
-0.40294647,-0.9370391
-0.44111365,-0.9653125
-0.4570782,-0.9486805
-0.43647328,-0.9678575
-0.45309857,-0.9372083
-0.44945988,-0.94376343
-0.44533473,-0.9602864
-0.4538858,-0.9607942
-0.38501897,-0.99389434
-0.43039095,-0.91173923
-0.4059686,-0.8739548
-0.42244232,-0.8974319
-0.43479517,-0.8847959
-0.43974957,-0.99342954
-0.42434987,-0.868216
-0.4065052,-0.99259585
-0.44706738,-0.9303961
-0.43638447,-0.9723869
-0.4375101,-0.9534237
-0.44648218,-0.9467362
-0.4582659,-0.95463145
-0.44294164,-0.9070275
-0.39742926,-0.9032244
-0.43446043,-0.9583898
-0.413677,-0.8908004
0.9115154,0.41507956
0.95085186,0.43759876
0.9838675,0.46220812
0.9964412,0.44374156
0.8307474,0.3941921
0.9634952,0.39892125
0.90797293,0.47757533
0.88228214,0.43071672
0.98171395,0.45693287
0.9742857,0.4432558
0.97010106,0.4185072
0.8808132,0.4256502
0.979121,0.4390323
0.94682926,0.43366486
0.95165586,0.44446108
0.8062806,0.41599062
0.9113457,0.43672624
0.98690087,0.4277733
0.99823433,0.46508503
0.8434897,0.40048513
0.98723507,0.4343397
0.918602,0.43802375
0.9255568,0.42443955
0.9053611,0.43327773
0.9083472,0.42121002
0.93694836,0.45381883
0.9346878,0.44373998
0.86641854,0.3940529
0.87182873,0.43301108
0.92133737,0.43152234
0.8994577,0.4243405
0.8367598,0.419236
0.965207,0.4508272
0.99106133,0.43801638
0.8926249,0.4353164
0.99635273,0.4506801
0.8643016,0.44031635
0.83679587,0.40682805
0.96567494,0.43494648
0.9721632,0.44964778
0.9856578,0.45103055
0.9529284,0.4519594
0.9193624,0.43431455
0.9091991,0.42765248
0.9238104,0.46005416
0.96458524,0.4455011
0.95926386,0.44808918
0.87471586,0.409554
0.99047625,0.45130983
0.9176405,0.4265941
0.9154023,0.4401541
0.9693488,0.42881584
0.9515448,0.44355816
0.9268941,0.42462248
0.9819929,0.46012694
0.90774894,0.411318
0.9821853,0.43382564
0.98747796,0.43249676
0.8862403,0.42429307
0.96356934,0.4405669
0.99779004,0.44606018
0.9747279,0.43596214
0.9451174,0.41403002
0.8894771,0.40638927
0.9952498,0.39764974
0.87986934,0.42363986
0.9397586,0.41515246
0.8055119,0.39012954
0.9327528,0.4454673
0.92999655,0.4079623
0.9724452,0.45887637
0.9634499,0.4465223
0.999556,0.44170445
0.9722487,0.44136268
0.9528755,0.4415231
0.9481838,0.44217348
0.9841793,0.4552494
0.8840263,0.43611592
0.8460025,0.41597039
0.9464986,0.39911368
0.9644468,0.4176629
0.98644245,0.43727943
0.93179965,0.44271782
0.86998034,0.42247683
0.9058953,0.43827465
0.9520192,0.44725946
0.9791776,0.45628056
0.99452394,0.44929975
0.9474531,0.45265576
0.942343,0.42590323
0.9303049,0.44810048
0.9323175,0.43556845
0.952408,0.4848439
0.87815017,0.40805188
0.94681484,0.47307646
0.9250035,0.4124038
0.92667186,0.40922564
0.8969411,0.42934936
0.93814355,0.43640354
0.9420709,0.44541082
0.99488366,0.42560166
0.9224992,0.42924488
0.8970597,0.41902453
0.9068387,0.44201827
0.999246,0.30957904
0.86883575,0.41323277
0.9926371,0.44948736
0.95626765,0.452861
0.9063163,0.43068177
0.94296575,0.43038452
0.9414721,0.42750815
0.9346353,0.4304463
0.99638885,0.44614345
0.96736056,0.3870172
0.9529807,0.46321455
0.96418345,0.45181483
0.8937966,0.43913606
0.964533,0.43888217
0.97399586,0.43134722
0.97020245,0.43651304
0.99774134,0.44142434
0.935088,0.442612
0.94911844,0.44800934
0.87867486,0.43355197
0.95983356,0.4421573
0.848126,0.42554426
0.985184,0.45019534
0.8612739,0.41770288
0.93808436,0.43536043
0.92648935,0.44499108
0.82298416,0.40773612
0.927017,0.43461597
0.9518156,0.42670867
0.9707627,0.42203957
0.96459866,0.4494367
0.95584553,0.42508173
0.9841615,0.43820012
0.8813655,0.40402886
0.9278547,0.43510947
0.9682447,0.4410709
0.99533194,0.4354902
0.94874316,0.45128897
0.9805371,0.4492821
0.8488741,0.4195068
0.9364005,0.43601367
0.986581,0.43869746
0.90867186,0.45541695
0.9515925,0.4260792
0.9925931,0.45301744
0.971853,0.43286946
0.94527245,0.4628663
0.96023196,0.4387073
0.91743964,0.46120352
0.97023505,0.42044544
0.922879,0.45903772
0.9926724,0.39381978
0.98840886,0.41880223
0.9527362,0.4350595
0.8978787,0.43524885
0.91038185,0.41100734
0.95404893,0.42964116
0.995552,0.4362706
0.97177434,0.4070919
0.99745435,0.44459438
0.89537483,0.4273839
0.9265001,0.45003045
0.87707525,0.41415426
0.9606101,0.44061434
0.87702364,0.43896937
0.9653707,0.44814134
0.9407711,0.42931482
0.9694207,0.45013157
0.88944846,0.4363103
0.9269834,0.406987
0.99404204,0.42245036
0.9819749,0.43153498
0.8846476,0.4151041
0.9814903,0.4481674
0.8642451,0.41211164
0.96543664,0.4527136
0.88362557,0.42175394
0.8803074,0.41308352
0.9582877,0.45806804
0.9076426,0.44147488
0.91104245,0.4252498
0.93916327,0.42424348
0.9990281,0.45098895
0.95477366,0.44033268
0.98323125,0.4104898
0.88885486,0.40838265
0.94692665,0.42030466
0.9723867,0.47072777
0.9579262,0.45350748
0.93932766,0.4582
0.9952204,0.4207265
0.9143354,0.4301236
0.9034584,0.44375238
0.93340695,0.45122823
0.8737725,0.4032755
0.8739014,0.38018355
-0.40449926,-0.8627246
-0.4160787,-0.96857756
-0.44344258,-0.9416988
-0.4542412,-0.9429471
-0.45078784,-0.9480841
-0.4569979,-0.9485717
-0.4498283,-0.9671376
-0.440981,-0.97442484
-0.43667835,-0.9312926
-0.447629,-0.9813827
-0.45388678,-0.9902673
-0.43504158,-0.96441793
-0.44761005,-0.9389849
-0.44007057,-0.90288526
-0.44925335,-0.93598217
-0.44973135,-0.96008474
-0.4383764,-0.872177
-0.44985077,-0.88958544
-0.4502964,-0.9545805
-0.4418907,-0.958321
-0.4165695,-0.90973043
-0.43645385,-0.8950651
-0.4274723,-0.9953155
-0.43020993,-0.97828114
-0.42367476,-0.8804929
-0.43793556,-0.95065546
-0.4346734,-0.96438503
-0.4400291,-0.89061403
-0.43432567,-0.9349454
-0.46691212,-0.9633884
-0.44758558,-0.931401
-0.41684848,-0.86066186
-0.46150938,-0.95124114
-0.45285496,-0.94874775
-0.45158002,-0.8975677
-0.40778247,-0.99605644
-0.40271497,-0.8613562
-0.4349621,-0.93795705
-0.4355128,-0.9454605
-0.44659433,-0.9452406
-0.43327308,-0.8817231
-0.43435308,-0.89357626
-0.4518008,-0.9373917
-0.41312635,-0.9073667
-0.45026374,-0.9342307
-0.41461706,-0.9920823
-0.44766128,-0.9955779
-0.4317367,-0.97756726
-0.44752625,-0.8842719
-0.4412778,-0.98175246
-0.45135045,-0.94372606
-0.4376753,-0.96369517
-0.45753583,-0.98126245
-0.42745927,-0.8886832
-0.4007797,-0.87915516
-0.4337866,-0.933305
-0.44277027,-0.9657464
-0.42429373,-0.93202573
-0.3966569,-0.8579045
-0.43712443,-0.9573265
-0.4487251,-0.9150452
-0.43964347,-0.8799819
-0.4633935,-0.9597221
-0.45445552,-0.93228346
-0.45521203,-0.87236273
-0.42756557,-0.9912964
-0.44391146,-0.9292728
-0.45445314,-0.9490341
-0.4293245,-0.9106629
-0.43868536,-0.9531829
-0.43758887,-0.9648525
-0.44301164,-0.96180016
-0.43959507,-0.98895395
-0.44128874,-0.92053324
-0.4336549,-0.88504136
-0.45784825,-0.937481
-0.41655156,-0.8988304
-0.4442924,-0.9262459
-0.4455446,-0.9277805
-0.42892286,-0.9134225
-0.44589698,-0.9252482
-0.47160476,-0.9852887
-0.44397268,-0.8655724
-0.44057313,-0.98432845
-0.4444972,-0.9976894
-0.41744453,-0.854001
-0.40453613,-0.91803646
-0.43925163,-0.9528408
-0.44769967,-0.9718601
-0.3866814,-0.87041724
-0.4252705,-0.931355
-0.41456342,-0.86253554
-0.43413666,-0.9619157
-0.4212962,-0.91741633
-0.42500213,-0.9040463
-0.44463477,-0.90423495
-0.43807346,-0.9952131
-0.4145321,-0.8648006
-0.43548578,-0.94494474
-0.44480145,-0.9414384
-0.439417,-0.97010845
-0.44033122,-0.9838426
-0.42744118,-0.94716716
-0.43779176,-0.9298703
-0.43984526,-0.89382374
-0.45139152,-0.9560596
-0.44706586,-0.9838885
-0.42302176,-0.9940984
-0.44077724,-0.97803926
-0.44218013,-0.902957
-0.43655366,-0.9047171
-0.4631051,-0.96536463
-0.45089358,-0.9720393
-0.42399538,-0.9254372
-0.43388614,-0.91118383
-0.42878035,-0.8783611
-0.44971135,-0.9402603
-0.43732607,-0.92811507
-0.4489306,-0.9995829
-0.39522642,-0.847257
-0.42963532,-0.95334005
-0.3872658,-0.8451782
-0.43778458,-0.90460396
-0.43527746,-0.8586453
-0.44865295,-0.8916261
-0.45387655,-0.97429156
-0.4409726,-0.9489846
-0.44549724,-0.8999674
-0.40378937,-0.87561864
-0.41780952,-0.8980007
-0.41939884,-0.90417135
-0.44223207,-0.9327457
-0.4319988,-0.9227428
-0.43804818,-0.9966841
-0.45538184,-0.9533
-0.44455048,-0.9547217
-0.43582052,-0.8961943
-0.4440451,-0.956847
-0.43979254,-0.9888215
-0.42837995,-0.8846126
-0.42191526,-0.92862767
-0.44624257,-0.95320785
-0.43977863,-0.98619235
-0.4512267,-0.9913651
-0.41145432,-0.8410961
-0.43837905,-0.962663
-0.4470157,-0.98997307
-0.42124546,-0.89229447
-0.4399093,-0.96290416
-0.4351215,-0.9790086
-0.43493074,-0.9717032
-0.3865275,-0.8963528
-0.43542114,-0.86879027
-0.43730322,-0.95119655
-0.42807707,-0.87830627
-0.45036203,-0.88504237
-0.3960473,-0.9746688
-0.44559187,-0.91652757
-0.43877587,-0.99735856
-0.4331739,-0.90582156
-0.42748567,-0.8729817
-0.43097055,-0.90093994
-0.3926615,-0.8661802
-0.4611129,-0.91884226
-0.4142452,-0.89150816
-0.44348037,-0.9155212
-0.40933555,-0.88900197
-0.4380809,-0.98685944
-0.40473264,-0.8674233
-0.4210426,-0.89721537
-0.4035177,-0.8660422
-0.43504706,-0.89798677
-0.44334793,-0.9795565
-0.43295762,-0.978988
-0.46941864,-0.9435572
-0.45236728,-0.98602
-0.42568156,-0.9836092
-0.43929332,-0.8942539
-0.44394374,-0.9272829
-0.45021048,-0.98373383
-0.43684912,-0.9991076
-0.43014026,-0.92211497
-0.4238428,-0.902605
-0.44081256,-0.99936754
-0.41154382,-0.9401241
-0.42519808,-0.8980781
-0.4333744,-0.92356384
-0.41914573,-0.90731686
-0.4433182,-0.9651952
-0.44463244,-0.89707005
-0.4354682,-0.9458666
-0.42780173,-0.99824035
-0.44994766,-0.9405885
-0.4325393,-0.91056
-0.44582194,-0.95778376
-0.42539495,-0.9039267
-0.4395404,-0.9937725
-0.42376927,-0.91594183
-0.44985524,-0.97366494
-0.43194598,-0.97605914
-0.41176406,-0.8999668
-0.38681972,-0.99664176
-0.44373748,-0.9395921
-0.4254272,-0.9247995
-0.446014,-0.8907327
-0.45726722,-0.9824201
-0.4430381,-0.9588031
-0.45404074,-0.9581178
-0.43497238,-0.9071871
-0.42862236,-0.9879634
-0.43775108,-0.9673885
-0.43765727,-0.95051384
-0.44287157,-0.89547884
-0.4093401,-0.90991956
-0.4533594,-0.9736282
-0.4487654,-0.9056258
-0.42681316,-0.90144926
-0.4298643,-0.9181287
-0.43124452,-0.9213692
-0.42664132,-0.93403196
-0.43062022,-0.92504406
-0.4347696,-0.9659343
-0.43885824,-0.9831992
-0.43960416,-0.9343573
-0.38986057,-0.8369974
-0.4438199,-0.99951017
-0.4505349,-0.9830737
-0.41267362,-0.8643202
-0.4578727,-0.949768
-0.4229683,-0.86793375
-0.44333082,-0.9873465
-0.45957085,-0.9743636
-0.41636294,-0.9470591
-0.4430743,-0.978708
-0.45471048,-0.99956065
-0.44603783,-0.99956095
-0.41489565,-0.86230063
-0.4319,-0.899413
-0.4467655,-0.8921684
-0.4502918,-0.95815957
-0.44977963,-0.94813615
-0.4208183,-0.9850816
-0.43009254,-0.99248904
-0.44079342,-0.9263085
-0.4486607,-0.86236405
-0.43832707,-0.97709423
-0.44426438,-0.8497178
-0.43098333,-0.92441726
-0.4151112,-0.99444634
-0.43818417,-0.9326883
-0.4537524,-0.9825804
-0.42782474,-0.9586777
-0.4430684,-0.99676776
-0.43707934,-0.9916807
-0.37850714,-0.82478666
-0.4492571,-0.98908716
-0.43868673,-0.86724776
-0.45400417,-0.98312587
-0.4354814,-0.9541308
-0.43984273,-0.98409504
-0.42167425,-0.9962924
-0.3962166,-0.85228914
-0.45029572,-0.91511965
-0.441444,-0.89646965
-0.4586321,-0.9717917
-0.45612025,-0.9674166
-0.4290765,-0.9100633
-0.43101326,-0.9702712
-0.44584453,-0.99258965
-0.473761,-0.97033155
-0.4498664,-0.9602697
-0.4355278,-0.9157846
-0.4165511,-0.8766144
-0.4377464,-0.9548133
-0.42683175,-0.9048727
-0.45200932,-0.9756821
-0.42734724,-0.8686173
-0.4436631,-0.940533
-0.43113887,-0.9020294
-0.42923084,-0.8927139
-0.45231387,-0.93460286
-0.45327595,-0.9539018
-0.41498655,-0.90938246
-0.39582828,-0.99336016
-0.44360092,-0.93725175
-0.42326498,-0.89942944
-0.3977694,-0.9208828
-0.41748688,-0.99141335
-0.4374235,-0.99880075
-0.4249234,-0.90196353
-0.45214015,-0.9676541
-0.41722545,-0.9060298
-0.4346438,-0.94396573
-0.4543275,-0.9590613
-0.45374563,-0.96334875
-0.41046435,-0.88898355
-0.42867532,-0.9843986
-0.4414244,-0.9811996
-0.4347701,-0.9547176
-0.45820612,-0.87658894
-0.43021962,-0.9679089
-0.44138536,-0.89118826
-0.4274812,-0.9662213
-0.4291198,-0.90089697
-0.4379783,-0.99169135
-0.4325439,-0.87379736
-0.4360491,-0.9204429
-0.43175563,-0.9400539
-0.45159602,-0.93452185
-0.4307962,-0.9480343
-0.42850816,-0.99405473
-0.45729008,-0.95408297
-0.43312806,-0.9334721
-0.44157034,-0.9607567
-0.4503692,-0.982514
-0.42360622,-0.9112885
-0.40868205,-0.85441715
-0.42420423,-0.9248221
-0.40650088,-0.8974117
-0.4636349,-0.9640705
-0.448651,-0.9821043
-0.4088561,-0.86687595
-0.42807943,-0.9001461
-0.43124455,-0.90809554
-0.41772318,-0.9647323
-0.41862875,-0.8709796
-0.42443252,-0.8757857
-0.4228333,-0.8774043
-0.42230973,-0.9030937
-0.44522074,-0.9483583
-0.44327018,-0.9861836
-0.43816248,-0.92889476
-0.43216017,-0.9937828
-0.46373555,-0.9449614
-0.37906525,-0.8681527
-0.45054972,-0.9903118
-0.44421145,-0.92967135
-0.4637457,-0.9393844
-0.43222913,-0.9803672
-0.4176555,-0.8609497
-0.4218224,-0.99184656
-0.4353516,-0.9898742
-0.4472389,-0.9711665
-0.45442536,-0.9521323
-0.43415385,-0.9379316
-0.43442553,-0.8977979
-0.39577124,-0.8519981
-0.42388704,-0.88917893
-0.44643176,-0.92836
-0.44651374,-0.9483332
-0.40658242,-0.8506886
-0.4449404,-0.96270114
-0.43136737,-0.94892806
-0.42747644,-0.8553416
-0.44635102,-0.9684889
-0.4358535,-0.8716623
-0.4061084,-0.8887403
-0.4403695,-0.96944976
-0.42978147,-0.95781285
-0.44132996,-0.92713046
-0.41160375,-0.8830193
-0.45035735,-0.93430567
-0.40392846,-0.93858236
-0.43802357,-0.946691
-0.42962494,-0.9266544
-0.4379438,-0.9984496
-0.3681137,-0.8309012
-0.44297537,-0.87544394
-0.42665237,-0.8977331
-0.43636936,-0.8979545
-0.4153994,-0.90623635
-0.4456489,-0.91078585
-0.41790858,-0.9619802
-0.43365404,-0.9856266
-0.38519117,-0.85494274
-0.46245492,-0.93541676
-0.4268197,-0.99558276
-0.43658355,-0.9494671
-0.44732863,-0.95691526
-0.4362714,-0.99788517
-0.4427656,-0.9771898
-0.42134368,-0.8861122
-0.45302635,-0.92282015
-0.44177282,-0.98563707
-0.4372,-0.9319784
-0.44361976,-0.92361456
-0.43416667,-0.9755167
-0.4426186,-0.9889713
-0.39314377,-0.99187315
-0.4267214,-0.8715564
-0.40470055,-0.87350523
-0.42437565,-0.9078247
-0.41991717,-0.9079066
-0.45261535,-0.9550804
-0.45765364,-0.9301529
-0.42675668,-0.9152121
-0.44024715,-0.98144615
-0.44081435,-0.92272145
-0.44920245,-0.93338245
-0.4563817,-0.9385566
0.9713558,0.4343336
0.9314209,0.46057093
0.9341955,0.45057064
0.8656515,0.39992693
0.9722126,0.46195182
0.88174146,0.4169319
0.8731782,0.4495757
0.9704304,0.4020805
0.8972277,0.43795937
0.94773906,0.4402074
0.89950365,0.41629055
0.99935496,0.40874636
0.97615093,0.46257627
0.9948159,0.41357332
0.9685298,0.4377518
0.9731623,0.44317818
0.9823734,0.43662655
0.970801,0.4644634
0.9772276,0.45205694
0.9985666,0.44697753
0.9503021,0.44081795
0.8915385,0.41266823
0.98617494,0.43084136
0.9011553,0.45120642
0.99741864,0.45380422
0.99350184,0.4427587
0.99380136,0.43401045
0.941353,0.4414035
0.9447259,0.45948133
0.9030669,0.41718826
0.9334685,0.45497763
0.92786735,0.4136939
0.9445657,0.43712464
0.9138326,0.41462478
0.9199054,0.43207026
0.97687805,0.43449953
0.990914,0.44884482
0.9560704,0.4449779
0.95963186,0.43676445
0.9953177,0.4206973
0.8966886,0.44458887
0.9797812,0.4505935
0.94501704,0.4394517
0.9327469,0.44140005
0.9010295,0.41731715
0.89486367,0.4224909
0.9247375,0.44315234
0.9701092,0.4644477
0.94027096,0.45242712
0.9625466,0.43671554
0.9485251,0.46006513
0.9578528,0.43381345
0.9233461,0.43797874
0.95968646,0.45131847
0.9424859,0.43385145
0.9422363,0.47395557
0.84694576,0.4125511
0.978255,0.48561713
0.93555856,0.42179987
0.9136562,0.4526362
0.9805668,0.45514333
0.9592444,0.433517
0.84761465,0.43267485
0.96846783,0.43757188
0.91868234,0.41242108
0.99160624,0.4399632
0.93943673,0.44387382
0.9814381,0.38047975
0.96739686,0.42968205
0.97878146,0.4393934
0.9423064,0.4477533
0.9222817,0.4491664
0.94351816,0.4236702
0.900809,0.44066593
0.99522626,0.4185713
0.86727315,0.4260661
0.88154054,0.43282667
0.9724208,0.4117266
0.96774703,0.4417651
0.9151448,0.42218685
0.88676375,0.42136404
0.9773714,0.42521736
0.85446787,0.42587557
0.9370898,0.43174377
0.9754044,0.44865298
0.93872035,0.46329334
0.88901424,0.45657
0.9421368,0.44779658
0.98082507,0.44378793
0.9914935,0.41971526
0.9929798,0.40080208
0.9378663,0.4211242
0.99802077,0.4189629
0.8807618,0.43028185
0.9997955,0.43061528
0.9926622,0.4432825
0.90051705,0.43376786
0.95076007,0.4015885
0.9103173,0.42924613
0.9567903,0.43714958
0.9788137,0.439803
0.99195755,0.40384835
0.9372724,0.39617583
0.86181957,0.4129875
0.9492933,0.42499536
0.9390897,0.43223333
0.84211427,0.4341272
0.98308945,0.4304009
0.9784648,0.4448387
0.92407286,0.41514903
0.9661777,0.4516948
0.89498806,0.43893608
0.99071205,0.43764868
0.9057936,0.4281779
0.94509786,0.4602701
0.9111304,0.4063545
0.94248426,0.45516023
0.9447702,0.46118042
0.97237414,0.44171363
0.9277497,0.43786642
0.9194735,0.42900845
0.92947245,0.44809923
0.9410948,0.472903
0.9710828,0.4436689
0.9541041,0.4127942
0.9540234,0.42108962
0.86161685,0.40641063
0.9963063,0.42240062
0.98530006,0.46586698
0.8845151,0.44566226
0.8943783,0.42375064
0.9334424,0.45549628
0.96934485,0.4518256
0.9801335,0.41178083
0.8685658,0.39584368
0.9840573,0.4456684
0.92237884,0.42987245
0.98608387,0.42429137
0.9970517,0.4840242
0.9823743,0.42839107
0.940283,0.45895687
0.89527255,0.43605536
0.94445324,0.44754392
0.9982719,0.45050114
0.88259715,0.4239421
0.9651295,0.46990445
0.896054,0.42789564
0.88528067,0.40693873
0.9638136,0.4581887
0.99851483,0.45503795
0.9702676,0.44648832
0.97360545,0.42783055
0.8872272,0.42997903
0.97354645,0.45145234
0.8364111,0.41492194
0.9221397,0.4670387
0.9096529,0.4266149
0.97788614,0.4210852
0.8704308,0.43103147
0.9761407,0.43717155
0.9677734,0.42480347
0.9971418,0.4454696
0.9752284,0.4491841
0.9553866,0.45190418
0.95462745,0.45037672
0.9365543,0.42858905
0.92408454,0.46355692
0.9616758,0.44835615
0.8890322,0.4150478
0.9739502,0.41132456
0.97475153,0.46075672
0.934559,0.44578722
0.9447727,0.450512
0.915735,0.45578107
0.9826439,0.4408861
0.9779387,0.46793666
0.90450716,0.43129602
0.9384323,0.44169086
0.95452595,0.46247366
0.99078053,0.39368278
0.9386381,0.38861197
0.9949214,0.39018574
0.99739784,0.44920018
0.9639193,0.42868987
0.99892443,0.4459335
0.9928971,0.42643085
0.8358559,0.40577447
0.9571231,0.43856013
0.97166115,0.40032214
0.96275055,0.45640025
0.9723689,0.43902895
0.96868044,0.45061383
0.96609324,0.42362592
0.93335557,0.42414755
0.9521686,0.4394431
0.92180747,0.4225359
0.91684,0.42900324
0.93387103,0.4326514
0.9644978,0.45535913
0.915907,0.44820362
-0.42705953,-0.8985741
-0.4187055,-0.8980171
-0.4319837,-0.8949763
-0.43058825,-0.89794123
-0.45274445,-0.93905133
-0.45246366,-0.95384
-0.43061313,-0.9076311
-0.41376474,-0.89370763
-0.42640442,-0.8450385
-0.44074357,-0.89565736
-0.380006,-0.8322716
-0.44741917,-0.93849796
-0.42301926,-0.89767456
-0.4148133,-0.87305754
-0.45381486,-0.98432726
-0.4464322,-0.984938
-0.4225022,-0.90078646
-0.41650134,-0.9347525
-0.44012514,-0.89049125
-0.46360418,-0.9233193
-0.44262943,-0.90267825
-0.44219038,-0.97050315
-0.4540987,-0.96806943
-0.45730296,-0.9205333
-0.4142772,-0.8858663
-0.44223636,-0.91074365
-0.42977387,-0.91397506
-0.42519185,-0.9727866
-0.43921646,-0.9342792
-0.43872705,-0.8840389
-0.4464174,-0.9033396
-0.4268059,-0.8826966
-0.442689,-0.9677619
-0.44951603,-0.8918141
-0.41895556,-0.9452267
-0.4447811,-0.93834823
-0.42033473,-0.98731595
-0.43544325,-0.922524
-0.44282407,-0.95113534
-0.41630697,-0.923561
-0.45155218,-0.90046895
-0.4317507,-0.9010084
-0.41538897,-0.8732946
-0.45654586,-0.982529
-0.40689975,-0.8899087
-0.44148716,-0.963261
-0.44642085,-0.9111339
-0.43674767,-0.92485875
-0.40576917,-0.85533667
-0.45520607,-0.9300127
-0.4424474,-0.9662415
-0.4319652,-0.8925352
-0.43703377,-0.9887006
-0.43722415,-0.92425144
-0.4542494,-0.94352096
-0.44165665,-0.8721839
-0.45233408,-0.915014
-0.4335264,-0.87244815
-0.41918197,-0.8732235
-0.43958345,-0.9919896
-0.42934787,-0.9113303
-0.40823808,-0.9982698
-0.42970502,-0.9947681
-0.42384306,-0.8275357
-0.44345734,-0.8752539
-0.41996944,-0.99750006
-0.45339975,-0.9599111
-0.43923578,-0.9257944
-0.44167086,-0.9518794
-0.44589412,-0.8749527
-0.4615183,-0.9724508
-0.41508356,-0.902185
-0.43855947,-0.8623739
-0.4346066,-0.9648983
-0.41825798,-0.8796432
-0.44668546,-0.97278005
-0.43159828,-0.9250451
-0.40122667,-0.8766281
-0.43525985,-0.89821684
-0.43462342,-0.91919065
-0.45009005,-0.8922109
-0.44694945,-0.9475723
-0.42276663,-0.957001
-0.40259442,-0.8597082
-0.45869023,-0.9495417
-0.43175265,-0.931235
-0.44259298,-0.9619835
-0.4016643,-0.8278643
-0.4415502,-0.9401612
-0.4329596,-0.9796867
-0.44353274,-0.94106424
-0.427551,-0.9640827
-0.4151875,-0.868615
-0.41695637,-0.8979782
-0.45200932,-0.9705849
-0.44111598,-0.9514293
-0.42717338,-0.91237676
-0.4366426,-0.9042412
-0.4351404,-0.9419529
-0.43361187,-0.8697702
-0.43126884,-0.90501195
-0.43108955,-0.90901333
-0.45027345,-0.9817386
-0.46011195,-0.99153244
-0.4462943,-0.9072918
-0.42908958,-0.8854595
-0.41736943,-0.9727611
-0.44507754,-0.98131424
-0.44660395,-0.9381506
-0.43426374,-0.9184649
-0.4374717,-0.9945896
-0.43765044,-0.9106238
-0.4256526,-0.9834264
-0.42524636,-0.86499804
-0.43480462,-0.99213374
-0.38870376,-0.83903605
-0.4216699,-0.8949263
-0.4149201,-0.8936821
-0.43196753,-0.9921687
-0.4194655,-0.9775104
-0.43920705,-0.9885896
-0.43994683,-0.97871214
-0.43046674,-0.9697217
-0.43585137,-0.90829086
-0.42236388,-0.97197086
-0.44123393,-0.8760584
-0.43038648,-0.9077417
-0.44140407,-0.8728751
-0.4249895,-0.89033055
-0.4220953,-0.94045514
-0.42631897,-0.9741782
-0.45644924,-0.98666054
-0.41668278,-0.88527805
-0.43885672,-0.98315656
-0.43612567,-0.8366262
-0.4438054,-0.91160506
-0.4307113,-0.8789965
-0.42544925,-0.9704089
-0.4308976,-0.8671059
-0.44769567,-0.9139579
-0.44967216,-0.9252479
-0.4433981,-0.8978714
-0.40719643,-0.82479334
-0.43394703,-0.93683964
-0.43850183,-0.9385579
-0.4544452,-0.9855607
-0.46785748,-0.9376251
-0.44855648,-0.90546805
-0.428529,-0.91138786
-0.4489255,-0.894416
-0.42361373,-0.9332466
-0.4469051,-0.936874
-0.4439804,-0.88408977
-0.45500335,-0.92999756
-0.42847553,-0.8862854
-0.43776852,-0.9250526
-0.40032333,-0.86355925
-0.41962776,-0.9436489
-0.41886315,-0.8843403
-0.46084547,-0.97164464
-0.42178118,-0.935693
-0.43875563,-0.9730471
-0.43977076,-0.97872907
-0.4411531,-0.94992757
-0.44303545,-0.98523724
-0.42877877,-0.9032014
-0.40575168,-0.99955386
-0.4342423,-0.95621353
-0.44589534,-0.9140937
-0.43928564,-0.9611337
-0.42928302,-0.8676503
-0.41646203,-0.87817854
-0.44421887,-0.9634569
-0.41359407,-0.9445291
-0.4012629,-0.86017466
-0.42295554,-0.97542644
-0.4160045,-0.88233423
-0.4124171,-0.9160943
-0.42658126,-0.9897512
-0.4239034,-0.9944059
-0.43167382,-0.9642434
-0.4349019,-0.888085
-0.41498232,-0.8775936
-0.44527018,-0.9988655
-0.44254443,-0.9889057
-0.43863198,-0.9745086
-0.39098173,-0.8504861
-0.43229052,-0.92874223
-0.44203565,-0.97860384
-0.45118782,-0.90658617
-0.4097436,-0.9620387
-0.43933007,-0.96000737
-0.4251702,-0.89256096
-0.44633418,-0.9070578
-0.43902522,-0.9132707
-0.43445772,-0.8806942
-0.44618753,-0.92503804
-0.4346147,-0.90515095
-0.4259443,-0.94778514
-0.38964278,-0.92187065
-0.44423026,-0.9304999
-0.45618892,-0.963299
-0.41332504,-0.88466406
-0.4553591,-0.8698535
-0.45079663,-0.9595981
-0.423249,-0.9014097
-0.45320368,-0.97634727
-0.4458541,-0.9122831
-0.43580696,-0.9223043
-0.42962453,-0.8679936
-0.42585245,-0.9314464
-0.45736617,-0.9124276
-0.4368129,-0.9767459
-0.4411643,-0.9363974
-0.42155913,-0.91093415
-0.4533327,-0.97265875
-0.44256976,-0.91614723
-0.44445872,-0.9379448
-0.43896917,-0.92933947
-0.39954633,-0.79514396
-0.4055982,-0.8451503
-0.45068178,-0.9375279
-0.4351501,-0.8823436
-0.42629665,-0.8689138
-0.4321581,-0.98258233
-0.44006273,-0.88405424
-0.43191227,-0.90150887
-0.45472437,-0.90458775
-0.4117438,-0.8605255
-0.4181782,-0.8414304
-0.44652465,-0.9046429
-0.44075716,-0.93001753
-0.4406027,-0.8848607
-0.43040603,-0.9422249
-0.44735965,-0.94196296
-0.43696308,-0.9936851
-0.43364838,-0.9408991
-0.42689148,-0.9561725
-0.41834083,-0.99142027
-0.4517537,-0.95985615
-0.43293384,-0.9705722
-0.45269912,-0.94605714
-0.43244615,-0.96343404
-0.4472298,-0.9463135
-0.3822136,-0.8718723
-0.4383225,-0.89155567
-0.45765007,-0.8906419
-0.40586835,-0.8708576
-0.43157417,-0.89916015
-0.44607115,-0.94720465
-0.40981606,-0.8618319
-0.43814954,-0.9047478
-0.44001278,-0.9550303
-0.42301798,-0.9230503
-0.44430795,-0.97738475
-0.44358376,-0.9785512
-0.44817686,-0.9865533
-0.4426925,-0.8836464
-0.43977615,-0.9535305
-0.44608462,-0.9788577
-0.42606607,-0.9845406
-0.44747636,-0.9273461
-0.4112218,-0.8732209
-0.39030313,-0.8500247
-0.4540441,-0.9311321
-0.43085763,-0.98581773
-0.42600125,-0.904515
-0.43900794,-0.95488423
-0.44043678,-0.8911393
-0.44963047,-0.9654877
-0.43175226,-0.9000861
-0.46119148,-0.97406864
-0.43663973,-0.9379823
-0.42216083,-0.9043067
-0.45779327,-0.9936492
-0.4410704,-0.92489696
-0.4449494,-0.9405596
-0.45057118,-0.90684265
-0.43656433,-0.9162613
-0.43668208,-0.9927375
-0.4340178,-0.9401619
-0.45412958,-0.95667475
-0.43647525,-0.8719311
-0.4190045,-0.9781807
-0.42567927,-0.83911324
-0.4350219,-0.89642364
-0.43116927,-0.91268945
-0.45375735,-0.9429539
-0.41282573,-0.9296209
-0.46010613,-0.942278
-0.41034025,-0.9891236
-0.43583426,-0.86817294
-0.4415276,-0.96486187
-0.41731364,-0.9252648
-0.43911746,-0.963684
-0.40641114,-0.9902901
-0.44286415,-0.94401354
-0.41144913,-0.99146205
-0.42200303,-0.8783891
-0.43597725,-0.9833969
-0.4452392,-0.95953953
-0.43218398,-0.9969361
-0.39149138,-0.8519873
-0.44736817,-0.9036167
-0.43274763,-0.98505646
-0.4309401,-0.99466485
-0.44362092,-0.9261525
-0.39095336,-0.9294117
-0.43176624,-0.9653207
-0.4531414,-0.94377553
-0.40312505,-0.89301324
-0.4421422,-0.8891368
-0.44183153,-0.9989509
-0.46198082,-0.9499937
-0.46100932,-0.9134045
-0.4434016,-0.95115143
-0.4347216,-0.9576625
-0.44394547,-0.9457727
-0.45118427,-0.9378808
-0.4560988,-0.9479782
-0.42294067,-0.94601965
-0.3781009,-0.83655876
-0.4443939,-0.91367877
-0.43751812,-0.88388544
-0.44754326,-0.9752211
-0.43079,-0.9948715
-0.44041225,-0.9684106
-0.39250037,-0.86396414
-0.44552046,-0.9771874
-0.42896792,-0.97072506
-0.44377193,-0.88197225
-0.40624154,-0.98712105
-0.4340983,-0.8899873
-0.44945166,-0.91734177
-0.4408941,-0.95416546
-0.4351463,-0.98689795
-0.440929,-0.90721226
-0.43501404,-0.9789293
-0.41260517,-0.9017914
-0.38302904,-0.86273533
-0.44892135,-0.8370802
-0.40964487,-0.8979437
-0.4253681,-0.9107008
-0.45163986,-0.99671626
-0.4153233,-0.8622415
-0.40448934,-0.901748
-0.4160084,-0.8769283
-0.42275536,-0.9001721
-0.4392694,-0.9973509
-0.4121382,-0.8686282
-0.44917375,-0.9157623
-0.43977615,-0.9761588
-0.44037437,-0.9625989
-0.4172075,-0.94501275
-0.44216314,-0.9598408
-0.4582641,-0.9472372
-0.4567961,-0.9931403
-0.43251088,-0.908906
-0.40930006,-0.8543976
-0.43410102,-0.98974335
-0.4024486,-0.97702235
-0.41890955,-0.97098356
-0.41929,-0.875785
-0.4487767,-0.93163615
-0.45629266,-0.8976148
-0.42300677,-0.99433947
-0.44831038,-0.9506222
-0.37324485,-0.79739743
-0.4218138,-0.9495908
-0.4369218,-0.9202472
-0.42400557,-0.9287802
-0.4434884,-0.9923239
-0.4379912,-0.9161702
-0.4227988,-0.9144407
-0.40365255,-0.87530524
-0.43313098,-0.98630667
-0.44414917,-0.9086283
-0.44299385,-0.96577716
-0.45386243,-0.95532626
-0.43924987,-0.9977444
-0.44813222,-0.9444024
-0.4436379,-0.979294
-0.42985907,-0.9396564
-0.44552773,-0.9786988
-0.3985988,-0.82172894
-0.40282348,-0.8457577
-0.42861453,-0.9369015
-0.4406595,-0.9284267
-0.4169852,-0.8769036
-0.42059976,-0.9800476
-0.44681174,-0.9567986
-0.4276833,-0.8759689
-0.45494518,-0.99764484
-0.4190364,-0.8839521
-0.44756562,-0.9320464
-0.4547609,-0.91807276
-0.43557122,-0.8950859
-0.474482,-0.95299083
-0.45211533,-0.8985124
-0.4367777,-0.9359934
-0.38992727,-0.99897325
-0.4500887,-0.9715225
-0.44285753,-0.94881094
-0.4106645,-0.97281224
-0.40851834,-0.87719303
-0.43275905,-0.8279677
-0.42917818,-0.9643868
-0.44396743,-0.9667337
-0.44377738,-0.9248251
-0.43981072,-0.98286253
-0.40823027,-0.8278754
-0.43664223,-0.89015204
-0.42190835,-0.95616317
-0.40772346,-0.8614736
-0.43270263,-0.9716089
-0.428353,-0.98232406
-0.4114589,-0.87184536
-0.4252651,-0.88848764
-0.44510463,-0.8890986
-0.4306489,-0.9412169
-0.43038842,-0.93505555
-0.43697768,-0.921465
-0.41679785,-0.88434374
-0.42520046,-0.9119895
-0.4427212,-0.9319175
-0.43826485,-0.90961957
-0.4163556,-0.90147203
-0.40262482,-0.95959204
-0.40482774,-0.8722169
-0.4357979,-0.88186556
-0.42708248,-0.89732116
-0.43720272,-0.95236933
-0.4462748,-0.9254029
-0.4261791,-0.92548347
-0.44019875,-0.9438855
-0.4562699,-0.91339904
-0.44762245,-0.9698024
-0.43854657,-0.9998191
-0.4338405,-0.95859706
-0.43009955,-0.9768805
-0.45367122,-0.9358125
-0.44535014,-0.95047295
-0.44817913,-0.8616075
-0.4200837,-0.91418904
-0.43710938,-0.9556419
-0.41921127,-0.8996933
-0.42769107,-0.9941587
-0.44820163,-0.95058763
-0.39675176,-0.9995054
-0.44609058,-0.96615356
-0.38478366,-0.83782357
-0.44257438,-0.89903665
-0.4232469,-0.9622913
-0.44281274,-0.95439994
-0.44834694,-0.9234161
-0.43370515,-0.9907903
-0.4526254,-0.9412269
-0.44161418,-0.9771416
-0.437399,-0.9212273
-0.42265964,-0.89242357
-0.4254175,-0.8702435
-0.4189176,-0.90609
-0.45400074,-0.9619543
-0.4483257,-0.9565711
-0.44100875,-0.9019582
-0.42554358,-0.8983808
-0.41788033,-0.9949784
-0.4363922,-0.94357175
-0.4332617,-0.9108499
-0.43906686,-0.9811888
-0.4415124,-0.9375474
-0.43925995,-0.9136806
-0.43681675,-0.91030675
-0.43659705,-0.8943595
-0.43731752,-0.9038551
-0.46769878,-0.97070885
-0.4508583,-0.9266403
-0.4308416,-0.96292466
-0.4266598,-0.9791519
-0.41038132,-0.87543213
-0.43288103,-0.9343651
-0.44760066,-0.90371644
-0.4165517,-0.87210107
-0.43838564,-0.9880808
-0.4424637,-0.89670974
-0.45131928,-0.9502689
-0.42037445,-0.9474709
-0.4458252,-0.9905408
-0.45246643,-0.95586926
-0.43115216,-0.9642131
-0.45317078,-0.97328615
-0.43726254,-0.9503687
-0.4155803,-0.99101716
-0.41529736,-0.92822075
-0.44400683,-0.9975975
-0.4392398,-0.9633731
-0.44686556,-0.9681724
-0.4557583,-0.958889
-0.42841607,-0.951907
-0.44593236,-0.8896851
0.99633783,0.45547527
0.91380495,0.42650995
0.88205266,0.41626278
0.8525173,0.41853312
0.9450536,0.44355732
0.8473465,0.42021778
0.9008819,0.4089131
0.9788136,0.45880577
0.91582334,0.41516
0.95876324,0.43679097
0.9714526,0.43116805
0.98454106,0.43755352
0.98915076,0.4623473
0.92357534,0.45316982
0.91147923,0.43829632
0.9737264,0.4487281
0.92926586,0.44616276
0.9686714,0.43945014
0.9821099,0.41437373
0.96272916,0.44823688
0.8734023,0.42660695
0.88060534,0.41542482
0.9780627,0.43598312
0.8875107,0.431143
0.8605198,0.420948
0.97227293,0.41678914
0.96607316,0.445919
0.92165446,0.42953277
0.95395964,0.44370937
0.95848787,0.44203687
0.9308686,0.44450685
0.9769951,0.45233947
0.95607555,0.37417343
0.92509747,0.44395345
0.9042867,0.43447527
0.94527173,0.45222577
0.98532784,0.4471956
0.9811577,0.41926157
0.9417083,0.4341088
0.9812263,0.42929533
0.8761886,0.39403343
0.96694726,0.46611115
0.95729953,0.43913025
0.9808122,0.45506862
0.9919425,0.45824376
0.9812796,0.44612575
0.8720582,0.4036618
0.96218574,0.44085968
0.9568298,0.4048706
0.9245363,0.45532453
0.97765523,0.4392179
0.9288812,0.44576284
0.9113995,0.43696746
0.98886424,0.44974923
0.9493217,0.40836662
0.92524385,0.44278094
0.92069614,0.43023092
0.98707354,0.44614092
0.93006915,0.4633454
0.97682405,0.45723248
0.94645524,0.44023266
0.9875246,0.42118487
0.9306012,0.44351047
0.8676972,0.40031135
0.9066277,0.41883
0.85061175,0.42442638
0.97958016,0.44688866
0.9301742,0.42661783
0.9190888,0.43038252
0.96386623,0.4269402
0.9226292,0.4524908
0.9792079,0.4332086
0.8994584,0.4183144
0.90152353,0.4171531
0.99725366,0.41426048
0.9693075,0.41849917
0.93105435,0.4407708
0.9654518,0.43777782
0.9150526,0.4679777
0.9131775,0.434793
0.98615336,0.42820755
0.9546333,0.46100792
0.9996492,0.34961617
0.9585002,0.44832847
0.9469309,0.44993955
0.9165633,0.4431086
0.99035174,0.36281168
0.92047554,0.428875
0.9071346,0.39593557
0.96156317,0.44497666
0.97241974,0.44327444
0.8583551,0.42230722
0.9835609,0.41799745
0.9875663,0.4295393
0.98000056,0.4388456
0.9255633,0.41165668
0.98026294,0.44779196
0.9822413,0.44928476
0.9652027,0.44852844
0.96864194,0.4055537
0.98303974,0.43622395
0.95471644,0.456416
0.91439116,0.4364189
0.9988581,0.47050852
0.92586225,0.4018523
0.96450186,0.42175758
0.8981776,0.47725296
0.8677439,0.42060286
0.89575213,0.4499767
0.9002686,0.4564567
0.95127773,0.4389089
0.9001139,0.4238618
0.9544895,0.44526547
0.9630945,0.4471076
0.9522458,0.42897716
0.99047273,0.45983434
0.9705727,0.42766464
0.9930611,0.42137206
0.99234086,0.46236464
0.9400987,0.45022038
0.995458,0.4438822
0.9953355,0.4517302
0.9800751,0.43673006
0.8709528,0.38966957
0.94455683,0.4425367
0.8812995,0.46133655
0.99244905,0.45196888
0.8502236,0.3928729
0.9973293,0.45866168
0.96446925,0.44559774
0.85867506,0.44502196
0.9803745,0.44064298
0.9324792,0.44807172
0.9689968,0.4459904
0.9321729,0.4675792
0.9902729,0.44992402
0.9059869,0.43280247
0.9352152,0.42796364
0.841617,0.42296615
0.9414832,0.38111207
0.9067715,0.40798515
0.99658155,0.45114204
0.92862415,0.44091794
0.9938731,0.44928268
0.9003821,0.44358525
0.9282414,0.4441801
0.8597769,0.4085608
0.9709821,0.43037057
0.8922337,0.4324719
0.9578405,0.44356775
0.9071354,0.40619114
0.8699123,0.42587858
0.8659411,0.4262344
0.9868244,0.42353338
0.9339604,0.44937366
0.92310655,0.4462618
0.90656805,0.39668503
0.87696564,0.4359591
0.96752244,0.42097682
0.9575839,0.43142906
0.99339086,0.4383655
0.9373195,0.4607228
0.99073726,0.44173893
0.9108582,0.427981
0.9592994,0.4509508
0.94397825,0.44691527
0.8655624,0.44565263
0.9321651,0.45513383
0.96478087,0.43628776
0.8995696,0.44778958
0.9990263,0.4249292
0.9715042,0.4659736
0.8231512,0.39345384
0.94287586,0.45090997
0.9414275,0.4425563
0.95136523,0.445681
0.93631154,0.44273213
0.98064923,0.46283343
0.9955116,0.4179937
0.95197755,0.44642055
0.8651608,0.43552998
0.8869971,0.40641356
0.95685583,0.42751098
0.93108535,0.45206282
0.89062595,0.42745024
0.8637347,0.40247265
0.92577326,0.4359441
0.91694015,0.4267216
0.9046556,0.43757963
0.9388973,0.4283583
0.9764185,0.42977095
0.9113829,0.4571579
0.8347207,0.40535256
0.9983663,0.43407455
0.82799906,0.41394624
0.95654833,0.4639087
0.9957818,0.41142926
0.9260056,0.4351408
0.94851255,0.42727202
0.9640075,0.433004
0.92131853,0.44510484
0.9461967,0.4409748
0.94768196,0.449674
0.83147585,0.40511024
0.99306923,0.41344652
0.9683104,0.45454982
0.9884761,0.4471364
0.97717685,0.43927842
0.959867,0.433658
0.95181304,0.44652146
0.94515294,0.45605004
0.9278404,0.4243706
0.9501885,0.469561
0.9504507,0.45777324
0.94381833,0.40698746
0.8385937,0.39929292
0.9796477,0.43532062
0.9226293,0.45591938
0.8920959,0.4543528
0.89556867,0.43329102
0.97062975,0.4214517
0.9648756,0.45266357
0.976494,0.42440942
0.9760522,0.43136457
0.96946526,0.41902524
0.97730196,0.44887885
0.9151273,0.40609553
0.93413097,0.4559946
0.8571773,0.42612052
0.9063535,0.41046056
0.91970605,0.43594262
0.8960481,0.46448967
0.9269706,0.4114632
0.9475245,0.43609473
0.98570824,0.45856196
0.93425685,0.4515464
0.93330866,0.44079587
0.9573316,0.46152484
0.97357416,0.42166004
0.9474442,0.44124284
0.9431742,0.44849858
0.91465753,0.4685077
0.9898186,0.45638162
0.95181304,0.42594597
0.99265885,0.43715677
0.8628377,0.42199036
0.9013873,0.44567713
0.99390745,0.43970427
0.9464102,0.4550206
0.9836952,0.4430445
0.9847898,0.42324135
0.9811696,0.42477497
0.9233159,0.42319822
0.91787654,0.43339702
0.85355145,0.42745203
0.9358042,0.44384012
0.99222326,0.4131638
0.9595608,0.43784183
0.8772927,0.4030678
0.950586,0.45756143
0.9365732,0.44901085
0.9794566,0.44654697
0.9702027,0.44526473
0.89560026,0.41887742
0.9487674,0.4541114
0.94358283,0.43371677
0.8519476,0.41560543
0.96481097,0.47114086
0.99916494,0.44595772
0.9182117,0.46136454
0.9164225,0.4450932
0.98964393,0.4348107
0.98248225,0.4209478
0.96804094,0.481287
0.9634664,0.47279373
0.96763074,0.4312663
0.9920806,0.4572726
0.8430584,0.4382209
0.9705315,0.4220749
0.9260503,0.42689905
0.89967865,0.43690827
0.987936,0.43427977
0.8375052,0.44276115
0.9506824,0.4234277
0.9929207,0.41419238
0.92857915,0.44020873
0.98951304,0.4322808
0.8278937,0.41624552
0.9582513,0.46246356
0.90470994,0.4209616
0.8866947,0.45171118
0.94521403,0.43086874
0.97899085,0.42285675
0.90967554,0.42772192
0.9926287,0.4447655
0.9809615,0.44870955
0.932175,0.4497753
0.92312914,0.4263242
0.9474941,0.4066839
0.9802522,0.41990966
0.9674563,0.42257607
0.9358108,0.44445866
0.96803325,0.4472125
0.87000555,0.41075465
0.93214065,0.42140028
0.8929089,0.44204754
0.99650174,0.45859128
0.9226937,0.44246018
0.9657327,0.44860747
0.9617559,0.3960442
0.9951823,0.41977334
0.9935209,0.4350829
0.9398931,0.39352736
0.8905967,0.41949448
0.92022973,0.42687464
0.9629921,0.45437
0.9699492,0.45375797
0.95319116,0.41961697
0.94722337,0.43991166
0.9906697,0.4360749
0.91117334,0.4541711
0.97734725,0.4563687
0.9832937,0.45684966
0.97675544,0.42458275
0.96904945,0.46729663
0.94296145,0.45346215
0.9985774,0.41883123
0.9832199,0.39599192
0.9832847,0.42654192
0.8281719,0.39639023
0.9712099,0.43038425
0.92455065,0.46070772
0.87371206,0.43960604
0.95893127,0.4403378
0.89985234,0.43151435
0.96081924,0.46343312
0.8713073,0.4660223
0.9646879,0.4600329
0.98160267,0.46241584
0.96939355,0.43818676
0.8788104,0.41589025
0.8776141,0.41625494
0.9205045,0.41132
0.9152334,0.45539433
0.9573011,0.43992907
0.98288625,0.42293328
0.8971035,0.44030005
0.98867303,0.434954
0.91128206,0.4475825
0.93905735,0.48209485
0.98888844,0.40584046
0.9736227,0.45290413
0.8925749,0.42385864
0.93550676,0.46329805
0.9881058,0.45855626
0.89947957,0.41789478
0.93325186,0.4384382
0.999427,0.44035086
0.8771015,0.42527467
0.98163694,0.44636753
0.94394386,0.4351796
0.9784204,0.43237546
0.92199355,0.46212006
0.9293832,0.44567904
0.92652994,0.43188027
0.88603526,0.43218157
0.95553124,0.41875997
0.9739689,0.44957563
0.9022984,0.4122813
0.96219873,0.43605754
0.87458104,0.39155278
0.9673138,0.4078969
0.97835386,0.43940416
0.97761935,0.44365814
0.95449394,0.4516769
0.97079617,0.43695632
0.98573655,0.45499098
0.92429227,0.4354348
0.91624236,0.43665856
0.9284562,0.4294589
0.9590095,0.4406068
0.94355845,0.43951508
0.9333839,0.43685958
0.91912144,0.4324561
0.88987243,0.44158524
0.97867537,0.40503794
0.9213658,0.44133314
0.9534053,0.4621596
0.9107609,0.44577467
0.9778077,0.45143855
0.9802676,0.43976977
0.92846817,0.43591586
0.9057953,0.41905606
0.9720166,0.4530373
0.9756607,0.45273423
0.9480876,0.45133635
0.95165956,0.43869135
0.9380723,0.45187306
0.89461386,0.42358434
0.9608142,0.4209888
-0.42749035,-0.9910197
-0.43438464,-0.9757668
-0.44961962,-0.97028923
-0.44929788,-0.99123406
-0.43716905,-0.9013302
-0.41891548,-0.94047433
-0.45021987,-0.94463235
-0.43843386,-0.9709035
-0.4335234,-0.89247936
-0.43787995,-0.9346559
-0.44159326,-0.91516966
-0.40981054,-0.8747116
-0.4067327,-0.9776869
-0.43876344,-0.939878
-0.44549727,-0.9683107
-0.42028648,-0.98645616
-0.45523044,-0.9940514
-0.43413404,-0.8867442
-0.4311587,-0.98912674
-0.43579847,-0.8965396
-0.42824292,-0.829109
-0.45721674,-0.9516253
-0.43198138,-0.98548675
-0.4347424,-0.8977844
-0.43646583,-0.94646907
-0.40426874,-0.9849826
-0.44915342,-0.9936017
-0.4384627,-0.9323167
-0.41259706,-0.8696163
-0.4400226,-0.9646343
-0.44866186,-0.9167525
-0.42447788,-0.8677538
-0.4316096,-0.88850355
-0.43925515,-0.9822152
-0.44500023,-0.97956777
-0.4570848,-0.93561447
-0.43236896,-0.8915771
-0.44498542,-0.9299824
-0.41975343,-0.9784942
-0.4329858,-0.9988065
-0.43590313,-0.90439004
-0.4382583,-0.918649
-0.43573257,-0.9480608
-0.42917877,-0.9298167
-0.4329067,-0.94913054
-0.41450557,-0.967461
-0.4571845,-0.9586447
-0.41266942,-0.994319
-0.42833164,-0.9100498
-0.4305169,-0.9464223
-0.41080698,-0.9070475
-0.4417468,-0.93025875
-0.44066328,-0.98522645
-0.41171378,-0.9908499
-0.40795827,-0.9250651
-0.44203275,-0.95161164
-0.44579098,-0.9690844
-0.45720616,-0.9377288
-0.45034423,-0.88871026
-0.4239878,-0.99913263
-0.4084213,-0.91603756
-0.43913096,-0.94219923
-0.45413017,-0.9539637
-0.4447313,-0.9751401
-0.43970498,-0.9174577
-0.42115232,-0.9301162
-0.43337575,-0.9166057
-0.44422862,-0.87547576
-0.42123893,-0.99870634
-0.42715082,-0.9544368
-0.4346732,-0.9570088
-0.42156705,-0.9973917
-0.43710336,-0.968031
-0.4308367,-0.95926446
-0.43996528,-0.98269886
-0.42079633,-0.8952184
-0.4408897,-0.9086751
-0.43802026,-0.9730292
-0.4427763,-0.90006375
-0.4312724,-0.94211674
-0.4193733,-0.9488156
-0.4566803,-0.9783173
-0.44420186,-0.9301591
-0.42036596,-0.8986178
-0.4480932,-0.9243677
-0.43341556,-0.96999466
-0.43838733,-0.9152775
-0.43695423,-0.95527494
-0.45518753,-0.88456243
-0.43305248,-0.9043554
-0.44760993,-0.98218405
-0.45172662,-0.9375566
-0.4421361,-0.9405116
-0.44105306,-0.93240637
-0.45455608,-0.9357948
-0.42476076,-0.8443333
-0.4319374,-0.9786734
-0.4227407,-0.9080595
-0.4430261,-0.9769926
-0.42099905,-0.9911934
