-0.409513,-1.1105671,-3.2978804,-2.5393012,-1.2554773,0.8765313,1.9691237,0.84441775,-0.23024091,-0.28485385
-0.24359813,-0.94373286,-1.7248921,-2.0656397,-1.1079323,1.1079587,0.8820861,0.46605784,-0.088770814,0.1802442
-0.37808555,-1.4038768,-2.4102664,-2.8643477,-1.2186339,0.5508712,2.105719,0.98183584,0.3633483,-0.10730902
-0.24130245,-2.1250424,-3.825651,-3.6608622,-1.4889263,1.2546674,2.360281,1.5990164,0.30849135,-0.62221193
-1.2478912,-0.6845983,-3.3267744,-2.8894496,-1.2697347,0.7673769,1.5795927,1.0160439,-0.15233937,-0.05511347
-0.80957705,-0.89261514,-3.213418,-2.537796,-0.50067115,1.236768,1.6722796,1.4127007,-0.049497038,-0.6047141
-0.7112438,-1.3913289,-3.3948088,-2.3821814,-1.1124735,0.7480391,1.1427382,1.1588503,0.043321133,-0.3355221
-0.39480945,-1.7484735,-3.2464106,-3.187949,-1.0333027,1.2046391,1.8124918,1.7094152,0.016088089,-0.57312065
-0.13163134,-0.99366474,-2.9129488,-3.262223,-0.8760584,1.3663275,1.8599626,1.8447152,0.09794232,-1.1004199
-0.84419364,-1.0272886,-2.9354565,-2.3325908,-0.7071282,0.9885061,1.0406946,0.66234046,0.08075812,-0.9044188
-0.5167884,-0.90322787,-3.016273,-2.4255369,-0.5662731,0.92492515,0.84599966,0.5615816,-0.5359798,-0.8100328
-0.67375493,-1.3269994,-3.67555,-3.5569637,-0.987721,1.2257313,1.6727946,1.2516528,-0.070024006,-0.73508096
-0.55419904,-0.25310427,-2.4673836,-2.1829417,-0.96473765,0.63183105,1.1084068,0.7886409,0.0652039,-0.09930169
-0.18020226,-0.04734763,-1.710151,-2.8974237,-0.8241581,0.92853063,1.6145529,1.0597489,0.3180429,0.11014355
-0.5667644,-0.9407945,-2.4840782,-2.5730894,-1.198513,0.9398686,1.4041046,0.5668059,0.109364234,-0.17322037
-0.49162272,-1.2035842,-2.4220338,-2.6239583,-0.5838806,1.377119,1.9539914,1.0782893,-0.13386047,-0.8088895
2.3824227,-1.1597072,-3.010427,-2.442125,-0.8623885,1.056254,2.320692,1.1712272,0.21247733,-0.0342833
-0.93995357,-0.8747565,-3.3082476,-2.6348252,-0.4796142,1.4135424,1.7162819,1.185048,0.011887186,-0.97243303
-1.1222619,-1.0872523,-3.582274,-3.5086434,-1.1768948,0.82144874,1.873735,1.3023326,-0.35175133,-0.33140963
-1.1865816,-1.3814998,-3.368116,-3.435486,-1.0068657,1.2506434,1.2280941,1.1089145,-0.01138212,-0.76760364
-0.6143921,-0.972594,-3.3002343,-3.3763766,-1.4661994,1.1791997,2.1770089,1.6071576,-0.2356328,-0.86672133
-0.84468156,-2.2824228,-3.8766677,-3.1050804,-0.8316189,1.2477299,2.2616975,1.1507053,-0.6088412,-0.6693995
-0.4318442,-0.63646895,-2.351271,-2.4952435,-1.3908002,0.96274924,1.5423765,1.2314063,-0.29065967,-0.2897644
-0.60256785,-0.76901793,-1.8378026,-2.2180843,-1.0721881,0.9014028,1.3182286,0.37457362,0.15524136,-0.10229028
0.117205285,-1.1760055,-3.4489355,-3.0931795,-0.8991915,1.3629428,1.6668541,0.9449804,0.22596255,0.07859687
-0.82822603,-1.6052766,-3.6069074,-2.6758301,-0.7681605,1.5211347,1.8293685,0.82746273,-0.076267816,-1.2722245
-0.1894828,-1.3272272,-3.335762,-3.65631,-1.1080972,1.2325195,2.2639167,2.016729,0.66047037,-0.9899133
-0.9499466,-1.0558107,-3.0996034,-3.7719724,-0.9887288,1.1328659,1.7223834,0.7965015,0.20389578,-0.17797276
-0.42584223,-1.2167151,-2.33386,-2.376067,-1.1468205,0.35031727,1.5585767,0.6162923,0.06655891,-0.41408655
-0.097136036,-0.9047309,-2.9659524,-2.574588,-0.9013904,1.2587384,2.1428156,1.3674322,-0.9108419,-0.5405873
-0.78330314,-0.91441053,-2.802134,-2.2275429,-0.7488459,1.4656754,1.3511888,0.4449048,0.0006218257,0.08419759
-0.28663987,-0.3384177,-1.7849214,-2.4142566,-0.9602977,0.59503067,1.622386,0.8484352,-0.025480429,-0.11833364
-0.43212232,-0.80632806,-2.327963,-2.470938,-1.0834193,0.81983626,1.5733129,0.64354503,0.31676748,-0.08059247
-1.66553,-1.2698011,-3.6400664,-3.6233919,-1.3190457,0.7341511,1.3266366,0.759844,-0.48718652,-0.7239145
-0.8799975,-1.5364447,-3.4051068,-3.2024539,-1.2354865,0.9680224,2.1228242,1.4399719,-0.091591746,-1.5903541
-0.6935226,-0.82873595,-3.707274,-3.2733817,-0.63574445,1.4467607,1.7958562,1.800317,0.09705617,-0.3589371
-0.25857466,-0.4351884,-2.0731633,-2.4235656,-0.84095484,0.926672,1.5359251,0.6922153,-0.11485268,-0.79585993
-0.09302984,-1.580482,-3.6541088,-3.0643842,-1.4164826,0.74609923,2.185408,0.810641,0.31037125,0.34383285
-0.64461005,-0.93269175,-3.548111,-3.1869407,-1.0495733,0.8019975,1.8120898,0.9408954,0.48735973,-0.14456257
-0.6701332,-0.48735046,-1.6317613,-1.8125483,-1.4567089,0.5884647,0.54770595,0.2227639,0.066297166,1.8789318
-0.1236566,-1.2499301,-3.322995,-3.6157432,-1.0255735,0.99942213,2.1178937,1.1051973,0.09965322,-0.94226724
0.07342569,-1.4318026,-2.2145805,-2.9301689,-1.1767528,0.98012197,2.2804782,1.1535419,-0.08689423,-0.48490754
-0.97455645,-1.7332708,-3.4349763,-3.1987343,-1.1088278,0.6192431,1.5864315,1.2405636,0.22489123,-1.3899434
-0.91746634,-1.2599169,-2.9289613,-2.9760497,-1.3086259,0.6822214,1.9001093,0.7980483,-0.048273534,-0.37867188
-0.6345994,-1.4856076,-3.260732,-2.3183703,-0.56086135,1.7829373,2.0103316,1.4083806,-0.15642998,-0.7060565
-0.22214878,-0.40224776,-2.1200337,-2.445636,-0.4498535,0.5514155,1.3605596,0.67590684,-0.21184127,-0.6526268
-1.3074466,-1.3382736,-3.329211,-3.150988,-0.6337802,1.4622452,1.5320314,1.0631113,0.15844329,-0.89839786
-0.64483416,-0.9736088,-3.1863298,-2.935338,-0.8086002,1.6048131,1.7768215,0.54237115,-0.16992873,-0.3044642
-0.1741185,-0.669566,-2.5364678,-2.8061495,-0.7526159,1.3363253,1.6563166,1.1445361,-0.39366028,-1.0058602
-0.6276889,-0.94717175,-3.2136247,-2.741549,-0.771658,0.5590383,1.3379165,0.9102691,0.19284253,-0.4360768
-1.1566367,-1.5596527,-3.0458493,-2.648308,-1.4082353,0.96648276,1.4845635,0.65783113,-0.19046116,-0.6412986
-0.39072272,-0.31871268,-1.882154,-2.4954054,-0.58660954,1.1637225,1.6814307,1.0118605,-0.38372442,0.09185207
-0.24362199,-2.564241,-4.074696,-3.8676667,-1.0631374,1.1500642,2.205279,0.97402316,-0.41989446,-0.65032005
-0.5232371,-1.4174727,-2.9487326,-3.5634418,-1.0122216,1.1414137,1.927824,1.09033,-0.12022689,-0.4066031
-0.57543534,-1.9252021,-2.72853,-2.2300649,-1.2942665,0.23908544,1.6029606,1.2580749,-0.37051696,-0.75593734
-0.08086676,-0.52160895,-1.7033134,-2.225591,-1.1760149,0.52442753,0.82178783,0.75336933,0.056448016,-0.30322692
-0.10770129,-1.2499249,-3.2432952,-2.765982,-1.8496561,0.4695748,1.3896503,1.1206546,-0.05075408,-0.2602503
-0.67518413,-1.1031189,-3.4181457,-2.8870175,-1.0855407,0.89520967,1.961023,1.4026119,-0.09322001,-0.46709895
-0.055724505,-1.1929126,-2.2645023,-2.0737424,-1.114186,0.80000037,2.3618023,0.6927965,-0.53449965,-1.4225533
-0.98014957,-0.892586,-2.5940385,-3.0985081,-1.362137,0.8781949,1.6158235,1.3775308,-0.41275063,-0.7996128
-0.6615684,-1.2939992,-3.3108823,-2.759307,-1.0368037,0.7603382,1.7869816,0.9157222,-0.024071174,-0.95495486
-0.7685106,-1.8580985,-3.3226771,-3.1989377,-0.9551657,1.5663567,1.8410486,1.1660668,0.068328425,-0.6662319
-0.37701815,-1.2090589,-3.0806215,-2.9385238,-0.64810985,1.4953412,1.8255658,0.7713594,-0.22305392,-0.97313035
-0.16793486,-1.1460615,-2.9166377,-3.4524646,-1.7364416,0.579033,2.1856115,1.4215988,0.108286075,-0.09543574
-0.72802335,-1.7169259,-3.1641912,-2.7416625,-1.0156945,0.9142129,1.8203019,0.83659196,-0.021149153,-0.67257667
-0.33571908,-1.0220997,-3.3404653,-2.9755342,-1.3637258,1.5580817,2.2032425,0.9903082,0.0016790843,-0.48515502
0.1814114,-0.28700912,-2.2710407,-2.4192762,-0.94326824,0.6978013,1.477981,1.0714971,-0.4615665,-0.0065096486
-0.9052839,-1.3564769,-3.4775462,-3.0913491,-1.4250939,0.8018375,1.7422942,1.353029,-0.06388525,-0.2269742
-0.53157526,-1.6878388,-3.4907732,-3.6620598,-0.9812631,0.8337554,1.6253552,1.2863439,0.5719976,-1.1103609
-0.95444745,-1.2410868,-3.225353,-3.00343,-0.70985496,0.85506964,1.808134,0.93873006,0.08444043,-0.6559927
-0.20401141,-0.57650703,-2.447851,-2.3269825,-1.0360086,1.2450597,1.6072202,0.7497914,0.015903402,0.12226865
-1.0912958,-0.9631984,-3.0795398,-3.477068,-1.4719352,1.0640336,2.1873705,1.0839555,-0.02632585,-0.40278646
-0.007505481,-1.2130266,-3.6005056,-3.5541754,-1.2380681,1.0336353,2.3715549,1.6197658,-0.17712449,-0.503832
-0.19127709,-0.8978322,-2.62414,-1.7518562,-1.0017561,1.0177194,1.6298,0.9062098,-0.3464926,-0.32135463
0.026779415,-0.95384073,-3.338352,-3.1075516,-1.0491728,1.1961367,1.6094337,0.88750464,-0.2697289,-1.0019742
-0.41606137,-0.91621375,-2.8498874,-2.4585376,-0.2759384,1.6178974,1.7070494,0.96288025,0.14282583,-0.37353706
-0.01346565,-0.24389093,-2.4838896,-2.0381136,-1.3290629,0.49446112,1.5146295,0.8935812,-0.050453853,-0.043496292
-0.7282525,-1.1340549,-2.6688163,-3.1234334,-1.1526148,1.1160698,1.5319002,0.9213569,0.28981245,-0.25228727
-0.43388298,-1.6337416,-3.8235047,-3.8970602,-0.9170152,1.8601142,2.6179101,1.5692496,0.01330849,-0.7006246
-0.19053277,-0.7528863,-2.2943478,-2.0740087,-0.67898613,0.57807493,1.6016796,1.0635965,0.10113696,-0.07486303
-0.3578276,-1.1356869,-3.649021,-3.753899,-0.9050286,1.508776,1.9390514,0.8252028,-0.04429208,-0.40671733
-0.7138951,-1.9361229,-4.02315,-4.1069274,-1.0847561,1.5227581,2.2166753,1.4821422,0.10876672,-0.7797511
-0.6169974,-1.424273,-3.654561,-3.0409997,-1.1186024,0.7610834,1.7453777,1.0775775,0.30947876,-0.54764724
-0.68917334,-1.2807002,-3.6047513,-3.986449,-0.89119613,1.5136359,1.9730151,1.2572196,-0.10866352,-1.3032074
0.030730657,-1.0967354,-2.780301,-2.4526453,-0.78021383,0.73583955,2.1918716,1.2171265,-0.6859637,-0.4284287
-0.28873625,-1.0222106,-3.2377236,-3.0879755,-1.2310439,0.7571315,1.8801187,1.0015484,-0.10943863,-0.6229339
-0.43840432,-2.7253466,-3.7212262,-2.5106053,-1.4664164,0.6720883,2.2962809,0.7341726,-0.11502826,-0.41647488
-0.030701239,-1.1905835,-3.3158607,-2.951433,-1.2074461,1.1898726,1.6016465,1.4867051,0.2559757,-0.62350774
-1.3004959,-1.6898086,-3.2286496,-2.6573007,-0.8470452,1.0250874,2.0119543,1.2973106,0.03575947,-0.5142375
0.17868775,-1.3649654,-3.427248,-2.622625,-1.2946292,0.8972212,1.8362949,1.0804046,0.10490771,-0.36872995
-0.31951797,-1.1645198,-3.352685,-3.1034136,-1.1527725,0.9929559,1.1858283,1.2302423,0.14751731,-0.08241512
-0.029144293,-0.52192026,-2.4712074,-2.124342,-0.6989834,1.145545,1.385152,0.3658841,-0.12675166,-0.3830746
-0.81832844,-1.2759764,-2.3806872,-2.6175303,-0.99824375,0.44613093,1.4732848,0.8348297,0.07023485,-0.3816287
-0.73237866,-0.5627728,-2.0011158,-2.8856928,-1.1900901,0.574663,1.2621421,0.257558,0.23351407,-0.0059003797
-0.026953576,-1.2854986,-3.2283103,-3.0278332,-0.8521758,0.7860256,1.741195,1.0792402,-0.24056251,-0.36275005
-0.22841045,-1.4856195,-3.6271045,-2.9534788,-1.281754,1.1979219,1.9815023,1.2892189,0.25295588,-0.20581312
-0.43093532,-1.3238887,-3.21649,-2.8408432,-0.59211284,1.0001538,1.1675338,1.2224671,0.71120965,-0.6864339
-0.7717692,-0.6936635,-2.5175123,-1.96769,-0.5966678,0.4869022,1.0459071,0.73060054,-0.0052920706,-0.92411673
-0.3060467,-1.4832648,-3.3016815,-3.7379022,-1.4588791,1.2345208,2.0133832,1.2806652,-0.3710048,-0.2617801
-0.33505106,-1.6533024,-2.899086,-3.2483609,-0.5618362,1.8974072,1.8612907,1.1710594,0.16858912,-0.100903876
4.501969,-1.049582,-1.9778903,-1.807034,-0.8629245,1.393006,2.4414666,1.1151915,0.11995595,-0.066317245
-0.7525398,-1.511697,-3.5426757,-3.2311633,-1.2426695,0.91895026,1.8529056,1.1337632,-0.052784823,-0.79357773
0.15189715,-0.26343712,-2.8104668,-2.5278888,-0.63612443,0.67890143,2.022073,0.8201142,0.010371859,-0.28594422
0.04661331,-1.3650088,-2.8887348,-2.9204125,-0.8178115,1.37355,1.8145951,1.0755105,0.11054871,-0.10035671
-0.41667697,-2.0029938,-3.462048,-3.1236534,-1.5209147,0.87752986,1.7413082,0.7297475,0.22893952,0.006685004
-0.6875191,-1.0487533,-2.7914524,-2.0332534,-1.067017,1.1191736,1.0100307,0.6334052,-0.16573799,-0.1730827
0.12898597,-0.8854331,-2.6559584,-2.1922755,-0.95477015,1.4011045,1.935949,0.6692172,-0.34442982,-0.30213264
-0.53888273,-0.39178208,-2.3615255,-2.3085682,-1.2140375,1.2225553,1.9902414,1.1113801,-0.18937089,-0.5302988
-0.49015275,-1.5134639,-2.7458105,-3.0233436,-1.0543393,0.9411959,1.5583613,0.7164424,-0.5813384,-0.52489054
-0.6393695,-1.252658,-3.4411013,-3.971941,-1.107753,1.5446023,2.2046247,0.9772747,0.059553094,-0.6837489
-0.12995115,-0.9895465,-2.741398,-2.6611254,-1.5489525,0.9681724,1.3527865,0.81937885,0.0002842282,-0.34033227
-0.46617764,-1.1419547,-2.9886737,-2.3884423,-0.8954343,1.1866993,1.4146919,1.0524348,0.09182356,-0.6966136
-0.9183269,-1.7906275,-3.4162982,-2.6895444,-1.0883996,1.1105635,1.8026619,1.1897935,-0.13585976,-0.89342546
-0.7244486,-1.4252933,-3.5860105,-2.634357,-0.95930773,1.4808216,1.7736311,0.6491428,-0.13698871,-0.61498076
-0.35766318,-1.0356939,-2.9636245,-2.3069532,-0.7708053,1.2740841,2.0249774,0.6784831,-0.1405076,-0.7422597
-0.05936459,-0.9267184,-2.431731,-2.8417203,-0.5332428,1.2734606,1.5951964,0.79925835,0.20013842,-0.2676074
-0.78878754,-0.97671604,-2.0544817,-2.001852,-0.31250098,1.2662987,0.79256535,0.7064674,-0.10380772,-0.83525753
-0.3067733,-0.21531934,-2.355243,-1.9059632,-0.58286726,0.80056816,0.788307,0.534487,-0.7340826,-0.47399896
-0.6119282,-1.5025833,-3.7312918,-3.2206306,-1.2492268,1.1564538,1.5861124,1.0993708,0.3508653,-0.7606725
-0.5166387,-1.44137,-3.304077,-3.2169957,-1.632796,1.0419149,1.5257462,1.0938945,-0.27504936,-0.7682718
0.17224538,-0.8788607,-2.9552774,-2.0570872,-0.8205033,0.95935863,1.7895582,0.54080206,0.31047893,-0.2659995
-0.693828,-0.43756655,-2.5283856,-2.2930088,-0.56474024,1.0378381,1.3923974,0.6859596,0.050791584,-0.1683979
-0.75715905,-1.348287,-3.8230398,-3.7768798,-1.0973476,1.1400349,1.9661888,1.3273727,-0.042852327,-1.2844526
-0.54042286,-1.1938763,-2.8927686,-3.171118,-1.191482,0.8398555,1.2273762,0.9612983,0.15657768,-0.7264279
-1.1539333,-0.76136357,-3.4605935,-3.0384116,-1.4098678,0.6401641,1.4072505,0.9464537,0.06566372,-0.6709867
-0.48371893,-0.7901521,-2.9342194,-2.7875545,-0.9947688,1.1406815,1.697029,1.0582209,0.31541333,0.18444706
-0.18064834,-1.1442094,-3.085947,-2.6019619,-0.8450489,0.458686,1.5778918,1.2709286,0.10542579,-0.8404198
-0.34642443,-1.0833253,-1.7090725,-1.7632309,-0.8664285,0.5839195,1.7541692,0.47097275,-0.054715272,0.23662637
-0.8414858,-1.859146,-3.4744918,-3.540433,-1.343724,1.4169447,2.2263772,1.7511785,-0.1876981,-1.6445608
-0.65684545,-0.57802856,-2.0044591,-1.7936175,-0.21317448,0.8919664,1.2449228,0.82725567,-0.13479953,-0.33923256
-0.552336,-1.1495881,-3.3650715,-2.9998848,-0.6910588,1.1269419,1.9170873,1.1772087,0.15025218,-0.6612666
-1.161203,-0.74471414,-2.3391964,-2.8660047,-1.135279,0.71954966,1.6108456,0.84135944,-0.1462241,-0.14332137
-0.948973,-0.9551332,-2.235733,-2.5056772,-0.47828233,0.8166581,1.3541677,0.7005168,-0.22738518,-0.5548614
-0.65258765,-1.0072514,-2.6992483,-2.870215,-0.8921311,0.8405209,1.8542659,1.0238918,0.05498113,-0.34744498
-0.12286765,-1.6033629,-2.9989314,-2.973181,-1.1467073,0.6312828,2.0957644,1.0910968,0.46070647,-0.038297854
-0.021843283,-1.4225892,-2.9715445,-2.4494498,-1.0110356,1.285729,2.0457017,1.1624603,0.2167589,-0.19752848
-0.85111105,-0.70895046,-2.259381,-2.6277795,-0.64474887,1.1546267,0.8220416,0.9261538,0.114710934,-0.42992932
-0.45384407,-1.1701994,-3.3050282,-2.5907185,-0.71957767,1.3147155,2.2114465,1.0126745,-0.36278465,-1.1810436
-0.3421279,-1.4077334,-3.6303976,-2.9137397,-1.3343503,0.54739594,2.1731217,1.519083,0.1552334,-0.19144289
-0.42781118,-1.1454645,-2.9566834,-2.5984516,-1.0706835,0.34278432,1.7021437,0.56435394,-0.28527158,-0.16086212
-1.2009405,-1.5546364,-3.6551695,-3.7086875,-1.4512107,1.2609986,1.7644068,0.8050751,0.13772523,-0.51146585
-0.6597912,-1.4053066,-2.6548853,-2.539221,-1.1386507,0.6301288,1.9886652,1.0908334,0.06846502,-0.4061743
0.009916457,-0.848352,-3.0489216,-2.8208292,-1.5462662,0.76289254,1.8629801,1.8577325,0.28675234,-0.7542086
-0.53154194,-0.75708014,-2.924153,-2.2154686,-0.78692883,0.54447776,1.2795596,0.9340844,-0.24323063,-0.14751035
-0.108660564,-0.7506776,-2.7310476,-2.6158144,-1.2165204,0.47417432,2.0283854,1.0475621,0.10121287,-0.24155173
-1.9578216,-1.1489836,-1.9912238,-2.8302565,-3.0844631,-3.2431812,-0.24829327,0.48339936,0.4812778,-0.72359014
0.046218053,-1.0876439,-2.9038527,-3.1402347,-1.4981322,0.6105887,1.4599755,1.3815131,-0.15448783,-0.82901645
-0.5012701,-1.2417418,-3.028693,-3.273528,-1.1311402,0.6531857,1.7725502,1.3355048,-0.0411141,-0.6105981
-0.3838527,-0.64962846,-1.953148,-2.902722,-0.8226958,1.0502323,1.5137262,0.822352,-0.04837499,-0.79583055
-0.6027127,-1.3087623,-3.4680166,-3.305689,-1.1111228,0.9658489,1.903139,0.9072773,-0.2658682,-0.6729086
0.2486341,-1.3308451,-2.5644734,-2.6173427,-1.1246289,1.0392852,1.8924979,0.67811954,-0.10041018,0.13585536
-0.49886686,-1.015195,-3.5995183,-3.5975463,-0.9101514,0.6000502,2.069797,1.6125808,-0.06487824,-0.9176485
-1.2854246,-1.0807891,-2.1963177,-2.1742651,-0.36983407,0.8883568,1.4511673,1.014111,-0.49069047,-0.35872647
-0.48066148,-1.3196541,-2.8417451,-2.3046901,-1.2009922,0.7544823,1.5925566,1.4140832,-0.097499765,-0.39494616
-0.54265904,-0.9547221,-3.3893836,-3.512192,-1.1107963,0.61505324,2.3574116,1.6858698,0.36672732,-0.69774467
-0.5501084,-1.4307986,-3.4629538,-3.3108475,-0.5726486,1.3055408,2.108918,1.3678887,-0.06766928,-1.0817678
-0.5375531,-1.5394311,-3.0092924,-2.6390383,-1.1971902,1.3493606,1.6878153,1.0131676,-0.26990664,-0.9082246
-1.0835167,-1.2807642,-3.3077257,-2.508882,-0.54635733,0.86815387,1.3278983,1.3787049,-0.1215216,-0.68077284
-0.33746216,-1.4642828,-2.9885929,-2.442703,-0.9170257,0.6880265,1.5447496,0.703251,0.10829448,-0.5886896
-0.47393498,-1.1744729,-2.6272604,-2.7755072,-0.9341852,0.79396814,2.0531695,0.83457017,0.30465394,-0.24976498
-0.51469076,-1.2490424,-3.8038006,-3.8808596,-1.2225058,1.391929,2.0392973,1.3083016,0.13683283,-0.55929506
-0.99860406,-1.062221,-3.5894225,-3.578113,-0.9633872,0.6072156,1.8262714,0.98019344,0.068145454,-0.8667457
-0.4711403,-1.2231634,-2.978573,-2.5996394,-0.6021347,0.87573534,1.5642384,0.48285627,-0.06771761,-0.21759492
-0.26616597,-1.4215639,-2.3115807,-2.2663496,-0.45988113,1.1517453,1.5543996,0.87610424,0.22378954,-0.49034178
-0.69789004,-1.0087181,-2.4711113,-2.8374019,-1.325621,0.46686804,1.0867583,0.6977325,-0.21251562,0.050250236
-0.6410436,-0.57568324,-2.883156,-3.2228718,-1.0078138,1.1340826,1.9980648,0.9313909,0.052609842,-0.2107856
-0.53680134,-1.0563062,-2.6866465,-2.4305532,-1.1647118,0.9524998,0.83223665,0.7000723,-0.39003512,-0.14188793
-0.5347053,-1.3037924,-2.7421403,-2.43559,-1.309349,0.94129753,1.7833407,0.830026,-0.088637166,-0.17884223
-0.61184335,-1.4123316,-3.4960263,-2.9685419,-1.1337594,1.8075286,1.9486684,1.259774,-0.18244147,-0.3112192
-0.21741314,-0.5695167,-3.3755856,-2.7359447,-0.46468708,1.258926,2.276657,1.2269595,-0.19299261,0.0074744285
-0.32754192,-1.4485153,-3.0081818,-2.6463628,-0.8903737,0.63638145,1.7568479,0.53785735,-0.2889042,-0.5962155
-0.67465603,-1.5098195,-2.7191906,-2.7308161,-1.1437302,1.065094,1.0741824,0.7473993,0.18651651,-0.47152504
0.19359419,-0.33886886,-2.4347496,-2.7030327,-0.47165143,1.4155594,1.4683143,0.72347206,0.052326344,-0.7200939
-0.93899393,-0.9082673,-2.8472369,-2.8590677,-1.0925514,0.73940593,1.3599578,0.5338421,0.19664879,-0.5045356
-0.73634344,0.41057786,-1.9645474,-2.2011185,-0.7500925,1.467826,1.2253189,0.38920012,-0.2599234,-0.6320383
-0.48391017,-1.2867528,-3.305839,-3.5792217,-1.089956,0.8138324,1.6174955,1.0353205,0.12536937,-0.47375682
-0.6065383,-1.2751408,-3.4055192,-2.89806,-1.0734422,0.8594275,2.2641332,1.1817013,0.0081101395,-0.46594423
-0.6164792,-0.78640395,-2.5154345,-3.144715,-1.3005002,-0.054898407,1.7907401,1.1260872,-0.0953604,-0.39753252
-0.068902224,-1.1057043,-3.1738427,-2.8157275,-0.81462103,1.3833623,1.7903495,0.91794676,-0.103825584,-0.18234056
-0.5031863,-1.4475359,-3.4493296,-2.3676102,-0.99565065,1.1296922,1.8648707,1.1706259,-0.10807552,-0.30982885
0.24427171,-0.8465464,-2.5757468,-1.8050345,-0.6007254,1.2713087,1.8796365,0.90874135,0.036956027,-0.45243338
-0.8003463,-0.9978408,-3.1324375,-3.0442736,-0.89652777,0.8750543,1.9850477,1.2369076,-0.29672915,-1.144071
-0.080066085,-0.34829506,-1.6981117,-1.6503965,-0.3789271,0.70864654,0.8600726,0.42172927,-0.15375069,-0.37133074
-0.6007299,-0.79525787,-3.2437627,-2.98705,-0.78489363,1.2172437,1.9290228,0.528381,0.014603496,0.10640371
-0.229222,-1.387195,-3.5477295,-3.3484356,-1.4518673,0.73706293,2.1649227,1.4147942,0.016396327,0.32103804
0.05450808,-1.4660287,-3.2387373,-2.9617965,-1.4778441,0.8318333,1.9636997,1.202015,0.30929643,-0.2949705
-0.5218573,-1.08573,-3.041483,-3.227488,-1.0910754,1.3773592,1.7410828,1.4171575,-0.18083905,-0.6860419
-0.6455827,-0.66859454,-2.5678365,-2.5072377,-0.32622325,1.2186413,1.5522718,0.59731066,-0.13126028,-0.5784536
-1.2923864,-1.0286407,-2.8216035,-2.92157,-0.86184245,0.4901269,0.89620745,0.432517,-0.0058299494,-0.48699453
0.39306208,-1.4738966,-3.6105633,-2.5982966,-0.7158913,1.2343186,2.2894773,1.2321767,0.41437075,-0.64437646
-1.1089796,-1.2641314,-3.7513666,-3.0453465,-1.4419761,0.9656646,2.1696277,1.4723027,0.10752356,-0.82130736
-1.160845,-1.2212917,-3.6010034,-4.0393076,-1.3292651,1.0988141,1.8979461,0.8852491,0.111915074,-0.37882498
-0.45971033,-1.179952,-2.4035587,-2.7902024,-1.3583184,0.38289174,1.505089,0.76370245,0.023556037,-0.13097206
-0.0629309,-0.85096073,-2.9236162,-3.1454585,-1.2346511,1.5561222,1.7373036,0.47792798,-0.61236286,-0.8018221
0.021006055,-0.93732077,-2.0233223,-2.0017009,-0.6413681,0.73105675,0.92552835,0.5382629,-0.306045,-0.60182315
-1.1119971,-0.8907224,-3.1560037,-3.0323772,-1.2076164,1.6060225,2.0123725,1.0076361,-0.10253417,-0.4534335
-1.2742268,-1.2015648,-2.281158,-2.899354,-0.9120472,0.9259808,0.9428224,0.44496453,0.09057652,-0.04724685
-0.9099769,-0.8826662,-2.2089689,-2.379543,-0.53063685,0.91617626,1.1982118,0.99579,-0.0552816,-0.7608406
-0.22118261,-0.85453874,-2.2926538,-2.217649,-1.0802926,0.6038901,1.4194131,0.86612785,0.05610414,-0.13202478
-0.4964781,-1.5067519,-2.7445514,-3.000572,-1.200772,0.59178984,1.7089986,1.4265999,0.12648681,-0.39259437
-0.20907131,-0.7698884,-3.0703514,-2.6639004,-0.8150006,0.70058554,1.2534728,0.73368084,0.081554495,-0.20127074
-0.46389094,-1.4136381,-2.856685,-2.8287895,-1.279964,0.98322666,1.7529323,0.48146945,-0.5303956,-0.39058727
-1.0356772,-1.7316921,-3.6202044,-3.5959861,-1.3662044,1.0164646,2.1468034,1.3205966,0.0070363195,-1.0492573
0.11012834,-0.8519865,-3.125062,-2.626283,-0.610777,0.727217,1.3053366,1.2280617,0.10903017,-0.6759562
-0.91133827,-1.3494809,-2.4895227,-2.8423855,-0.40964052,1.2739568,1.5548733,0.7903531,0.029028086,-0.42205074
-0.23893651,-1.069474,-3.1200664,-2.8799317,-1.4455489,1.3354142,2.2785895,1.1080953,0.0768478,-0.77529615
-0.49942783,-0.73525137,-2.9794528,-3.681923,-1.3082194,0.7821961,2.0325735,1.0145613,-0.25129935,-0.8929601
-0.6829422,-0.59022415,-2.9284568,-2.1117404,-0.48434564,1.1048979,1.2480949,0.9669238,-0.4609405,-0.95202565
-1.476558,-1.005683,-2.7711897,-3.6017492,-1.318101,0.866303,1.7348363,0.8347901,-0.67310244,-0.7934453
-0.3941136,-1.3748262,-3.049242,-2.037505,-0.96366334,0.6701663,1.4025542,0.60241187,-0.25676852,-0.4824646
-0.3964637,-0.9912183,-3.0304377,-3.2702816,-1.1259549,1.0129428,1.6056631,0.5151073,0.21004659,-0.30650258
0.037513655,-0.94538283,-2.126009,-2.3361542,-1.1306568,0.6118709,1.7280476,0.8932992,0.33159664,-0.57470435
-0.5818029,-1.7928375,-3.3944705,-3.4216807,-1.3499341,1.1654004,1.7239454,1.8754387,-0.35103834,-1.1434755
-0.19365592,-0.99954766,-2.5303407,-2.647209,-0.91494554,0.7604772,1.473082,0.21082008,0.046460196,-0.9066475
-1.1670833,-0.81364334,-2.0403051,-2.3453062,-0.84711695,0.6580214,1.0752335,0.50680417,0.10394149,-0.22230627
-0.20149694,-0.37971324,-2.7575073,-2.4888365,-0.955227,0.88010955,1.292083,0.8481233,0.37847725,-0.21344681
-0.25483176,-1.2773775,-2.6709745,-2.4450953,-0.5585733,0.8298147,2.2850628,0.49192753,-0.024975369,-0.29282215
-0.08891481,-1.0068624,-2.3242948,-2.2289028,-0.6990851,0.81720555,1.7076426,0.6295672,-0.48111802,-0.8435948
-0.85704845,-0.86958164,-3.125211,-3.258163,-1.4994296,0.49714538,1.2790079,0.9366336,0.8674757,0.10041032
0.15258512,-1.1763862,-3.0122113,-2.6038795,-0.8396629,1.2391258,2.0032017,1.0418272,-0.38037816,-0.5261832
-0.688678,-1.0146433,-2.39166,-2.5376565,-1.14903,0.8494789,1.7513627,1.2613139,0.18836786,-0.1945824
-0.50841,-1.1254249,-3.2385242,-3.0381792,-0.79719484,1.1506861,2.1129518,1.3206263,-0.076495565,-0.81753373
-1.2208745,-1.9041069,-3.8715405,-3.6544127,-1.2175541,1.5432074,1.9720033,0.9484577,-0.6808765,-1.097478
-0.90946746,-0.9084801,-3.2083418,-3.120689,-0.97946894,1.085361,1.6985482,1.2079986,-0.16743778,-0.40111285
-0.27805173,-1.2378932,-3.2080295,-3.0792987,-1.443914,1.3100879,1.7444271,1.1164075,-0.23157829,-0.7090386
-0.5336344,-1.145851,-2.8270645,-2.651647,-0.8508046,1.615809,1.8139884,0.9913119,-0.2164235,-0.2071268
-0.43797606,-1.4494597,-3.3870406,-2.744277,-0.9008932,1.4239756,2.0509837,0.47101775,-0.21400529,-0.483421
-0.034795824,-0.24912243,-2.7445295,-1.8609225,-0.5536357,1.5100793,1.4464966,0.78365165,-0.32327324,-0.5338509
-0.89999855,-0.7936766,-2.9786618,-2.780778,-1.3278204,0.59804416,1.6377512,1.3367246,0.12288308,-0.009999937
-0.12913693,-0.6896973,-2.6671886,-2.1902635,-0.77838355,0.97831213,1.7758741,0.57949936,0.1107815,-0.9397852
-0.12449818,-0.9582363,-3.0290184,-2.9325628,-0.493647,1.8341653,1.303909,1.0682279,0.80561966,-0.025955018
-0.5835611,-2.940509,-4.0027375,-3.1049645,-1.1281329,0.79085904,2.333242,1.4006208,-0.0092302505,-1.442709
0.2601279,-1.4601661,-2.9821382,-2.3624272,-0.921837,0.8374927,1.4167857,0.79568666,0.19228166,-0.5291206
-0.8706881,-1.2042702,-3.3293486,-2.3949764,-1.3309307,1.4044777,2.0400815,1.6306707,-0.15648943,-0.25215438
-0.33808482,-1.1526893,-2.4798918,-2.685883,-0.345827,1.205303,1.6997974,0.4855148,-0.1611909,-0.396956
-1.5398109,-1.5861286,-3.86253,-3.831939,-1.167348,0.553192,1.7742871,1.092946,0.02490374,-0.21189739
-0.69446206,-0.8461139,-2.4770312,-2.6234145,-1.1734836,0.98318815,1.3957608,0.50015986,-0.24548975,-0.6280449
-0.793712,-1.1001476,-2.7166972,-2.5846474,-1.4147543,0.43569136,1.2129999,0.46390477,0.2404226,-0.30042228
-0.9422977,-0.2423708,-2.1357236,-2.0322554,-0.5578199,1.1041373,1.2712234,0.31484634,-0.1826216,-0.70454216
-0.31765065,-1.6298697,-3.8386674,-2.86249,-0.7505586,1.2388843,2.6734705,1.4395083,0.1750466,-0.75842893
0.19431747,-1.1176945,-2.8839333,-3.0911775,-0.8282148,1.0736275,2.498427,1.2908502,-0.022260891,-0.8395768
-0.6840963,-1.2570895,-3.2619696,-3.1546566,-0.6983552,1.5493168,1.9608252,1.1857109,-0.4527439,-1.2319988
-0.36273834,-0.64128214,-2.8845978,-1.9766085,-0.5273931,0.5198669,1.2969242,0.73296976,-0.2732905,0.17044052
-0.12221753,-1.260831,-3.3139036,-2.5855024,-0.6692771,0.61967486,1.044979,0.8293277,0.05457758,-0.22095725
-0.32938147,-0.5185278,-2.1240294,-2.0605497,-0.886867,1.2548889,1.4055697,0.6004435,-0.06967707,-1.448594
-0.7434704,-1.646239,-3.677794,-3.0854616,-1.6673559,0.64736587,1.4013209,0.61916834,-0.0038703564,-0.4580518
-0.5446369,-0.85938823,-2.670364,-2.3943806,-0.6105044,0.7226055,1.8646762,1.0866908,-0.10494181,-0.8334964
-0.56704944,-1.0252423,-2.766489,-2.916341,-0.93488574,0.6228951,1.6929443,1.0810703,0.42403042,-0.1336039
-0.9489844,-1.3364291,-3.5710912,-3.4087126,-1.033233,1.4372153,2.1779425,1.294845,-0.021861827,-0.82506585
-0.55600363,-1.3524488,-2.5847945,-2.3878293,-0.94810385,1.4202019,1.4864864,0.7573015,-0.13762054,-1.2180617
-0.29591665,-1.0782242,-3.1539545,-3.0813754,-1.1331347,0.9438968,1.0714315,0.6628325,-0.32435313,-0.2664801
-0.6596466,-1.0020062,-2.4469883,-2.9775388,-0.7177202,1.1664435,1.6506734,0.9807233,-0.038603988,-0.6344425
-1.3594055,-1.4460325,-3.7799747,-4.0119915,-1.6937014,1.3407285,2.163549,0.863065,-0.0600925,-0.5686629
-0.55658567,-1.8855907,-3.5560226,-3.3508866,-1.3715525,1.5606983,2.1953855,1.2830986,-0.19271094,-0.83933127
-0.046475954,-1.1051693,-3.6902578,-3.8564208,-1.8745534,1.0562893,2.2576816,1.6099145,0.7299085,-0.51023054
-0.38258165,-1.2833413,-3.4886837,-3.4310653,-1.2483987,0.7923476,2.027096,1.6092018,0.84865123,0.065695025
-0.1277602,-1.0635705,-3.3317406,-3.2135284,-0.6613028,1.6144512,1.4659151,0.9723074,0.09046453,-0.1992295
-0.10552359,-1.3254253,-3.0028987,-2.9017541,-0.8442321,1.0705333,1.5047876,1.5960975,0.5265528,-0.47757474
-0.5173985,-0.21114883,-3.1500251,-3.0609252,-0.8219062,1.1205536,1.3372227,0.6298468,-0.18569706,-0.15083425
-0.291739,-1.0477854,-2.6734774,-2.5818737,-0.40999556,1.2901968,1.6145293,0.86700356,0.07416444,-0.24515748
-0.78835374,-0.8394218,-3.042346,-2.9825432,-0.7539607,1.5664271,2.1665614,0.9223771,0.10533442,-0.030787028
-0.7206332,-0.45724797,-2.434059,-2.6055255,-0.59104216,0.7633211,1.4480311,0.6857009,-0.19744998,-0.5894608
-1.2128536,-1.6030122,-2.9822254,-3.1250684,-1.177855,0.7292899,2.0830152,1.3462241,0.252317,-0.96801513
-0.42063373,-1.2281182,-3.3642633,-3.4586864,-1.0026559,0.7751263,1.3129401,1.1078496,0.3075554,-0.5392627
-0.3482782,-1.7374754,-3.6384842,-3.7994804,-1.188676,1.2805407,1.8866936,1.4690186,0.19217497,-0.95170885
-0.46443713,-1.4713722,-3.8495092,-3.5811229,-1.0610536,0.9368783,2.047201,1.9483491,0.201572,-0.77403396
-0.23389459,-1.1641172,-3.6103647,-3.5583453,-1.2642215,0.9966801,1.9250898,1.537794,-0.12847735,0.16914675
-0.6802192,-0.33889487,-2.1262827,-1.591788,-0.9828697,0.73262423,0.9716146,1.1577235,-0.4144143,-0.2991205
-0.5827582,-1.2429587,-3.4369965,-3.0551486,-0.98238504,1.2343317,1.6141324,0.6827623,-0.30336863,-0.3399287
-0.21752486,-0.6843988,-3.0248911,-3.1198657,-1.0450485,1.3684171,1.5203035,1.0985793,-0.042325404,-0.24359626
-0.5295237,-0.8969841,-2.2981727,-3.0875072,-0.401495,1.1975222,1.7963891,0.7886889,-0.24893604,-1.1553975
-0.90401953,-1.0879476,-3.1065693,-2.8450952,-1.3055116,0.7467687,1.4349114,0.7972168,-0.20527692,-0.25712237
-0.49280605,-0.83297104,-2.1078582,-2.232995,-1.0137037,0.36649927,1.4941373,0.4644292,-0.08557285,-0.03341422
-0.689542,-1.2099767,-3.5302052,-3.205011,-0.58539706,1.2078326,2.084074,0.9114866,-0.18577687,-0.9536745
-1.1781553,-0.7831312,-2.2062173,-3.0932739,-0.6528663,1.404698,1.1053133,0.66990393,0.04352696,-0.34141853
-0.44100386,-1.2774239,-2.997615,-2.7613857,-1.0087205,1.2696283,1.7770214,1.2040946,0.09641352,-0.76938206
-0.15838172,-0.1995983,-2.267996,-2.412468,-0.7966679,0.97543466,1.1169964,0.84771854,0.4289889,0.22841632
-0.33741277,-0.8313424,-1.9241599,-1.8746737,-0.84693724,0.4808936,1.1300523,0.68763083,-0.48066476,-0.16546395
-0.62086457,-1.0612063,-3.4162774,-2.6120498,-0.65921414,0.8931977,1.3633908,0.4541823,0.14011,-0.25906575
-0.8310876,-1.1578829,-2.8347619,-3.0158,-0.93282586,1.5747765,1.8998495,1.061058,-0.4075423,-1.0219215
-0.82945937,-1.0369173,-3.1743577,-3.2143297,-0.8209947,1.0040431,2.166587,1.1845993,-0.07269889,-0.8779178
0.044983022,-1.5916609,-3.7034526,-2.8528304,-1.0609187,1.3226507,2.3120823,1.6570448,0.021763038,-0.35252053
-0.3639985,-0.5856008,-1.7815773,-1.9808594,-0.72533804,0.7945907,1.0673976,0.20699193,-0.06577045,-0.63950306
-0.49659425,-1.2798885,-3.5323303,-3.971242,-1.2841685,1.9962525,2.3933172,3.487145,0.7872696,-0.27172914
-0.7393049,-0.940478,-2.82127,-2.431685,-1.1660165,1.2923307,1.6985731,1.5408076,0.0927357,-0.75211567
-0.992573,-1.2343293,-3.158469,-2.7576842,-0.9250979,0.68420243,1.773944,1.1143909,-0.2518285,-0.7751076
-0.2289635,-1.7798445,-3.6735442,-3.2714074,-1.071422,1.1151999,1.7810706,0.99557906,-0.32181787,-1.1795784
-0.5802956,-1.0257179,-3.2864769,-3.1219192,-1.4286706,0.987933,1.7851894,1.2348605,0.060229577,-0.29619798
-0.20934692,-1.4742154,-3.8806229,-3.217623,-1.2383136,0.6937508,2.0160515,1.2581291,-0.21449736,-0.8529496
-0.9743032,-1.0319628,-2.9098117,-2.5180218,-1.2956855,0.9172427,1.0547085,0.49323505,-0.04215691,-0.6639837
-0.36532277,-0.75571173,-2.8702028,-2.832135,-0.46528628,0.8129458,1.8083699,1.5603564,0.011780547,-0.6871315
-0.3528114,-1.3748921,-2.8937702,-2.535178,-1.1796668,0.9940493,1.5604744,0.37098622,-0.16808462,-0.15800826
-4.4766283,-2.014348,-4.039022,-2.6403112,-1.0051252,1.3411142,1.1661803,0.7749948,-0.5787093,-1.1201552
-0.38465247,-1.6226473,-3.5123742,-2.6795232,-0.9059908,0.87435234,1.4983605,1.2880865,-0.017183704,-0.49247205
0.2925656,-0.51553494,-2.5107806,-2.8190494,-0.9265591,0.71075714,1.5317494,0.734964,-0.20657583,0.011154888
-0.36084837,-1.0143784,-3.2530093,-2.5013497,-0.32833427,1.02902,1.5265267,1.6297041,-0.21686226,-0.2737256
-0.115172915,-2.047245,-2.899494,-2.4177208,-0.95513403,0.819249,2.381698,1.1868172,-0.075167894,-0.36989057
-0.83169746,-1.75242,-3.6832626,-2.629504,-1.0935384,0.790732,1.782055,0.65643007,-0.5054354,-1.1743816
-0.12354527,-0.32082424,-2.0544782,-2.2659793,-0.55286336,0.8232892,1.7676306,0.743335,-0.023745436,0.578773
-0.59973,-0.8452356,-2.8657246,-3.0036628,-0.6083702,1.3203089,2.0337255,1.2647988,-0.11320803,-0.8051695
0.06655586,-0.56812745,-1.8561577,-2.0232744,-1.3512117,0.5615187,1.3993376,0.7868133,0.03238883,-0.03839643
-0.52932715,-0.88957673,-3.011214,-2.7903616,-0.94930553,1.0565071,1.2772251,1.4347762,0.09999388,-0.82410103
-0.91665006,-1.171165,-3.1012657,-2.9781418,-1.209788,0.9067204,1.5662361,0.6802052,-0.6144118,-0.36576423
-0.5464289,-0.8078467,-3.0186636,-2.5457592,-0.81146777,1.3439256,1.5171571,0.6211364,-0.17897175,-0.5374387
0.36889762,-0.70314705,-1.5558087,-2.1249268,-1.0027643,0.8648298,1.2412549,0.50103873,0.3123632,-0.30797577
-1.009984,-0.4421174,-3.1588025,-2.564617,-0.25107434,1.4102564,1.0021126,0.685078,-0.37715378,-0.67408055
-0.51014054,-1.8310072,-2.8638806,-3.023856,-1.4245672,0.88761944,2.1080713,1.1444668,-0.2097486,-0.82243896
-0.49221608,-1.5617852,-3.3925765,-2.9109302,-1.0660766,1.5355701,2.2050028,1.1274263,-0.63399786,-0.5116619
-1.1096851,-1.5011038,-2.5036976,-2.6941035,-1.0931826,0.83897924,1.6098245,1.412673,-0.36573404,-1.0846161
-0.8754103,-0.7466168,-1.5311362,-2.00378,-0.8813819,0.41360098,1.12468,0.28864306,0.2681639,0.0687253
-1.0192896,-1.055742,-3.223101,-3.2248964,-1.3653512,1.1370205,1.8663738,1.150524,0.002997539,-0.46443906
-1.2902428,-2.806913,-4.0552454,-3.1285605,-0.7945002,1.202008,2.2998946,1.0716999,-0.35635287,-0.572592
-0.42681345,-0.7582191,-2.7730203,-2.262408,-1.2901093,0.8173881,1.7687327,1.2322532,0.20770903,-0.19534831
-0.46947244,-2.6985905,-3.9762597,-3.8434856,-1.4078208,1.6079725,2.560494,1.2017728,0.029460726,-0.24814196
-1.0663686,-0.9987552,-2.4052193,-2.805354,-0.699703,0.7642197,1.2122223,0.94234395,-0.097735524,-0.67658275
-0.5808637,-1.0499877,-3.6879182,-3.0688436,-1.1926346,1.0925338,2.1947365,0.80283463,-0.42373097,-0.48521757
0.1192102,-0.9414683,-3.155061,-3.355472,-1.2100561,0.74733746,1.5131986,1.2480515,0.53814274,-0.12692265
-0.69110817,-1.2463291,-2.5931957,-2.678349,-1.1190708,0.7218801,1.938487,0.9264035,-0.20731083,-0.17675023
0.010300951,-0.75448734,-2.6336877,-1.8899206,-0.4439431,1.0198542,0.99885637,0.6116622,-0.78939855,-0.3241138
-0.5430466,-0.9760392,-3.1396408,-3.4278932,-0.9614012,1.0167526,1.9623427,1.3199828,0.28025404,-0.10610513
-0.4111835,-1.3001108,-3.1394513,-3.303552,-1.2241373,1.3300226,1.353698,1.4419107,0.10447596,-0.5215202
-0.8882131,-0.9566162,-2.2570057,-2.116423,-0.66601545,0.46887752,1.4035444,1.0183612,0.027728839,-0.8512168
-0.42372248,-1.2648761,-3.0102115,-3.2368417,-1.4747851,0.47636634,1.6761556,0.7421235,0.29922357,-0.61012715
-0.66568935,-0.9347065,-2.7370455,-2.2298162,-0.8737224,1.2290632,1.136346,0.4838339,0.21053052,-0.79115933
-1.0283089,-0.8819741,-3.177736,-3.2265015,-1.0925413,0.94030386,1.5079418,1.0106235,-0.026894681,-0.22072122
-1.1571646,-2.704488,-3.9615042,-3.9906356,-1.2629987,1.3600652,2.1979506,1.2565868,-0.1166851,-1.6153046
-0.2761402,-1.0380597,-3.16811,-2.7729867,-1.3739239,1.5951486,1.8660929,1.0000291,0.18953206,-0.6580472
-0.26599717,-0.82191247,-3.0922816,-3.0841658,-1.0943534,1.0025463,1.7609406,1.1736454,-0.17956106,-0.35531694
-0.7368808,-2.603073,-4.007214,-3.622644,-1.0289614,1.4956362,2.2649553,1.310692,-0.09967426,-1.7516261
-0.93786764,-1.68195,-3.3578405,-2.4993286,-0.47420204,1.42213,1.6266874,1.0048051,-0.024056995,-0.45459607
-0.54242206,-1.7069553,-3.4323637,-2.9925628,-1.0475848,1.4652921,2.1641078,0.75523835,-0.21321791,-0.6247285
-0.68425614,-1.5711448,-2.961428,-3.5397625,-1.3042618,0.41017663,1.9270297,0.8871063,0.38476875,-0.54932386
-0.97343767,-1.5893067,-3.6191268,-2.7019892,-0.8019235,0.8786819,1.7730627,1.174784,-0.15836583,-0.84330773
-0.29422608,-1.6826942,-2.7273405,-2.5435712,-1.1170044,1.0723985,2.1011162,0.8239209,-0.28004146,-1.0206605
-0.29168433,-1.7733289,-3.746212,-2.9619741,-1.0132985,1.0722398,1.9810462,1.566126,0.11931481,-0.6685116
-0.3712291,-1.2481166,-2.5121517,-2.1987033,-1.0346131,1.0870034,1.5925233,0.78095293,-0.96595514,-0.3110997
-0.46254832,-1.0916086,-2.4340239,-2.7915924,-1.2781774,0.34450105,1.3088691,0.8756967,0.13509078,-0.74435824
-0.5208101,-1.6971053,-3.7630942,-3.4903228,-0.875138,1.1673912,2.0414324,1.0554973,0.27000096,-0.2409157
-1.2628983,-1.0655053,-3.7412593,-3.3395212,-0.9176144,1.0563982,1.8339081,0.8048203,0.038140643,-0.51127595
-0.8756004,-1.5859036,-3.2689009,-2.721926,-0.7602457,1.633111,1.9448388,1.1338353,-0.5660857,-0.72678787
-0.5979508,-1.2526385,-2.7584221,-3.335951,-0.9161997,0.8950661,1.7240782,1.1009481,-0.38998458,-0.79919374
-0.46671143,-1.3167727,-3.428214,-2.7122355,-1.0983411,1.0680525,1.8498394,1.0855919,-0.48138177,-0.9369371
-0.44096363,-1.5682518,-2.8054028,-2.7590296,-0.7591307,0.99725556,1.5389066,1.1509658,-0.015652593,-0.73929155
-0.3691918,-1.0051808,-1.9205726,-2.3341174,-0.96519506,0.61469966,1.0258266,0.6324122,-0.43335658,-0.1511437
-0.6887656,-0.8994772,-2.1557996,-2.255043,-1.0654222,0.99166286,1.5926133,0.68076754,-0.058331527,-0.4826441
-1.3355033,-1.3214512,-3.5007434,-3.761339,-1.1905657,1.396001,1.4719708,0.9767569,0.050751615,-0.047619443
0.1506249,-1.2657448,-2.1798573,-2.2340648,-0.8589804,1.2332984,2.2732115,1.0818714,-0.17688416,-0.7129427
-0.23491712,-0.98348504,-3.16618,-3.0478215,-0.925819,1.6407851,1.7296047,0.72322094,-0.27885532,-0.33507377
-0.58633965,-1.6849426,-3.6769216,-3.223102,-0.88564646,0.72644615,1.62023,1.4783025,0.5199318,-0.34157038
-0.29020485,-0.779381,-2.9632268,-3.5055916,-0.9526024,1.1425865,1.8323488,1.2057443,-0.18396525,-0.6311839
-1.0306005,-1.2314948,-3.06685,-2.3883295,-0.81979895,0.57268,1.0989702,1.1819638,-0.094033845,-1.052476
-0.43155864,-1.5396549,-3.2556603,-2.7810047,-1.3458489,1.368322,1.9356426,0.759318,-0.12973231,-0.2889102
-0.34152213,-1.4000762,-3.5021164,-3.2988024,-1.101668,0.58283925,1.6100448,1.3850946,0.17492208,-0.2641337
-0.8721187,-1.268191,-3.6034033,-3.5590649,-0.8670995,1.6526124,1.7962502,0.863437,0.31741557,-0.32665077
-0.13452108,-0.6879764,-2.751305,-2.7665465,-0.30317605,1.1544276,1.2473489,0.62011707,0.0036643187,-0.28707737
-0.9700692,-1.4228618,-3.463743,-3.2550344,-1.2263106,1.0989921,2.051502,1.4621488,0.2264794,-0.805757
-0.2404665,-1.0297201,-3.4930658,-3.6980615,-1.1186922,0.7622584,2.1793902,1.0953037,0.37183696,-0.10579765
-0.3139036,-0.4603748,-2.47025,-1.9138135,-0.28948066,0.99767745,1.2498269,0.89951843,-0.3375893,-0.7116287
-0.3638939,-1.4028143,-2.8962238,-2.729668,-1.2770243,1.4443805,1.3586293,0.86215717,0.1313339,-1.1279589
-0.47885317,-1.4363476,-3.3122785,-2.8148468,-1.2921375,0.6473863,1.9289086,1.0685191,0.2836743,-0.86620224
-0.61789185,-1.2576543,-3.6802197,-3.5666573,-1.4380963,0.7875468,1.6404421,1.2673675,-0.34916407,-0.73299336
-1.277581,-1.0246555,-3.3693674,-3.672591,-0.9934366,1.589418,1.678297,0.88356525,-0.097297244,-0.56116414
-0.082210906,-1.0923284,-3.3035593,-2.5896807,-1.1390212,1.1671231,2.1773999,0.90802264,0.494343,0.027565563
-0.24148606,-1.2178894,-2.559841,-3.3652637,-0.9985545,0.91298515,1.6885558,0.92532116,0.024415899,-0.24832498
0.08214668,-0.8431456,-2.5872262,-2.1291604,-0.82331693,1.1848834,2.0615516,1.2324791,-0.12885582,-0.6048271
-0.85468936,-1.3261526,-2.9059603,-2.2635896,-0.8612341,0.78839177,1.2147304,0.86477786,-0.5701023,-0.99954724
-0.6837827,-1.2760769,-3.2088938,-3.454876,-1.281674,1.3945788,1.4862256,1.2708987,-0.1943998,-0.7494387
-0.6054916,-1.5435266,-3.6792555,-3.33548,-1.2654892,1.8203121,2.082187,1.4266517,0.32498342,-0.6131903
-0.3812001,-1.2692183,-2.89548,-2.8995981,-1.0758287,0.64313483,1.8219897,0.89631873,0.29252106,-0.34526506
-0.7954832,-0.7434833,-3.1143475,-2.3316886,-0.6415151,0.8414963,1.8029155,1.128499,-0.094021305,-0.15781009
-0.29004088,-0.8210581,-2.782692,-2.1524825,-0.9274748,0.97619677,1.1289469,1.000899,-0.8344973,-0.57770115
-1.271973,-1.500997,-3.6732187,-3.158583,-0.9833673,1.029271,1.9856347,1.5474589,-0.06793361,-1.7414356
-0.7094324,-0.626304,-2.4671118,-2.6094112,-0.8642059,0.7957195,1.2669963,0.8729504,0.506092,-0.17726123
-0.9759048,-1.1135916,-2.299423,-2.241117,-0.789401,1.086511,1.5673773,0.7372563,-0.1361382,-0.6206967
-0.14872973,-1.0186334,-2.6240098,-2.5491006,-1.5670713,0.6076185,1.5571942,0.34943268,-0.19642855,0.016618632
-0.8269601,-0.91130275,-2.91708,-2.4726853,-0.9700486,1.8897578,2.057007,0.9053218,0.060918108,-0.829148
-0.6489315,-1.3202082,-3.438675,-3.5032706,-0.91708684,0.7535884,1.3010079,0.69600207,0.42846107,-0.39561808
-0.694978,-1.323854,-3.7730482,-4.089615,-1.3918039,0.9374183,2.202933,1.5311266,0.1731345,-0.9927095
-0.6497867,-0.5836029,-2.5307243,-3.0564175,-0.81668544,0.89350903,1.1397347,0.52962184,0.15538974,-0.857486
-0.5375674,-0.9355382,-2.7233522,-2.465797,-0.5842197,0.90373707,1.0521641,0.6775983,-0.4119471,0.025724102
-0.07377449,-0.93229073,-2.1730857,-2.1595821,-1.3880032,0.23774359,1.2773699,0.5713257,-0.69861287,-0.81353945
-0.0076163528,-1.2889744,-2.3398695,-2.3726857,-0.5160273,0.8617375,1.2052792,0.29277351,0.0027466672,-0.3271668
-0.89749706,-0.9630016,-2.0107474,-2.1786895,-0.8367955,1.2803146,1.162137,0.4204177,0.0020837416,-0.07034244
-0.82646173,-1.6447343,-3.4402308,-3.2922945,-1.1535537,0.966649,2.335042,1.5583656,0.015311417,-0.83653796
-0.31307784,-0.8910901,-2.2221649,-2.4469564,-1.2333007,0.7778258,1.6378194,1.0992168,0.0125434715,-0.19002289
-0.29383218,-1.2185726,-2.963944,-3.2210677,-0.90853506,0.53753877,1.6377646,1.695668,0.046715323,-0.6427685
-0.40632877,-1.0370846,-2.1180284,-1.9965544,-0.9863474,0.7510332,1.6833458,1.0953479,-0.18020527,-0.8062554
-1.2312807,-0.46754152,-2.4868681,-2.6385741,-1.9755417,-1.1842337,0.81846714,0.6516472,0.6386744,0.4465323
-1.0510147,-1.2032857,-2.4595156,-3.10436,-1.4084862,0.5841487,1.349396,0.89719445,0.6075096,-0.31561568
-0.49344346,-1.0245166,-3.67372,-3.5384982,-1.073379,1.1914139,1.87051,0.6721421,-0.010505399,-0.35086223
-0.8754785,-0.5099682,-1.919615,-1.8287957,-0.47977003,1.0101923,1.3628798,0.5535254,-0.38806504,-0.8816629
0.103785865,-1.3765393,-3.3250704,-2.739751,-1.2557456,1.0294383,2.1980066,1.0741799,0.27707204,0.01231471
-0.06814867,-0.6962672,-1.9768606,-2.22661,-0.9323088,1.0662491,0.9290321,0.28245628,0.06811015,-0.0545179
0.1842521,-1.304542,-3.4717085,-3.006191,-1.2591275,1.1913174,2.2154782,1.0257071,-0.27394956,-0.0438924
-0.19370237,-1.2201854,-2.8556051,-3.0713542,-1.4846671,1.123788,2.1979847,1.0618142,0.16745763,-0.23516649
-0.831607,-1.1055119,-3.2984538,-3.1585171,-0.97339815,0.52132946,1.7836282,1.0644497,-0.17109236,-0.19481479
-0.16584508,-1.3949305,-2.458458,-2.4427383,-0.6084296,1.0592245,1.9211689,1.4553546,0.08893775,-0.19425902
-0.3080582,-1.3344053,-3.4126825,-2.670132,-0.51813906,1.4844341,1.2824805,0.6576273,0.0050962297,-0.83012503
-0.33112112,-1.2266996,-3.3275502,-3.4048672,-1.8509597,1.1173553,1.4771678,1.2860825,0.08512154,-0.84179395
-0.7955157,-1.0976033,-3.4069884,-3.1361544,-1.1041113,1.3364234,1.7969494,1.1123147,-0.45869428,-0.47827452
-0.34433556,-1.4118979,-3.0631065,-2.8006754,-1.2606579,0.8653121,1.9070643,1.1751322,0.116287574,-0.61552703
0.2476422,-1.1247404,-3.4869885,-2.7147512,-1.1710169,0.69001186,2.0881207,1.4809772,0.2626078,-0.39269605
-0.7596917,-0.5788838,-2.1309037,-2.004115,-0.82815194,0.86430377,1.0109282,0.7465425,-0.03230346,-0.57450664
-0.754346,-1.5108664,-3.4024763,-3.1331334,-1.1253284,1.1868032,1.3095527,0.6190184,-0.011559546,-0.8808766
-0.32031402,-1.3326839,-3.2671554,-3.4879253,-1.2563396,0.47709006,2.0148995,1.2816129,0.11612968,-0.91945267
-0.26201084,-1.4925649,-3.7403612,-3.2563152,-1.3058025,0.8241143,2.0671816,1.5907508,0.4621654,-0.4987547
-1.0452237,-1.0516567,-3.24354,-3.0629733,-1.7989502,0.509969,1.019202,0.47274974,-0.18166636,-0.6725185
-0.4898133,-0.917402,-3.2902088,-2.1376827,-1.0120405,0.680172,1.8705239,0.59370095,-0.44279802,-0.2367715
-0.4511451,-0.82891536,-3.5709481,-3.6801784,-1.4106201,1.4125069,2.470484,1.5668588,-0.33108634,-0.61011195
-0.33728993,-0.92389727,-2.6128094,-2.267821,-0.69394547,1.1001793,1.3812739,1.425611,-0.25009623,-0.6704027
-0.77660996,-1.5217416,-2.925421,-2.5110724,-1.498369,1.0885406,1.3762735,0.94007117,-0.0070946105,0.0005257277
-0.94845235,-0.9971465,-3.7904105,-3.271335,-1.0322636,0.94522184,1.4571617,0.97063637,0.2886073,-1.4740313
-0.37456682,-1.3817989,-3.3153331,-2.6620994,-0.93142766,0.37242818,1.3543224,0.6400468,-0.3589631,-0.7763647
0.00029624946,-1.20892,-2.937433,-3.130886,-0.6199261,1.0014176,1.3560556,1.0630592,0.119378515,-0.85781413
-0.61125815,-1.5439669,-3.7448018,-3.375967,-1.148021,0.8178741,2.3615808,1.4339275,-0.72437954,-0.2711039
-0.39735484,-1.222355,-2.8565447,-2.7969394,-1.2374018,1.2908139,1.5787072,0.80072254,-0.26705858,-1.0324392
0.1090136,-0.692169,-2.7990062,-2.1460018,-0.33566618,1.3216066,1.5846833,1.2803676,-0.21416482,-0.5597444
-0.47829738,-1.2228148,-3.144153,-3.537982,-0.896274,1.5892797,1.7459625,1.0621808,-0.0030701074,-0.8084764
-0.37355587,-1.8253134,-3.7800126,-2.5935946,-0.722217,1.1608591,2.1188605,0.9801452,-0.017591735,-1.1148684
-0.48555684,-0.8494009,-2.7618208,-2.4116352,-0.60099006,0.9857609,1.4844328,1.709386,-0.27735177,-0.8197146
-0.72199374,-0.8959502,-2.6328797,-2.488904,-0.96877205,1.6501986,1.8953686,1.1502743,-0.2748086,-0.5076946
-0.55559397,-0.42917722,-1.8489637,-1.7851715,-0.7205414,0.70780915,1.1801589,0.68512696,-0.13185774,-0.020553356
-0.24852483,-0.6504002,-1.848971,-1.9464462,-0.5285431,1.0108849,1.4743316,0.4282402,0.05046656,-0.6593169
-0.0018237348,-1.551121,-2.7682834,-3.3121312,-1.3135371,0.88138795,1.7562102,1.4987862,0.5669185,0.043299664
-0.14150265,-1.5676312,-3.4620285,-2.62728,-1.413632,1.0038648,1.5077419,1.1708598,-0.20349544,-0.86766213
-0.430719,-0.94129264,-2.0219018,-2.6562917,-1.1965595,0.8021797,2.052451,0.759812,-0.10181307,-0.20398934
-0.19556628,-0.84832305,-2.0922687,-2.3975255,-0.47264785,0.5294993,1.4275035,0.5432169,0.17829011,-0.2645807
-0.008223411,-1.1980777,-3.0105422,-2.518252,-0.9482343,0.51182485,1.6251379,0.9402813,-0.03540913,-0.48552248
-0.60596937,-1.3560088,-3.882774,-2.5810719,-0.6861106,1.2894802,1.6534321,1.0266739,0.31070587,-0.36922836
-1.333613,-0.9545602,-2.9133546,-2.3823879,-0.8522966,0.874859,1.950577,1.5095505,0.14937408,-0.8849479
-0.89643526,-0.91905415,-2.1388931,-2.4948554,-0.70764095,1.4118568,1.4561946,0.938715,-0.11212839,-0.60386676
-0.60030127,-0.55343026,-2.0887547,-1.9602398,-0.49471304,0.8694642,1.0232902,0.69756484,-0.30833519,-0.6410565
-1.0165113,-0.8150659,-2.466603,-3.3135319,-1.2011101,1.0754967,1.5621262,0.94622135,0.2401617,0.08129836
-0.7636964,-0.67917407,-2.0246534,-1.7082154,-0.9861886,0.33027816,1.5541003,0.7618886,-0.47557163,0.4441597
-0.20133533,-0.87955457,-3.277783,-3.5048757,-1.2143562,0.4718363,1.4403607,0.8583969,0.039088733,0.043787654
-0.22966623,-0.60553324,-2.269085,-2.3120704,-1.0299221,0.8803642,1.9676169,0.48950812,-0.63330436,-0.28337544
-0.60954726,-1.0706241,-2.6121926,-2.2958684,-0.8895421,0.75936747,1.3695462,0.7623045,-0.3871368,-0.64687884
-0.12453554,-1.1950346,-3.2336142,-2.567258,-1.1062037,1.5959826,2.1825676,1.1745427,-0.045642197,-0.6816752
-0.6218363,-1.1813562,-2.4907563,-2.5912251,-0.87753356,1.4056963,1.5156357,0.61079335,0.011144443,-0.79655635
-1.2980809,-0.7998167,-3.1244838,-3.157869,-1.1414379,0.5301765,1.3454227,0.4706993,-0.3903972,-0.39586633
-0.35091123,-1.9587545,-3.922645,-3.5113218,-1.1276224,1.262424,2.338191,1.009864,0.38645744,0.19434834
-0.19767398,-0.9870723,-2.4617753,-2.104742,-0.8277516,0.68380517,1.0823889,1.0912664,0.3331645,0.7388188
-0.5829715,-0.87379843,-3.4931235,-3.0343006,-1.466513,1.1524885,1.6309165,0.8201595,-0.42676267,-1.0248287
-0.5710366,-0.7843512,-2.7259943,-2.3681629,-0.493365,0.6641241,1.5087029,0.741048,-0.44010404,-0.6005634
-4.2422667,-1.6902578,-3.8834183,-3.0203285,-1.3962513,0.931522,1.1684381,0.5347918,-0.30285937,-0.57773244
-0.9594488,-1.3559952,-3.080379,-2.4445753,-0.886065,0.57506716,1.0020224,0.8529501,0.046526924,-0.5598134
-0.21502906,-3.0051286,-3.9980671,-2.7641866,-0.7837963,0.94379634,2.2413309,1.3001615,-0.5217129,-0.43817252
-0.32487172,-1.0344406,-2.4584682,-2.295454,-0.78432673,0.9322629,1.4280367,0.6896982,-0.47675088,-0.5477393
-0.7923518,-0.6513493,-3.2773447,-3.1368296,-1.079635,0.54099584,1.1958867,0.87823623,-0.122297,-0.36047372
-0.5966718,-1.3273286,-3.194668,-2.8715115,-1.3933277,1.0462365,1.4366304,1.4307233,-0.18330704,-0.11073374
-1.0739759,-1.1459157,-2.383813,-3.3009174,-1.2395775,0.59457934,0.95203817,0.74196273,0.46645176,-0.26837504
-0.19304888,-1.3477561,-3.4556966,-3.58016,-1.2637078,0.80313706,1.6984899,0.9631116,0.025715785,-0.83369195
-0.4988331,-1.266872,-3.7395866,-2.7782612,-1.2048688,1.1460696,2.0164347,1.2059224,0.09610162,-0.53072536
-0.41047862,-0.9459793,-2.6707106,-2.8128715,-1.521944,0.06510467,1.1808524,1.0302831,-0.09004656,0.12559168
-0.37294686,-1.0215186,-3.7292273,-2.9680047,-1.0735765,1.424927,1.8729568,1.118956,0.047020435,-1.0412458
-0.5649829,-1.5387942,-3.5058634,-3.071072,-1.0127865,0.87314314,1.975559,1.2975667,0.20182194,-1.0965102
-0.5489903,-0.4832532,-2.308025,-2.948382,-1.239551,0.6864041,1.2316986,0.6252192,0.12442884,0.2068456
-0.8948811,-1.4683777,-3.6894085,-2.7422256,-0.9726805,1.0130286,1.8549161,1.2241188,0.16348849,-0.49288687
-0.78723395,-1.1518179,-2.7100062,-2.471024,-1.0185713,0.9516199,1.8107752,1.0536777,-0.24918129,-0.6286153
-0.49653,-2.7856433,-3.917652,-3.4991252,-1.0297593,1.4048184,2.1334956,1.1254123,0.17481804,-0.6284652
-0.1161959,-1.3764781,-3.038345,-2.4575443,-1.4613352,0.79159796,2.074279,1.7103705,0.3569437,-0.4420432
-0.51932573,-0.93916434,-2.9717171,-2.4960637,-0.80079025,1.2386394,1.9956619,1.4394715,-0.04997502,-0.34668502
-0.41226315,-1.0731117,-3.2350357,-3.4374254,-1.2748493,1.1008999,2.313315,1.389211,0.21648957,-0.5973429
0.00978464,-1.6308746,-3.5050678,-3.4881806,-1.4778746,1.2066524,1.8730956,0.81118053,-0.56175137,-0.8620485
-0.6070359,-1.8163623,-3.902489,-3.2995737,-1.2776179,0.8850504,2.0962176,1.3816937,0.31712347,-0.8052549
-0.099485815,-0.7048269,-2.8446138,-2.1012282,-0.638019,0.5538858,1.4425294,1.0324763,0.24085848,-0.6594908
-1.3252332,-1.3485782,-2.436442,-3.3523192,-1.3221263,0.9762259,1.6249014,0.87279665,-0.17200585,-0.64495826
-0.63609654,-1.3750229,-3.3370004,-3.3109453,-0.8351137,0.9017735,1.7463369,0.9969553,-0.17068447,-0.45543185
-0.6181444,-0.85548156,-2.222979,-2.6118748,-0.64538336,1.3283452,1.7964648,0.99608415,-0.00898761,-0.73710626
-0.84147364,-0.9669624,-2.9940767,-3.4230406,-1.2495022,1.2658176,1.8713039,1.3886459,-0.48825172,-1.0600251
-0.36489627,-1.0008705,-3.0191207,-2.6427195,-1.008483,0.71897066,1.7313817,1.5539582,-0.6269657,-1.0358117
-0.12579131,-1.4086857,-3.1458476,-2.6936579,-0.8620477,0.9251808,1.9807308,1.3456707,0.1362031,-1.0743713
-0.17357773,-0.80597585,-2.056275,-1.9972625,-0.5364073,1.3004866,1.2323157,0.74280965,0.16908462,-0.6454169
-0.32014108,-1.262572,-3.2783585,-2.2003455,-0.42542222,1.3352917,1.2251676,0.9131367,0.11075266,-0.5452619
-0.8296434,-1.3270673,-3.3967776,-2.9903927,-0.8073752,0.74307173,1.4142759,1.5166482,0.6017867,-0.5318223
0.08249102,-0.86743903,-3.3352787,-2.3555677,-0.61588484,1.5651577,1.9204684,1.3380233,-0.29259413,-0.25185195
-0.37239638,-0.8190468,-3.178717,-2.1546366,-0.7994562,1.4145557,1.811451,1.232519,0.5626659,-0.068254374
-0.20654878,-0.96311206,-3.2785816,-2.9380078,-0.8692235,1.4128127,2.0422504,1.211433,-0.3307326,-0.92594755
-1.1980053,-1.3037784,-3.7907703,-3.8130264,-0.8840571,1.1787939,1.5499638,1.0525372,-0.8835242,-1.3561405
-0.50919306,-0.3506986,-3.0375884,-2.7435448,-1.4212584,1.1802117,1.8468237,0.66823727,0.10619478,-0.16896112
-0.01483719,-1.0055021,-3.089172,-2.4198215,-0.6639735,1.061357,1.5913599,1.2525744,0.21436645,-0.9960219
-0.4320341,-0.76520395,-2.5167947,-2.4252715,-0.7811779,0.5432596,1.0173553,0.59649616,-0.07524251,-0.08398104
-0.5435783,-0.8964979,-2.8686757,-2.3947687,-0.1542878,1.5252517,1.5273849,0.7352893,-0.40195084,-0.51961833
-0.81964976,-0.95353335,-2.914122,-2.0602553,-0.4638771,0.83876276,1.0634842,0.93600696,-0.14665303,-0.57097477
-0.6374826,-0.93565947,-2.7476869,-2.0029774,-0.9731227,0.7924722,1.112379,0.62220514,-0.71980745,-0.39413422
-0.5992424,-1.3268949,-3.4216657,-3.0038435,-1.3946154,1.2917356,1.6123611,0.9464476,-0.10310991,-0.45987222
-0.7647351,-1.2082484,-3.5765657,-3.5100594,-1.5153655,0.33815303,2.0525298,1.3236434,0.57409453,-0.56401676
-0.29827967,-1.3112683,-3.1612709,-2.4877014,-1.0117128,1.5639598,1.8550242,0.70854723,-0.09216508,-1.2724417
-0.3396576,-1.7889562,-3.7144415,-3.3535457,-0.73133564,1.0647376,1.7372829,1.3918169,0.03864707,-0.7222869
-0.48867446,-0.71356404,-3.5137722,-2.787379,-1.1948627,1.1713344,2.3196876,1.164534,0.006810693,-0.74703854
-0.74058205,-1.7782985,-2.7171772,-2.8202546,-1.0304615,0.929599,1.8714063,0.5383834,-0.2068093,-1.4017309
-0.37891257,-0.841071,-2.1145117,-2.6765342,-1.1683786,0.9070571,0.7420055,0.5170064,-0.0028342772,0.04049006
-0.64942545,-1.1274348,-2.9665334,-2.715654,-1.0341665,0.92993736,1.7298397,1.3448759,0.584614,-0.513339
-1.4383953,-0.6956529,-3.7056007,-4.2859488,-0.8506887,0.7345463,1.4660106,0.69762784,-0.13128339,-0.3145653
-0.68065685,-0.9178383,-2.3460617,-2.5864017,-0.78524524,0.47628352,0.87692404,0.58915186,-0.21274015,-0.13806297
-0.38838157,-1.3771851,-3.4705954,-2.9728644,-1.2897966,1.4816515,2.4428997,1.3127973,-0.11000395,-0.67738336
-0.35726708,-1.3093894,-2.218217,-2.9992034,-1.2471181,0.8164366,1.4682294,1.1100625,-0.11158533,-0.06277078
-0.39518324,-1.20107,-2.8404963,-2.549496,-1.3340603,0.2957343,1.4018657,1.1375512,-0.7174049,-0.43567497
-0.24648616,-1.3380216,-2.5942767,-2.9543383,-0.917697,1.5526681,2.1492798,0.6403595,-0.49064797,-0.18809016
-0.21695268,-1.821435,-3.0685284,-2.7683153,-0.98782796,0.8192523,1.9437591,1.2066643,0.11607842,-0.62281686
-1.0635116,-1.7573333,-3.0718508,-2.8247902,-0.63616544,1.5621605,1.8392849,1.2012023,-0.2813233,-0.74338126
-0.5252985,-1.3906946,-2.5684524,-3.0273962,-1.4968903,0.5587933,1.2160661,0.70137644,0.20437424,-0.15395811
-0.3425801,-0.17478862,-2.4104733,-2.6335711,-0.7282823,1.152699,1.6353958,0.91076356,-0.14658251,-1.1434993
-0.37834376,-0.48706245,-2.6312046,-2.8712094,-0.9388838,0.3009841,1.6755946,0.9756554,-0.14327915,-0.4877741
-0.73094535,-0.43580392,-2.602688,-3.0730293,-1.0580512,1.2397864,1.5520582,0.54767853,-0.15576869,-0.75339776
-0.45470154,-1.1896582,-3.3831453,-3.134754,-0.89815044,1.012934,1.9115169,1.6720277,0.12574685,-0.8157798
-0.63252366,-1.0934101,-3.273461,-2.7600725,-0.53582746,1.513717,2.0410144,0.87946206,-0.5481103,-0.33030638
-1.0643611,-1.2011111,-3.1349516,-2.6156173,-1.1226721,0.5085906,0.3749492,0.9458255,-0.22025013,-0.6355944
-0.9905928,-1.08902,-2.6185067,-1.9914886,-0.76687086,0.8288227,1.1710186,0.40383452,-0.48912072,-1.0114347
-0.10367535,-0.92162865,-2.7333016,-2.4659371,-0.520975,1.6915958,2.0590024,1.0738782,-0.19737382,-0.47096875
-0.4627788,-1.4010664,-3.3567252,-2.9512916,-0.7732172,0.7726881,1.9808561,1.0577093,-0.04819134,-0.38267013
0.19820282,-1.0612541,-3.2317452,-2.8418133,-1.1793101,1.1004597,1.6706363,1.2939439,0.43737677,-0.54054374
-0.45844573,-1.1829543,-3.2779808,-3.0746136,-1.7036804,0.44140598,1.8148991,1.1414775,-0.121875435,-0.46121532
-0.7199446,-1.2313237,-2.6598744,-2.899565,-0.9477693,0.98302203,1.795409,0.75205475,-0.5734433,-0.34757334
-0.41214624,-1.114519,-3.241501,-2.3858533,-1.2478042,0.8619756,2.2258983,1.1602175,0.42543098,-0.47333342
-0.43092373,-0.41152275,-2.342919,-2.3738704,-0.6370889,0.36736915,0.8200959,0.53519875,-0.6898952,-0.20561525
-0.3047553,-0.46003088,-3.1406367,-2.6119244,-0.8196961,1.4650456,1.9270474,1.1495348,-0.09273068,-0.41094643
-0.11367925,-0.8803136,-3.1163778,-3.860316,-1.0986141,0.9851244,2.1072524,1.2410882,0.3422626,-0.29787645
-0.4939639,-0.9798662,-3.4691699,-3.0608482,-1.2269075,1.4823277,1.7460552,0.7248387,-0.33433056,-0.3226617
-0.71432304,-1.2048007,-2.4614427,-2.5387795,-1.2201173,1.4464041,1.6097571,0.7453954,0.1712116,-0.07153327
-0.366758,-1.6192284,-3.7262058,-3.1088867,-0.74373215,1.2762568,2.160531,1.4089007,0.2503592,-0.487509
-0.43103623,-0.1475515,-2.057116,-2.3427117,-0.80118906,0.5028526,0.5893875,0.70794624,-0.2067408,0.014477561
-0.37285084,-1.6063526,-3.8041523,-3.1418397,-0.913108,0.6916667,1.9824109,1.6138415,0.57953084,-0.29459757
-0.44989783,-1.379174,-2.9226587,-2.6700404,-0.8644051,1.6497194,2.331839,0.82614976,0.04039071,-1.1341714
-0.19676122,-1.0258687,-2.914646,-2.5271626,-0.8731934,0.8983334,1.1315569,0.70925987,0.039171457,0.043520693
-0.43659103,-1.3400425,-3.4015405,-3.076107,-1.3309157,0.8374783,1.4412161,1.1789461,0.2382055,-0.15558454
-0.6141841,-1.3471593,-2.2969022,-3.2607913,-0.69909805,1.4716177,1.9789866,1.1288503,-0.06132058,-2.602963
-0.57440627,-1.0355015,-2.4617496,-2.5894823,-0.999319,0.9885772,1.4441797,1.3194828,0.26024294,-0.09573075
-0.05487867,-1.2173501,-2.2793255,-2.0179243,-0.5602371,1.0995461,1.065412,0.8718545,0.293194,-0.84296924
-0.64958286,-1.3223649,-2.8871403,-2.5287347,-0.77290255,0.8153355,1.8489354,1.0513813,-0.045473397,-0.5455363
-0.43700582,-1.2073842,-2.9104648,-2.6387155,-1.271866,0.5999549,1.5598595,1.3982079,0.5408146,-0.615197
-1.0262882,-1.3684148,-3.2968273,-3.2098682,-1.3757006,0.46511918,1.6589223,1.3293923,-0.004979761,-0.7773802
-0.076507404,-0.8592794,-2.6902783,-2.5584714,-1.2015249,1.2402078,2.1480334,0.71714485,-0.045110688,0.2955154
-0.34033528,-1.0072513,-2.850647,-3.0395298,-1.1421431,1.515902,1.6260189,0.9705278,-0.03219718,-0.5633437
-0.01928714,-1.5276474,-2.7764742,-2.3335772,-0.6187292,0.90748185,1.5369487,0.61193484,-0.3070862,-0.40538114
-0.8735513,-0.86061084,-1.8757932,-2.2289774,-0.82002324,0.5975926,0.9260161,0.5066437,0.06493039,-0.42479774
-0.5012425,-0.7729749,-2.983445,-1.8063135,-0.5635465,1.0097104,1.4146106,0.7370167,-0.2424253,-0.5801054
-0.25834185,-1.742855,-2.7477977,-2.5472283,-1.166119,0.7847988,1.5202473,0.37954658,-0.2783402,-0.42912573
-1.0383987,-1.438519,-3.3455229,-2.687119,-1.5034516,0.8054539,1.6433358,0.8395201,-0.21674907,-0.92742574
-0.43177155,-1.3068508,-3.1183,-2.4222615,-0.80081433,1.479418,2.216249,0.8981328,-0.3873325,-1.0304543
-0.28166178,-0.8779949,-2.9739366,-2.766096,-0.8020667,0.6053189,1.5764002,0.3290466,-0.10683941,-0.07066137
-0.13935256,-1.2821975,-2.727015,-2.82199,-1.3076963,0.76462626,1.5218145,1.5286957,0.8066673,-0.06977358
-0.9550943,-0.69748175,-2.9827209,-3.1137643,-0.7515326,1.375649,1.6770401,0.6499736,0.20293719,-0.08733189
0.021802444,-0.32058176,-2.3249054,-2.4064648,-0.80801433,1.0469615,1.2612636,0.7192255,-0.0133032575,-0.14229256
-0.15153445,-0.7753473,-2.2274516,-2.6563358,-0.58601636,0.7322992,1.3735665,1.2460924,0.38080904,-0.38549656
-0.72843015,-1.4272288,-2.409407,-2.7312207,-1.2476287,1.2565236,2.195075,0.7854379,-0.16740485,-0.06770613
-0.4439593,-1.1439362,-2.504229,-2.603044,-0.9742541,0.6766919,1.5091827,0.612806,-0.35810417,-0.94049466
-0.34962836,-0.9890705,-3.0112972,-2.840171,-0.83169556,0.730952,1.2745163,0.87446564,0.05210424,-0.48360693
-0.3685738,-2.001514,-3.6404026,-3.4738004,-0.9429134,1.2109534,1.9891007,0.946641,0.16630682,-0.5841626
-0.91524744,-0.79753256,-3.2108,-3.195246,-0.8949466,1.067954,1.5790613,1.1668102,0.4121684,-0.17738424
-0.36756507,-0.55816615,-2.7419662,-2.473052,-1.0425817,0.68898326,1.0967689,0.5869526,-0.0037488525,-0.41022387
-0.3886951,-0.74094534,-2.7168617,-2.6267242,-1.3520612,0.37075362,1.2679586,0.84505445,-0.2062864,-0.23997064
-0.9881364,-1.4113483,-3.5057836,-3.8186245,-0.6595786,1.4807066,1.93686,1.3238084,-0.13981469,-0.5317173
-0.6293335,-1.5113128,-3.9813814,-3.4728599,-1.3726677,0.7628806,1.6501946,1.3859631,-0.085768655,-0.22358084
-0.5617956,-1.2644252,-2.9427748,-2.8394349,-0.5490345,1.0957037,1.8351696,1.0913725,-0.31040904,-0.7340051
-0.70502067,-0.8969081,-3.7039633,-3.9569008,-1.3643714,1.1367145,2.2680836,1.4196935,0.12782753,-1.0056462
-0.33286586,-0.86719126,-2.6283462,-2.82487,-1.0845195,0.89610976,1.7584921,0.61610043,0.307971,0.03129192
-0.5349276,-1.4072081,-3.7507102,-3.9318447,-0.94048476,1.026187,2.000524,1.3935103,-0.55046105,-0.6781459
-1.3249809,-1.337143,-3.525945,-2.626006,-0.98828846,0.83210325,1.7517041,1.3537852,-0.1776419,-0.2620234
-0.04773312,-1.8130649,-3.4025607,-2.9726822,-1.0404254,1.3820275,2.039932,1.7124377,0.2718769,-0.869363
-0.10139832,-0.8766763,-2.2850075,-2.6539483,-1.4555305,0.9172831,1.4671359,1.1154921,-0.12116563,-0.54423195
-1.2307268,-1.4110727,-2.8195717,-2.807897,-1.1324425,1.2437462,2.0467412,1.3527615,0.29590082,-0.7164969
-1.1637647,-0.92112964,-3.6626194,-2.2991025,-0.53468513,1.1468747,1.2822872,0.6402285,-0.24638224,-0.6568476
-0.34245953,-0.16606078,-2.2758338,-2.1085448,-0.9461042,0.34477392,1.2228693,1.1070954,0.16760433,-0.5832534
-0.40569916,-0.13057967,-1.5915872,-1.9795527,-0.5518676,1.3266467,1.6295336,0.5408586,0.07144208,-0.38469338
-0.66952235,-1.1216168,-3.0131698,-2.200805,-1.3212024,1.2682971,1.8682212,1.0677966,-0.21108998,-0.70063823
-1.163608,-2.6666622,-3.9857478,-3.9409876,-0.87712526,1.7209746,2.1313663,1.1654885,-0.19099255,-1.5830444
-0.76483476,-0.90329653,-3.5722067,-3.5744653,-1.0419632,0.65380174,1.4611254,0.82927966,0.2997268,-0.54541904
-1.3627055,-0.88548756,-1.6437352,-2.2055304,-0.9324467,0.50149316,1.3109128,0.36413652,-0.04496125,-0.17491029
-0.59427947,-1.858916,-3.8734267,-3.8880966,-1.2914299,1.424508,2.2207532,1.2427828,-0.24941233,-1.4925143
-0.5244458,-1.0972056,-2.2837205,-2.1622958,-0.47208667,0.9047314,1.8921825,0.6548227,-0.30855078,-0.44745985
-0.8460936,-2.0308506,-3.9140253,-3.4218035,-1.1197063,1.626889,2.299018,0.86661375,-0.16059491,-1.0021397
-0.62939894,-1.832868,-3.5152192,-3.646297,-1.311962,1.5711768,2.2822247,1.4381981,-0.15464085,-1.5206248
-0.5360998,-1.2757332,-3.6680477,-3.010885,-0.71439105,1.4690789,2.058374,1.2823681,0.05935133,-0.65201473
-0.22958188,-0.9950829,-2.1405795,-1.8970051,-0.75930274,0.7630025,1.0149814,0.6780558,-0.005268246,-0.43542492
-1.3808874,-0.8669737,-3.1050751,-2.6087263,-0.4617754,0.9838861,1.4474261,0.7821167,0.01821941,-0.85445464
-0.06147881,-1.4999052,-3.433496,-2.9492326,-0.49452725,1.7488468,2.1575477,1.3578966,0.07438465,-0.4091266
-0.68688935,-1.1999704,-2.95628,-3.45357,-0.9218489,0.6327605,1.3510139,0.9676034,-0.30490682,-1.185463
-0.040308546,-0.9448844,-2.420803,-2.1903193,-1.0674726,0.7243591,1.3770424,0.6325165,-0.10938008,-0.5067984
-0.5096668,-0.7018154,-2.4084413,-2.5672848,-0.80124533,0.8371925,1.0801755,0.73342454,0.10467685,-0.9729099
-0.49815473,-1.7260145,-3.9289887,-3.2593784,-0.88343763,1.3918205,2.050291,1.2332083,0.13974582,-0.27596548
-0.97121453,-1.4816343,-3.259821,-3.1272979,-1.838684,0.9297698,1.7051005,0.85170627,0.19985363,-0.9592024
-0.69020575,-1.5169541,-3.432119,-2.8985496,-1.2470394,1.5432513,1.6721845,0.6833736,0.4599172,-0.66983294
0.058113508,-0.8187679,-2.7042618,-2.932413,-1.7920622,0.8186475,1.9348605,1.1189417,0.83395875,-0.07817839
-0.08110785,-0.81259155,-2.1417065,-2.0690148,-1.022618,0.4404742,1.636526,0.7745763,-0.067267604,0.028210366
-0.48095927,-0.39365113,-2.60104,-1.8346722,-0.84359616,1.5467694,2.0546608,0.9895062,-0.24647965,-1.2121184
-0.61248493,-0.7094873,-2.5425127,-1.9542326,-0.9468101,1.2882191,1.8513668,1.0164279,-0.10260231,-0.67318034
-1.3001316,-1.2341492,-2.8897781,-3.2693715,-1.1903381,1.1904393,1.370246,1.010794,0.2692465,-0.7031959
-0.80774766,-1.9654658,-2.8158588,-2.3773305,-0.717464,1.4238404,1.5222609,0.63867766,0.10341884,-0.49819273
-1.069218,-1.3036666,-2.6854954,-2.0173626,-1.0101407,0.6014367,1.2454576,1.3950157,-0.5291409,-0.87587005
-0.11347116,-0.8224835,-2.4030004,-2.230621,-1.0139406,0.8239432,1.4391799,1.0534492,0.18712594,-0.20362549
-1.0870783,-1.5618534,-2.920268,-2.9709032,-1.1260767,1.0293025,1.7618225,0.8607324,0.029410418,-0.5719354
-0.20225422,-0.51668555,-2.7912729,-2.5985131,-0.6400628,1.008559,1.0968217,1.0465145,0.08303998,-0.22241457
-0.37554127,-1.463435,-3.6218266,-2.749266,-1.1502473,1.0006386,1.7309258,0.66737753,0.16921246,-0.21195902
-0.61616975,-1.2869867,-3.3134139,-2.845974,-1.5787354,0.5577646,1.305275,0.80295783,-0.17763138,-0.35075253
-0.19988443,-0.353078,-2.908924,-2.9805467,-1.0369608,0.9856525,1.8461941,0.68327945,0.382073,-0.1962909
0.10954596,-0.8362056,-2.513337,-2.5196335,-0.6238594,1.5634419,2.162568,1.1548992,-0.25533858,-0.17060485
-0.803952,-1.5702822,-2.7892044,-2.8141468,-0.97246057,1.4142685,1.6152817,1.0310168,-0.1460426,-0.48479912
-0.46052998,-1.5496137,-2.8126047,-3.756485,-1.2108275,1.6961161,2.059859,1.0008422,0.27558148,-0.18401024
-0.89143234,-1.288313,-3.4127758,-2.8810635,-0.87212753,1.581293,1.9127667,1.3129107,0.08107908,-0.66580284
0.25721422,-0.5543197,-1.9821775,-2.6024058,-0.77440625,0.83418113,1.2074776,1.0407562,0.19729578,-0.12617089
-0.5764767,-1.4206368,-3.0258317,-2.6121213,-1.1632102,1.1723309,2.1966348,1.2887307,0.061670057,-0.7770045
-1.149919,-1.307754,-3.4758308,-2.6963923,-0.72299314,0.8134914,1.2893208,1.2545521,-0.018818244,-0.63199306
-0.84917206,-0.11671967,-1.7040645,-1.5529188,-0.5785455,1.031679,1.8412459,0.7106155,-0.80916995,-0.56170434
-0.7804688,-0.9703826,-3.3976758,-3.5034015,-1.0156881,1.2817702,1.6162083,1.0836267,0.16364378,-0.18250856
-0.06902636,-0.9612555,-3.235631,-2.3326962,-0.47456226,0.79046917,1.9118012,1.156091,0.14333017,-0.72767466
-0.28422502,-1.1631714,-3.0696037,-2.2879472,-0.55570006,1.3787903,1.8785468,0.5363519,-0.16806556,-0.9223757
-0.6349132,-1.2565149,-3.7159007,-2.9571555,-1.4087803,1.3445534,2.0688539,0.72370243,-0.017714964,-0.10338043
-0.3562141,-0.94417,-3.3624141,-2.9020383,-1.4207021,1.4811558,1.7809852,1.0622482,-0.25779858,-0.027819134
-0.23769756,-1.1843395,-2.7508898,-2.9591422,-0.8475084,1.307235,2.3163316,1.2572769,-0.34467766,-1.5491692
-0.6838507,-1.7962878,-3.7720466,-2.93351,-1.2386285,0.7053677,1.4140328,1.1313487,-0.037663348,-0.7820225
-0.40994856,-0.97426856,-2.9007373,-2.2389226,-0.7461207,1.7534509,2.0453396,1.3049701,0.49561635,-0.3216965
-0.07677391,-1.6429307,-3.4788084,-3.1559186,-0.55626005,1.2080747,1.6769404,0.8546406,-0.071614824,-0.30107185
-0.72171164,-1.1107639,-3.2768898,-3.5996122,-1.2779725,1.4503987,2.0473483,2.028703,0.2846962,-0.96857095
-0.20334348,-1.6727637,-3.8704844,-3.8459904,-0.69751287,1.8700507,2.589351,1.5505257,0.23898849,-0.2821834
-0.3343179,-0.28221005,-2.314696,-1.828837,-0.4532114,0.52979946,0.9655728,1.1274238,0.35911322,-0.59277767
-0.8894957,-1.6660619,-3.5913148,-2.6883783,-0.66624635,0.94910115,1.7199965,1.1623198,-0.03293306,-0.8328817
-0.53752434,-1.10751,-2.4259174,-2.0205262,-1.3466215,0.17131384,1.3467044,0.77953213,-1.3796029,-0.63804746
-0.6091973,-0.45661122,-2.3411393,-2.614471,-0.6581389,0.9696547,1.8570759,1.2378923,-0.0026583432,-0.64821887
-1.065654,-1.4366454,-3.4427042,-3.2114732,-1.2679212,1.1550899,2.0586753,1.229019,0.42156532,-0.07779428
-0.33499196,-0.70264363,-1.9377606,-1.7180556,-0.69160104,0.57945836,1.0486244,0.4497058,-0.025015987,-0.39125535
-1.1688285,-0.8314737,-1.9351068,-2.4655364,-1.1798652,1.0445865,0.978377,0.43527976,-0.3512812,-0.96531796
-0.46870527,-0.9140175,-2.2515075,-1.8044336,-0.7096763,0.58481693,1.0827533,0.7546837,-0.24225622,-0.88226
-0.4272737,-1.6369389,-3.4255214,-3.3191016,-0.9399495,0.62042004,1.852045,1.4217075,0.31153336,-1.3221624
-0.3907512,-0.8835372,-2.5072927,-2.8777199,-1.0792667,1.1075102,2.067742,1.0255965,-0.26659653,-0.5879733
-0.97415036,-1.0942985,-2.2264307,-2.1023395,-1.0952096,0.7906791,0.9025572,0.60877705,0.03743541,-0.5567831
-0.38024366,-1.0187063,-2.2316294,-2.3592613,-0.8669379,0.94624287,1.6613119,1.0560162,0.13797385,-0.29895884
-0.15979981,-1.3246838,-2.6098192,-2.972546,-1.0020016,1.0301615,1.9863175,1.2957397,-0.24887338,-0.5122338
-0.5639986,-1.0553001,-3.0102205,-3.4055922,-1.3353091,0.94005215,2.0007336,0.7491423,0.35403705,-0.7240767
-0.45995072,-1.276126,-3.4812293,-2.8542547,-1.0749906,0.41397232,1.5532372,1.3267361,0.12563738,-0.67699003
-0.49358097,-0.22993295,-1.0241462,-1.9490907,-1.2208071,0.4203681,-0.4354205,-2.388779,-0.15149213,0.36976987
-1.7734145,-0.29159957,-1.5855335,-2.1455379,-2.4555905,-3.3457823,-0.27023146,0.35512316,0.6408893,0.10815372
-0.8867476,-0.8173864,-2.4061253,-2.6064584,-0.93843174,0.6477065,1.0709229,0.48456526,-0.27933076,-0.45628843
-0.50559217,-1.1212982,-2.5123997,-2.3113759,-0.6937755,1.5225699,1.6969032,0.96844304,0.060919125,-0.027528467
-0.5270282,-1.442154,-2.7348468,-2.4465902,-1.5633236,0.39309865,1.6148484,0.9947766,-0.16628702,-0.4068801
-0.53709644,-0.6559794,-3.476993,-2.2910876,-0.65647876,1.1441324,1.3998264,1.2462082,0.0011513248,-0.36841753
-0.727655,-1.284977,-2.6200266,-2.6837356,-0.9041392,1.5031024,2.1893644,0.96824914,-0.029532976,-0.14678371
-0.24659796,-1.7712623,-3.6326156,-3.0535452,-1.5045377,0.94872826,2.1402268,1.3008807,0.041105773,-0.50692475
-0.6003914,-1.7950066,-3.4255447,-3.1207771,-1.0625478,1.459114,1.6981579,0.9610941,0.06433126,-0.71391046
-0.40648252,-1.3821746,-3.714977,-3.090154,-0.9803235,1.0888814,2.2305381,0.9084743,-0.062839724,-0.87764484
-0.9439855,-0.7856266,-2.9848964,-2.807215,-1.3217402,1.2310635,1.3540087,0.80987597,-0.009061579,-0.9981921
-0.3974028,-1.1995087,-3.4955184,-3.3627481,-1.415692,0.95567846,1.7587593,0.6711254,-0.033670414,-0.8342673
-0.1977165,-1.3661743,-3.117956,-2.4187477,-0.8333981,1.3820515,2.011865,0.87565434,0.10746523,-0.82620424
-0.70206314,-0.8390507,-2.7899034,-2.9034903,-1.517925,0.5606348,1.7096732,1.6368697,0.56139106,-0.17739958
-0.41652775,-1.8903004,-3.5817106,-3.1043463,-1.1797364,1.4965671,2.1688623,1.3947961,-0.32930177,-0.7518423
-0.16324668,-0.93843687,-2.6631718,-2.826191,-0.8187033,1.4330767,1.6820217,0.19778995,-0.14860393,-0.11952694
-0.5585304,-0.8126958,-1.9781909,-2.4872794,-0.5987786,1.1779811,1.5636783,1.3454386,0.21624231,-0.50116503
-0.71641225,-0.6992909,-1.9301572,-1.7015803,-0.5665192,0.8307141,0.6711967,0.51277775,-0.2161838,-0.2085189
-1.0301456,-0.91716945,-3.4635723,-3.1035337,-1.0634123,1.0375872,1.4962615,0.88593596,-0.22234574,-0.1189983
-0.68034124,-1.0422529,-2.6808517,-2.4956584,-0.9352093,0.67077637,1.8237169,1.4300193,0.3191874,-0.6704534
0.18332253,-1.1805613,-3.242516,-2.2099679,-0.5427659,1.7042212,2.019796,1.1617472,-0.6960124,-1.2504675
-0.85779154,-1.0546453,-2.4209552,-2.5456586,-1.0745553,0.4555213,1.3746539,0.92183673,-0.25485104,-0.74288154
-0.3015074,-1.7397993,-3.6648464,-3.0763247,-0.67644066,1.2084589,2.3297691,0.83286977,-0.29681364,-0.93799007
-0.5239943,-1.5648977,-3.700879,-3.4037974,-0.8883999,1.4349765,1.8405966,1.3961079,0.30644378,-0.6743415
-0.95880455,-1.1482648,-3.331971,-3.6908512,-0.62307584,1.0891273,1.8223525,1.1698126,0.08535367,-0.6442452
-1.890699,-1.094201,-3.044907,-3.012603,-0.9700973,0.92265403,1.6362171,0.9910398,0.27102974,-0.3764158
-0.4857921,-1.0562698,-3.706558,-2.5501997,-0.45318842,1.1848007,1.819593,1.4116834,0.18676893,-0.21252106
-0.6973638,-0.5930478,-3.3363156,-3.3678076,-1.1077186,0.9947963,1.6171466,1.4628649,0.1866694,-0.2249285
-0.60633194,-0.41679463,-2.2410433,-1.9987129,-0.60236764,0.88545686,1.1940259,0.9166209,-0.002258728,-0.13220283
-0.798861,-1.0191722,-2.0631187,-2.2814865,-0.63442427,0.90645593,1.378173,0.88832486,0.03406038,-0.623421
-0.50058264,-1.2051903,-2.9681644,-2.651117,-1.257924,1.0882581,1.9174838,1.0935245,-0.28792328,-0.12692133
-1.014386,-0.6684396,-2.379147,-2.5322647,-1.0075969,1.1014587,1.170266,0.8532867,0.09292,-0.499212
-0.38803914,-1.2430105,-3.5655236,-3.2168345,-1.1505245,0.7480465,1.8942509,0.94363034,0.03009748,-0.65742373
-0.62456167,-1.5983468,-3.5390878,-2.8425667,-1.03781,1.3682034,1.7124144,0.79653823,-0.46725866,-1.4019197
-0.47283098,-0.7877816,-3.180121,-2.984238,-0.9149558,0.98976433,1.4810939,1.3298097,0.41437435,-0.4923554
-0.060294326,-1.165802,-1.4796089,-1.7817403,-0.8881719,0.7807233,1.2382396,0.4101291,-0.32440624,0.1599195
-0.44948056,-1.2844431,-3.4490542,-2.4148827,-0.5513654,0.9333082,1.7169942,1.264851,0.023400236,-0.28051597
-0.9006534,-1.2147713,-2.6682663,-2.6092525,-1.1865526,0.4297632,1.4406245,1.0944264,-0.2423689,-0.74228674
-0.7614952,-1.0135075,-3.3802035,-3.121515,-0.5963096,1.4405493,1.7431287,0.67101747,0.0747927,-0.58357966
-0.6529983,-0.8159358,-2.8925922,-2.259764,-0.5692527,0.96269804,1.9631983,0.8544324,-0.1721018,-0.9932516
-1.1818674,-0.7839713,-2.093364,-2.5349267,-1.722295,-2.0617187,0.2551337,0.6620032,0.16171473,-0.37830043
-0.32383648,-1.3241539,-3.6609623,-3.568244,-0.97257745,0.7896106,1.7714703,1.2959697,-0.61803716,-0.50799394
-0.46374282,-1.2209405,-3.102356,-3.0497823,-0.5752859,0.9475519,1.8739442,0.89513427,-0.16558784,-0.5217339
-0.10584109,-0.88405526,-3.4418702,-2.6276274,-0.9587491,1.2254659,1.6172452,1.3313478,0.346693,-0.2047893
-0.4444175,-1.3956183,-3.142272,-2.5455387,-1.0344622,1.6314296,2.1936913,1.3652304,0.2034972,-0.8583031
-0.28167906,-1.2556337,-3.5868661,-2.6532764,-1.2877636,0.633719,1.6169114,0.5643127,0.034885127,-0.70800513
-0.43884647,-0.96911234,-3.6974235,-3.422512,-1.27793,1.3505702,2.0348039,1.8259455,0.21877417,-0.34639642
-0.26393542,-0.76598275,-2.1193922,-2.3247447,-0.7623425,1.0805115,1.2304502,0.80682915,-0.09636111,-0.5256159
0.104648545,-0.40141517,-2.9742794,-2.470688,-0.8108581,1.5058401,2.0247893,1.249222,-0.2465229,-0.82237643
-0.30172136,-0.87225443,-2.7884507,-2.38999,-0.76933455,0.94349533,2.1480806,1.0938622,-0.12254627,-0.8485795
-0.19362627,-1.1588446,-3.6888995,-3.1795275,-1.0603327,0.9057008,1.9979782,1.2179147,0.6017405,-0.88741076
-1.3104087,-0.8643208,-3.03419,-2.746622,-1.0450035,1.4186139,1.636477,1.0729492,0.3788048,-0.3299605
0.066776186,-1.2999048,-2.825947,-2.665568,-0.87958694,0.9522915,2.1793582,1.1571417,-0.19860932,-0.9385505
-0.82705015,-1.7931001,-3.1864445,-2.5137115,-1.0516237,1.007736,1.4017935,1.2901727,0.013176959,-1.2843059
-1.1750658,-1.0648556,-2.9088666,-2.9938161,-1.4529657,0.67770547,1.8228959,0.9638575,-0.11179093,-0.46844897
-0.3718704,-0.57465553,-2.8621457,-2.7866685,-0.8924649,0.59458584,1.4247552,1.2036479,-0.11017391,-1.0660979
-0.70535564,-0.9783902,-2.69978,-3.1123793,-1.1450754,1.593075,1.7866466,1.2214994,0.30404046,-0.3926179
0.025334634,-0.6997475,-3.037287,-3.1436822,-1.0131687,1.1331395,1.9697744,0.8945915,-0.025320971,0.2037729
-0.6619865,-1.3883461,-3.7348316,-3.0232568,-0.98946196,0.5153002,1.6738167,1.2600222,0.2806369,-0.27653402
-0.59651166,-1.4211521,-3.1856842,-2.7380002,-0.77172107,0.5647946,1.2771801,0.74947584,0.028255276,-0.24068996
-0.043010354,-1.259708,-3.2996223,-2.943568,-0.91411275,0.68743247,2.0291932,0.7970124,0.2336001,-0.80648595
0.08863201,-1.571323,-3.5826426,-3.7749538,-1.1364826,1.6694648,2.4443893,1.7182381,0.28483784,-0.15822178
-0.3382224,-0.50653833,-2.376118,-2.0879562,-0.9161422,0.697759,1.5449123,1.0170134,0.39818627,-0.3517091
-0.2590311,-1.1214108,-3.348634,-3.5616655,-1.416668,1.1812924,2.092404,1.9681379,-0.06645913,-0.6944783
-0.3731859,-1.3382765,-3.0377023,-3.2412865,-1.226758,0.96638715,1.871469,0.73564684,-0.1833515,-1.1005702
-0.6008042,-0.7528085,-2.197311,-3.0976686,-1.4107072,0.98980033,1.307184,0.86575574,0.5524735,-0.16121972
-1.1641477,-1.7728865,-3.7848506,-3.223484,-1.1250632,1.3195925,2.144496,1.5627345,0.11647423,-0.79997784
-0.22476198,-1.2297188,-3.0741777,-2.816104,-1.2127684,1.4226081,2.214488,1.2651811,-0.31584722,-0.60987514
-0.6446028,-0.98653656,-2.201914,-2.0106952,-0.6792476,0.7643701,1.4275634,0.7910392,-0.076525174,-0.6136131
-1.3808547,-1.7737472,-3.9206975,-3.8477445,-1.7183435,1.1437428,1.8729081,0.9306423,0.119812116,-0.66440773
-0.09088931,-1.3887464,-3.4328768,-3.4996374,-1.4235576,1.3507694,2.1376514,1.0317998,0.1626649,-0.5166879
-0.93692005,-1.2324153,-2.903274,-2.8459392,-1.0496652,1.3013766,1.6475252,1.043887,0.07122376,-0.29871464
-0.17519584,-0.6409381,-2.4899776,-3.138131,-0.37664098,1.2480953,1.5772047,0.9715083,0.06441616,-0.5809449
-1.3463455,-1.1844207,-2.8083198,-3.1682675,-1.0042684,0.8615796,1.5804104,0.9242117,0.3737528,-0.432755
-0.37844428,-1.0420663,-2.6101234,-2.1363692,-0.9606367,1.1885505,1.2842733,0.4159701,0.05714737,-0.298506
-0.26481223,-1.3304846,-3.5584445,-3.048257,-1.4926732,0.84449756,2.2297585,1.2964187,-0.115814164,-0.3555874
-0.62586355,-1.0564388,-3.1615567,-2.6150398,-1.5488096,0.59409463,1.7077302,1.5728862,0.41415083,1.9043308
-0.8151147,-1.3428183,-3.6328843,-3.3461587,-1.3344654,0.6994038,2.179513,1.1951702,0.3994661,-0.33754873
0.09354349,-0.87883174,-3.3927832,-3.5791397,-1.2532477,1.579322,1.5988318,1.0857096,-0.24521452,-0.81373215
0.043569732,-1.0532382,-3.2282565,-2.9474695,-1.2861885,1.1200049,1.8895018,0.78223,0.47422555,-0.111879885
-0.22109975,-1.0981983,-2.4646657,-3.117527,-1.7114847,1.3821917,2.0483134,1.2217079,0.5893706,-0.17466591
-0.56212026,-0.7627939,-2.3237329,-2.1095636,-0.6783227,1.143541,1.5800805,0.9138134,-0.10155198,-0.5625633
-0.17476416,-1.5767797,-3.0974252,-2.166692,-0.90640706,1.1803691,1.81033,0.9688803,-0.2686697,-0.4825484
-0.43509543,-1.1623247,-3.5412903,-3.2648327,-0.49048492,1.3108379,2.2659402,1.6399572,-0.22234032,-1.2592311
-0.028544622,-0.40889528,-2.792955,-2.2838135,-0.8012498,1.0584568,0.96850336,0.9459879,0.36724025,-0.48784518
-0.69877154,-1.3650312,-3.6266146,-3.1741374,-1.4175627,0.57965577,1.5476747,1.4311532,0.0959843,-0.33789536
-0.7247141,-1.0495993,-2.5741398,-2.1030097,-0.74158186,0.80107814,1.4606637,0.79015917,-0.38198057,-0.7865624
-0.63664025,-1.1017461,-2.1096566,-2.248553,-1.1996593,0.88071656,1.4554262,0.7002789,0.052447565,-0.31471005
-0.56877524,-1.4895025,-3.48755,-3.1188416,-1.3960003,1.3707355,2.0798302,0.5561796,0.33355218,-0.6458646
-0.50529176,-0.5627628,-2.4278445,-3.1324086,-0.75786054,0.9171722,1.4243584,0.9540596,0.056472328,-0.3123059
-1.3014814,-1.286326,-2.7029107,-2.8463483,-1.4652982,0.5875623,1.2921724,0.5249809,-0.24054337,-0.30983135
-1.0966958,-1.6666088,-3.4488127,-3.521741,-1.2646207,1.0352567,1.6356428,0.9485472,-0.34416854,-0.92702353
-0.5027871,-1.1812739,-3.3019097,-3.152379,-1.1549141,0.7592123,1.2756654,1.3628722,-0.09687164,-0.4310622
-0.8269386,-1.0759825,-2.5217495,-2.3473291,-1.3057657,0.67787814,1.0440359,0.42195606,-0.08183616,-0.048807215
0.15757005,-0.20413177,-1.8635234,-1.6816292,-0.9135665,0.74058086,1.3846627,0.49790663,0.12964705,-0.14180231
-0.03554694,-1.5535741,-3.7867477,-3.0980978,-0.72610015,1.5218632,2.6239002,2.1377654,0.6349005,-0.75501543
-0.70707726,-0.2928051,-1.9595727,-2.3363714,-1.1011713,0.6815326,1.4217705,1.3057679,0.31190777,-0.4738049
-0.6201472,-1.2611955,-2.7315512,-2.5503817,-0.8236057,0.80711764,1.1931114,0.7576863,-0.45282724,-0.8382945
-0.2679077,-1.3253824,-3.3638408,-3.3638444,-1.0222574,1.0574843,1.8150979,1.9352436,-0.1254614,-0.47677863
-0.5798433,-1.3152317,-2.8943014,-2.6570623,-1.1033779,1.2940155,1.5193743,1.0416262,0.5680101,-0.7658248
-0.38653156,-1.0408762,-2.9522004,-2.5729945,-0.6297102,0.9004179,1.2411897,1.1095558,-0.53717333,-0.63088214
-0.33319935,-0.856036,-2.8187852,-3.0000381,-0.90560067,1.1054649,1.6881653,0.94979876,-0.11415335,-0.22233641
-0.1797725,-1.9706203,-3.494127,-2.6126676,-1.1634183,1.2756547,1.980732,1.3072137,0.02000002,-0.13371463
-0.7810306,-1.115874,-3.6935532,-3.1246934,-0.8794716,0.9737515,1.529756,0.9342859,0.58981943,-0.2846247
-0.57954246,-0.89689696,-2.0551486,-1.9309895,-0.6728707,1.523775,1.1579186,0.6350932,-0.03120798,-0.638066
-0.16890751,-0.7406906,-3.1256156,-3.1836019,-0.9201533,1.6922916,1.880881,1.4518676,0.12007156,0.12820834
-0.07156607,-1.0589209,-2.8199594,-1.9456111,-0.10310462,1.3963816,2.023062,1.2074838,-0.3261818,-0.6692706
-0.09259502,-1.3027798,-2.9573374,-2.4480648,-0.80494136,0.9807379,1.8114971,0.84253484,-0.08333313,-0.689503
-0.36991045,-1.1653205,-2.6138864,-2.6213336,-1.0482748,0.42897174,1.6646299,0.8218831,-0.13651073,-0.15218274
-0.35811907,-0.7418039,-2.7503195,-2.7974856,-0.803031,0.5965979,1.5208352,1.1021882,-0.05773687,-0.20295376
-0.37711436,-1.174135,-2.4576662,-2.1970196,-1.0843561,1.0129077,1.716556,1.0790015,-0.23102438,-0.40230963
-0.32948738,-1.8704281,-3.4486566,-2.4565895,-1.215478,1.3594068,2.2843099,1.1416993,0.05930989,-0.8968387
-1.2111036,-1.5234548,-3.5176132,-3.588631,-1.3372699,0.9874419,1.3297381,1.2685496,0.46598408,-0.6169873
0.085939005,-0.8073368,-2.4884553,-1.6809181,-0.5389859,0.94849056,1.3458251,0.41143665,-0.983964,-0.17110273
-1.7298758,-0.95688176,-3.3838043,-2.562993,-0.9020382,0.617673,1.791068,0.6945321,-0.31450433,-0.46222508
-0.19284487,-0.9298257,-2.4353433,-2.4640577,-1.2115461,0.4041903,1.4754736,1.2380853,-0.115243286,-0.46071348
-0.5753997,-0.6352297,-2.717612,-3.1693728,-0.9358006,1.0198201,1.7777809,0.5462858,-0.07849595,-0.40066224
0.16434206,-0.86232483,-1.9167979,-1.812144,-0.64665306,0.7854118,1.0146875,0.67448,-0.4048309,0.09226434
-0.55828834,-0.99669677,-2.2369828,-2.817619,-1.0193194,0.68704027,1.5174406,1.0797799,0.8105982,-0.34452316
-0.25638965,-1.2188611,-3.240386,-2.499922,-0.9216341,1.3736296,2.2506125,1.4716914,0.2962173,-0.75202966
0.091895826,-1.4433604,-3.2450721,-2.7695599,-0.6797908,1.0125678,1.9252017,1.6813449,0.2380275,-0.5724401
-0.42691934,-0.6333193,-2.169928,-1.7552342,-0.77369314,0.52685887,1.3565441,0.38703513,-0.45876786,-0.020040816
-0.27594018,-0.92909086,-2.5770085,-3.138789,-1.146356,0.917976,2.0233707,0.67420757,0.488773,-0.4124138
-1.0072452,-1.5503253,-3.352008,-2.2871492,-0.8437338,1.0437076,1.609571,0.60094726,-0.09745688,-0.5728855
-0.6263081,-0.4503445,-2.5156076,-2.7212358,-1.4747216,0.30455288,1.2053534,0.23017398,-0.051141866,-0.48086178
-0.08570462,-1.2366668,-2.9580352,-2.6057858,-1.1037731,1.3521516,2.5078878,1.4559624,0.032306418,-1.2158341
-0.3412312,-1.3101321,-3.4780338,-3.0675154,-1.0360572,1.8072582,1.7943158,1.054397,-0.12551355,-0.8603619
-0.6095692,-0.9576111,-3.12475,-2.8422306,-0.9064316,1.4443729,2.562573,1.3058447,-0.5390254,-0.6670511
0.00015233037,-1.4765971,-3.5675905,-3.2220616,-1.4311022,1.719805,2.4022326,1.3562714,-0.092358425,-0.9539286
-0.7830048,-0.73865795,-3.1047912,-3.708682,-1.7012058,0.42897972,1.9584441,1.0944614,0.18195684,-0.32582042
-0.5361076,-1.1625162,-3.3705258,-3.094541,-1.1253752,1.0344561,1.673522,1.108523,-0.52646697,-0.82493925
-0.2761367,-0.69172543,-2.5339928,-2.2091117,-0.96980894,0.95735073,0.84157777,0.18902025,-0.10592827,-0.13322085
-0.0467349,-0.9852567,-2.7290807,-2.1836958,-0.7605027,1.0275497,1.3081378,0.88659406,-0.09420837,-0.08125979
-1.0383358,-1.2845411,-3.3754067,-3.0438344,-1.1039734,1.2559205,2.4456081,1.5743732,0.12530708,-0.26007706
-0.18344736,-1.1371137,-2.3593733,-2.2215853,-0.7131579,0.2951442,1.1145109,0.7932276,-0.23051609,-0.29925767
-0.3777868,-0.89905995,-1.9397788,-2.0977857,-0.86974037,0.87129104,1.6090136,0.48905903,-0.048573367,-0.60907966
-0.46091834,-0.92281795,-2.5515113,-3.1131728,-1.1032126,0.76795447,2.0909088,0.8296715,-0.33184975,-0.4501082
-0.9451603,-1.428876,-3.5548117,-2.6700418,-1.0924983,0.7984916,1.8009547,0.9420367,0.0053990493,-0.60320467
-0.72813565,-1.3665117,-3.8485765,-3.6631563,-1.1183889,0.89026916,1.9834987,1.5328559,0.27281445,-0.32022685
-0.86134654,-0.96056014,-3.3619018,-2.3864179,-0.99343467,0.75199187,1.6379427,1.0624473,0.22673537,-0.7062938
-0.55308366,-0.76223046,-3.0435214,-3.7295563,-1.393544,0.9379834,1.6967648,0.9081598,0.03273699,-0.2836815
-0.9175853,-1.6709245,-3.686889,-3.8106003,-1.4658641,1.137321,2.359742,1.6669148,0.010638302,-0.94595796
-0.21024232,-0.70493174,-1.9847752,-1.5462563,-0.75769424,0.928464,1.7854939,0.5119465,-0.17668407,-0.551751
-0.44404566,-1.3115715,-2.8812346,-2.87451,-1.0568824,1.176052,2.2234225,1.1692538,0.15388067,-0.4258852
-0.35722724,-1.3208827,-3.1646879,-2.4210637,-0.8821252,1.2934648,2.1566954,1.1430156,0.4866412,-0.7494518
-0.5821841,-0.92669123,-2.706613,-2.1601386,-0.7864542,1.5964198,1.8815905,0.8578548,0.085671246,-0.90840703
-0.44837332,-0.6575461,-2.1426852,-1.947223,-1.4152024,0.19330408,1.2359027,1.0031695,0.14645703,-0.4269642
-0.5539873,-0.673408,-2.423675,-2.433194,-1.2617471,0.7754287,0.6701519,0.43374547,0.07097444,-0.05808505
-0.8446256,-0.9123987,-2.8189049,-2.6919982,-0.7383968,0.8461839,2.2476487,1.1650302,-0.34259123,-0.7510187
-0.21151108,-1.0799594,-2.056844,-1.7859988,-0.5440108,1.0512259,1.7136401,0.5718548,-0.89874,-0.8365055
-0.038080286,-1.2369465,-2.5804625,-3.1941934,-0.7957874,0.9527283,1.7682822,1.1621014,0.34310326,-0.47929847
-0.13030729,-0.69942397,-2.373748,-2.5441024,-0.44624698,1.4767895,1.5060904,0.8697977,0.6157647,-0.27123302
-0.37982157,-1.18008,-3.3071954,-3.0506501,-0.3234125,1.6046734,1.7054354,1.0431439,0.68972623,-0.29156998
-0.24854203,-0.5153841,-2.7621667,-3.1219132,-0.9242534,1.235806,2.2528632,1.0818847,-0.28327203,-0.5504761
0.09480544,-1.3488214,-3.5882955,-2.7252512,-0.69924504,1.4386555,1.7723421,1.1184341,0.3183738,-0.63713264
-0.33824757,-0.39478332,-2.3769689,-2.371941,-0.96647877,0.9190378,1.8445551,1.3033261,0.29290104,-0.47362116
-0.14014237,-0.9811292,-2.4508784,-2.140754,-0.89662844,0.53925526,1.8699782,1.3064802,0.3950028,-0.028115388
-0.42007157,-0.46416396,-2.0774643,-2.758276,-1.7495661,0.4083456,1.1681451,0.120445795,0.0061574625,1.9855232
-0.8426513,-0.66580224,-1.8262093,-1.6663095,-1.0998479,0.59287024,1.3365455,0.4578683,-0.025876947,-0.11037827
-0.67783415,-1.4093106,-3.012873,-2.9027023,-1.1036316,1.3148203,2.0283625,1.4563695,0.14814697,-1.1012021
-0.7391998,-1.3782372,-3.245757,-3.088194,-0.9017222,0.9110831,1.2491572,1.234675,0.106377654,-0.892813
-1.1724945,-1.015827,-2.7462115,-2.3720863,-0.9624148,0.94031465,0.90693784,0.34177735,0.04505398,-0.34635797
-0.20873748,-0.8020377,-1.9897493,-2.0490804,-0.6688949,0.38758337,1.8314409,0.5948122,-0.34419256,-0.60205173
-0.60168153,-0.78451735,-2.4054446,-2.5800035,-0.8447075,1.6107105,1.4481045,0.70237225,-0.48295164,-0.3822749
-0.22878627,-1.28454,-2.038269,-1.9408782,-0.9531373,0.85899633,1.6530969,1.2434417,-0.6555541,-0.84049475
-0.7999866,-1.4774029,-3.444974,-3.7689178,-1.2325181,0.6917485,1.4319779,0.5109513,0.035223544,-0.68343914
-0.6251902,-0.9366027,-2.5822103,-3.1183808,-1.2853519,0.21330434,1.0225302,0.5943905,-0.4273617,-0.055717267
-0.4778573,-0.88499695,-3.5057507,-3.0069776,-0.772201,0.8052811,1.394703,1.0254009,0.63195956,-0.5501587
-0.6526123,-0.82503366,-2.488257,-1.9431152,-0.5045919,0.7266165,1.1494212,0.74462223,0.074510105,-0.24865735
-0.7278076,-1.0922643,-1.893959,-1.7715487,-0.5815567,0.9274411,1.4588845,0.8122413,-0.45404792,-0.66661054
-0.23647018,-1.0806692,-2.6853561,-1.957818,-0.8490886,0.94252425,1.4894793,0.75387925,-0.65061563,-0.45465794
-0.82499665,-1.2119032,-2.849588,-2.6909764,-0.9636758,1.1096295,1.3183187,0.6813357,-0.14311175,-0.7306403
-0.76214004,-0.37213942,-2.329112,-2.4798863,-0.7951192,1.3417772,1.8026311,0.60091317,-0.458253,-0.8171654
-0.60087377,-1.8354338,-3.1972725,-3.0072896,-0.85877585,1.5289598,1.6346086,1.1826884,-0.07155453,-0.31051826
-0.68523073,-0.71963274,-2.7522902,-2.7719631,-1.0783799,0.94728583,1.337353,0.96868205,-0.38423264,-1.4828796
-0.17543085,-0.89046913,-1.7944651,-2.2689388,-0.71506476,1.0841285,1.9471055,1.1280516,-0.6980407,-0.630409
-0.81956065,-0.96541023,-2.7273507,-2.7764642,-1.1697568,1.4913205,1.9541162,1.0968077,0.442153,-0.20930034
-0.73705435,-0.6894073,-2.1111724,-2.3671813,-0.6868214,0.87363833,0.64802223,0.8210116,-0.4742093,-0.52998054
-0.6078934,-1.4586092,-3.5984793,-3.0344398,-1.026313,1.1819184,2.121972,1.3343637,-0.1207279,-0.53213423
0.14374033,-0.8899175,-2.1058571,-1.9286736,-0.681914,0.66856253,1.6084692,0.66737676,-0.30216965,-0.6696252
-0.5297465,-0.85843843,-3.3761134,-3.063413,-0.719751,0.8251751,1.1003118,0.50814104,0.1585285,-0.75641197
-0.79365706,-1.5132184,-3.7961032,-3.0247145,-0.56734437,1.297956,2.03324,1.2577425,0.2908161,-0.42457077
-0.32117897,-1.7006215,-3.9542325,-4.072655,-1.7451316,1.3886378,2.5204296,1.6302916,0.30625,-0.2527191
-0.0013427512,-0.9061252,-3.295377,-3.074875,-0.93091625,0.82902646,1.2092371,1.3054752,-0.25732628,-0.2841508
-0.15592626,-1.6429185,-2.6076982,-2.7490454,-1.0181355,1.3980951,2.1846476,0.75784904,-0.041185386,-0.6171957
-0.7420636,-1.1491591,-3.067836,-2.5484018,-0.75814044,0.7738504,1.6602772,1.1752391,0.010934588,-0.7168546
-0.54051805,-2.0243049,-3.2261362,-3.635581,-0.92837965,1.1091174,2.1113758,1.0187128,0.06701637,-0.81566703
-1.0823002,-1.6499832,-3.891957,-3.769037,-1.1712626,1.259077,2.2789652,1.7370639,-0.09939937,-0.54575366
-0.6552023,-0.86108446,-3.5903482,-3.183444,-0.84085846,0.7604332,1.6203059,0.9766513,-0.041752923,-0.5114641
0.2148912,-1.085773,-2.717935,-2.470248,-1.1793113,1.1394995,1.6166357,1.1634218,0.053205412,-0.42849782
-0.1557856,-0.701742,-2.5946188,-2.0088198,-0.5763178,1.264448,1.6103568,0.322274,-0.565251,-0.18858846
-0.4463706,0.19962266,-2.3651168,-2.8293068,-0.80452627,0.9205095,1.455468,1.0885068,0.4085948,-0.27363592
-0.88969827,-1.8573399,-3.7812204,-3.602477,-1.0318207,1.5061024,2.1954865,1.5453672,-0.20213623,-1.0967108
-1.2786717,-1.6124554,-3.7240288,-3.4145536,-1.335045,1.7846526,2.1848392,0.81254464,0.14451328,-0.53088987
-0.8664529,-0.39580733,-2.904015,-2.2695372,-0.6790344,1.3552928,1.3915119,0.79839045,-0.31163704,-0.7823549
-0.08289505,-1.2147348,-2.4925091,-2.5521102,-1.2977326,0.8503717,1.1848062,1.1280124,0.30368027,-0.19727464
-0.024802847,-1.4350113,-3.766948,-3.5625148,-1.3055027,1.2884599,2.312763,1.4540558,0.34462303,-0.64406013
-0.39535102,-0.8355612,-2.201827,-2.1366935,-1.0461549,1.222037,1.4835391,0.5422172,-0.072025,-0.4942284
-0.6128228,-0.94871145,-2.1304536,-2.5886505,-1.1680065,0.670578,1.5644151,1.509798,0.14379267,-1.1410542
-0.3181594,-1.4600093,-3.2286508,-2.6332862,-0.6643406,1.3314408,1.5026783,1.0738989,0.20490569,-0.74715763
-0.90651363,-1.0135334,-2.765051,-2.5665436,-0.859292,1.4818333,1.7132921,0.6053721,-0.5619083,-0.5971665
-0.09412072,-1.1670411,-3.4673061,-2.3850787,-0.6842502,0.8971562,1.4976958,1.1135399,0.10736471,-0.29958746
-0.3020252,-0.7115013,-2.4685533,-2.876478,-0.8250003,0.5953136,1.608196,1.204846,-0.4910899,-0.4242167
-1.1008254,-1.2408036,-2.999354,-2.9453063,-1.0473824,1.0864658,1.3991901,0.70005167,-0.67086536,-1.0137687
-0.5728,-1.4938595,-3.871244,-3.2166593,-1.0102996,0.93930614,2.2052455,1.4996606,-0.061884042,-0.7382377
-1.0097167,-1.1221492,-3.59928,-3.145273,-1.3386205,1.2001094,1.9004251,1.0618097,-0.29125974,-0.71738136
-0.008887313,-1.02652,-2.866816,-1.92338,-0.85833955,0.98730814,1.6390235,0.55176693,-0.3143172,-0.48081416
-1.1050109,-0.7898725,-3.8212402,-3.6214952,-1.3132169,1.0820531,2.4309278,1.0431587,0.2486775,-0.3165558
-0.94468725,-0.88519794,-1.350803,-1.8806297,-0.57104284,1.016153,0.9895536,0.23803438,0.03585921,-0.2747135
-0.6581531,-1.4872999,-3.2978938,-2.872128,-0.6161638,0.4484319,1.1880039,1.0947914,0.15259457,-0.5222524
-0.20418635,-0.79859865,-3.3721402,-2.5926068,-0.8666925,1.0421646,1.705089,1.3414857,0.12431821,-0.2801311
-1.1628143,-1.3625368,-2.2679045,-1.8439416,-0.78332657,1.0690106,1.5809828,0.6930682,-0.22163406,-0.6871439
-0.6856239,-1.9332267,-3.8109362,-2.9295485,-1.1409222,0.86507696,1.7433553,1.2661525,-0.05091164,-1.2733564
-0.6151102,-0.5737974,-2.1359806,-1.8701808,-0.8479826,0.8316733,0.5967216,0.45054373,-0.21220486,-0.21906143
-0.7355234,-0.75455076,-3.224083,-3.207787,-1.2037599,0.82937324,1.3251916,1.1060045,0.10348631,-0.11150285
-0.33799118,-1.7469258,-3.4259026,-3.3288562,-1.4131643,1.0766301,1.6432663,0.76670396,-0.15919276,-0.02074687
-0.7913077,-1.5104585,-3.3284154,-3.066603,-1.2737733,0.5502539,1.1714083,1.2275771,0.27703422,-0.42414898
-0.84349513,-1.0286984,-3.4532695,-3.1217167,-1.0554702,1.404918,1.7888594,1.289247,0.7464918,-0.031566028
-0.55382466,-0.9610418,-3.1370394,-2.5439513,-0.41203794,1.0772283,0.99668974,0.92531127,0.049168795,-1.0069093
-0.9483768,-1.0228219,-3.466894,-2.8315673,-1.0539837,1.0970852,1.8959985,1.0015734,-0.23035842,-0.2389322
-0.87073666,-1.672805,-3.515271,-3.0008926,-1.2053466,0.5289478,1.3978348,1.6733882,-0.13157433,-1.1483779
-0.7464241,-1.6010733,-2.8404977,-2.5559351,-0.98618054,0.9414834,1.2446417,0.7012596,-0.2662956,-0.70186853
0.04775401,-1.2621394,-3.4522846,-3.0043216,-1.3396372,1.0653863,2.1547558,0.9119313,0.02351587,-0.50735044
-0.62957937,-1.4279777,-3.183719,-2.901589,-0.81208515,0.6556381,1.2245673,1.0176917,-0.25615692,-0.9592664
-0.65668505,-1.5208169,-3.4963393,-3.0324519,-0.62463695,1.3938887,1.632963,0.64785963,-0.22069049,-1.0603153
-0.8715671,-1.2097013,-3.765827,-3.0610805,-1.2864064,1.1619898,2.5606587,1.6812471,-0.73642737,-0.8734077
-0.24758936,-1.1437541,-3.1771224,-2.316428,-0.58166426,1.5937229,1.6603411,1.0922447,-0.38938943,-0.7707852
-1.1422426,-1.4283499,-3.7801661,-3.1647732,-1.0893508,0.97102475,1.6181072,1.1596828,-0.092264585,-0.5226808
0.337365,-0.5815073,-2.5572443,-2.5572412,-0.6015417,1.1517175,1.9641916,0.9918145,0.5490619,0.04744835
-0.3347382,-1.3668131,-3.5010881,-2.9548235,-1.1641154,1.129233,2.034414,0.9399437,-0.22746544,-0.22591078
-0.4749497,-1.4072958,-3.6822312,-2.645532,-0.8212787,1.4039055,2.4531786,1.5198091,0.6028174,-0.32711092
-0.2474026,-1.6378171,-3.3376348,-2.2717965,-0.54734045,1.0973413,1.6592555,0.9210817,-0.20071846,-1.3258518
-0.18181573,-0.98015344,-2.826132,-2.428801,-1.0543613,1.485634,1.7449725,0.7040962,0.06657833,-0.8035051
-0.47020707,-1.5653241,-3.0758464,-2.9970355,-1.6116638,0.752127,1.311942,0.4026986,0.08995861,-0.49191052
-0.6056251,-1.1991185,-3.7075095,-3.6606398,-0.8098859,1.0663235,1.8357167,0.8180689,-0.28054246,-0.45487404
-0.987973,-1.4396825,-3.0979857,-1.8322567,-0.46834746,1.0546736,1.8204958,0.62859607,-0.13714786,-0.5286884
-0.3554185,-1.2167009,-2.8327138,-3.0561552,-0.6615029,0.88798165,1.4830846,1.2066938,0.03299645,-0.7702599
-0.5503449,-1.1188593,-2.73225,-2.290469,-0.8097305,1.4215323,1.8754133,1.6166633,-0.025476808,-0.88445914
-0.27639484,-1.3533878,-2.7238202,-2.3300927,-0.77144754,1.3974557,1.9416736,1.1179049,-0.5405021,-0.73881984
-0.98563766,-1.2886992,-3.255864,-3.191599,-1.1021581,1.4901539,1.7520701,0.61016387,-0.46828452,-0.70721066
-0.5469784,-1.8084776,-3.744482,-3.0338619,-0.9777777,0.9332114,1.7131482,0.9253189,0.1908829,0.005983159
-0.57913774,-0.8803678,-2.9399505,-2.773005,-1.2920047,1.3946103,1.5640229,0.88419664,-0.04438692,-0.48074263
-0.47985423,-0.9681757,-3.0750859,-2.5719206,-0.9129097,0.71648747,0.9009569,0.3989789,-0.19820487,-0.50369763
0.12660617,-1.1866636,-3.7148287,-2.9607325,-1.2223558,0.822492,1.1106839,1.432813,-0.10839704,-0.9901418
-0.5891091,-0.8847165,-2.1469738,-2.491122,-0.38835523,0.6443985,1.521923,0.7855189,0.037284262,-0.10471444
-0.8880796,-1.9471325,-3.9950006,-4.171784,-1.5333174,1.4065928,2.4217808,2.0217416,0.15558563,-0.893509
-0.061788265,-1.2893411,-2.9926205,-2.5839934,-0.86888796,0.7000866,1.9990295,1.1314753,0.08977849,0.044947177
-0.23286258,-0.9426264,-1.6794534,-1.7908791,-1.3261443,0.812121,1.2227844,0.58501935,-1.6426201,-0.18477193
-0.22478259,-1.5395103,-3.0219688,-2.0873878,-0.83711135,1.5679584,1.9804615,1.6110826,0.0908269,-0.32031786
-0.8482055,-1.513486,-3.4167917,-2.6643295,-0.8220117,0.88976485,1.2470089,0.7178464,-0.054328896,-0.81623983
-0.555241,-1.561295,-3.875864,-3.7574666,-0.9932619,1.5481582,2.2469044,1.2940537,-0.40892416,-0.934465
-0.59262955,-1.3451169,-0.92463994,-1.6931046,-0.4568531,0.7703085,1.2563931,0.49819964,-0.54279107,-1.0954548
-0.31767178,-1.4321767,-2.6646254,-2.5458076,-1.2346094,0.82404554,2.2194948,1.2597177,0.091402665,-0.44308355
-0.4035629,-1.4828135,-3.6961544,-2.5262218,-0.867985,0.9091871,2.081495,1.2282264,0.017203264,-0.44377193
-0.030961828,-1.113713,-2.4152334,-2.6530526,-1.0432427,0.5968467,1.3175013,1.3613733,0.42104203,-0.7085144
-0.3039327,-1.1258851,-2.7035568,-2.7510846,-0.7273002,0.9266946,1.1123031,0.90849906,-0.07499073,-0.5247493
-0.76136374,-1.3923445,-2.886229,-2.9502182,-1.4874903,0.232962,1.4205141,1.2938983,-0.18625923,-0.34567535
-0.8215326,-1.436787,-3.5370011,-3.8004553,-1.3291775,1.3106056,1.6850643,0.81293076,-0.12875238,-0.616628
-0.2666123,-0.73144543,-2.0405033,-1.894588,-0.59739727,0.17068729,0.69759494,0.47243404,-0.8025461,-0.7242833
-0.17399697,-1.2051492,-3.039298,-3.5697138,-0.77542263,0.8040756,2.027741,1.4956658,0.08286439,-0.5105236
-1.1124066,-0.740975,-2.0260665,-1.8849535,-1.0726606,0.22040248,0.83640736,0.32322773,-0.22189073,-0.28991586
0.08856061,-0.9585521,-3.1343799,-2.7632213,-0.9177395,1.3363812,1.9355316,1.2605814,-0.48935115,-0.70139706
-0.76211405,-1.9163876,-3.9201481,-4.0283794,-1.3975533,1.0952815,2.5570042,2.2302725,-0.1950273,-0.4450833
-0.41183013,-1.3016891,-3.4842083,-2.8624616,-1.2524794,0.8676492,1.4950447,0.80999964,0.45942804,-0.35130855
-1.0811822,-0.6133662,-2.5407898,-2.372819,-0.48036262,1.1355214,0.74583673,0.5859947,0.22260965,-0.3429877
-0.32267064,-0.7258836,-3.0121846,-3.1233144,-1.2584567,0.8098756,1.6268967,1.1812305,-0.04746539,-0.60276204
0.5078474,-1.175076,-3.2224963,-2.0700846,-0.75455093,1.090542,1.8772315,1.0714478,-0.020503601,-0.29169288
-0.3612969,-2.0835302,-3.72636,-3.4697511,-0.7738366,1.6170177,2.4063845,1.9441757,-0.2172964,-1.0673505
0.42118868,-0.50291884,-2.2287567,-2.3265057,-0.37640318,1.5101856,1.9781862,1.1886287,-0.29636472,-0.627286
-0.6152616,-1.0066262,-3.5090106,-3.434969,-1.2464548,1.064744,1.4690858,0.7689807,0.09365133,-0.48488384
-0.21124135,-0.9530763,-2.5869405,-2.3748026,-1.0031554,0.5460983,1.1430696,0.9812549,0.34526935,-0.4012627
-0.2501134,-0.10535378,-2.5007029,-1.696392,-0.82612133,0.8549243,1.2032712,0.5802356,0.16622539,0.18533213
-0.5102274,-0.65717024,-2.6409533,-2.6403265,-0.4325164,1.404104,2.2481258,1.1839116,0.31957075,-0.49785233
-0.88365644,-2.6541772,-3.2451217,-2.7547739,-0.87619394,1.1987789,1.9110351,0.955394,-0.20175096,-0.64885646
-0.55654025,-0.8132422,-3.3166285,-3.310032,-0.954729,0.58657366,1.8610799,1.4703234,-0.11805669,-0.57390946
-0.7227033,-0.32985565,-2.127153,-2.0852664,-0.89343923,1.515243,1.7116483,0.31233916,-0.23145044,-0.5117174
-0.09145358,-1.0235785,-2.0462914,-1.7983259,-0.8325133,0.8386319,1.2610813,0.35390094,-0.16292039,-0.057004213
-0.42413294,-1.0211782,-2.897779,-2.8723223,-0.5944598,1.3420054,1.7906005,0.61080885,-0.50581765,-0.58564186
-0.37883183,-1.623644,-3.5065835,-2.8850229,-0.9655329,1.4942151,1.7541355,0.9547581,-0.14690608,-0.16967428
-0.9879534,-1.4789903,-3.1094806,-3.227691,-1.06547,1.308503,1.9144704,0.82804173,-0.062551424,-0.7485885
-0.9442208,-0.91930246,-2.1780157,-2.5084841,-0.44517663,0.9310973,1.2028944,0.62744725,0.012270353,-0.31364942
-0.3483941,-1.2036307,-2.351603,-2.7459624,-0.54811454,0.9328669,2.0200152,0.833914,0.032237284,-0.041513298
-1.0546689,-1.7479306,-3.6471503,-3.6351404,-1.187094,1.0144703,2.2507231,1.1875196,0.31248227,-0.50974226
-0.88816935,-1.1070658,-2.8791432,-3.330855,-1.0626731,0.5438508,1.6747944,0.66774166,-0.4933136,-0.28194058
-0.7741165,-0.70537496,-2.6627166,-2.7072423,-0.7867163,0.47789577,1.0326905,0.7169265,-0.34550747,-0.24001683
-0.027663592,-0.9908612,-2.1632168,-2.7777698,-0.94093925,0.8161965,1.2100437,0.9562757,0.14496854,-0.42349303
-0.5485291,-1.1612458,-2.4397779,-3.2796242,-1.2585107,1.078555,1.4870528,0.41895488,-0.013275579,-0.029013442
-0.5293978,-1.05051,-2.9993012,-3.2148836,-1.2139336,1.8299172,2.4190216,1.668114,0.1536363,-0.8911999
-0.21811166,-1.6386808,-3.551524,-2.7302601,-1.5079981,1.1614137,2.3066523,0.97398365,-0.13101344,-1.1310974
-0.8682903,-0.6471817,-2.32059,-2.5161734,-1.1617352,0.56950366,1.0611092,1.212433,-0.21058208,-0.49349192
0.20401359,-1.2490642,-3.3516238,-3.3506062,-1.1298399,0.6756908,2.164048,1.1529387,0.58233297,-0.27537507
0.0009395887,-0.95595706,-2.9666746,-2.4721735,-1.0276631,1.1508147,1.449413,1.6580372,0.24898534,-0.104057305
-0.36646563,-1.571243,-3.1259222,-2.1461325,-1.1545643,1.5747131,1.965058,1.0978762,0.34669703,-0.7209953
-0.84488153,-0.9964633,-3.5058234,-3.2108166,-0.85465944,0.9848013,1.6479992,0.6411746,-0.1516127,-0.9053242
-0.38894364,-2.894842,-4.1737666,-4.2547536,-1.1574615,1.715229,2.5705452,2.0018754,0.104932725,-0.97068685
-1.1433512,-1.7209333,-3.61698,-2.9800785,-1.3278649,0.8265738,1.7234955,0.5778729,0.031660046,-0.5861328
-0.2777494,-1.3378357,-3.7851276,-3.2228057,-1.235081,1.3553731,1.8859624,1.3027691,-0.08031558,-0.33623934
-0.537039,-0.9633378,-3.5069516,-3.160418,-0.78182,1.2243924,2.0449328,1.0675381,-0.2610545,-0.6886972
0.041305665,-0.58242804,-2.3391662,-2.3489723,-1.2744473,1.0345211,1.3037335,1.1895033,0.062072784,0.4282529
-0.24154148,-0.51594204,-3.048618,-2.3008363,-0.64964986,0.6934433,1.2305691,0.49379316,0.2869074,-0.28389654
-0.3730463,-1.0657082,-3.3417625,-2.7047133,-1.1426071,0.42088813,1.2293848,0.8584905,-0.16956055,-0.66255414
-0.2913457,-1.4468437,-3.589175,-3.0763838,-1.6474665,0.67643803,1.9456226,1.3823062,-0.049978953,-1.1134986
-0.6862917,-1.464926,-3.7855563,-3.0989935,-0.48211432,1.2138644,2.431014,1.0830816,0.38030034,-0.19248734
-1.0940051,-0.56403315,-2.852911,-3.1938121,-1.0361546,1.0320057,1.5129656,0.8283621,0.088499226,0.13165255
-0.1310082,-1.0623994,-2.984084,-2.7147088,-1.2336973,1.4020214,2.3191926,1.156815,0.49154183,-0.10202955
-0.62947434,-0.96369135,-3.2667894,-3.2523253,-1.077529,1.4457694,2.016555,0.9137104,-0.5736482,-0.7354194
-0.16996706,-1.0705858,-3.1800098,-3.2578654,-1.1498201,0.7123259,2.0008044,0.94021785,0.057148572,-0.39336008
-0.14350076,-1.212015,-2.554221,-2.8270845,-0.6660766,1.750637,2.2987766,1.4517018,-0.08700007,-0.43084994
-0.60807437,-1.1143925,-3.6879227,-3.7843413,-1.3363093,0.6059684,1.9420217,1.4440123,0.1856677,-1.002136
-0.90227145,-1.7908502,-3.7172792,-2.9813886,-1.018925,1.7618893,2.1448612,1.2135525,0.1080836,-0.21381816
-0.62289804,-1.5662348,-3.1945543,-2.9155583,-0.68873465,1.4724325,2.2406766,1.3845178,0.10524354,-0.1286434
-0.09858056,-1.0417978,-3.0655458,-2.8329508,-0.91518486,0.65956384,1.214988,1.373534,0.26202932,-0.5873234
-1.8917968,-1.2525401,-3.5566185,-2.9098349,-1.338236,1.1078982,1.5741533,1.0852493,-0.2604633,-0.70177686
-0.46755457,-1.1074774,-2.9341345,-2.9786701,-1.4553938,0.9906836,1.8501222,1.2355626,0.29886678,-0.80073947
-0.34192148,-0.4802391,-3.3323224,-2.933416,-0.65537256,0.8370676,1.21598,0.91206414,0.24066274,-1.0073925
-0.4646623,-1.1882554,-3.454645,-3.0934207,-0.999959,0.8706658,1.2498772,0.74141985,-0.06758174,-0.81003004
-0.3754611,-1.5414994,-2.1504557,-2.4106085,-1.1437386,0.9471398,1.9862454,1.3618486,0.20851423,-0.5987067
-0.5373048,-1.3213105,-2.504212,-2.6826,-1.1504971,1.2332147,2.0612252,0.7507666,-0.17684378,-1.070331
-0.7888498,-1.1113236,-2.6785665,-2.1987238,-0.51346624,1.4862013,1.9279497,0.8714481,-0.48290843,-0.5503926
-0.47592172,-0.727081,-1.7704066,-1.8899479,-0.99050915,0.3545155,1.0061516,0.37216446,-0.009511431,-0.3265233
-0.8818933,-1.2471598,-3.3502212,-2.4908342,-1.3852152,1.1041858,1.4116381,0.77800214,-0.07591039,-0.8328952
-0.34021705,-0.49744722,-2.3307388,-2.6881895,-0.75663763,1.6200064,2.143057,1.0087388,-0.34858957,-0.9403899
-0.22517386,-0.616955,-3.4284658,-3.1442688,-1.605708,0.9341613,1.5934161,0.8924343,0.12017882,-0.3200943
-0.7747236,-1.3707101,-3.1391027,-3.2460194,-1.0961826,1.0147715,1.7414919,1.0625244,0.04225563,-0.36818692
-0.10506894,-1.5615492,-3.4938726,-2.6464233,-0.8139404,0.947042,1.8299412,1.6209856,-0.05074879,-0.75131714
-1.1306353,-0.72318745,-2.635866,-2.5898294,-0.9932837,1.2829531,1.2613971,0.77522326,-0.21581845,-0.534188
0.1089064,-1.5035813,-3.2106826,-2.3627622,-0.5882583,0.549701,1.3717288,0.7269595,-0.07217343,-0.1567949
-0.61452293,-1.1083612,-2.7819786,-2.90421,-0.9942738,0.8400356,1.73589,1.1924781,-0.115085535,-0.14541668
-0.7656535,-1.8327571,-3.721997,-3.6058235,-1.2402099,0.9533968,2.1949391,0.8571146,-0.28539348,-0.8196907
-0.43969116,-0.6909276,-2.3819175,-2.762387,-0.9251957,0.5554798,1.1851639,0.9127482,-0.11453447,-0.36886364
-1.314037,-0.4693933,-2.3322008,-1.9762322,-0.77509105,0.86688393,1.3478502,0.5991814,0.06944404,0.13414526
-0.049775463,-0.3864734,-2.6099608,-2.3309472,-0.8092082,1.1104409,1.6292586,0.8371243,0.04282226,-0.6526873
-0.29492128,-0.7811845,-2.9612427,-3.1967862,-0.79418844,0.6037537,1.3790424,0.93347764,0.030877717,-0.2864135
-1.23877,-1.080999,-3.4180877,-3.101308,-0.99752575,1.1776737,1.9537956,0.7999473,-0.10435179,-0.8194844
-0.87822753,-1.161655,-3.5334172,-4.0573063,-1.0312395,1.3605963,2.4324987,1.449545,-0.16156077,-0.6356302
-0.37748232,-1.0686817,-2.536252,-2.5863135,-0.73740906,0.90253633,1.2442315,1.4885617,0.16135776,-0.39830056
-1.1760458,-0.6611434,-3.3983972,-2.625896,-0.85498196,1.108149,1.4563104,0.83924717,0.1783046,-0.6652549
-0.37250456,-0.7238203,-2.8167875,-2.1795578,-0.4449373,1.2346768,1.7038825,0.86732167,0.08210257,-0.78949356
-1.0069916,-1.2751945,-3.5997698,-2.852707,-1.0737283,0.5271183,1.4347545,1.5620041,-0.31442788,-0.6424158
-0.7194741,-1.091295,-3.2108767,-2.9744473,-0.56610256,1.779153,1.8780465,0.57682925,0.15264039,-0.32041764
-0.6845942,-1.2161977,-2.2657273,-2.4092488,-0.33329737,1.1415216,1.7229934,1.1295447,-0.016379977,-0.52135015
-0.259714,-0.48938072,-1.9065756,-2.2299588,-0.6193493,0.9978192,1.5107338,0.5612128,0.110542946,-0.4038479
-0.495175,-1.048749,-2.2912567,-2.137903,-0.8012419,0.7813519,1.4502852,0.63429457,-0.53049994,-0.38108018
-0.05263789,-1.1576985,-3.140848,-3.0604265,-1.3037506,1.4807651,2.2949111,1.7041934,0.18328264,-0.6584808
-0.115773566,-1.1949729,-3.600176,-3.4178512,-1.0703076,1.3331567,2.2113154,1.2695594,-0.15188798,-0.11676849
-0.33971277,-1.0774915,-3.1392882,-3.0209196,-0.71900845,0.30716994,1.519482,0.8354555,-0.13036709,-0.54288685
-1.1138126,-1.4436159,-3.6863298,-3.0302877,-0.9255569,0.91116035,1.5179621,0.8324139,-0.18468249,-0.5996842
-0.29286662,-1.0812849,-2.6232896,-2.1181412,-0.5274646,1.3817024,1.4856381,0.8751012,0.22895488,-0.06397048
-0.6612267,-0.6924474,-2.820914,-2.3015661,-0.7726975,1.1991802,1.5697268,0.8778925,0.19057868,-0.39853594
-0.40500733,-1.4547468,-3.460372,-3.0514703,-0.42844322,1.1978285,1.7011383,1.257284,-0.11621637,-1.2437228
-0.9862199,-0.66218287,-2.1778297,-2.0851104,-0.9994205,1.0060446,0.7166871,0.28489652,-0.23519006,-0.17404163
0.15282498,-1.6524132,-3.152233,-2.45428,-0.9160392,1.1461399,1.5382607,1.0037396,-0.114425205,-0.8146259
-0.97183,-1.2843589,-3.8130999,-3.2857635,-1.0392509,1.199118,1.9363178,1.2771915,-0.049566574,-0.83993495
-0.4897317,-0.70709926,-3.0246308,-2.9768786,-0.9483164,0.7417165,1.505032,0.952426,0.041540395,-0.23388664
-1.1498138,-1.527499,-3.730943,-3.4148498,-1.2750087,0.75101787,2.2180858,1.350304,-0.23763728,-0.59331894
-0.46053454,-1.6634687,-3.43394,-3.499786,-1.2167685,1.2713978,1.6731378,1.5392157,0.21450378,-0.47506338
-0.23756997,-1.2048206,-2.5641775,-2.1162052,-1.0763916,0.97988474,1.6626186,1.089151,-0.029258924,-0.3909637
-1.3977897,-1.8028502,-3.8009467,-3.660945,-1.0681058,1.2516118,1.5313355,0.67713976,-0.16647331,-0.72601503
-0.46816447,-2.0953252,-3.545217,-3.0281253,-0.9809828,1.1228273,1.5059499,1.2946006,-0.41707084,-1.3253999
-0.102067694,-1.0715119,-2.469401,-3.0922344,-1.3429065,0.878752,1.1926137,0.46118417,-0.027340135,0.32471818
-0.6320769,-0.7328154,-2.4009311,-2.723814,-1.2324926,0.6505697,0.9606845,0.881533,-0.12020796,-0.811923
-0.6084167,-1.4839218,-3.538809,-3.2777817,-0.81865376,1.2880373,2.2649822,1.3118404,-0.2328651,-1.151139
-0.45320988,-1.531731,-3.3080037,-2.0870237,-0.8151746,1.2838656,1.9791769,1.0415387,-0.44478473,-0.98114777
-1.2065302,-1.2697881,-3.4853823,-3.7833652,-1.156825,0.36614105,1.950042,0.86615837,-0.07236556,-0.6365574
-1.1306065,-1.155808,-2.5556178,-2.8855484,-0.7679903,1.341426,1.5199354,0.73484635,0.009624824,-0.018120412
-0.8918772,-1.1672493,-3.2480645,-2.895517,-1.004429,1.1438462,2.2410235,1.3372786,-0.056630727,-0.6166859
-0.470496,-1.5988185,-3.786416,-3.211954,-1.0146136,0.87650084,1.8275065,1.4616512,-0.054077424,-1.319442
0.03631027,-0.54835147,-3.1802318,-2.6312938,-0.7837201,0.83961546,2.2183237,0.9059285,-0.07990994,-0.29073194
-0.15059674,-1.0672386,-3.4209337,-3.5530672,-1.4023199,1.0521754,2.287994,0.93403035,-0.35975662,-0.84390056
-0.28473896,-0.77917176,-2.1977127,-2.1336231,-0.6386504,0.60359716,1.1210345,0.67932284,-0.26825467,-0.42445964
-0.8322684,-1.0942762,-2.7493732,-3.2684226,-1.2137349,1.0460147,1.1811063,0.930889,0.31299087,-0.27879348
-0.2357129,-0.9291895,-2.4581058,-3.0985582,-1.2048236,1.0692719,1.5618955,0.87664294,-0.14220698,-0.69894147
-1.1135252,-1.0662681,-3.6765854,-3.0360575,-0.68887836,0.7824702,2.17331,1.2641523,-0.009198499,-0.7702314
-0.12172993,-1.2183771,-2.026569,-1.5969286,-0.44715565,0.9229501,1.3949763,0.73068064,-0.47529754,-0.22195403
-0.43995786,-0.5598995,-2.6746027,-2.8603628,-0.5783638,1.4809644,1.9024397,0.98128086,-0.07291632,-0.19113213
-0.38003635,-1.1092998,-3.5193932,-3.2984653,-0.99639994,1.1747427,2.1321185,1.1377525,-0.19261464,-0.47763354
-0.19622439,-0.5689587,-3.4120443,-3.1490874,-0.57777363,0.979504,1.9500518,0.735093,0.32310477,-0.5486601
-1.1254092,-1.1133837,-2.2753172,-2.2785108,-0.7651903,1.1395153,0.9704524,0.6170516,-0.43267494,-0.48351955
-1.0159361,-1.675733,-2.9368255,-3.0048993,-1.3915629,0.7962657,1.6086093,0.5162909,0.12578653,-0.33403277
-0.5026678,-0.5188594,-2.3095126,-2.4502432,-0.32471302,1.3904622,1.6023111,0.97215915,-0.18574768,-0.8610799
-0.7291922,-1.2645993,-3.3478315,-2.9229345,-0.937392,1.7013668,2.367931,0.93313247,-0.77292335,-0.92056954
-0.3157626,-1.3316368,-3.5679646,-3.3183568,-1.5228153,1.1910262,2.1093297,1.3951124,0.124150984,-0.62576634
-0.1604077,-1.059712,-2.8543508,-2.447262,-1.1929058,0.33665696,1.2160733,0.97535187,-0.16164207,-0.42134404
-1.2280658,-0.8809755,-2.8547268,-2.4109573,-1.0020479,0.69343734,1.0584675,0.19771835,-0.0270126,-1.0254071
-0.55219054,-1.3780951,-2.6515398,-2.2504458,-0.78883016,0.9926012,1.7809299,1.317051,0.14109343,-0.3948994
-0.85178417,-1.6533489,-3.7316635,-3.6868498,-1.3699975,0.7269933,1.7759782,0.8799855,0.45747074,-0.11678329
-0.5527065,-1.0360807,-2.9724417,-3.4446788,-1.0188462,0.83939195,1.4631665,0.89034534,-0.08014888,-0.31937
-0.92833567,-0.86442655,-3.5235312,-2.8052144,-0.730192,0.43437436,1.1525966,0.9458649,-0.101923615,-0.55394673
-0.1394719,-0.97877204,-2.0391693,-1.7091086,-0.53600824,1.4170226,1.546329,0.61714333,-0.053182784,-0.41391426
-0.42089152,-1.1872972,-3.5778434,-3.564177,-1.1875496,1.6003379,1.6634824,0.83678937,0.50739616,-0.39863917
-0.94330317,-1.2345829,-3.493579,-2.9943254,-0.9643246,0.59158826,1.7297832,0.6605498,-0.515202,-0.8726567
-0.62833107,-0.6755204,-2.3093715,-2.5835214,-1.0166229,0.14290173,0.969773,0.6388962,-0.13926043,-0.5747563
-0.59429806,-1.2822763,-3.186426,-3.1196392,-1.2686011,0.9964961,1.4130492,0.41439697,-0.23220348,-0.58528435
-0.48126346,-0.7692856,-2.4461007,-3.0673513,-1.3224608,0.9035654,2.1446462,1.2582225,0.047105562,-0.3355743
-0.1066981,-0.4774339,-1.8792133,-2.4077406,-0.98278964,0.7688826,1.5244333,0.74478215,0.24451047,-0.18373282
-0.17895944,-0.86841434,-3.4967837,-3.3153198,-1.2797371,0.8164505,1.6804478,1.6706735,0.7464839,-0.37004238
-0.47928363,-1.4693649,-3.5932071,-3.8529966,-1.0355065,1.4029697,2.2075062,1.1979126,0.018966762,-0.7899013
-0.4034213,-0.7272103,-2.5429785,-2.8468451,-0.8982052,0.7108085,1.0836952,1.1672546,-0.30816928,-0.84096473
-0.7155658,-0.596794,-2.5172467,-2.4530149,-1.022478,0.8040582,1.6066804,0.9675653,-0.6504876,-0.8766363
-0.33706835,-1.0990442,-3.2475047,-2.9891267,-1.1198422,1.0080737,1.5548931,0.68798953,0.111104414,0.020258592
-0.49976075,-0.91467506,-2.7834225,-2.7341366,-1.1939697,0.76449686,2.0591853,1.1224778,-0.66028976,-0.28295252
-1.3420659,-1.1760383,-3.4555564,-3.3795118,-1.2853842,0.77140576,1.1058793,0.8435341,-0.19265658,-0.3276147
-0.37147036,-1.1876993,-2.9795663,-3.2942097,-0.76798767,1.3318022,1.6349827,1.1246176,-0.37579635,-0.91690755
-1.2073632,-1.8131152,-3.69077,-3.09039,-1.3048165,0.8078349,2.1290257,0.9824957,-0.22861914,-0.7784616
-0.31763363,-0.97311133,-2.176403,-2.6808908,-0.84609574,0.6969111,1.8099614,1.1043591,-0.019521954,-0.744687
-0.4413558,-0.9736716,-2.2802455,-2.5790439,-0.7742088,0.90509516,2.3173685,1.2216125,-0.40535352,-0.62790066
-0.7490511,-1.1686649,-1.8941376,-2.182515,-0.55206627,1.0308554,1.1654756,0.50044996,-0.3290587,-0.8471146
-0.041991636,-1.0091356,-2.3521113,-2.537747,-0.8626059,1.388486,1.5987629,0.7535002,0.15273744,-0.44641387
-0.26624936,-1.1005112,-3.6658347,-2.7920034,-1.0223274,1.1990421,1.759269,1.3166645,0.46286717,-0.4128231
-0.8819212,-2.1367853,-3.8212197,-3.7748582,-1.0461187,1.247923,1.7646449,0.5896896,-0.08612644,-1.3732554
-1.191802,-1.7940637,-3.5878537,-3.4335952,-1.5821514,1.0151356,1.0630668,0.7726542,0.19841528,-0.5654891
-1.0228455,-1.3595027,-3.3477025,-2.8030367,-0.7230728,1.654467,1.8094395,1.116254,-0.0068429965,-0.83393395
-0.5399718,-0.9447807,-2.646529,-2.873551,-1.170112,0.52287126,1.7110102,1.3702835,0.037637446,0.32883263
-0.56251967,-1.5350467,-3.0562341,-2.8070016,-1.2594337,0.7064208,1.124912,1.2593887,0.47097918,-0.5137418
-0.36045843,-1.2297432,-3.3313513,-3.3589365,-1.3274405,0.95669764,1.7458155,1.2683922,0.17199363,-0.09760087
-0.70546126,-1.5072398,-3.721015,-3.6845837,-0.88818604,1.3672192,2.209094,1.300682,0.055150468,-1.2113742
0.14506114,-1.177336,-2.8118303,-3.0885105,-1.2718608,1.1992296,1.6953388,0.7747235,0.085363194,-0.36212784
-0.46971592,-1.1465983,-2.9469528,-2.7504723,-1.1405909,0.94648224,1.4351733,1.1506977,-0.1277397,-0.97655594
-0.04838415,-0.8618864,-2.637985,-2.817058,-1.3035461,0.5255293,1.7927324,0.9298314,0.37363082,-0.5892336
-0.31175664,-1.0936944,-3.2219877,-2.5179007,-0.57343334,1.7754811,2.1949263,1.1245291,0.14879595,-0.80227816
-0.66247827,-1.0598495,-3.1777158,-3.1227124,-0.8523162,1.4223144,1.2921716,1.1282597,0.0264472,-0.15315251
-1.3152602,-1.6008488,-3.2653913,-3.7171056,-1.547909,1.1189625,2.0275908,1.1025295,0.02756465,-0.1766232
-0.5638689,-1.1663104,-3.3406284,-3.4212942,-1.0308926,0.7680469,2.107752,1.7553495,0.16061276,-0.81730694
-0.4512791,-1.4719757,-3.4948204,-2.7181003,-0.9277639,1.3681108,2.0643487,1.3467087,-0.21491481,-0.5667858
-0.726052,-1.4645263,-3.4643636,-2.9032903,-1.302719,0.6563495,1.8052447,1.4616432,0.37376842,-0.9027268
-0.21446137,-1.3744282,-3.6385064,-3.3907049,-0.3132655,1.6860386,2.3180053,1.2792808,-0.020189278,-0.93144584
-0.28435513,-1.0662916,-3.260845,-1.8899031,-0.60094863,0.95960677,1.9877425,1.2128105,-1.6670848,-0.8285538
-0.48830596,-1.3078201,-3.654606,-3.2282906,-0.90670675,1.403185,2.0922341,1.1292231,-0.39868236,-0.49100283
-0.54199135,-0.6616953,-2.9592483,-2.6544461,-0.6968746,0.8812273,1.3169822,0.99510306,-0.08672933,-0.65616536
-0.9325958,-0.92613965,-2.5130973,-2.6693912,-1.3896724,-1.0894994,0.6093126,0.87525946,0.5720549,-0.122870624
-0.6656031,-1.3594371,-3.024767,-2.7845647,-1.3701608,1.3576041,2.1471267,0.81969357,0.068222985,-0.15735683
-0.8509997,-1.3408107,-3.440295,-3.9570067,-1.3681535,0.650015,1.8137531,1.0953666,-0.1075095,-1.1555233
-0.62441725,-0.8747937,-3.0472186,-2.8398638,-1.5571566,0.6470248,2.090529,1.3412995,0.2617498,-0.23384425
-0.20338023,-0.119735576,-2.174897,-3.3847609,-1.6359719,0.72585773,1.2332085,0.5675226,0.5076088,0.59878254
-0.39158234,-1.0851887,-3.0503912,-3.5564618,-1.1418484,1.3800288,2.0413632,1.1605887,0.0508169,-0.47380728
-1.1918674,-1.1144093,-2.9771674,-2.9652014,-0.8683567,1.0488989,1.4043462,1.0694138,-0.28528315,-0.43762383
-0.7455412,-1.4409187,-3.6632352,-2.877228,-0.67873657,1.060132,1.5898124,0.36066276,-0.3116151,-0.91069424
-0.48068157,-1.414145,-3.4559455,-4.321606,-1.0172063,0.8913153,1.9671102,1.4263952,0.07828858,-0.53533
-0.9541275,-0.81848955,-2.7452164,-3.055215,-0.8253646,1.2601588,1.1748164,0.8756801,-0.09849416,-0.31282815
-0.7208161,-0.8581102,-3.4712508,-3.123015,-0.62036216,0.67966247,1.2090058,0.7705455,0.00069800083,-0.55102044
-0.65789074,-1.2759212,-3.1229603,-2.517277,-0.33981052,1.3044857,1.1310543,0.8989821,-0.39756167,-0.6815837
-0.6353133,-1.2984694,-3.1740606,-2.9022262,-0.8138657,0.8754372,0.90336186,0.56317765,-0.104902044,-0.22295599
-0.83179295,-0.88466185,-3.039545,-2.9931245,-0.73066473,1.2755866,1.5984545,1.0221138,-0.20063949,-0.6107926
-0.088508785,-0.6866024,-2.5677984,-2.2180345,-0.90709955,1.1097333,1.9815071,0.6942028,0.35411134,-0.404218
-0.40257022,-1.3986403,-3.2322571,-2.5841663,-1.1465541,0.91574234,1.6572812,1.2259527,-0.2048946,-0.8251886
-0.6554018,-0.9415949,-3.0620725,-2.5149977,-0.7747176,0.99223834,1.4792774,1.0009757,-0.7897084,-0.38334712
-0.33033088,-0.92281693,-2.1677217,-2.668711,-1.0227947,1.1674976,1.565466,0.75626427,-0.3228445,-0.1542749
-0.8243086,-1.4502431,-3.0267715,-3.4008584,-1.5165894,0.7256793,1.8420062,1.2773643,0.3436775,-0.12912263
-1.2103366,-1.0579456,-2.7684236,-2.5822906,-1.0204616,0.7268736,1.4940622,1.3325791,-0.16216655,-0.26130992
-0.2379032,-1.4777253,-3.6497488,-2.7282152,-0.57923424,1.4255823,1.7977896,1.1422176,-0.16017881,-0.55929583
-0.6146922,-1.2679374,-3.4723773,-3.1660557,-1.016827,1.0885168,1.4531221,1.120379,0.41358262,-0.16012426
-0.8732741,-1.1018276,-3.2590356,-2.3985655,-0.31710386,1.0859972,1.185004,0.7983925,-0.035649877,-1.1565337
-0.23285048,-0.86766523,-3.4482574,-3.5620968,-0.84580666,0.7558777,1.8673575,1.523716,0.33867112,-0.19749106
-0.36998042,-1.6060214,-3.120053,-2.6698632,-1.0496248,0.86317855,1.8760357,1.3171452,-0.07960434,-0.28781104
0.051371627,-1.6953175,-3.8489053,-2.926465,-1.3984401,0.9270359,2.045503,0.9858122,-0.0976558,-0.6158074
-0.50644237,-1.1739442,-3.1968777,-2.3350728,-0.9516021,0.7409583,1.0310413,1.0872004,-0.049418677,-0.5550457
-0.6333757,-1.2804204,-3.702078,-4.0224924,-1.0762237,1.8065937,2.3526711,0.92781204,-0.29807118,-1.2295791
-0.75724834,-1.5687894,-3.7591395,-3.9619293,-1.289005,1.1985813,2.1362164,1.8664646,0.06272282,-0.59347713
-0.7605633,-1.243351,-3.728699,-3.273942,-0.9611764,1.2186201,2.1750486,1.2628305,-0.124655925,-1.0467403
-0.88174105,-1.223833,-2.518955,-2.2465997,-1.1936599,1.0127729,1.5845425,0.5824106,-0.15840629,-0.38253868
-0.6589783,-1.154038,-3.2142117,-2.7919805,-0.911439,1.5071392,1.5500872,1.4542316,-0.075098336,-0.9058353
-0.65274215,-1.3406435,-3.2650135,-2.6796072,-0.5717722,1.040339,1.8422499,1.1898513,-0.5058459,-1.1339489
-0.12412252,-1.0218608,-2.5105116,-2.5123258,-0.7880702,0.931809,1.0269144,1.0848169,0.6264608,-0.097263224
-0.57969576,-1.4623324,-3.8187356,-3.3509328,-1.0117348,0.9673889,1.9162465,0.45022228,-0.31887704,-0.5339094
-0.60440874,-0.9068165,-1.3361256,-1.9321747,-0.8448553,0.13337195,1.6721708,0.6203854,-0.062232163,-0.73686826
-0.003976975,-0.6005401,-2.120151,-2.7800713,-0.64115655,0.6953793,0.9541733,0.74057186,-0.0038878233,-0.4247788
-0.36138853,-1.2849463,-3.4403863,-2.371836,-1.3400793,0.8424509,1.6453389,1.1084346,0.5529816,0.20350271
-0.19643538,-1.0146302,-2.7515523,-3.0249712,-0.7723582,1.3202227,2.267977,1.0780035,0.025387479,-0.62378865
-0.0035402742,-1.1350037,-3.0528371,-3.3229682,-1.0871305,1.7055924,2.291611,0.9812761,-0.08532576,-0.8816842
-0.12611367,-0.8973524,-2.667403,-2.7176552,-1.4381243,0.9137852,1.4627748,1.16414,0.12626766,-0.3273803
-0.37753552,-1.0320226,-3.5269713,-3.135206,-1.7158617,0.4982761,2.0291593,1.9657539,0.34825164,-0.19115962
-0.36261123,-1.0479034,-2.9092546,-2.1458392,-1.0148194,0.9625935,1.5641727,0.7985307,-0.0032489197,-0.19665304
-1.3132634,-1.1629491,-2.9648829,-2.966138,-1.0999392,1.3044591,1.4753759,0.6953081,-0.2468101,-0.16181411
0.029563094,-0.21179344,-2.135057,-2.7960625,-0.8146246,1.1811597,2.0782247,0.7374362,0.07091075,-0.8302032
-0.28506112,-1.2555382,-2.5445833,-2.7558315,-0.7437422,1.1675161,1.6976243,0.81359106,0.6698631,-0.07541852
-0.83560663,-1.2893552,-3.7384799,-3.0003898,-0.5809495,0.5816438,1.7061819,1.6190258,0.3680685,-0.8784475
-0.55031186,-1.4090457,-3.4273343,-2.9131312,-1.5227709,1.1779592,1.5703317,0.6787056,0.06907101,0.07070944
-1.2287768,-1.0472454,-2.9884858,-3.6868045,-1.1918399,1.2008878,1.5969543,1.0803174,0.5754356,-0.42313898
-0.7020762,-1.1821213,-2.985316,-1.9986222,-0.5474157,1.0797191,1.4341911,0.5263772,-0.45079997,-0.5564007
-0.15354945,-0.7764197,-2.8438015,-2.167519,-1.1768534,0.87863904,1.6679494,0.60381496,0.06796861,-0.009736869
-0.5361272,-0.53641766,-2.0946386,-2.447281,-1.2973601,0.8263069,1.7344644,0.48946825,-0.42369765,-0.11116194
-0.41576144,-0.6049781,-2.3188295,-2.9332223,-1.4676304,1.0570924,1.9767759,1.0777372,-0.4681581,-0.28833765
-0.5099549,-0.8674903,-2.9098527,-2.8599637,-0.9982041,0.8769259,1.8655317,1.2891823,-0.028031502,-0.88837343
-0.471579,-1.7634896,-3.4858334,-2.6828709,-1.2906847,0.74666536,1.7536745,0.96764714,0.31777585,-0.80452573
-0.7565901,-1.563404,-3.4178815,-3.221836,-0.94241875,0.806201,1.420173,1.6023954,-0.11976926,-1.4138943
-0.42195684,-0.7066354,-3.2040617,-3.0555093,-1.2926184,1.4355326,2.1102116,0.9595414,-0.43742344,-0.55509025
-0.19266817,-1.3296272,-2.7607436,-2.993556,-1.3084766,1.0114162,1.7974652,0.7474472,-0.35170183,-0.7527029
-1.0199596,-1.9051613,-3.838227,-3.6702049,-1.0728642,0.88633955,2.0059552,1.4573468,-0.018455572,-1.0386806
-0.59240705,-0.95081913,-3.438241,-3.170059,-0.83585536,0.9319797,1.8910133,1.1823263,-0.11183865,-0.706356
-0.6184072,-1.0842701,-2.840357,-3.2412202,-0.83028084,0.6820992,1.374113,1.071537,0.5463175,-0.43160638
-0.7433714,-0.7737044,-2.7571096,-2.4955435,-1.3116179,0.90572137,1.4219741,0.7270143,-0.5258753,-0.02578743
0.21287157,-1.4565712,-3.337568,-2.9230626,-0.57662344,0.8235395,2.192836,1.4407512,0.20762019,-0.7521386
0.0014840369,-1.8983114,-3.370671,-2.8477325,-1.5901111,1.0247339,2.3754432,1.2441171,-0.024768688,0.14159605
-0.008081081,-1.1965934,-1.927947,-2.3039856,-0.60466135,0.59942144,1.4915097,1.2865062,-0.06486386,-0.63894874
-0.07985739,-1.2131842,-1.8769046,-2.0655634,-0.93795234,0.7419176,1.3635597,1.1182557,0.27890489,-0.44174108
-0.97029424,-1.1969814,-2.2754283,-2.7777183,-0.6248913,0.9795757,0.83820134,0.59424216,-0.23831174,-0.88050604
-0.5324998,-0.82336813,-2.6696866,-2.3953552,-0.47706202,1.2906305,1.8454181,0.9725385,-0.18284619,-0.47102356
-0.82192546,-1.6445901,-3.5853596,-3.3053458,-1.0089371,1.5275545,2.4604838,0.9432464,-0.17052998,-0.9956759
-0.44868913,-0.976967,-3.0504396,-3.4517455,-1.2176604,0.90013444,1.6027819,0.8838784,0.0886867,-0.20627724
-0.7246667,-0.53175473,-2.4508395,-2.7524512,-1.0265045,0.97539234,1.1693813,0.58397293,-0.16660893,0.06576895
-0.009052255,-1.2982196,-3.0002286,-3.168412,-0.8036935,1.2214738,2.140826,1.2173365,0.13724677,-0.25282207
-0.5486154,-1.4568101,-3.7131433,-3.1207411,-1.6890177,0.44680706,1.587283,1.1839492,0.068121694,0.20869118
-1.2200658,-1.0521091,-2.8629224,-3.2122397,-1.1299531,0.67621547,1.3748034,0.4166781,0.13984221,-0.29366186
0.20026079,-0.9886221,-3.311224,-2.5278594,-0.92642546,1.2468631,1.7749804,0.6719985,-0.0056368383,-0.21125604
-0.46191597,-1.0289005,-3.5911112,-3.9130886,-1.1466193,1.3750187,2.0728805,1.3252742,-0.09621406,-0.6551167
-0.968803,-1.8953475,-3.5957384,-3.5511193,-0.9551769,0.6926493,1.761864,0.8880582,-0.75292635,-1.235811
-0.48419136,-0.6932519,-1.7260164,-2.3976033,-0.93923026,0.7198274,1.2202462,0.3193588,-0.102913804,-0.3024308
-0.61886585,-1.3771412,-3.2949216,-3.2258792,-1.2394199,1.1566623,2.2656322,1.6251838,-0.08068334,-0.76652044
-1.5788627,-1.5931166,-3.574515,-3.1719499,-1.5855907,0.6102094,1.6536791,0.9481279,0.32209486,-1.0785657
-0.3523823,-1.7384156,-3.346708,-3.2377398,-0.95855176,1.9827101,2.4711435,1.5982686,-0.17109033,-1.4691813
0.21709067,-0.78400874,-2.0994062,-1.8900255,-0.23120654,1.2772037,1.7370068,1.2593559,0.34242263,-0.899707
-0.8149664,-1.0679458,-3.051234,-2.4860518,-0.5141608,0.44044915,1.568318,0.78375745,0.18666495,-0.79216474
-1.0444306,-1.4662361,-3.5792918,-2.414341,-1.477321,0.9171151,1.4298296,1.1709578,0.3348882,-0.573483
-0.7573546,-0.9051859,-2.8884852,-2.8369303,-0.6396157,0.51994073,1.5313337,1.1270126,0.39392015,-0.4895118
-0.51338506,-1.3169798,-2.8836844,-3.6881063,-0.8672572,1.4328209,1.7339548,1.1833814,0.28010932,-0.07788496
0.14834765,-1.5239332,-3.2454205,-3.1136525,-1.0918449,1.278976,1.7373961,1.2158337,0.028105456,-0.09665653
-0.1006045,-1.0815829,-3.4662032,-2.6827834,-0.5841987,1.4883039,1.5088891,1.0153358,0.108452104,-0.09257643
-1.4743458,-1.2208345,-3.2720826,-3.3410761,-1.0270824,0.7494469,0.9811228,1.0255153,-0.14719267,-0.7602917
-0.70619965,-1.9320306,-3.9454763,-3.6425421,-1.0046655,1.0044311,2.0701857,1.5709116,0.07726954,-0.34167367
-0.6333619,-0.63727605,-2.897974,-2.5148804,-0.9001099,0.83152527,1.6030654,1.1408342,-0.02090831,-0.8048026
-0.10417444,-1.027074,-3.4554467,-3.111062,-0.788042,1.203655,2.4046984,1.7220024,0.0117696,-0.19966708
-0.131189,-0.2856551,-2.9121099,-2.4253085,-0.7855559,0.9326452,1.40322,0.6020734,-0.14591736,0.1883441
-1.3262156,-1.9490004,-3.8410945,-2.9337587,-1.3877573,0.35401788,2.1440773,1.0338435,-0.29098278,-1.6757638
-0.24558902,-0.90503365,-1.9647226,-2.417897,-1.1236918,0.50877523,2.0257657,0.736606,-0.031048365,0.58429736
-0.25909546,-0.51548326,-2.5010319,-2.3039777,-1.2393901,0.9725449,1.6234783,0.88315904,-0.03717053,0.17684929
-0.75396127,-1.3077335,-3.4449174,-2.6927216,-1.2717553,0.6371775,1.2634705,1.0861446,0.44033408,-0.41103894
-0.12313646,-0.8302264,-2.4639087,-2.1310055,-0.48610663,1.2236223,2.3109608,1.3010828,0.11806803,-0.3526528
0.043306284,-1.0196937,-3.1392379,-2.9297125,-1.0070984,1.0335358,1.6576359,1.6356581,0.3061486,-0.71585834
-0.65786904,-1.0106411,-2.975805,-3.2844236,-0.6765814,0.831072,1.545755,0.60743624,-0.10019465,-0.25426945
-0.023477124,-1.0497432,-3.4862642,-2.7045798,-1.0827416,1.3297796,1.9425704,1.0103487,0.5629404,-0.055904306
-0.890689,-1.0486088,-3.1320188,-2.5750732,-1.0243258,1.6914762,2.1341906,1.3278286,-0.34962103,-0.6431914
-0.16475353,-0.6025678,-1.7745196,-2.6190817,-0.8633051,0.7324249,1.4734591,0.59288734,0.053663056,-0.04059909
-0.5167041,-1.571288,-3.7013168,-3.1424239,-1.1203812,0.94672936,1.6717169,1.1097245,-0.11118841,-0.035329085
-0.7972224,-1.67152,-2.7790241,-3.1597438,-1.0067897,1.0848492,1.7055618,1.5190237,0.21840096,-0.46063587
-0.75450176,-1.231129,-3.7713206,-3.5253472,-0.6789231,0.57257825,1.8196418,0.9760932,0.16521282,-0.8170719
-1.1908028,-1.0007083,-3.1740353,-2.7724574,-0.97534776,1.0329353,1.9872503,0.9525517,-0.12914975,-0.6111062
-0.72927773,-1.1331313,-3.807804,-3.7776566,-1.3584031,1.1847379,1.8404016,0.9552864,-0.099759676,-0.7567597
-0.30077118,-1.3553987,-2.700856,-2.7135727,-0.93639636,0.95768934,1.7472184,0.75369656,-0.26814,-0.22824632
-0.39439687,-1.0685158,-3.276844,-3.2298834,-1.0472723,1.2581116,1.9368836,1.3087096,0.118070886,-0.6464389
-0.9051052,-0.53170586,-2.3686461,-2.1542296,-0.7087908,0.31924173,1.3933996,0.9243473,-0.23948133,-0.112934865
-0.1349442,-1.1541445,-2.5189996,-2.5257945,-1.1967473,0.67339295,2.3578615,0.46935004,-0.86575735,-0.48899925
-0.05564346,-1.2557335,-2.5661643,-2.581659,-1.027251,1.2174516,2.14005,1.1387839,-0.09914352,-1.1572552
-0.36861336,-0.7516833,-2.6657062,-2.7197986,-1.0611857,0.009339207,1.5399865,1.3202535,0.3656913,-0.47725597
-1.6767615,-1.6283844,-3.7865474,-3.1806114,-1.2415154,0.70386416,1.8659093,0.9481584,-0.1281721,-0.6611181
-0.9740352,-1.001265,-2.9777315,-3.2723093,-0.7022238,0.87420034,1.6547209,0.9473711,-0.6010978,-1.2165313
-2.53823,-1.3857356,-3.7043593,-3.8870578,-1.1922581,1.5145627,1.823431,1.2964218,-0.093729876,-0.8426075
-0.45607278,-1.0311577,-2.8249578,-2.2296178,-0.3792955,1.4783013,1.6309576,1.007271,-0.11287993,-0.14607072
-0.48398557,-1.2696489,-2.9536564,-2.4743423,-0.7321224,0.64187145,1.0343801,0.43271813,-0.055486962,-0.83931947
-1.198361,-2.2869778,-3.9013562,-3.6645677,-1.9073826,0.88148856,1.821826,1.4061813,-0.17528015,-0.6051493
-0.9217887,2.3608296,-0.58846205,-2.3192418,-1.494055,0.39388567,0.00045935388,0.412704,0.41598538,-0.19404438
-0.51404566,1.0640063,-1.0526496,-1.9921802,-0.9854124,0.555838,0.28091103,0.5503794,0.12358432,0.04018353
-0.47102708,-1.6482556,-3.640808,-3.137602,-1.2679203,1.0403327,2.230699,0.7995594,-0.5240151,-0.6652278
-0.43403226,-1.3235662,-3.6890175,-3.9091322,-1.1783786,0.59600055,1.689952,1.1571372,0.16780278,-0.29527336
-0.55092853,-1.5912958,-3.509685,-3.6719751,-0.6621227,1.028845,1.724104,0.7685352,0.13603464,-0.7185448
-1.1392515,-1.5516423,-3.5986152,-3.0326152,-0.6896467,0.9741964,1.4515578,1.2158511,-0.38379103,-1.5687822
0.16818005,-0.8863468,-2.3908205,-2.3145387,-1.0641952,0.78376496,1.847167,0.67246497,0.33169386,-0.1272109
-0.48919246,-0.4216603,-1.905907,-1.8770747,-0.81903523,0.77604383,1.2692527,0.549289,-0.30146712,-0.3275974
-0.12472661,-0.6944955,-2.703255,-2.4168963,-0.8372006,1.0793216,1.0661341,0.3596835,-0.2191352,-0.21174073
-0.08933239,-1.3789344,-2.3639982,-2.2681558,-0.8419973,0.8201159,2.1144803,1.0276201,-0.09542108,-0.44876194
-0.053026512,-0.5731536,-2.5434248,-2.8102865,-0.7135148,1.0125186,1.4451215,1.1031712,0.1391578,-0.44100115
0.4856088,-0.97790056,-2.2433863,-3.1946397,-1.0002214,1.3686639,2.241938,1.871471,-0.060578182,-0.34267306
0.058536597,-1.5629641,-3.202439,-2.6921391,-1.02394,1.4027954,2.146306,1.3996155,0.018025337,-0.42299882
0.04772749,-0.8627238,-1.9829775,-2.1665797,-0.42196342,1.1985605,1.3245939,0.8487605,-0.41907355,-0.36221176
0.008529946,-0.76967585,-2.168748,-1.7024566,-0.6005983,0.6938459,1.2231998,0.5728448,-0.48595938,-0.36209548
-0.17807704,-1.1967934,-2.8213685,-2.714756,-0.50095254,0.9515732,1.5032583,1.0981661,-0.079205446,0.0020682926
-0.71013546,-1.1782587,-2.9530244,-2.4751036,-0.5243522,1.4627677,1.5412742,0.81163853,-0.35650545,-0.41846967
-0.039646003,-1.6370147,-3.3669677,-2.318999,-0.5848816,0.9789946,1.7144008,0.8747534,-0.40529642,-0.84582865
-0.4509017,-0.9392218,-2.4870732,-1.9864655,-0.68913275,0.916241,1.35342,0.7166217,-0.18232974,-0.0024436857
-0.28455955,-0.95783854,-3.512119,-2.8199737,-0.8862236,1.1015648,1.34235,1.2085955,0.10027261,-0.21932213
-0.16860631,-1.0797389,-3.5170853,-3.0371923,-0.7377824,1.212938,1.529985,0.9354722,0.27372178,-0.5539496
-0.73240006,-0.84487903,-3.1894546,-2.8281543,-0.9938541,0.49195546,1.4277,0.82363474,0.37630603,-0.18014827
-0.08806227,-1.5350134,-3.519621,-3.6401844,-1.4416758,1.0906214,1.4789691,1.599859,0.209757,-0.48180488
-0.801035,-0.5035259,-2.5741305,-2.3189116,-0.69528615,0.52431643,1.0288728,0.6071542,-0.108201005,-0.18818867
0.08664303,-0.8780078,-2.4289703,-2.5201354,-0.7203328,1.1272811,1.5968267,1.225774,0.22890863,-0.6321474
-0.19541845,-1.2672755,-3.1550128,-2.9842157,-0.7945444,1.7102854,1.8732651,0.7922774,-0.17029028,-0.9381711
0.12793608,-1.4842213,-2.8256242,-2.5374246,-0.5153587,1.0561945,2.049021,1.5482996,0.01474586,0.0010320223
0.13940956,-0.99159074,-2.0768166,-2.0615993,-1.0784432,0.6500968,1.2363242,0.58372,-0.33684894,0.041491732
-0.2239442,-0.98228455,-3.0118744,-2.9104676,-0.546829,0.8929838,1.4716384,1.333336,0.20058098,-0.5886662
-0.62874496,-1.1917913,-3.0611432,-2.3389356,-0.71638435,0.79013944,2.1275458,0.7803915,-0.22138481,-1.5755492
-0.655503,-0.65299034,-3.0747275,-2.8081646,-0.43966433,1.3456922,1.47676,0.5629885,-0.0149053605,-0.3711915
-0.430147,-0.765614,-2.7050483,-2.4849997,-0.626287,0.95170337,1.9005798,1.3017608,-0.3268915,-0.0764647
-0.06729103,-1.6264772,-2.5789537,-2.8679707,-1.4179679,1.3350326,2.238915,2.9760587,0.40109947,-0.40203822
-0.020761933,-1.3341663,-3.7307081,-3.378871,-1.2235687,0.9397893,2.0009587,1.3026417,0.021146366,-0.089061916
-0.35138786,-0.15756288,-2.3593092,-2.5267065,-0.6990683,1.0025831,0.9754662,0.6147743,0.557294,0.04280348
-0.7099846,-1.5910027,-3.794584,-3.1493642,-1.1631527,1.1070858,2.3539877,1.5691887,0.19737545,-1.3393601
-0.39179865,-0.7136194,-3.3536842,-2.7813447,-0.8374017,1.0612346,1.3685697,0.36055177,-0.2704614,-0.31994838
-0.61555254,-0.6772594,-2.7072299,-2.6723168,-0.5084628,0.9155501,1.4303118,0.9496237,-0.22156833,-0.75257665
-1.1366717,-1.4373337,-3.7188082,-3.5043356,-1.2570238,1.1929055,1.9901297,1.4357963,0.47250795,-0.18350612
-0.25713384,-0.8356523,-2.622806,-3.6274698,-1.0267566,1.3423625,1.8070614,0.9683255,0.1122783,-0.18375596
-0.29730615,-1.1594943,-3.4688332,-3.357857,-0.98339504,1.3168427,1.9918021,1.1337941,0.29807442,-0.7070698
-0.15319782,-1.5751481,-3.8059618,-3.3318155,-0.8509901,1.490203,2.3830535,1.5180732,0.24496293,-0.6677237
-1.1107703,-1.592294,-3.885636,-3.5248017,-1.4606347,1.1466931,2.035652,1.598732,0.06642067,-0.42992663
-1.0019972,-1.5633204,-3.6336439,-3.266428,-1.0113491,0.61487865,1.4203601,1.0755185,0.23213565,-0.08666883
-0.25988632,-0.6809141,-2.3822591,-2.4497209,-0.7262919,0.89613193,1.6606165,0.9445674,-0.074238196,-0.30263016
-0.4179305,-0.6864315,-1.6963066,-1.8072424,-0.74814206,0.902693,1.2405437,0.058060803,-0.28435203,-0.044569746
-0.13824786,-0.8733556,-2.8464649,-2.0034544,-0.34364215,0.78772366,1.5766622,0.8624387,-0.36405116,-0.4997655
-0.4583301,-0.90815026,-3.6642146,-3.005802,-0.5685586,1.3276423,2.2250965,1.3066746,0.14613649,-0.96115077
-0.7738501,-1.017013,-2.6357322,-2.0605469,-0.452061,1.4478916,1.0944997,0.9198504,0.038049493,-0.16151772
-0.3353684,-1.4008951,-2.8126414,-2.5707211,-0.93217033,0.8719242,1.7740712,0.9221792,-0.108475864,-0.70426655
-0.7521242,-1.1217837,-2.7721336,-2.1810853,-0.8526419,1.0258515,1.4505459,0.6485423,-0.308353,-0.040628247
-0.52875066,-1.0821297,-3.4488463,-2.750743,-1.1140909,0.68758273,1.7207754,1.0746897,0.0073033846,-0.7791996
-0.5844863,-0.77520967,-2.3361201,-2.453851,-1.1789432,0.7557595,1.498162,0.9073213,-0.28316718,-0.9418926
-0.8906406,-0.96902424,-2.662389,-2.9412684,-0.9787245,0.8230572,1.6129398,1.0842593,-0.1291358,-0.025858892
0.122708715,-1.7289593,-2.235206,-2.2969694,-0.8009198,1.6890317,-0.5636453,0.8684616,0.21398422,-0.67752296
-1.1742694,-0.7769587,-2.291344,-2.0073562,-0.83182514,-0.23987268,1.4335566,0.7573319,0.14091703,-0.25375357
-0.72850186,-1.3606129,-3.4417076,-3.104094,-0.83747077,1.2389845,1.2562176,0.43807974,-0.26524788,-0.82853234
-1.0165557,-0.97500175,-2.8079255,-2.570369,-0.72217727,1.5087306,1.4975814,0.4930202,-0.09819867,-0.47334766
-0.6165079,-0.9687143,-3.2276587,-3.3741786,-1.3165712,1.0070546,1.2596867,0.70966953,0.038460832,-0.37188935
-1.066927,-0.9548525,-2.2334702,-2.688225,-0.8822657,0.40993488,1.1827846,0.5819119,-0.29329637,-0.040915888
-0.56488556,-1.4762014,-3.4151058,-2.9214191,-0.9335976,1.0980333,1.7697823,1.1999094,-0.12392458,-0.6883119
-0.44290254,-1.8541678,-3.5375912,-2.4589634,-1.2878193,1.0850904,2.1703246,1.3155781,-0.08823216,-0.6903794
-0.34386307,-1.0191531,-2.5153117,-2.0588293,-0.5020528,0.3698003,1.2723256,0.90129864,-0.21854259,-0.05464679
-0.36831334,-0.928849,-0.7591784,-1.2985084,-0.67941546,0.7928831,1.0627997,0.23350738,-0.33096907,-0.552444
-1.2379923,-0.8684256,-2.4797652,-2.1351905,-0.84747773,0.8292737,1.220765,0.55574507,-0.48056936,-0.03820691
-0.5251854,-1.0703052,-2.6988063,-2.4035993,-1.1012193,0.6856364,1.7756554,1.1290619,0.14589718,0.24917549
-0.049473234,-0.8374452,-2.5405753,-1.9643484,-0.741735,1.1300994,1.96951,1.0334731,-0.4576047,-0.3505752
-0.71116066,-1.4414687,-3.8412595,-2.8181834,-0.46563455,1.0628228,2.2974176,1.6776509,0.030439435,-0.86111826
-0.42315048,-1.8391869,-3.8253818,-3.7689698,-1.2779388,0.40365493,2.3256972,1.7114469,0.2984881,-0.6999206
-0.83191186,-1.6439934,-3.5829103,-3.3306952,-1.167922,1.4410547,1.6732498,0.9497154,-0.3206334,-0.6876312
0.102953196,-0.49827865,-2.424893,-2.3991535,-0.86712503,0.90309584,1.558697,1.2453299,0.5505062,-0.15329154
-0.503754,-1.5125164,-3.737365,-3.1993105,-1.2471801,0.81026,2.0389857,1.3429453,-0.5090339,-0.5763824
-0.34535483,-1.1370903,-3.1310134,-2.72614,-0.9510151,0.76103145,1.9348608,0.5598666,0.22463587,0.024397768
-0.64535147,-1.2455667,-2.5890486,-3.2217205,-0.81556326,1.5192906,1.8777924,1.5592325,0.1884804,-0.9673635
-0.58716667,-1.039835,-3.2953272,-3.0332522,-0.55488795,0.82605964,1.8007896,0.9514019,0.3322146,-0.34692279
-0.36883408,-0.7805101,-2.425618,-2.117547,-0.5211139,0.9845911,1.8161378,1.2338338,-0.31785667,-0.49373952
-0.5114205,-0.89794374,-3.5433881,-3.0004508,-0.99938434,1.1917741,2.0227153,1.8821355,0.17317453,-0.4523947
-0.79246414,-1.188645,-2.3766649,-2.9727185,-1.2649004,1.0762242,2.026937,0.78766626,-0.08484633,-0.36893317
-0.20840058,-1.1420051,-2.8117154,-2.3677077,-0.62668246,1.2273037,1.759471,0.85700154,-0.2018738,-1.157844
-0.42105544,-0.930259,-3.320053,-2.638597,-0.85611874,1.5222315,1.8885082,1.0572177,0.31019104,-0.20218404
-0.7634586,-1.6341729,-3.2985244,-2.6597085,-0.98806167,1.4113756,2.1087596,1.3334918,-0.114053376,-1.2107382
-0.18096761,-1.2549481,-3.1940465,-2.3629189,-0.6709595,0.9098915,1.6806892,0.9283004,-0.5660941,-0.6844085
-1.152332,-0.81379086,-3.5166864,-2.8394344,-0.63918984,0.8084221,1.6364441,1.1481638,0.39360932,0.013997003
-0.55055004,-0.5372122,-1.704585,-2.0768683,-0.56246287,0.7681105,0.9640787,0.48297754,0.057865474,-0.27415708
-0.14684477,-1.5451423,-3.2378113,-3.3121736,-1.5649683,0.8655636,2.2072883,1.2282349,0.8823838,-0.041180678
-0.37827808,-0.84687304,-3.0824244,-2.235652,-0.8662413,0.99806124,1.3431791,0.7877554,0.16984446,-0.5952274
-0.08965435,-1.2218772,-3.3726504,-2.6568933,-0.2971533,1.4727967,1.4179095,1.3822504,-0.14001472,-0.5355924
-0.16365382,-1.265394,-2.915865,-2.6695447,-1.4683366,0.8014935,1.9377117,1.2578361,0.04469316,-0.37047905
-1.4735087,-1.1791571,-3.4347975,-2.9650147,-0.62704897,0.6573066,1.7994771,1.4455988,-0.044605218,-0.7681398
-0.65862095,-1.3428185,-3.739956,-3.7350779,-1.3198924,1.0251632,2.1040568,1.100427,-0.26165357,-0.35611728
-0.35593018,-0.63359195,-1.7752011,-1.4812453,-0.54838884,1.2859424,0.94460046,0.6635429,-0.10977562,0.13070296
-1.390065,-1.7082998,-3.6739123,-3.358106,-1.3500885,0.9159449,2.201477,0.9763548,0.025145108,-0.49068913
-0.55989,-1.1433899,-2.9792242,-2.777886,-1.0703086,1.0304402,1.5467216,1.6608896,-0.24274196,-0.42133078
-0.33760193,-1.0549258,-2.7922657,-3.1591125,-1.2772853,0.6392846,1.8029805,1.2315557,0.35528022,-0.066940226
-0.15737689,-0.34492618,-1.6546453,-1.9297205,-0.6799649,0.65416265,1.5390837,0.5651472,-0.6306714,-0.29760912
-0.48534825,-1.4399924,-2.8743477,-2.8632674,-1.0963584,0.80957735,1.3235444,0.83748496,0.2120509,-0.26943
-0.76680183,-0.9289849,-2.4383678,-1.8303496,-0.42231372,0.782249,1.4210218,0.6342044,0.098732196,-0.29343784
-0.3580148,-0.8794109,-2.32257,-2.46985,-0.8276404,0.5689642,0.8231368,0.7067218,0.10354951,-0.12763304
-0.075187884,-0.52204657,-1.8053863,-2.4693356,-0.76246274,0.6888905,1.3114063,0.73121756,0.0538585,0.0063092154
-0.7224755,-0.8225072,-2.6432166,-3.0101266,-0.9432195,0.6778367,1.5585933,0.6142702,0.0007032621,-0.2252286
0.11197051,-1.4787002,-2.3864198,-2.6371129,-1.1822773,0.94282645,1.9035755,1.14821,-0.22927856,-0.2331118
-0.45612016,-1.4249816,-3.3510501,-2.9831934,-1.2498593,1.2433457,2.1363106,1.1563619,-0.30482256,-0.88039255
-1.1979339,-1.7199607,-3.597472,-3.7435296,-1.1131027,0.6800659,1.4149654,1.3075721,0.0075128875,-1.5476235
-1.3330103,-1.2809587,-3.3058174,-2.912272,-0.89911133,0.70384014,1.2712976,0.7126144,0.0092994245,-0.42630386
-0.5344146,-1.8972508,-3.7460585,-2.9877424,-0.65413487,0.8928362,1.9289371,1.207167,0.09033983,-0.54593617
-0.2800734,-0.8207054,-2.9916482,-1.8701932,-0.51987183,0.96288955,1.67063,1.323634,0.366522,-0.43747652
-0.324245,-1.0165716,-2.3042798,-2.4607482,-1.21228,0.71969515,1.7495203,1.0098443,-0.16241978,-0.33293757
-1.1712793,-0.67504257,-2.4735765,-2.6960723,-0.783883,0.54929245,1.3452852,1.0724534,0.4042641,0.027976457
0.1045493,-0.514908,-2.2989051,-1.8818238,-0.594569,1.1935537,1.7875289,0.8920494,-0.056902155,-0.27598843
0.44352886,-0.55126506,-2.2232575,-2.6081448,-1.1099728,0.83532345,1.7408586,1.0653564,0.47728652,-0.20707598
-0.19755515,-0.69781834,-2.846383,-2.7216482,-0.7639666,0.7230849,1.3224357,0.6778603,-0.02405073,-0.5229688
-0.9339328,-0.9763435,-2.3395193,-3.0256054,-0.8778794,0.6353782,1.5889373,1.1605563,0.28486922,-0.42607045
-0.6231431,-1.2558047,-2.7238996,-2.8160446,-1.3840321,1.0512071,1.7742282,0.82915694,-0.029289078,-0.7972107
-0.6913732,-2.1145766,-4.000691,-4.0807543,-1.328439,1.570163,2.2452714,1.9751405,-0.083033495,-0.47103986
-1.0333431,-1.0079446,-3.347233,-2.7742543,-0.49987838,1.3031269,0.97260875,0.6202579,0.038011234,-0.26849708
-0.63908696,-1.1569964,-3.7135117,-3.488124,-1.1102014,0.85196215,2.057651,1.763795,0.16015774,-0.18061934
-0.85917616,-1.6357881,-3.7482018,-2.8906174,-0.80950147,1.1158906,1.5971805,0.97509617,0.35971004,-0.5615638
-0.82381165,-0.74663657,-2.9385438,-2.8668933,-0.93503547,0.60957044,1.3719419,0.8920855,-0.07056045,-0.34728485
-0.5859886,-0.8076404,-2.5518944,-3.4523547,-0.94115794,0.9196512,1.8183697,1.1008793,0.1563937,-0.7738315
-0.90016,-1.5906029,-3.6128876,-3.2528203,-1.0264986,0.76581985,1.7122744,0.91983855,0.11276131,-0.67278963
-0.80344313,-0.66118705,-2.411904,-2.2690027,-0.5412708,0.9417875,1.783586,0.9377627,0.11947311,-0.38880882
-0.7014328,-1.3791558,-3.182429,-3.6578028,-0.9238186,0.95466095,1.578426,0.9689326,0.24286745,-0.4730044
-0.65216964,-1.7726803,-3.8186138,-3.6429904,-0.99973804,1.9318646,2.189278,1.3881763,-0.5135223,-0.5917406
-0.32802746,-1.2768712,-3.0436883,-3.0874097,-1.2005631,1.0985307,1.6483049,1.12749,-0.18010417,-0.541387
-0.8763341,-0.8957869,-2.8530343,-3.03767,-0.9242814,1.491022,1.3662821,0.8105213,0.88276696,-0.2232534
-0.21861526,-0.5665207,-2.6607854,-2.508259,-0.52212626,1.2144644,1.1139674,1.0204799,-0.101087786,-0.13208757
-0.52161735,-0.7216319,-3.537198,-3.3221693,-1.5421134,0.8350231,2.1215599,1.6778654,0.36125803,-0.31323865
-0.40175697,-0.895238,-2.2415593,-2.566603,-1.3054895,0.74298656,1.0824575,0.6321858,0.047749896,-0.08240234
-1.0870434,-1.6048769,-3.5559502,-3.206923,-1.0484849,1.5796881,1.8472929,1.2740824,0.11354284,-0.65729904
-0.40119046,-1.0903509,-2.9640732,-2.1348114,-0.6146946,0.8175696,1.8573685,0.94735974,-0.3071799,-0.42075646
-0.4197052,-1.1058029,-2.2083972,-2.5410624,-1.0966372,1.0026757,1.7558124,0.529538,0.024162298,-0.64299756
-0.4424655,-1.7505562,-3.5530977,-2.5415745,-1.6108066,0.6511989,1.3764423,1.2535807,0.38631675,-0.20339982
-0.24496476,-0.7374277,-2.7947683,-2.4245064,-1.0725173,0.46780345,0.9312122,0.792243,0.4518778,-0.17488547
-0.7270496,-0.52528954,-2.466567,-2.7366529,-1.0148816,1.0669518,1.456885,1.0001194,0.21556076,-0.09750569
-0.32382908,-0.4618459,-2.6809702,-2.7724957,-1.7175604,0.625265,1.5813532,0.34412292,-0.016552085,0.017359661
-0.10456071,-1.0728573,-3.11363,-2.435634,-0.587124,1.1599935,2.130139,1.5965847,-0.18886422,-0.7959278
-0.94565386,-2.4591925,-4.0544972,-3.7095969,-0.983884,1.4640096,2.2923028,1.8987644,-0.24501482,-1.0768667
-0.7540886,-0.79207516,-2.061952,-2.1043696,-0.6072514,1.1546342,0.97649,0.2893997,-0.37876546,-0.8081832
-0.69354516,-1.104159,-3.1004822,-3.7402174,-0.54763985,1.302853,2.0559685,1.552651,0.4778733,-1.5019647
-0.45461312,-1.4466878,-3.293804,-2.5644126,-0.83745855,0.9953932,2.1782086,1.2187542,0.0746946,-0.20500392
-0.87287927,-1.3968096,-3.169596,-3.1102655,-1.0346057,0.78841704,1.9746709,1.3961809,0.5398084,-1.0616591
-0.41493073,-1.1828989,-2.9034607,-1.9198751,-0.68437153,1.2166394,1.5821861,1.1049496,0.044910457,-0.21193196
-0.6470826,-1.9339474,-3.0690727,-3.5760784,-1.5348488,0.9806048,2.3752522,1.7238961,0.51374686,-0.963957
-0.2208722,-1.568505,-2.7975118,-2.24273,-0.73693234,1.2074791,1.4492939,1.1188915,-0.051827416,-0.6473955
-0.56317586,-0.7776298,-3.363079,-2.8497863,-1.1713169,1.2828817,2.33008,1.7525593,0.08986019,-0.040581435
0.78405726,-0.9159746,-3.554292,-3.1013842,-0.44273722,1.5433245,2.1369994,1.0867742,0.23853323,-0.042999763
-0.5818972,-1.563026,-3.5896428,-3.072169,-0.5655347,1.3751631,2.3526254,2.0190446,-0.20411283,-1.3241745
-1.3428047,-1.3106246,-3.5366638,-3.8260045,-1.2952759,0.96534234,1.8442066,1.4886993,0.12151566,-0.18661547
-0.63019294,-1.4991598,-3.592317,-3.1624403,-0.907312,1.2173605,1.0053248,1.1039464,-0.21407963,-0.68246967
-0.629638,-1.5072608,-3.18311,-2.3720007,-0.68833125,0.67561626,1.9747807,0.74420595,-0.4326629,-0.9757928
-0.37732217,-0.3770078,-2.5602617,-2.6274648,-0.7990801,1.2558084,1.6946555,1.4447936,0.11925912,-0.70366424
-0.38568816,-1.0841174,-2.3507376,-2.6398256,-1.4467264,0.8750843,1.4522073,0.92118067,-0.07066353,-0.6413939
-0.91474897,-1.5940199,-3.5239835,-4.1470404,-1.0157074,1.10947,2.2329512,1.8701304,-0.1038602,-0.89420044
-0.42508915,-1.5922952,-2.2779248,-2.0664248,-0.4934149,1.0897509,1.751171,1.0267564,0.1952028,-0.80364317
-0.30158353,-0.9943875,-2.21,-2.130007,-0.8006768,0.8774865,1.3235991,0.838783,0.22298318,-0.8417632
-0.07772013,-1.7965046,-2.7569473,-2.555925,-1.1500356,0.867507,2.1071708,1.2502413,0.11117172,-0.32527137
-0.61711705,-0.99186397,-3.2687104,-2.975393,-0.5928949,1.5824634,2.0916753,1.4011693,-0.11132695,-1.4012004
-0.6548391,-0.8914094,-2.4451396,-2.5391092,-0.56248146,1.2068986,1.8654498,0.9938553,0.0012809682,-0.5062248
-0.7740038,-1.8944881,-3.832497,-3.7194424,-1.319004,1.3963144,2.3202052,1.5990216,0.2751593,-0.94491065
-0.13242134,-0.8158186,-2.3612578,-2.568223,-0.90416485,0.8789355,1.2707726,0.26182538,-0.28172988,-0.2309953
-0.6544739,-0.9863274,-2.473267,-2.8957021,-1.0551943,1.5508786,1.6652547,0.6096032,0.01445898,-0.23952435
-0.23160845,-1.2576017,-2.3646312,-2.294966,-0.45105168,1.2168368,1.1384162,0.7948415,0.0879862,-0.78368664
-0.25687358,-1.5430683,-3.6175992,-3.7693074,-1.7427597,0.49686435,1.6661615,1.3848232,0.22434491,-0.60610855
-0.44401023,-1.5704088,-3.8620288,-3.4687235,-1.3707858,0.9399115,2.0602372,1.3034929,0.035866905,-0.55733156
0.2397575,-1.5903428,-3.7317827,-2.7240021,-1.2328613,1.0370002,2.1517856,1.1565714,0.05886507,-0.70077944
-0.86170155,-0.8599595,-2.842923,-3.5500293,-0.9777453,0.66858554,1.4396117,1.5980041,0.23127614,-0.49918967
-0.513669,-1.204374,-3.178915,-3.033122,-1.1648887,0.79294884,1.194805,0.8434005,0.14551385,-1.152905
-0.5368871,-1.7648829,-3.2324712,-3.071625,-0.6803901,1.1729976,1.4048902,0.9387725,-0.09944956,-0.8980478
-1.1070558,-1.4491459,-2.8600461,-2.7655733,-0.73835117,0.90049,1.7174283,1.1342797,0.10965282,-0.50892097
-0.538817,-1.2539454,-3.0328538,-2.5823004,-1.1244414,0.82296616,1.8424474,1.4111536,0.25340083,-0.46437973
-0.67091954,-1.4252936,-3.6221297,-3.4493651,-1.1130888,1.4579247,2.2417347,1.370922,0.46230784,-0.32311228
-0.38216767,0.16697118,-2.197806,-2.7678022,-1.0980916,1.1105701,2.2260256,1.099463,-0.24301621,-1.198231
-0.4461625,-0.9387514,-3.2504888,-2.9312787,-1.0998843,0.6344047,1.6149459,0.6640538,-0.26329786,-0.89641136
-1.1482215,-1.0437706,-2.7376165,-1.8583609,-0.6796902,1.5387194,1.7300918,1.0045412,-0.46122026,-0.4188992
-0.25669682,-0.4352149,-2.1949053,-1.6942691,-0.8914592,0.84381855,1.3841091,0.87920684,-0.14087248,-0.55799514
-0.124792926,-1.6526842,-3.4768806,-2.750124,-0.8316414,1.3884307,2.074093,1.817225,0.24086232,-0.89462554
0.010542051,-1.2652855,-3.735295,-2.3494806,-0.5880435,1.2683792,2.281112,1.8174926,-0.014470846,-0.81155837
-0.7411945,-1.5779057,-3.509344,-3.1640697,-1.3198436,0.6590317,2.0418513,0.96506876,-0.30122516,-0.34677222
0.01652937,-0.5954781,-2.3207242,-2.2404964,-1.0404465,1.0562057,1.6618907,0.23978063,-0.252431,-0.19092111
-0.65197146,-0.6196032,-2.8889222,-2.4947443,-1.1927191,0.55752295,1.1858768,0.63188016,-0.013085438,-0.2196089
-0.29408622,-1.3406513,-3.1164021,-3.018318,-0.68515426,0.8048491,1.6398246,1.111129,-0.5778604,-0.09521798
0.22498408,-1.7265328,-1.4445244,-1.3595655,-1.1216195,1.7389882,-2.4208844,0.5873169,0.27947015,-0.5924959
-0.7452898,-0.8098002,-1.0112274,-1.9609754,-0.4162779,0.9433965,1.5312988,0.42124563,0.1316945,-0.23568083
-0.38469183,-0.5980857,-2.8989565,-2.6831641,-1.1235303,0.8114467,1.2950509,0.98423916,-0.19189669,-0.287328
-0.24388663,-1.433297,-3.2469149,-3.3543527,-1.2525567,1.0755339,1.9724951,0.6905058,-0.20805956,-0.6759964
-0.3680912,-1.3657314,-2.857919,-2.8601353,-0.42215732,1.1320956,1.6287504,1.1188841,-0.30074686,-1.2650084
-0.43890718,-1.2088288,-3.079492,-3.1246746,-1.2845892,1.0427921,1.5750873,1.1052632,-0.13572924,-1.1351575
-0.16117004,-0.4320894,-2.820751,-2.5542226,-0.8476387,1.1077926,1.5389724,0.80761164,0.16851449,-0.22292908
-0.47282672,-0.7671691,-3.1002343,-2.958962,-1.198302,1.356851,2.0935931,1.0485325,0.2492226,0.4428493
-0.6124359,-1.300561,-3.4199383,-2.99042,-1.1983937,0.99061817,2.0803528,1.4694709,0.10512355,-0.3293233
-0.70444936,-1.2509944,-2.9014158,-3.2751858,-1.0937443,0.80208796,1.6787353,1.0603757,0.08681305,-0.2876739
-0.6797931,-1.1115692,-2.6651714,-2.9816668,-1.4640936,0.6097237,1.7836225,1.0719967,0.03833295,0.07684552
-0.85931873,-0.3223862,-1.7582976,-1.7945774,-0.9655557,0.59838253,1.2509501,0.62064743,-0.07195746,0.21703231
-0.3813021,-1.299163,-3.1841643,-2.872407,-1.1236701,1.1163235,1.7980698,1.0165703,0.20849495,-0.23952235
-0.61680186,-0.7110187,-2.655675,-2.2669842,-1.0120491,0.60651994,1.4797786,0.52608806,-0.22649841,-0.39112455
0.10653295,-1.3960229,-2.6735947,-1.7318242,-0.69506216,1.231572,1.9832159,0.8881413,-0.13796368,-0.5183357
-1.0742399,-1.4274606,-3.496496,-3.2411003,-0.55137056,0.9104804,1.6422454,1.4259195,-0.0044016023,-0.9831572
-0.34992972,-0.96518296,-3.2963605,-2.4084938,-0.84658134,1.3889674,2.0017228,0.85157573,-0.0592026,-0.36169687
-1.1657126,-0.79508203,-2.3328397,-2.1373246,-0.4367108,1.1484466,1.1863177,1.1267376,0.30850786,-0.45417392
-0.04530388,-0.75921917,-2.2112577,-2.1840596,-0.85558623,0.52498585,1.254425,0.78643584,0.26819518,-0.2112217
0.016743474,-0.1980232,-1.8746538,-2.149272,-0.9790711,0.538892,1.1445305,0.6027582,-0.261955,-0.5043733
-0.38638067,-1.1801031,-3.6077569,-3.8943677,-1.1193132,1.1266797,2.0179095,0.85079247,-0.03261777,-0.60876894
-0.39031312,-0.84498686,-2.0143063,-1.686912,-0.6478378,0.33456036,1.0626454,0.49354896,-0.12799422,-0.4493548
-0.6735647,-1.1664642,-3.153572,-2.4922085,-1.0240169,1.2156739,1.6114675,0.665427,-0.52044994,-1.0175534
-0.49439228,-0.74478066,-2.4276395,-2.3603055,-0.7761517,0.403961,1.0775112,0.6913216,-0.1516372,-0.50294536
-0.23487951,-0.4195776,-3.0306556,-2.2734673,-0.5431397,1.0137854,1.7900002,0.64575785,0.3768862,-0.11026246
-0.9222091,-0.59383684,-3.3508675,-2.884177,-1.1454449,0.34527528,0.99946195,0.42439023,-0.07135001,0.063748494
-0.162374,-0.95733804,-2.9735441,-2.6791677,-0.78232205,1.2814159,1.7107719,0.5481017,-0.61133456,-0.6543908
-0.7450505,-0.70511436,-2.7230186,-2.7638345,-0.8770158,0.85546124,1.3337483,1.0765994,0.02105793,0.19827053
-0.6416739,-1.2377616,-3.3166652,-3.5785546,-1.193391,1.4116133,1.8539134,1.0381445,-0.020896662,-0.0442028
-0.01437313,-0.9759357,-2.498856,-2.459629,-1.282901,0.94493484,1.4782712,1.4241091,0.2221519,-0.5858584
0.009019249,-1.0813142,-2.1543527,-1.8196877,-0.643007,1.2628016,1.6827195,1.0325801,0.058871944,-0.3953396
-0.3276035,-1.2374494,-2.9073012,-3.064853,-0.94313633,1.1489553,2.1729386,1.2543508,0.19064198,-0.6531163
-0.19937961,-0.9129851,-3.142627,-3.3123014,-1.466409,1.3063928,2.1777375,1.1490515,0.32070127,-0.7378353
-0.336941,-0.7048073,-2.4567122,-2.5406325,-0.7474246,1.4955094,1.0810436,0.578108,0.11334183,-0.89879584
-0.33877617,-1.185008,-3.2812676,-3.157631,-1.1182024,0.6630537,1.357744,1.0004548,-0.42365333,-0.48947564
-0.98276216,-1.7539585,-3.2241051,-2.561731,-0.5785438,1.780212,1.4758005,0.6397025,0.41246685,-0.4347456
-0.28895915,-1.1131858,-2.5181344,-2.5537202,-0.6955364,0.93237805,1.4418781,0.5848219,0.18260191,-1.1101989
-0.34990832,-1.1549691,-2.199656,-1.9997292,-0.38817966,0.4022185,1.5039386,1.3491699,-0.07423763,-0.79624057
-0.82211417,-1.032644,-2.228601,-2.5128014,-0.67587984,0.61635655,1.3563013,0.87083167,-0.120913476,-0.86155856
-0.8644083,-1.098641,-3.5253897,-3.0766435,-1.3752348,1.0442804,1.7916269,1.301779,0.058835186,-0.19272411
-0.18179977,-0.8006318,-2.8006318,-2.5823793,-1.1588529,0.52844346,1.4046016,0.6455447,-0.058614463,-0.35396817
-0.62241566,-0.9991958,-2.9010506,-2.9308586,-0.85582787,1.4233507,1.2659261,0.8320055,0.038636673,-0.08521196
-0.41941416,-0.78763473,-3.3286977,-3.127748,-0.66560084,1.1545327,1.6752888,1.2430822,0.04430332,-0.9587337
-0.824784,-1.1330689,-3.0031486,-2.7870753,-0.801023,0.71689576,1.6811173,1.2270311,0.037068762,-1.0239273
-0.608901,-1.1471767,-3.6439652,-3.701676,-1.2397344,1.8139707,2.30679,1.5212537,-0.079316534,-0.41318092
-0.8226458,-0.7254748,-2.8719175,-2.8487206,-0.8331691,1.6357013,1.3930796,0.6561424,0.058500133,-1.3282423
-0.62196696,-0.91396904,-3.3906307,-3.1745415,-0.3572182,1.6913583,2.2038147,1.2618291,0.14896956,-1.1316003
-0.043491412,-0.5851728,-2.5359766,-2.3265584,-0.330759,1.6191587,1.1232048,0.9603197,0.77390623,-0.587436
-0.3405737,-1.4736131,-3.7407227,-2.9564207,-0.9393508,0.89581484,2.0253768,0.7173798,-0.30809683,-0.46683952
-0.23533952,-0.55974466,-2.5873895,-1.9681057,-0.84371257,0.95343804,1.4616288,1.0078319,0.18683389,0.07117135
-0.6665712,-1.3111742,-3.8161101,-3.0193915,-0.76248384,1.6990565,1.6943122,1.1075851,0.05638446,-0.5529383
-0.25199905,-1.6706463,-2.9579256,-2.6940324,-0.62590593,0.5678136,1.8353671,1.4182004,0.006890022,-0.50568503
-0.42595428,-1.9908178,-3.8660748,-3.8494685,-1.4858295,1.1315911,2.2913425,1.5469357,0.13653237,-0.2802089
-0.5147483,-1.5939724,-3.4541163,-2.8962452,-0.5119747,1.5506598,1.234255,0.67989874,0.022890078,-0.55513614
-0.2223565,-0.6673798,-1.0831921,-1.8951895,-0.5887098,0.8539815,1.1742697,0.32633144,0.42815122,-0.16103354
-1.0740703,-0.8044519,-2.2593796,-3.201467,-0.8616031,0.4649038,1.5958024,1.0291206,-0.5308318,-0.75120324
-0.6245087,-0.5875967,-1.907372,-2.2210064,-1.1238775,0.44722974,1.4421388,0.8067482,-0.28892198,-0.54397357
-0.12402378,-0.8093242,-3.043007,-2.668351,-1.2806674,1.1768358,1.3108556,0.9963486,0.62808084,-0.07928774
-1.078371,-0.697769,-2.4174545,-2.744342,-1.5616349,0.85550714,0.34419125,0.7607131,-0.033663258,-0.5127544
-0.27990177,-1.3380532,-3.046094,-2.3936207,-0.97246903,1.0078975,1.8452908,1.1257617,-0.32408345,-0.7322751
0.012408363,-1.4176075,-3.3694594,-2.7696676,-0.86624354,1.459048,2.016396,1.1659288,-0.13379405,-0.7208546
-0.40135446,-0.5459106,-2.8281713,-2.6666615,-0.5088323,0.9804648,1.7052952,1.5066793,0.00051057554,-0.8861569
-0.89164215,-1.1833572,-2.9878767,-3.5111105,-1.0781947,1.0010432,1.6037809,1.1256216,-0.16235115,-0.72978866
-0.19178085,-0.9878307,-2.3194726,-2.3187232,-0.6906508,0.9584246,1.3981518,1.0577615,0.20612334,-0.56812304
-0.4611297,-0.4402076,-3.1225772,-2.4637606,-0.51406056,1.2803897,1.4314771,1.6246153,-0.56737864,-0.90100884
-0.4931093,-1.2969872,-3.5847604,-3.2490294,-0.35857788,1.8508141,1.8561776,1.1219997,0.15963945,-0.33269656
-0.2967978,-1.5919769,-3.3481417,-3.6244817,-1.0868503,1.349529,2.193303,1.2893578,-0.095138736,-0.8744127
-0.5394268,-1.1614085,-2.6401076,-2.4482574,-0.97151303,1.5016956,2.1718786,1.6714784,-0.25107512,-0.94403964
-0.854328,-1.3493432,-3.0808377,-3.5137668,-1.301162,0.7696041,1.4515268,0.7008485,-0.19512427,-0.706047
0.164871,-0.8590189,-2.4488447,-2.982735,-0.8911838,0.7400385,1.4578729,1.0193834,-0.07381346,0.010107532
-0.91961014,-0.75192976,-3.5911193,-3.3157601,-0.9156988,1.014059,2.1164153,1.1321907,-0.10188113,-0.3208442
-0.8476376,-1.4774005,-3.39783,-3.773727,-1.4199743,0.84321475,2.1345417,1.7748835,-0.098354235,-0.021061873
-0.29350045,-0.44718283,-2.4292438,-2.4048157,-0.88781977,1.0544208,1.6070373,0.41449723,0.16299854,-0.401098
-0.37373114,-0.78805995,-2.5086296,-2.8853595,-0.44761875,1.5847965,1.822719,0.8974444,0.06779891,-1.3676398
-0.44803864,-0.8519118,-3.6565619,-3.2577648,-1.1303221,0.644142,1.9156151,1.1735502,0.3777079,0.1062804
0.044450775,-0.63532645,-1.7229575,-2.4119778,-1.2497717,0.5491931,0.96440667,0.4741799,-0.22872075,-0.23051006
-0.36722422,-1.1064357,-3.3968043,-2.6513135,-0.8840934,1.1991649,2.0229921,0.6371859,-0.35989243,-0.74807143
-0.9482694,-1.6575155,-3.508863,-3.1040382,-1.0353934,0.7469691,1.6514862,1.8640102,-0.18854283,-0.7732917
-0.7803452,-1.2621663,-3.4421542,-3.2915308,-0.80405104,1.2132374,1.930835,1.616989,-0.040328026,-0.5883863
-0.9183853,-1.12079,-3.5833066,-3.8879743,-1.5853289,0.6520197,1.9340929,1.2000008,-0.36341834,-0.6625648
-1.2154604,-0.87500036,-2.8939357,-2.8444543,-1.2008283,0.69412285,1.563888,1.1217097,0.020767273,-0.7061228
-1.5778673,-1.1311616,-3.4474037,-3.2426665,-0.71904755,1.1168083,1.3503098,0.65552336,-0.38439587,-0.25561336
0.038487896,-0.7493091,-2.9019077,-2.8864539,-1.017242,0.5278157,1.2934968,1.1278512,0.059171513,0.17559096
-0.34568506,-1.0588568,-2.8565803,-3.068195,-1.0638013,1.6523871,2.0551958,0.79880613,0.10848848,-0.0505251
-0.4569282,-0.86638075,-1.7347755,-2.0064254,-0.58784217,0.9633152,1.9349252,0.79803574,-0.054093916,-0.55078155
-0.7909321,-1.1831794,-3.400599,-3.0351667,-0.85032266,1.1462648,1.8501133,1.5239142,0.40245077,0.02256448
-0.7410678,-0.29257554,-2.1486557,-2.4735067,-0.96716666,0.6783632,1.6993581,1.2582595,0.38990137,-0.4709223
0.03191425,-0.8045028,-2.2605133,-2.0666537,-1.1248052,1.120892,1.5900406,0.8909613,0.05417036,-0.34101978
-0.6299728,-0.5333315,-2.284519,-2.2621179,-0.6132864,0.95543194,0.8932899,0.5391662,0.18592264,0.05004917
-0.39826742,-1.0229467,-2.582899,-2.9763818,-0.9611861,1.1937073,1.4609922,1.2088065,-0.11115149,-1.1103487
-0.068631075,-1.2128547,-3.1012383,-2.553695,-1.3504816,0.8573395,1.9961243,1.2708043,0.68729585,-0.78696316
-1.21631,-1.6914027,-3.6132624,-3.5690563,-0.8564237,1.1336424,1.5532061,1.0615056,0.0963034,-0.59813285
-0.276,-0.84310377,-2.154136,-2.6355221,-1.2454518,0.6313356,1.599842,1.0392405,-0.06326615,-0.16506915
-0.22514966,-0.72543377,-2.2698722,-2.0440795,-0.67381454,1.4282888,1.5648237,0.58738524,-0.41083658,-0.79059714
-0.22277346,-1.1847237,-3.4079585,-2.6103249,-0.4326479,0.829832,1.785562,0.9271943,0.113540575,-0.71167624
-0.29122669,-1.6019739,-3.0578465,-2.5076768,-1.3287948,1.4616224,1.6866077,0.83723015,-0.01034824,-0.34368864
-1.3109131,-0.97613484,-3.356574,-2.940931,-1.0663018,1.183784,1.886057,1.101086,-0.084706254,-0.2564917
-0.6894955,-1.8226225,-3.6943114,-3.042368,-0.84880143,0.89653474,1.2332865,1.1749482,-0.18085822,-0.44513068
-0.6831842,-1.4896432,-3.7337465,-2.970986,-1.4195127,0.94370973,1.8115895,0.97389483,-0.1831842,-0.67232835
-0.8438771,-1.3130231,-3.419587,-3.1187186,-1.5611428,0.7799484,1.5705566,1.1481444,-0.0056726774,-0.7296339
-0.6939562,-0.64028114,-1.927196,-2.0960422,-0.7223406,0.62615514,1.3577107,0.3622914,-0.02200357,-0.67667454
-1.4706088,-1.0534257,-3.464472,-3.2201512,-1.0437295,1.2078292,1.4618857,0.72882766,-0.27314135,-0.80472565
-0.50563484,-1.3560634,-3.501921,-3.0184379,-0.77679837,0.80466855,2.2168486,1.412814,-0.063983165,-0.80799305
-0.7147313,-1.2813796,-3.6913102,-3.2027464,-0.9418225,0.88086337,1.6076208,1.28452,-0.4596232,-1.169747
-1.064523,-1.0782282,-1.977257,-2.096099,-0.85393906,0.84337026,1.7516545,0.6081558,-0.19482495,-0.36942196
-0.3525219,-0.98509455,-3.5687397,-3.751462,-1.0625936,1.4024642,1.4613359,0.9338023,0.13385628,-0.45674634
-0.63890237,-1.1687063,-3.0935943,-2.6812751,-0.9074871,1.3376576,2.0248616,1.5595354,0.2438228,-0.9234099
-0.36699378,-1.0753441,-3.2699687,-2.4291549,-0.56945926,1.3992058,1.4768184,0.8554729,0.0064314585,0.019817607
-0.3085746,-1.4076983,-2.710633,-2.4589627,-1.1059517,0.67696685,1.0526421,0.71467656,0.43286452,-0.050690204
-0.2896148,-1.0211016,-2.8701072,-2.7675192,-1.1084563,0.6240467,2.001741,1.3908876,0.53921646,-0.50538635
-0.3554757,-1.423186,-3.326992,-2.5681455,-1.1554497,0.7356662,1.4095914,1.140911,0.33145434,-0.4771503
-0.19875535,-1.2296315,-3.1675553,-2.5023837,-0.49969593,1.0967244,1.7509398,0.5878499,-0.19835807,-0.40055823
-0.054183576,-0.056949962,-1.6115133,-1.9410787,-1.1910264,0.6042345,1.1621715,0.5525519,-0.17032495,-0.104189925
-0.33531868,-1.1827691,-2.0464673,-2.3376606,-0.5869759,1.5990763,2.069124,1.0031291,0.062223863,-0.8126006
-0.10801062,-1.0014814,-2.144194,-2.0115879,-0.6925423,0.74892765,1.3569071,0.8247215,-0.8048203,-0.5057809
0.08582946,-1.1654247,-2.7071183,-2.3149533,-0.7437773,1.5827245,2.4143853,1.3249894,-0.57097834,-1.0993947
-0.6300146,-0.8459566,-2.818491,-3.0551124,-1.0661545,0.9945217,1.3018581,0.9777561,-0.13903762,-0.73035246
-0.21508974,-1.1843617,-2.6806042,-2.430498,-0.24253415,1.5289869,2.0596483,1.4932363,-0.18190794,-0.5936968
-0.03461906,-1.3322484,-3.5670967,-2.8944926,-0.79737204,0.98546267,1.8281306,1.2574879,-0.19323581,-0.9686367
-0.49775138,-1.0736908,-2.94906,-2.8701806,-0.40610638,1.064464,1.4384583,0.8349942,-0.07368887,-0.8772033
-0.032398477,-1.6232284,-3.487283,-3.2407115,-0.89570177,1.1072094,2.2756488,1.7794645,0.06869781,-0.5316289
-0.5130838,-0.78312755,-2.8324144,-2.9474628,-1.3773099,1.3178369,1.5449045,0.7407513,0.0859932,-0.9627362
-1.3689215,-1.810312,-3.9294474,-3.4152243,-1.3723063,1.0246412,1.9179654,1.0378495,-0.09523827,-1.0050472
-0.5674842,-0.66555935,-2.9540625,-2.585493,-0.5443016,0.90923107,1.2309388,0.8455767,0.07344612,-0.71811485
-0.3687926,-1.3109539,-2.8893602,-2.5922034,-0.4774352,1.2817056,1.9163803,1.2292807,-0.022497308,-1.0441904
-0.70944786,-1.4328249,-3.6395087,-3.984072,-2.1268983,1.1207532,2.2074242,1.7555895,0.025139662,-0.7299592
0.09348601,-1.1208218,-3.1502488,-2.298608,-0.93452096,1.0445611,2.2389967,1.1284891,-0.099125326,-0.20520638
-0.68438786,-0.8901983,-2.5084383,-2.3831096,-0.7779415,0.688205,1.5803579,1.046735,-0.008111087,-1.1091521
-0.7667717,-1.0645257,-3.5979111,-3.8686638,-1.3460994,1.6885097,2.0420506,1.8069023,0.103801675,-0.51816756
-0.8388462,-1.4182906,-3.316697,-2.9436805,-1.034637,0.23956893,1.0587869,1.0709432,0.14358918,-0.4118319
-1.231496,-0.9899189,-3.2165656,-2.339874,-0.48485634,1.321357,1.4634712,0.9434027,-0.5405121,-0.63280004
-0.26017612,-1.2595098,-1.9165412,-2.4735196,-0.84752387,1.1052903,1.2734299,0.79883534,0.27001694,-0.6975906
-0.3245293,-0.9560324,-2.9157736,-2.7415318,-1.0686767,0.6365734,1.4184991,1.1166224,-0.21343186,-0.39413851
0.11037626,-0.6589315,-2.353025,-2.1809216,-0.78422815,0.6500881,1.1639682,0.42447078,0.32833517,0.19297722
0.23610544,-0.48900512,-2.4625998,-2.1431677,-0.7674917,0.94415236,1.7825826,0.91643584,-0.31695816,-0.9304652
-0.7919484,-1.5653408,-3.5541673,-3.254154,-1.6772814,0.7273518,1.030574,1.0046456,0.4323729,-0.36663488
-0.19625807,-1.7140478,-3.6382954,-3.1049972,-1.2439781,1.2104367,2.27155,1.0637532,-0.01403431,-0.35493684
-0.41069287,-0.92352176,-2.59121,-2.16021,-0.74199605,1.0804315,1.3592094,0.8594269,0.4165348,0.2313381
-0.075479604,-1.0805546,-3.3084881,-3.1548803,-1.4153943,1.6052772,1.895144,0.8730556,-0.2603431,-0.51131964
-0.20012715,-0.7727165,-3.0101056,-2.416938,-0.7468981,1.13738,0.97245747,0.6659958,-0.049699746,-0.4781618
-0.68519044,-1.2750888,-3.44786,-3.1069312,-1.3775893,0.48724526,1.5764786,1.6028194,0.3538937,-0.4462689
-0.23293817,-0.44162524,-1.7110431,-1.9773331,-0.38769153,1.169265,1.4435031,0.41514528,-0.5277194,-0.05272962
-0.3371378,-0.20488627,-2.2126184,-2.6190515,-0.78364295,0.47780833,0.73344743,0.50591695,0.10183305,0.21713671
-0.66279,-1.8698857,-3.6824589,-3.4913547,-0.8125397,1.3012594,2.0282865,1.3408157,-0.05809892,-0.9312006
-0.88796777,-3.2915728,-4.132831,-3.6660428,-1.0157559,1.3850275,2.3283656,1.3737005,-0.24174774,-0.5794132
-0.6120326,-1.3563025,-3.6509285,-3.9490037,-1.1134208,1.0230122,1.421169,1.3136564,-0.24804807,-1.125724
-1.0713056,-1.7249002,-3.7976933,-3.5349584,-0.68391395,1.0229926,1.9986145,1.2579682,-0.15517358,-1.2910134
-0.27666852,-1.3884345,-2.394302,-2.5644827,-0.60031897,0.8780311,1.6806335,0.9787021,0.11539234,-0.071716994
-0.86051416,-1.6697751,-3.109724,-2.9874313,-1.4925299,1.2827444,1.8933706,1.2459958,-0.04370121,-0.46864754
0.30627295,-1.0793298,-3.3607655,-2.169808,-0.6080577,1.3978561,2.3549836,1.2475526,0.32834372,-0.17828305
-0.3454606,-1.237118,-2.8216503,-2.0878417,-0.87520057,1.0590397,1.4871901,1.0151379,-0.053542793,-0.16324909
-0.8696898,-0.8198888,-2.7647963,-3.0442731,-0.76792437,1.1655133,1.6635907,1.001032,0.25166783,-0.0076397685
-0.5934353,-0.25900772,-2.6574066,-3.5600615,-1.135286,1.006543,1.3712924,0.7798393,0.16989592,0.15373582
-0.6243953,-0.379029,-2.3488388,-3.3025382,-1.3305744,0.8652754,1.6790229,0.984207,-0.24170972,-0.21186207
-0.17860904,-0.5574209,-1.9814129,-2.1738446,-1.3728545,0.4805467,1.8672671,0.9393406,-0.07279036,-0.23880416
-1.3661101,-1.6399553,-3.7990642,-3.2926176,-1.1479043,1.1178253,2.1082106,1.2207587,-0.17700224,-0.2981625
-0.2908762,-1.5306344,-2.9407752,-3.5949504,-1.2018796,1.2085583,2.1262865,2.0420883,0.17652535,-0.44993475
-1.4896934,-0.9980461,-2.1999981,-2.1922653,-0.8298175,0.87184614,2.0031168,1.0204948,-0.043171864,-0.6797273
-0.59683836,-0.98221207,-0.62174976,-1.3169432,-0.9919479,0.8068516,0.7734073,0.07724123,-0.32707673,-0.24854735
-0.84622747,-1.1106977,-3.3895674,-3.5951774,-1.2638409,0.9654503,2.2973993,1.7834979,0.17954223,-0.3950966
-0.5969294,-0.48555785,-2.1256158,-2.555276,-1.0953994,1.3283931,1.2932992,1.1248666,0.3093506,-0.863418
-0.39715454,-1.1079432,-2.4255836,-2.6845715,-1.1149125,0.8256509,1.5742764,0.8239625,0.21570726,-0.27106634
-0.7579669,-0.9366768,-2.1008546,-2.0245852,-0.9760432,0.7411608,1.0504465,0.42965958,-0.09276581,-0.31703863
-0.1926993,-1.4446084,-3.5471015,-3.2777014,-1.380266,0.92229724,1.8926675,0.7101662,-0.3587703,-0.6206207
-0.2854123,-0.099881634,-1.9943625,-1.9144375,-1.0173119,0.3937669,1.465153,0.70242816,0.28259096,-0.1476769
-0.72729987,-1.0089535,-2.3897216,-2.936001,-0.5030368,1.0618174,1.6363348,1.1854805,-0.3112202,-0.7395635
-0.16671665,-1.2959735,-3.2838328,-3.1351492,-1.2473459,0.42466387,1.7377394,1.34143,-0.1394899,-0.42728278
-0.28021544,-1.3413904,-3.4134507,-3.796981,-1.9139252,1.0818976,2.2289686,1.8951119,-0.5674187,-0.46056804
-0.8014697,-1.3092672,-2.8692653,-2.8523433,-1.1556269,1.3128703,1.8676947,1.8117518,0.32246614,-1.2562604
-0.0022506583,-0.7467968,-1.8019722,-1.7781844,-1.1433076,0.7813512,1.2357895,0.19803333,-0.36288193,-0.03868758
-0.6458708,-1.6216065,-3.3708456,-2.923504,-0.89078987,1.1164869,1.8308517,1.4058275,0.23587097,-0.87989044
-0.13129133,-1.295729,-3.1411133,-2.1199496,-0.9842817,0.7559034,1.7701311,1.0079199,0.070721105,-0.46289065
-1.1201985,-1.9159065,-3.970907,-3.3107598,-0.7683421,1.0179994,1.3999853,0.8047763,-0.7444748,-1.1832744
-0.6446552,-1.2899317,-3.4117727,-2.4042933,-1.1617923,0.9386523,2.097686,1.6947329,-0.16260608,-1.0154647
-0.30665737,-0.5704016,-2.1833963,-2.212736,-0.8827425,0.8703414,1.1522022,0.8427315,0.14745857,-0.11704592
-0.22698401,-1.1226231,-2.809442,-2.9345324,-0.99456084,0.9541173,1.3893942,1.0646605,-0.093689464,-0.38627195
-0.46352658,-0.7952416,-2.4185042,-1.8762335,-0.45380485,0.88504636,0.9128651,0.8515914,0.4868125,-0.4916355
-0.24986218,-1.0591063,-2.6115203,-3.1994307,-0.89566684,1.163728,1.7281568,1.0127224,0.048941404,-0.8284903
-0.28692153,-1.9338318,-2.9344337,-2.2897089,-1.099873,1.6229476,2.175748,1.082872,0.16932693,-0.93108726
-0.23687258,-0.9057529,-3.4081397,-2.464921,-0.81067824,1.5219042,1.7266964,1.0963811,-0.05504174,-0.7882794
-0.35818142,-1.0951395,-3.0997772,-3.7233489,-1.5104371,0.873318,2.0732212,2.0487,0.8031575,-0.8385187
-0.41930538,-1.0677037,-3.429247,-3.1644123,-1.4947774,0.5307241,1.4438189,1.3986902,0.36239797,-0.13204905
0.11361627,-0.23968428,-0.5748199,-1.3006294,-0.47091174,1.0113955,1.7279245,0.41561,-0.04420772,-0.07409866
-0.46753597,-1.6499763,-3.6577282,-2.558957,-0.6499399,1.1554041,2.0648715,0.6773553,-0.04267281,-0.984227
-0.73379487,-0.9897943,-2.2395215,-2.2900426,-0.9225145,1.4225541,1.367745,1.1535867,0.02474972,-1.043153
-0.44781956,-1.7956073,-3.5311694,-3.2470534,-0.8123763,1.1849585,2.4009671,1.2977767,0.1721249,-0.8509669
-0.2996535,-0.9485853,-2.355329,-2.213497,-1.0497165,0.34309536,1.265258,1.0883541,-0.30849785,-0.62262446
-0.07929135,-1.0549573,-2.6532083,-2.2386544,-0.8043508,0.6518368,1.8899724,1.1437353,-0.26838598,0.00822454
-1.298183,-1.6281971,-3.9079893,-3.8139613,-1.573979,0.2660351,1.8974143,1.0865977,0.1250616,-0.298622
-0.56307006,-1.2661406,-3.6648884,-3.8452392,-1.3396002,1.3607107,2.1123614,1.1990345,-0.0007862259,-0.9141409
-0.8832621,-0.97006905,-2.9363346,-2.165393,-1.095484,0.8253632,0.79971385,0.44148302,0.020571163,-0.24591084
-0.97896117,-0.91089416,-3.3505917,-3.0879307,-1.3723391,0.5545898,1.5750023,1.0627531,0.19105262,-0.7691585
-0.49331066,-0.9873688,-3.1213112,-2.279943,-0.5858336,0.4294731,1.5249075,1.0680662,-0.26538497,-0.88434464
-0.7518547,-1.6231571,-3.4211123,-2.8016753,-0.6840677,1.1355708,1.8193359,1.3407027,-0.22651085,-1.3722794
0.011688055,-0.8174974,-2.484626,-2.3480346,-0.7009614,0.6958837,1.133564,0.36954346,-0.24131021,-0.7471241
-0.017611386,-0.6864332,-2.7429934,-2.2152326,-0.54766387,0.47959048,1.3388987,0.9464463,0.08358817,-0.24703409
-0.9734682,-1.3651392,-3.1632144,-2.1787999,-0.94372094,0.34629834,0.8093602,0.7743433,0.083094046,-0.2747255
-0.48286313,-1.349309,-3.1647494,-2.451409,-0.43951744,1.1681768,2.2756863,1.5453873,0.13031778,-1.2342327
-1.1101104,-0.85856074,-2.3259778,-2.2604468,-0.64550817,0.9179656,1.3414793,0.8855767,-0.29974282,-0.35446385
-0.17158605,-1.1674216,-3.4484124,-3.460472,-0.8292867,1.5852853,2.0934093,1.0947597,0.23016946,-0.06890193
-0.5615982,-1.4174588,-3.628075,-3.1443555,-0.99317014,1.0959246,1.7123867,0.82110554,-0.12621683,0.059126735
-0.61381173,-1.0942008,-3.2337558,-3.0135877,-0.83911735,0.51862484,1.2539138,1.4515518,0.4420477,-0.60959417
-0.46450084,-0.8729042,-2.989976,-2.7079074,-1.2018385,0.7590378,1.7990153,0.85472363,-0.10430121,-0.59770805
0.17726031,-1.2447205,-2.7630825,-2.775281,-0.7446879,0.9094869,1.5165654,1.1589112,-0.51973957,-0.3047195
-0.5662963,-0.651683,-2.2547286,-2.2282689,-0.62804466,1.5499878,1.895021,0.6385529,-0.15982297,-0.11758441
-0.03293267,-1.114326,-2.5412753,-2.7471733,-1.040741,1.3352722,1.6968374,0.63513017,0.28723058,-0.13062377
-0.8121645,-0.7029372,-2.1647978,-3.1315122,-0.95616543,1.1360246,1.14971,0.9551553,-0.07474053,-0.8507499
-0.2958301,-1.5474132,-3.5471404,-2.4738843,-0.63480407,1.2925107,2.0166628,1.1241031,0.17349108,-0.5699335
-0.8265596,-1.3591169,-3.6882749,-3.142737,-0.7342235,0.8548791,2.288048,1.0292709,-0.18104842,-0.70703936
-0.9832819,-0.82886785,-3.377564,-3.19921,-1.3841127,0.5299893,1.2732517,0.9833889,0.15527722,-0.73042214
-0.18286458,-1.4747978,-3.3704922,-2.810856,-0.8392542,0.95135766,1.8864604,1.6927779,0.20421521,-0.7334894
-0.8286484,-0.6737604,-2.207471,-2.7064312,-1.336246,0.3852088,1.3297906,0.74860954,0.16260228,-0.45212528
-0.16042468,-0.5757019,-3.0984542,-2.9098132,-0.8943169,0.7255956,1.2601323,0.8869078,0.51361406,-0.31366965
-0.14259626,-0.6354571,-0.57638943,-1.4648411,-0.96101093,0.8346605,1.3711017,0.050531033,0.08128846,-0.046757963
-0.020266885,-1.480332,-2.3644938,-2.0873005,-1.1634034,0.98749727,1.7382681,0.949965,-0.2536668,-0.64215523
-1.1920717,-1.4321098,-3.2809052,-2.4873497,-0.9230077,0.96021706,1.6961317,0.8026891,-0.4636351,-0.36159593
-0.23372895,-1.9991138,-4.009931,-3.546556,-1.3273834,1.2169802,2.4389374,1.5788964,0.024871169,-0.6414592
-0.2987169,-1.1786059,-3.3412592,-2.939083,-0.90723455,1.7846075,2.11229,1.1687467,-0.20835526,-0.4162413
0.008865783,-0.8353461,-2.3730314,-2.6386552,-0.9433459,0.4956303,1.3925676,0.92058134,-0.36999682,-0.5344992
-0.37931958,-1.7223996,-3.5261662,-3.2436175,-1.1354637,1.7313952,2.4701505,1.2100636,-0.11863456,-0.54593796
-0.65285665,-0.45461684,-2.1862264,-2.3022423,-0.26802525,0.97516,1.2116172,0.45906729,-0.7281109,-0.4222495
0.07051473,-1.18927,-2.3474245,-3.0531068,-1.2342584,0.90618175,2.30801,1.4776913,0.089196414,-0.106389195
-0.8732001,-2.0421083,-3.6365747,-3.0285847,-1.4074349,1.0134488,1.7745357,1.3125407,-0.58266747,-0.60771555
0.43987602,-0.80977553,-1.9085212,-1.5837765,-0.710667,0.56015533,1.7718153,0.753559,-0.28229856,0.05549767
-0.62820286,-1.5564165,-2.339377,-2.7108202,-0.89477235,1.0183396,1.554118,1.1170249,-0.24342965,-1.2000171
-0.5345705,-1.2118868,-2.4416678,-2.7099168,-1.2717563,0.5943096,1.4213203,0.93631303,0.27954382,-0.30977422
-0.2760817,-1.092593,-1.9898039,-1.8975548,-0.46317083,1.0359883,1.0805172,0.3420365,-0.03485673,-0.40408492
-0.22166613,-1.0460386,-3.0696735,-2.9032214,-0.8546449,0.80635345,1.7037529,1.125161,-0.10703106,-0.7031223
-0.44248304,-1.0838498,-1.9714968,-1.8193374,-0.7038585,0.63919324,1.5175897,1.0087669,-0.7236264,-0.8631726
-0.035824176,-0.50713056,-2.2722306,-2.3455064,-0.8593591,1.0621625,1.7544469,0.26343837,-0.031644303,-0.07877535
-0.63415587,-1.3723466,-3.5186467,-3.4891787,-0.96870315,0.64610684,1.8424442,1.1232053,-0.13046552,-0.5406274
-0.17990667,-1.3278583,-3.5353596,-2.9622102,-1.0623062,1.2483895,1.4981688,1.1641468,0.040597357,-0.3037033
-0.22178425,-0.9681922,-2.2093081,-2.0584428,-0.4909635,1.07102,1.7048426,0.86991996,-0.48093697,-0.7860916
-1.1519876,-0.8455987,-3.124024,-3.570798,-1.1403155,0.941541,0.97546446,0.701271,0.3444513,-0.6689278
-0.038182154,-0.7101851,-1.7780069,-2.2542527,-1.1282815,1.0299933,1.7334293,0.8083363,-0.16111408,-0.116040856
0.1665294,-0.7769813,-3.209301,-3.0706363,-0.7398097,1.1812062,2.101934,0.86512536,0.47385806,-0.2651877
-0.33101597,-1.6143335,-3.5971694,-3.0142083,-0.75567037,1.1174952,2.4103556,1.9573122,0.17640488,-0.3067998
-0.6088928,-1.1729443,-3.6473944,-3.0019002,-0.6438943,1.0588588,1.8194343,1.116933,0.060501434,-0.5373219
0.1867603,-1.3196865,-3.580553,-2.9316192,-1.5002686,1.0107336,2.078635,0.87474316,0.0024551696,0.076910846
-0.32276097,-1.3573443,-3.4679074,-2.341417,-0.6394082,1.5261692,2.3141024,1.3702929,-0.55932075,-1.1836375
-0.5413378,-1.2668823,-2.070602,-1.7678668,-0.39210182,0.9903736,1.2443795,0.52666384,-0.23463719,-0.342115
-0.9466842,-0.82051593,-2.9361744,-3.0840766,-1.4374319,0.34635,1.5430486,1.3914251,-0.21086659,-0.5237471
-0.8538396,-0.9168176,-3.2431355,-3.17586,-1.2868093,1.3512843,2.0754137,1.5604602,-0.19792823,-0.97320545
-0.105865404,-1.6361363,-3.5042784,-2.8704448,-0.44039196,1.136722,1.9444922,0.91754425,-0.40033093,-1.2805798
-0.14176422,-1.1065576,-2.6951768,-2.715992,-1.1341875,0.7468043,1.6567672,0.8097832,-0.6188197,-0.5399355
-0.5739184,-1.1993713,-2.1186087,-3.0724404,-0.64034766,1.0401444,1.6445549,0.58250874,-0.049263373,-0.75647575
-0.4493369,-1.0735979,-2.8068397,-2.6244473,-1.287335,0.559966,1.0315024,0.67764777,-0.10240435,-0.25506943
0.42219394,-0.56730455,-1.6454432,-1.8902667,-0.66339266,0.9710922,2.005824,0.84999365,0.0101247355,-0.11340208
0.0050635887,-0.33792958,-2.363189,-2.6437144,-1.1918525,0.81534135,1.6904174,0.37344903,-0.32866022,0.5428585
-0.73043567,-1.2535663,-3.4858868,-2.9796526,-0.7951042,1.0794499,1.4236182,1.319282,-0.26520598,-0.31058878
-0.26499286,-0.82354605,-2.9766479,-2.810568,-0.74091107,1.7404366,1.9920572,0.84150386,0.08163815,-0.05579657
-0.8488841,-1.6581464,-3.4503295,-2.7787893,-0.573302,1.9562877,2.1755946,1.1082685,0.21935444,-0.6672597
-0.41936943,-1.0284033,-3.2691278,-2.7183723,-1.5490798,0.3036692,1.2615917,0.8149448,-0.032195818,-0.74524105
-0.5996599,-1.0399805,-2.2790544,-2.8625355,-1.6257024,0.6726709,1.417849,0.6078089,-0.11986368,-0.78543407
-0.59743935,-0.66627896,-2.533661,-2.1333957,-1.1229376,0.98899883,1.477206,0.44530576,-0.28179497,-0.023097701
-0.23999473,-1.0554267,-2.5492296,-2.7177396,-0.9871355,0.7698955,1.3103813,1.0434842,-0.22832769,-0.72263765
-0.7738914,-1.0461698,-3.3561149,-2.4355528,-1.0339662,0.52417004,1.5825671,0.6182367,0.049231295,-0.09795471
-0.47353095,-0.93066514,-3.1152477,-2.6149712,-0.8629064,0.8883234,1.8267778,1.4053944,0.20875311,-0.7860732
-0.43613833,-0.94779426,-3.2467828,-3.189617,-1.4571743,0.5675131,1.6923785,1.4554225,0.18036124,-0.24256098
-0.46945697,-0.6032916,-1.7053273,-1.4675596,-0.12822592,1.0332757,1.795625,0.746295,-0.37285832,-0.34098554
-0.59916574,-0.87519145,-2.2864168,-2.1275933,-0.79241973,1.2395148,1.7257257,0.9906448,-0.15862273,-0.73861754
-0.39302135,-1.1799382,-2.6181269,-2.5889103,-1.3070475,0.7485233,1.4844486,1.4045867,-0.5539818,-0.9025281
-0.19596106,-1.0685978,-2.937841,-2.779969,-1.3584405,0.92632014,1.6605752,1.2792491,0.043587137,-0.8505582
0.0660298,-1.4816134,-2.2148476,-1.996399,-0.89632624,0.5734274,1.5607953,0.90441775,-0.022249322,-0.53577965
-0.7132333,-1.3615917,-3.800063,-4.185903,-1.1656951,0.8077185,1.9798613,1.2963474,-0.07505094,-0.9674765
0.0654132,-0.6761583,-2.155598,-2.4232502,-0.6820278,0.86545163,1.8508966,0.8603305,-0.30055624,-0.39861938
0.07906748,-1.0091597,-2.81874,-2.5627346,-0.7320318,1.5118558,2.168662,1.4048884,0.049723025,-0.17496477
-0.52161485,1.4320698,-0.94026977,-1.923862,-1.3159597,0.7333738,0.62280464,0.56606776,0.43556875,0.35044736
0.15538022,-1.0921535,-2.4407032,-2.4243422,-0.5869616,0.99730825,1.5442129,1.2349982,-0.16619,-0.20444886
-0.37563908,-1.2868066,-2.2031815,-1.9637866,-1.3283058,0.7230406,1.2629807,1.0642713,-0.03013962,-0.5827781
-0.48075902,-1.7914355,-3.7142773,-2.979554,-0.81348574,1.2834185,1.8571622,0.85775506,0.10912864,-0.7088601
-0.44527695,-1.4842318,-3.6227813,-2.6561873,-0.6634942,1.0492557,1.4500858,0.9152067,0.09353471,-0.58218557
-0.11586084,-0.6727782,-2.5435317,-2.6657789,-0.87529373,1.296932,2.1518834,1.1833477,-0.15194885,-0.16519105
-0.5217353,-0.975468,-2.2510595,-2.7692134,-0.9354433,1.402532,0.982291,0.71361536,0.090272866,-0.51381874
-0.30430424,-1.0116634,-2.4924314,-2.551,-1.0517241,0.5496766,1.4428546,0.6751518,-0.15412843,-0.10684886
-0.3268384,-0.7412555,-2.106944,-2.761724,-1.4197059,0.50067395,1.1594024,0.63149196,0.15746988,-0.6091181
-0.582219,-1.4107202,-3.6616476,-3.4382808,-1.1962382,1.0552257,1.809004,0.47536555,0.053500947,-0.2204926
-0.785066,-0.54775596,-3.117997,-2.8534384,-0.9232954,0.8168954,1.3118732,0.92740446,0.3031351,-0.50318474
-0.5342748,-0.51454383,-2.2928677,-2.3885987,-0.5867853,0.8725335,1.1864501,0.45129123,0.037545756,-0.44123152
-0.5994744,-1.1691376,-2.551213,-2.5561306,-0.52620935,0.9508447,1.3471134,1.1105478,-0.46925244,-0.8042645
-0.521547,-1.6130505,-2.7837536,-2.8024464,-0.65829533,0.9810423,1.7619399,0.63922447,-0.49234924,-0.36058566
-0.7746983,-1.2610743,-2.526142,-2.316541,-0.4718124,0.5483194,1.2439268,0.8703812,-0.16590579,-0.573399
-0.9343756,-0.8793277,-2.1010323,-2.3072014,-1.1257117,0.646194,0.8671758,0.51718307,-0.15162718,-0.6251294
0.29466173,-1.4080051,-3.54979,-2.975274,-1.0600761,1.3110815,1.4916604,1.314702,0.23163852,-0.4492108
-0.09037463,-1.0464761,-2.0774639,-0.06307845,3.862998,2.8713393,1.5166839,0.51551807,-0.6336216,-0.3973355
-1.5137049,-1.1177001,-3.8315618,-3.454641,-1.1588756,1.3705403,2.370648,1.6156235,-0.10157226,-0.59882677
-1.1759853,-1.5740197,-3.3998935,-2.9428542,-0.8574659,0.8159647,1.7733599,1.5351702,0.2372281,-0.83185613
-0.8285545,-0.7062382,-3.1895082,-2.9493554,-0.75011355,1.5519803,1.879142,1.0230312,-0.17604485,-0.53376293
-0.3633447,-0.4978639,-2.4165752,-3.4281528,-1.3368477,0.71307695,1.510458,1.0648149,-0.6056023,-0.35535353
0.1386974,-1.0976386,-2.164771,-2.5405314,-1.0193485,0.2897962,1.7198819,1.023724,0.3630077,0.22975267
0.06748048,-1.6732883,-3.6625605,-3.8605835,-1.6546284,1.7195361,2.2894564,1.8757606,0.20283934,-0.34296164
-0.7339377,-1.6641667,-3.3118584,-3.5836647,-1.3199366,1.0410787,2.324371,1.7912265,-0.17794546,-1.4986995
-0.12848592,-0.16125925,-1.5737648,-1.9116772,-0.4916871,0.75778115,1.3959556,0.18767852,-0.13288216,0.049917996
-0.9393282,-1.4747847,-3.602892,-3.1121178,-1.3199868,1.3477526,1.7798452,1.0548491,-0.20430382,-0.38137755
-0.15495554,-0.83746743,-2.042524,-2.1776521,-0.58662575,0.4743221,1.1781325,0.6454802,-0.009364957,0.16131862
0.13391542,-1.3907524,-3.3576522,-2.9213784,-1.4789335,0.8962798,2.3083696,1.172719,-0.5608958,-0.3712251
-0.24249965,-0.893195,-2.0559103,-2.820091,-0.948828,0.7457527,1.4976429,0.5583745,-0.7024884,-0.3284709
-0.47982496,-1.3888012,-3.1219788,-2.884108,-0.9685683,0.4361548,1.762058,1.1732717,0.25573456,-0.16270387
-0.30320007,-1.2969317,-2.4791002,-2.3666065,-0.2513827,1.2919854,1.4963915,0.6792634,0.08178238,-0.4560708
-1.1493922,-1.188185,-3.0163867,-2.792591,-1.4050521,0.53741056,1.4035039,1.1254737,-0.36922526,-0.9946359
-0.7918826,-1.0021462,-3.1019838,-3.0360227,-1.6464562,0.6454626,1.5888562,1.2093354,-0.17133297,-0.3543106
-0.23459013,-0.9469334,-2.577563,-2.49984,-0.7986362,0.99455845,2.0900252,1.0064498,-0.0576531,-0.04491598
-0.7089749,-0.9536435,-3.2334523,-2.3979492,-0.8590086,1.1657372,1.7345654,1.4882214,0.35281178,-0.4835623
-0.19016957,-1.0562034,-2.5447066,-2.9378562,-0.4450061,1.016305,1.8616291,1.4547354,-0.1373119,-0.30027723
-1.4835982,-1.2277728,-2.7774835,-3.0083706,-1.2490314,0.7321586,1.3020985,0.929455,-0.13840552,-0.26542068
-0.8152374,-0.9108867,-3.1410134,-3.4101157,-1.4720932,0.9856354,1.4179474,0.7309473,0.09353158,-0.32853085
-0.5408781,-1.387871,-3.8082812,-3.0786328,-1.1116877,0.9205541,1.5776385,0.87430024,-0.18473074,-0.90241885
-0.4051458,-1.1062348,-3.0757425,-2.6801667,-0.255451,1.6390659,2.0253603,0.7820206,-0.37841207,-1.1474545
-0.25500575,-1.4918934,-2.9603424,-2.7469747,-1.2541506,0.7581956,2.1185446,0.77028817,-0.12841484,-0.83922535
-0.74988467,-0.4835077,-3.2081745,-2.454844,-0.47683135,1.2736601,1.5228597,1.1467822,-0.20194654,-0.30412233
-0.33045116,-1.4855171,-3.1846123,-3.1120682,-1.0065305,0.71546686,1.4192083,0.79547745,0.100606956,-0.5405313
-0.24808446,-0.85415196,-2.399176,-2.1320126,-0.52386445,0.7588853,0.946706,0.82852143,0.35691395,-0.068630114
-1.2000155,-1.6203574,-3.80325,-3.7840617,-1.2447256,0.5153503,1.6194953,0.8540041,0.17788972,-0.35953537
-0.7829714,-1.0715625,-3.336643,-3.4030697,-1.1394489,0.41355667,1.3946522,1.1337603,0.23061517,-0.23966804
-1.1261423,-1.8785744,-3.146695,-2.7944005,-0.85233533,0.60729367,0.96260357,1.0018411,-0.37802064,-0.776716
-0.14623384,-0.86688447,-2.963131,-2.8794327,-0.9123805,0.87200403,1.515183,0.7470838,0.13917777,-0.02492267
-0.3038893,-0.9001592,-2.6330903,-2.7739778,-0.9076617,1.1095895,1.8570832,0.9750299,0.017597025,-0.11459453
-0.23397578,-1.8063505,-3.8127728,-3.558681,-1.1979221,1.5224172,2.4524255,1.1170776,-0.33909258,-0.8781543
-0.7725253,-1.0790812,-2.9746854,-2.4877887,-1.1144711,0.8812274,1.6527251,1.0326252,-0.05690528,0.20590699
-0.979206,-1.1237504,-2.6261346,-3.1341584,-0.99076825,0.75990033,1.2733879,0.6713659,-0.4520282,-0.14186695
-1.0443944,-0.7172364,-2.858665,-3.1371186,-1.3085285,0.6296067,1.4275527,1.1231972,0.0056321146,-0.11640866
-1.2775092,-1.6627123,-3.8638134,-3.798983,-1.7059729,1.0255382,1.4659884,1.3077413,0.52219796,-0.4324741
0.13983478,-1.155376,-2.872373,-2.3588355,-0.37584472,1.0814608,1.7474662,0.72342724,0.048804015,-0.8727294
-0.6858915,-1.2832924,-2.4596958,-2.44793,-1.1116507,0.595606,1.0051792,0.56218576,-0.1696014,-1.0598544
-0.64372176,-1.313929,-3.5713034,-3.838954,-0.7412826,1.7713454,2.4423018,1.202536,-0.1652259,-0.93601227
-0.47994822,-0.7755063,-2.4894586,-2.9203687,-1.4303852,0.15053155,1.2401403,1.0897472,0.041583262,-0.48945957
-1.1050694,-0.8036946,-2.7518516,-3.6637404,-1.3221306,0.72070307,1.4829993,0.81236017,0.10590217,-0.077152066
-0.2040222,-1.5550016,-2.1576076,-2.5727522,-0.82273,1.108879,1.2750655,1.2212172,0.14437208,-0.5849403
-0.86922216,-1.167988,-3.0846314,-3.0696366,-1.3403803,1.3727927,2.0273747,0.956083,-0.26769602,-0.45904684
-0.052340917,-1.3288566,-2.6941254,-2.8837016,-1.1840208,1.089636,1.6529593,0.49296513,-0.24303511,-0.21961175
-0.67452985,-0.81553704,-2.6192088,-3.1962845,-1.0581584,0.56401634,1.5221134,0.67622685,-0.23325674,-0.35764477
-0.6628898,-1.0914623,-2.124772,-2.1704347,-0.72519106,1.3764954,1.5478297,0.9174411,-0.30005923,-0.54452014
-0.19946168,-0.97648966,-2.80445,-2.795973,-0.62727624,0.9919458,1.6445516,0.8038016,0.068349324,-0.3917599
-0.7242801,-0.810493,-2.5731857,-2.1853802,-0.99055535,0.40147185,1.2825522,1.062022,-0.10716453,-0.2980828
-1.1945784,-1.3171759,-2.716727,-3.1638522,-1.3856784,0.784188,1.9817134,1.3390583,0.055551283,-0.75503343
-0.47208577,-1.1270704,-3.3537621,-2.9813945,-1.0553461,0.64741385,1.5676599,1.1778777,0.014766128,-0.2844839
-1.0998014,-1.6218463,-3.744281,-3.1686604,-1.1853225,0.82076186,1.3599336,0.9838438,0.7252245,-0.25931904
-0.72423846,-1.563992,-3.3217952,-2.335909,-0.47674257,0.63606757,1.8091252,1.172784,-0.06335149,-0.31540677
-0.622062,-0.5266485,-2.5542407,-2.2646384,-0.8301365,0.8362495,1.2506524,0.5685411,-0.49610803,-0.40800923
-1.2110722,-1.3564782,-3.6252906,-3.4594533,-1.3855953,0.82224536,1.1565932,1.3005282,0.44157863,-0.38473472
-1.0016911,-1.5263854,-3.610151,-3.2205791,-0.87559265,0.673817,1.517821,0.84703714,-0.7341892,-0.8237468
-0.14289838,-0.9275266,-3.109167,-2.333533,-0.77533305,0.7242815,1.5395947,1.0806899,-0.16368298,-0.7019161
-0.17728828,-0.8064926,-2.6040657,-3.017189,-1.0930914,1.0617877,1.5444145,1.0369225,0.22786675,-0.30850083
-0.21604694,-1.559948,-3.731995,-2.9378126,-0.8458651,1.2946093,2.0540125,1.7380338,0.3492953,-0.60241145
-0.7243936,-0.9816923,-2.6722744,-2.3557603,-1.1144342,0.9186673,1.3444426,1.0738665,-0.2972997,-0.91224134
-0.3837475,-1.4302101,-3.4045265,-2.96159,-0.94789475,0.9903616,1.015793,0.7877164,-0.13921462,-0.91791445
-0.31188968,-0.94733876,-3.4109786,-3.4970682,-0.65400285,1.3489795,2.0093179,1.0978523,0.21220727,-0.13664345
-0.96946925,-1.2496161,-3.2251842,-2.7005343,-1.0190603,0.16685425,0.9652524,0.9730366,-0.3838761,-0.384434
-0.5776698,-1.2022567,-3.4333594,-3.7844434,-1.5019753,0.9618804,1.4731319,1.221408,0.008734886,-0.20135935
-0.64049685,-0.6300607,-2.1384706,-2.0639417,-0.5921897,1.3598143,1.6430764,1.1107919,-0.014760718,-0.42612496
-0.1214225,-1.9009597,-3.7260025,-3.5170972,-1.2846671,0.9874941,2.7584107,1.678352,-0.06178135,0.11161065
-0.55968237,-0.8122671,-2.973281,-2.3535907,-0.9198195,1.0779021,1.4155116,0.9246577,0.01652339,-0.27218512
-0.6448066,-1.1160741,-2.6544948,-2.056761,-0.48504937,1.4852244,1.4089054,0.8986033,-0.063351154,-0.6470392
-0.73601705,-1.1237874,-3.1396682,-2.2898822,-0.8144039,0.68926483,1.082345,1.3978119,0.107103676,-0.7865211
-0.74147254,-1.3925287,-3.7524052,-3.5397837,-1.0247196,1.4109826,2.0702085,1.879038,0.09384383,-1.0884303
-0.05440602,-1.2369982,-2.961585,-3.127703,-1.2179891,1.0666354,2.0684593,0.84689355,-0.027772477,0.112495
0.09159249,-1.0629957,-1.9691474,-1.9975282,-0.39589745,1.1584667,2.0430481,1.3125005,-0.1736318,-0.15909778
-0.54488057,-1.4671676,-3.1170843,-2.8271449,-1.0386941,1.0020262,1.1396731,0.88264114,-0.097052455,-0.5912748
-1.0815443,-1.0723716,-2.8166387,-2.750985,-0.7018363,0.7108209,1.897863,0.85558903,-0.53144985,-0.69333535
-0.8215507,-1.4630011,-2.9621444,-2.552944,-0.9568447,0.30312192,1.5337849,0.8202436,0.23320872,-0.77775687
-0.8099154,-1.4232874,-2.931328,-2.2808273,-1.1898222,1.1372371,1.462476,0.73247284,-0.47490403,-0.97376853
-0.85409635,-0.85998154,-2.273654,-2.5007854,-1.4885377,0.60803574,1.9051391,0.87399167,-0.1295352,-0.099088065
-0.71394694,-1.1274786,-2.834596,-2.999249,-1.231552,0.6859717,1.8941413,1.1716629,-0.12708262,-0.3933619
-0.6189059,-1.8170261,-3.3256552,-2.8324065,-0.68125147,0.8412395,1.9119031,0.87685657,0.14657447,-0.6926744
0.33966455,-1.4438875,-3.6730888,-2.620357,-0.8015114,0.9509365,2.0176797,1.3024212,0.35948828,-0.39123473
-0.83450866,-1.6718328,-3.1968575,-3.722679,-1.6727941,0.49594763,1.4806907,0.8394009,-0.14004067,-1.1198361
-0.34403652,-0.9581208,-2.4479787,-2.4233658,-1.1742908,0.5363357,1.7749382,0.9814173,-0.036326393,0.055550996
-0.09920437,-1.0003589,-2.8789158,-2.5562532,-0.76355416,1.2617723,1.9321818,1.1309488,-0.17985524,0.00029324178
0.015672565,-1.1008316,-2.8864782,-2.5089145,-1.0277655,1.2446126,1.2712342,0.6598763,-0.09419797,-0.16699272
-0.30004492,-1.3106211,-3.7674797,-2.8654635,-0.8543474,0.90906674,2.193045,1.1679882,0.40494075,-0.23209146
-0.5046773,-0.8957076,-3.3510122,-3.1982353,-1.1679642,1.0212376,1.7053428,1.2133558,0.17074029,-0.52778023
-0.93198967,-1.1989225,-3.2744603,-2.9329312,-0.9373047,0.31029028,1.6620023,1.1558443,-0.16515432,-0.4019426
-1.3974444,-0.95969814,-3.8126984,-3.5809252,-0.87523425,1.6077045,1.9529309,1.0329034,0.51679564,-0.25044185
-0.4241879,-0.6936876,-3.010198,-2.5946991,-0.45905757,0.95925516,1.7307849,1.1354891,0.2493041,-0.05146896
-1.2748194,-1.6603411,-3.8884757,-4.777605,-0.9339211,0.60650295,1.9397018,1.6065348,0.13731152,-0.5344582
-0.5449202,-0.64606726,-2.4053812,-2.5964732,-0.8695221,1.2358494,1.2355044,1.0483909,0.29012883,-0.15636122
-0.4905846,-1.5434595,-3.5065606,-3.287298,-1.1362573,1.1436067,2.1898742,1.5701871,-0.017118067,-0.30280063
-0.06602142,-0.54717517,-2.6393042,-2.3838189,-1.1888095,0.9695509,1.5353541,1.1721518,0.06290084,-0.39984387
-1.3158734,-1.1363776,-3.175161,-3.3772316,-1.0035086,0.5405001,1.4657775,0.7746722,-0.63035,-0.5597913
-1.3773586,-1.9718024,-3.8227773,-3.3199883,-1.3349414,0.7292872,1.4804424,0.82842386,-0.37012354,-0.9918761
-1.1113658,-0.95869946,-3.339839,-2.6460915,-0.9272306,1.072739,1.417905,1.1258408,-0.21320853,-0.0799284
-0.23848815,-0.957571,-2.5805185,-2.4831946,-1.2496974,0.7034792,1.3795505,0.82821167,-7.743386e-06,-0.5480959
-0.16745417,-1.0907979,-2.799704,-2.5902507,-0.6529231,1.4775717,1.6229495,0.70542973,-0.3441721,-0.37850332
-0.17936668,-1.0468128,-3.6940646,-3.3038116,-1.017133,1.2045393,2.0323555,0.6727578,0.10619344,-0.3564776
-0.7479243,-0.40363804,-2.0573747,-2.1854901,-1.0330589,0.5722,1.2963091,0.60383797,-0.22471155,-0.40734845
-0.06441552,-1.5695115,-3.6953747,-3.9606974,-0.966235,1.6531507,2.3024402,1.1911314,-0.1014709,-1.3640046
0.07263387,-1.0767566,-2.7751803,-2.1086519,-1.1422479,0.9280363,1.9553112,0.6722821,0.056908194,0.09341801
-0.16211638,-0.8044867,-2.2009428,-2.5002427,-0.83526886,0.5841687,1.6789806,0.76277447,0.15827724,0.2850102
-0.9595599,-0.953208,-2.900258,-2.7122517,-1.152751,0.6287806,0.9287582,0.8044973,0.13788216,-0.5384787
-0.8395807,-1.0925938,-2.4889624,-2.597059,-0.79871064,0.6691962,1.8362483,1.171931,-0.39182925,-0.6376205
-0.26128116,-1.3453658,-3.0351267,-2.4996014,-0.7942517,1.0670213,2.1146438,0.8554314,-0.27364576,-0.579731
-0.25534028,-0.9039442,-3.3693643,-2.804743,-0.85967624,0.4061719,2.2599058,1.759339,-0.060351454,-0.11564764
-0.7563825,-1.6043665,-2.961955,-3.91707,-1.1565366,0.84394175,2.268727,1.6637735,0.16155067,-0.5369784
-0.7582017,-0.2927202,-2.2061415,-2.2451925,-0.8044782,0.51943964,0.84049225,1.0225796,-0.26905006,-0.74026483
0.10000082,-0.9031062,-2.8689134,-3.282605,-0.82557917,1.1433265,1.5108855,1.2933336,0.19443963,-0.7457367
-0.3478643,-1.4018204,-2.755342,-2.8497417,-0.67364335,0.7784874,2.0625653,1.2191372,0.07377227,-0.74972576
-0.4506099,-0.4852954,-2.2527056,-2.3499703,-1.0818198,0.44584596,0.7282131,0.41670507,0.18259732,-0.46479106
-0.083591886,-0.9864962,-3.5389676,-2.6677601,-1.1323311,0.40872285,1.7233266,0.9312296,0.10082118,0.011155034
-0.922221,-1.0484524,-3.0508218,-3.1377685,-0.59749436,1.2788527,1.5484275,1.283347,0.6126606,-0.7282907
-1.1943076,-1.2268815,-3.3327372,-2.8590224,-0.85071373,1.209874,1.6832095,0.5951445,-0.26568398,-1.313551
-0.20911638,-1.1714834,-2.8758087,-2.4315212,-0.3500346,1.3338996,2.0049605,1.0078627,0.16795412,-0.092694946
-0.08382589,-0.8467895,-2.342136,-2.5633574,-1.2952409,0.53697973,1.2579874,0.42139095,-0.18278854,-0.2275241
-0.6819796,-0.9067115,-2.3657527,-2.1149633,-0.8548283,0.36736625,1.7170364,0.66580665,-0.23406336,-0.9992633
-0.3220642,-1.1837116,-2.7716866,-2.501775,-0.29264906,1.2481296,1.9996322,0.9156515,-0.49577788,-1.0783054
-0.7533012,-1.032965,-3.0991905,-2.7275894,-0.93092763,1.1224221,1.5602773,1.0602514,-0.012097008,-0.21127558
0.13212344,-1.2815616,-2.721419,-2.6275392,-0.7509166,1.2153636,2.2615952,1.4141692,-0.06697765,-0.8718334
-0.662552,-1.0647774,-2.1720934,-2.174805,-1.0554613,0.92810565,1.1562536,0.6357292,-0.110796124,-1.2692431
-0.92893356,-1.6372097,-3.456309,-3.1712868,-1.4729613,1.0906256,1.4563814,0.7346314,0.116730876,-0.58442163
-0.55580884,-1.4584517,-2.3123891,-2.4515276,-1.031408,0.84326786,1.9659845,1.4188131,-0.016106265,-0.7610921
-0.80695015,-1.001835,-2.0754485,-2.334751,-0.7233102,0.73219407,1.1163083,0.7240904,-0.2786528,-0.06511996
-0.68038744,-1.7307487,-3.2662473,-3.45581,-0.77266586,0.909834,1.6914339,1.4478859,0.25857878,-0.7868232
-0.82412606,-1.281144,-3.32949,-3.244108,-1.1026015,0.77441376,2.2345538,1.7145833,0.23752722,-0.69933844
-0.34732178,-0.8577488,-2.8754447,-3.1302795,-1.3870686,1.1942501,1.724193,1.3000963,-0.25607014,-0.1924468
-0.3725871,-1.2640142,-3.2827265,-2.0906982,-0.68141294,0.9003583,1.5882379,1.472448,0.16748504,-0.3663994
-0.31922922,-1.3299357,-2.8310046,-2.684219,-1.3868164,1.0508908,2.305288,1.7807375,0.31227922,-1.1199943
-0.38485596,-0.93351406,-2.4539297,-2.642303,-0.8485762,0.31125903,1.3492959,0.7743935,0.38414323,-0.4222958
-0.8906792,-0.66200334,-2.4700284,-2.8709369,-1.4992399,0.7681332,1.2947255,0.73715204,-0.11738713,0.053481366
-0.12506701,-1.3010691,-3.3674233,-2.9958062,-0.71884257,1.3102046,1.530576,0.8019279,0.07104633,-0.6551948
-0.3528565,-1.2168857,-3.3880398,-2.489692,-0.95354354,1.3550495,1.8275616,1.0434462,-0.3045963,-0.2718509
-0.29748985,-0.80025184,-2.897203,-2.562864,-1.3056267,0.45315993,1.8172677,1.0828526,-0.30495808,-0.79113954
-0.47025633,-0.9730434,-2.0567381,-1.9634298,-0.6778993,1.2832026,1.4172574,0.87542397,0.2151957,-0.1900772
-0.043001823,-0.9954944,-2.809044,-2.1931787,-0.1255568,1.4227227,1.3102238,0.6468221,-0.55093145,-0.53492737
-1.0577841,-0.5185828,-3.0868783,-3.430498,-1.5240303,1.1051269,1.8382144,1.1602881,0.14620212,-0.21936806
-0.79750204,-1.127283,-2.718976,-2.4373536,-0.6897616,0.67336696,1.1768631,1.1983706,-0.14441128,-0.28800198
-0.29801056,-1.7600917,-3.487681,-3.8048644,-1.2896303,0.9690518,2.258902,1.8525169,0.51244,-0.73831093
-0.6527742,-1.2308022,-2.805433,-2.7681825,-0.49748352,1.2834404,1.6556178,0.70053357,-0.27990475,-0.12465052
-0.93372905,-0.8760814,-2.2490575,-2.4262938,-1.3949988,0.80355704,1.1756868,0.7764353,-0.294546,-0.23860219
-0.47750995,-1.2827601,-1.9871633,-1.6416304,-0.91140753,1.088042,1.4603478,0.8744738,-0.37854692,-0.38627884
-0.1289098,-1.7077365,-3.2358959,-2.5053935,-1.3597686,0.795534,1.3587736,1.0457604,-0.24820217,-0.04192882
-0.5425994,-0.5751866,-2.0764422,-2.3585176,-0.7206448,0.13498613,1.1800712,0.091259785,-0.037339047,-0.46108574
-0.47338998,-1.0217675,-2.8082464,-2.417514,-1.0904045,0.3654493,1.7815194,0.59907126,-0.30312902,-0.022980375
-1.2663083,-1.0011706,-3.1950881,-2.8218727,-0.36303207,1.4459361,1.8386371,1.2402753,0.24780281,-0.24910042
-0.70237076,-1.4331783,-3.4889503,-3.0361278,-1.2087312,0.6871289,1.4485838,0.8907963,-0.08141553,0.21118408
-0.47823182,-0.89713234,-3.3301663,-3.3522666,-1.157011,1.4665316,2.3393197,1.5638914,0.6337706,-1.0018736
-0.70093113,-0.9024824,-3.2243037,-3.3945436,-1.6165037,0.8388678,1.1219076,0.86473244,-0.16566512,-0.41539934
-0.4885569,-1.5245632,-3.3425477,-3.2253723,-1.4248928,1.0861431,1.8022214,0.957688,0.009753081,-0.47308975
-1.1087345,-1.1486773,-3.206966,-2.8540595,-1.0112846,0.5398253,1.0902481,0.7461297,-0.13591132,-0.7640603
-0.34928462,-1.2834685,-3.6664147,-2.6579757,-0.9387901,0.61523724,1.5999614,0.7519953,0.102505974,-0.58732516
-0.46790457,-0.7674816,-2.533772,-2.7220297,-0.35625288,1.1120566,1.8768833,1.1933644,-0.13088158,-0.081316255
-0.9906838,-0.21640646,-2.0560088,-1.6838402,-0.3191472,0.8632013,0.7187127,0.34756362,-0.455911,-0.7018875
-0.62567085,-0.13542777,-2.46048,-1.9769756,-0.36046362,1.6526307,1.7216972,0.55945224,0.022330064,-0.90027577
0.113834485,-1.5928599,-3.6454685,-2.7441213,-0.7693145,1.117294,1.835002,1.2755543,-0.24253602,-0.9561027
-0.70864475,-1.0264478,-3.4934275,-3.0519795,-0.73338366,1.1446313,2.1081786,1.2489913,-0.06349572,-0.7333274
-0.24588163,-1.0020819,-2.7214162,-3.1336026,-1.2809964,0.6276107,1.2669402,1.1949077,-0.11490199,-0.38661653
-0.30073348,-0.9125243,-3.19406,-2.9477437,-1.0207859,0.8657482,1.4513191,0.92571914,0.3685271,-0.42905924
-0.34903732,-1.5859648,-3.8199008,-3.6736648,-0.81290156,2.2201967,2.0778525,1.1393982,1.6139399,-0.7655694
-0.33911884,-1.4765339,-3.3977413,-3.1773367,-1.4812543,1.2705957,1.8202735,1.0070848,-0.08835585,-0.6439023
-0.6642416,-1.8714837,-3.182742,-3.494483,-1.0382116,1.1363716,2.1106305,1.0842718,-0.024250949,-0.8758316
-1.1370614,-1.6018227,-3.5920756,-3.218219,-1.1154664,1.1660204,1.4492197,0.9154288,0.29736137,-0.32260373
-0.071566835,-1.0989814,-2.9915538,-2.8727105,-0.764401,1.0745019,2.076481,1.222784,-0.15200746,-0.55344176
-0.29500398,-1.036484,-2.8457713,-3.1188068,-0.90016073,0.9192715,1.8688818,1.2280077,0.07546556,-0.24245352
-0.29202422,-0.25825527,-1.9074099,-2.7639785,-0.6704053,0.8652014,1.2648972,0.57227284,0.06441665,-0.36880004
-0.38569242,-1.0616175,-3.6862912,-3.4565225,-0.57671535,1.462356,2.2428389,1.6761867,0.16124648,-0.97601455
-0.67726535,-0.86443067,-2.8692842,-2.7629178,-0.9945845,0.6810313,1.4238575,1.0829506,0.058847293,-1.0330565
-0.84146976,-1.0297018,-3.4712913,-3.913103,-0.8587202,1.1136707,2.214664,1.1352208,-0.07297982,-0.7056309
-0.2778632,-0.7565796,-2.8821542,-3.6152456,-1.3815405,0.9712218,1.8121835,0.95815504,0.043895062,-0.049565174
0.07721233,-1.597937,-3.7136457,-3.305129,-0.8439214,1.141201,1.7434678,1.1684697,0.21769746,-0.3638338
-0.26588923,-1.2337914,-2.939087,-2.1093168,-0.81606424,0.7641468,1.4492551,1.1253189,-0.24670678,-0.992879
-0.28161103,-1.7707645,-3.7738428,-3.083783,-1.5837644,0.48398197,2.111644,0.9828977,0.38888848,-0.22680308
-0.018585421,-0.9439166,-2.4301147,-2.977262,-0.8330188,1.1472874,1.7214278,0.7933549,0.26470634,-0.31315413
-0.6628437,-1.4878664,-2.97789,-3.1336796,-1.2719045,0.8874424,1.7113274,1.6039367,0.017271379,-0.25039327
0.09280011,-1.1126443,-2.2262964,-1.9881576,-1.1483024,0.64745915,1.1089956,0.89324933,-0.20859231,-0.3979419
-0.90890473,-1.298199,-2.3397071,-2.5132039,-0.7629354,0.9255517,1.1945837,0.6356333,-0.21543443,-0.17868643
-0.76769495,-1.2174523,-2.7373705,-2.7338457,-1.2455553,0.88715893,1.9428548,1.1651782,-0.28779775,-0.85032254
-0.9216536,-0.36880302,-2.5122068,-2.5892057,-0.9952706,0.9546511,1.5758972,0.7929439,-0.780719,-0.42785332
-0.74396634,-1.6092716,-3.4148824,-3.2108684,-0.9071457,0.58889574,1.7253098,1.303388,0.06050872,-0.7485217
-0.8970294,-0.5818475,-3.2040973,-2.8286977,-0.5594136,0.90863013,1.8796334,1.0945028,0.16626616,-0.84444857
-0.7980753,-0.75550467,-2.1502018,-2.2495024,-0.6521383,1.0732843,1.4731783,1.096886,-0.5421706,-0.3982468
-0.30136386,-1.370556,-3.4301414,-3.4894652,-1.3679823,1.0416944,2.444511,1.7525774,-0.12498733,-0.66174275
-0.6457091,-1.2217171,-3.0561452,-3.2276018,-1.7860762,0.46254572,1.0343392,1.1652503,0.30768704,-0.33465344
0.1457247,-0.89882684,-2.764946,-1.8021356,-0.38853353,1.5940319,1.3864425,0.60518086,-0.24250242,-0.71219975
-0.3382446,-0.9205748,-3.368182,-3.4950922,-1.2924491,0.81282467,1.948132,1.4079826,0.23191054,-0.98261005
-1.0855619,-1.2474601,-3.333147,-3.2887216,-1.5664457,0.24236035,1.6746019,1.5327601,0.014144069,-0.8780183
-0.02219926,-0.5686518,-1.8802617,-1.4304608,-0.45074412,0.81113917,1.3574111,0.7396717,0.3684899,-0.34742415
-0.11412355,-1.0099418,-3.0716472,-2.3630466,-0.81511766,1.3150148,1.9612703,1.5951506,0.43664175,-0.29873362
-1.283811,-1.6031404,-3.5262902,-3.3747742,-0.8326008,1.087633,1.8869773,0.9554165,-0.119462185,-2.0621858
-0.7538576,-1.4713905,-2.6205719,-2.797226,-0.9364633,1.045428,1.6661247,0.6934873,-0.49130479,-0.03941494
-0.23616344,-1.5240905,-3.4093812,-3.4218397,-1.3300256,1.5826656,2.306118,1.4894022,-0.11295764,-1.122793
-0.7084248,0.0032863994,-2.4461343,-2.3946087,-0.44553158,0.73584086,0.76707226,0.5203431,-0.4546494,-0.688423
-0.2702733,-1.057243,-3.5428503,-3.6689239,-0.95834845,0.7806369,1.3495812,1.0729116,-0.18945694,-0.6371993
-0.49155852,-1.0056258,-2.4207046,-2.1628644,-0.5772507,1.5134641,1.3924863,0.97220784,-0.069531575,-1.0204269
-0.052263547,-1.5198395,-2.9920807,-2.2755375,-1.1284164,0.881887,1.5293547,0.896097,-0.29442185,-0.39763868
-0.13685988,-0.79216117,-2.4858465,-3.0989354,-1.4599823,1.0355963,1.8759505,0.8802688,-0.12126363,-0.6427233
-0.22685003,-1.5053536,-3.655882,-2.9263077,-1.0837955,0.66238266,1.3955669,0.9004431,0.253192,-0.8557276
-0.54077625,-3.0086615,-3.9372017,-3.2343702,-1.2983474,1.2890292,2.3841047,1.4034835,-0.043753088,-1.5578812
-0.44320735,-1.2517045,-2.537023,-2.4388955,-0.999437,0.6908851,1.036089,0.53527063,-0.4216358,0.12324623
-0.559911,-0.85770285,-2.2944665,-1.7601688,-0.7409619,0.45632988,1.5026637,0.53751177,-0.4009932,-0.4824855
-0.43524092,-0.6896612,-2.4158878,-2.7385867,-0.9367968,1.1469333,1.8041195,1.3400322,0.05032281,-0.24790917
0.08844113,-1.0018549,-3.3617482,-3.0688097,-1.5842817,1.547325,2.4196963,1.3240434,0.24896766,0.00612697
-0.70148814,-1.1712347,-3.3567967,-2.5214744,-1.0754387,0.90455323,1.1633413,1.0063071,-0.27291805,-0.29139268
0.113769226,-1.7195622,-2.8172998,-2.40013,-1.001695,1.0070208,2.229037,0.7720452,0.16113818,-0.4761833
-0.55149776,-1.0282712,-3.4456496,-3.6165566,-1.179077,0.8965678,2.185077,1.3391498,0.119014636,-1.0207418
-1.3782597,-2.0757082,-4.03793,-3.8389657,-1.2830924,0.9264962,1.917291,0.8989104,0.16250288,-1.0596471
-0.5692739,-1.7333337,-3.5841846,-3.3463676,-0.70271766,0.89886636,1.8195987,1.4379423,-0.02988949,-0.3877585
-0.020144012,-1.177148,-2.6953347,-1.8551111,-0.80159295,1.4655383,1.7598397,0.75962406,-0.35080346,-0.7481315
-0.36593187,-1.3132567,-3.0011673,-2.7566106,-1.1243316,0.7459562,2.3128178,1.2818741,0.32970312,-0.879339
-1.0927749,-1.296966,-2.7236536,-3.128239,-1.4431783,0.88455325,1.7304848,0.644682,-0.023800155,0.041396808
-0.14918685,-1.1633508,-3.5751836,-2.430215,-1.0379303,1.3131328,1.5015328,0.82454485,0.2028678,-0.32795575
-0.43972927,-1.245085,-3.195239,-2.7278328,-0.29448798,1.5800389,1.2540872,0.8720271,0.15567733,-0.63285255
-0.86916125,-1.3722154,-2.2281935,-2.5152013,-0.94499695,1.0945492,2.0904226,0.9722808,-0.20573719,-0.09550964
-0.10964828,-0.9682324,-2.3736637,-2.6407387,-1.4408695,0.9808371,1.1262047,0.6631653,-0.06811517,-0.51472706
-0.56426406,-1.1674539,-2.4399672,-2.0440412,-0.8674503,1.22875,1.6571767,0.70872366,-0.21703334,-0.74062854
-1.0469962,-1.4772644,-3.6451597,-3.780258,-1.2807311,1.254328,2.3783891,2.1888673,-0.03307568,-1.2955695
-0.7764277,-0.9417599,-3.360956,-3.3096962,-1.0954043,0.9295078,2.1843865,0.5354367,-0.14082265,-0.5623601
-0.9438872,-0.70066166,-1.965366,-2.40734,-1.2686596,0.87121606,1.3676946,0.67611873,0.43019807,-0.42809892
-0.9205193,-1.5153054,-3.634122,-3.108889,-1.1007477,1.1700109,2.0305703,1.3525348,-0.10379191,-0.3698962
-1.1111957,-0.6894923,-2.4486895,-2.9556768,-0.91327363,0.86753845,1.392532,0.45117998,-0.01418123,-0.42427254
-0.26382092,-1.6062366,-3.6268086,-2.5387318,-0.70681703,0.91696084,2.123468,1.1102426,-0.39094752,-0.5495696
-1.5320071,-1.6394057,-3.7453377,-3.636142,-1.473747,1.1430709,1.8500243,1.0922987,-0.42816138,-1.1717668
-0.390881,-0.8766916,-2.641346,-2.5795147,-0.6831761,1.4045295,1.6356627,0.68069416,0.04462024,0.075560115
-0.30388913,-1.3101789,-3.9116647,-3.5478518,-1.5680139,0.593908,2.1490037,1.2516671,-0.3641241,-0.4126952
-0.46398038,-1.7160113,-3.7731805,-3.0741353,-1.2700162,1.1896679,2.0319097,1.6524671,0.2682205,0.1187894
-0.4552909,-0.80399346,-2.1734064,-2.8720856,-0.51474345,1.464925,1.6516913,0.6518714,-0.15431279,-0.8382828
-0.4616656,-1.3326496,-3.640848,-3.5937304,-1.2504596,0.9809036,1.6243725,1.184893,-0.17379983,-0.7424876
-0.8728648,-0.4242331,-2.6980922,-2.5505214,-1.0921912,0.8557263,1.7543013,1.041388,0.17916387,-0.35567302
-0.059783556,-1.0788654,-2.3230424,-2.9281106,-0.9187122,1.0749601,1.2453127,0.77934325,0.21363758,-0.22007465
0.05037654,-1.1153287,-2.4538279,-2.3192317,-1.4172989,0.9464126,1.5854276,0.7650685,0.09038113,-0.59378743
-0.952775,-1.3728176,-3.4147594,-3.1474226,-0.748453,1.000338,1.3123168,0.8110631,-0.06873855,-1.3655089
-0.2425215,-0.996513,-2.4797065,-3.2041726,-0.9572636,1.5478485,1.8422406,1.1072346,-0.26937902,-0.30692533
-0.24972214,-0.75034904,-2.4819102,-2.586784,-0.9208649,1.2908938,1.9272641,1.8502467,-0.02994803,-1.1840851
-0.7720063,-1.0621886,-2.8407223,-2.9289253,-0.77538216,1.6210816,1.7952216,1.1323777,-0.20057455,-1.0009062
-0.84975284,-1.8103535,-3.7955446,-3.7965968,-1.018212,1.1668209,1.7930009,1.2038654,-0.12814371,-0.8375241
-0.37479773,-1.715215,-3.4973745,-2.9418223,-0.92619413,1.8077885,2.2043839,1.0035795,0.53753304,-0.4756803
-0.28409803,-1.1783932,-2.5447793,-2.084566,-0.5522445,1.1033698,1.3041298,0.91971606,-0.040212095,-0.23522748
-0.2014644,-1.1765016,-3.000828,-2.9485888,-1.0308977,1.0101492,1.6946635,0.93330866,-0.22404332,-0.48077017
-0.7813264,-0.8847903,-3.0309913,-2.5156693,-0.69229484,0.8634007,0.99568576,0.8037132,-0.08727989,-0.79526085
-0.8487431,-1.0929881,-2.2172124,-2.9745262,-1.3221892,0.41372368,0.9107848,0.91611207,0.4808119,-1.2941396
0.17091028,-1.0662633,-2.4244366,-1.829966,-0.464618,1.0939486,1.965118,0.99960613,-0.12365108,-0.3673418
-0.6753395,-0.9331883,-2.8618407,-2.6251717,-1.0704031,0.17147592,0.9891167,0.774083,-0.46559316,-1.463748
-0.2327164,-1.6135805,-3.6806414,-2.4883602,-0.9770781,1.2664944,2.2343516,1.4695461,-0.017640006,-0.25329852
0.015834503,-1.0453006,-3.1315806,-2.6512625,-0.7648046,1.3835969,2.5423102,1.300051,-0.2554405,-0.9896895
-0.20728053,-1.5800568,-3.0757704,-2.527684,-0.764367,1.3412508,2.008366,1.3283055,0.33411768,-0.96500313
-0.18156397,-0.73011106,-2.8665328,-2.1441474,-1.0105721,0.95747364,1.7564955,1.3258662,0.07800778,-0.74403745
0.017915752,-0.9400695,-2.078041,-2.3922384,-0.74299324,0.78086495,1.6781567,0.39843437,-0.07731732,0.102829546
-0.48219147,-1.3264573,-2.634229,-2.014807,-1.2584857,0.9805969,1.3034256,0.57303905,0.06161576,-0.3514079
-0.3780379,-1.2324538,-2.9561768,-2.270516,-1.2765762,0.63428116,1.6144927,1.1475843,0.0007478131,0.19305018
-0.55104375,-1.32827,-3.358482,-2.4998434,-0.95416844,1.1975217,1.5422596,0.845729,0.3772013,-0.24615918
-0.20314048,-0.33396694,-2.6458495,-3.1871877,-0.9119573,0.58274215,2.090876,1.5186067,0.46277496,-0.04166085
-0.26022637,-0.6528915,-2.6941607,-2.5733328,-0.69431764,1.1734644,1.3666972,0.28349555,-0.059932407,-0.79934067
-1.0501214,-1.4534897,-3.773041,-4.005907,-1.1365657,0.7329086,1.8683636,0.92345273,0.8070627,-0.44406736
-0.60849524,-1.889581,-3.630332,-3.892688,-1.0018817,0.9591764,1.7598107,1.5549848,0.24167824,-0.8302417
-0.29835895,-0.72940505,-1.9910977,-1.5941004,-0.9409538,1.0863218,1.6506209,0.6513902,-0.15430374,-0.06321063
-0.98580825,-1.3921124,-2.5194113,-2.8989573,-1.1398376,1.130383,2.164129,1.2481569,0.04192441,-0.8398098
-1.1991516,-0.9042542,-2.638767,-3.0337813,-1.1155493,0.9621586,2.1718855,1.4140888,0.30767563,-0.53540856
-0.23081513,-0.923057,-2.4522657,-2.2346077,-0.9921354,0.76163775,1.73535,1.1034302,-0.58389384,-0.70384663
-0.7018086,-1.4649148,-3.47071,-2.4614747,-1.135305,1.0255448,1.7085942,1.0963411,-0.16481398,-1.0955894
-0.7466514,-1.1343741,-3.7188504,-3.2612684,-1.7232164,1.0576444,2.293263,1.2223271,0.36064988,-0.29209176
-0.31728533,-1.652484,-3.705279,-2.346831,-1.026689,0.64701897,1.4356654,1.1712826,-0.015054598,-0.6070161
-0.5555679,-1.2748618,-3.1417816,-2.8367896,-0.8448669,1.0375539,1.6220537,0.7793213,0.45183757,-0.15639682
-0.5406027,-1.2313483,-2.0376852,-2.5387003,-1.1837136,0.7698562,1.2591404,0.40361348,0.29541877,-0.0077998284
-1.0653806,-0.8509062,-3.269021,-3.0995638,-0.9407255,1.2953422,1.6320378,0.5181654,0.5492419,0.2440277
-0.05962374,-1.3647046,-3.4154952,-2.73807,-1.0616777,1.132777,2.346413,1.4744251,0.37823817,-0.2280719
-0.13429748,-1.3045307,-3.035793,-2.86972,-1.4968053,1.1493948,1.6901735,0.9931207,0.041825365,0.18397284
-0.6872612,-1.1464937,-2.81289,-3.4595373,-1.3263729,1.0378214,1.3721979,1.0923434,-0.11542142,-0.41294554
-0.4679294,-1.1656259,-3.319629,-3.1474793,-1.4340768,0.674107,2.219671,1.4952765,0.61493874,0.031115571
-0.3579014,-1.4671202,-2.3500824,-2.3429267,-0.8362264,0.86660105,1.6142632,0.83274597,0.043852974,0.4987444
-0.5877338,-1.218443,-2.8789206,-2.9044905,-0.52911526,1.004628,1.7228303,0.62018037,-0.3831406,-0.85767156
-0.79558986,-1.0143124,-2.566482,-1.9712794,-0.48591515,0.8269864,1.0124524,0.6157455,-0.116643935,-0.5352659
-0.46115112,-1.4899826,-3.536937,-2.6484559,-0.8510768,1.2937466,1.7621981,1.0659165,-0.22809845,-0.7603998
-0.38881877,-1.2014271,-3.6814125,-3.6104276,-1.4115082,1.1399792,2.038132,1.4915149,0.23691474,-0.3563728
-0.68334544,-0.58416104,-2.594927,-2.1861699,-1.0783514,0.81400293,1.5041414,0.609983,0.14971401,-0.48673293
-0.3296021,-0.91028285,-2.2986088,-3.0573409,-0.8460145,0.9963289,1.6670102,1.2425071,-0.048691414,-0.29137677
-0.5069591,-0.6151201,-2.2783802,-2.0672185,-0.47320434,1.5442572,1.4769413,0.8584835,-0.028260248,-0.7736821
-0.46202067,-1.0971963,-3.317576,-3.2228925,-1.3807889,0.35782596,1.495351,1.4453555,0.4581921,-0.44054723
-0.23881681,-1.5335567,-3.2415235,-2.9662669,-0.66631186,1.2387389,2.0426252,0.82518303,-0.31223115,-0.719227
-0.5788219,-0.8369032,-3.2367773,-2.7329607,-1.1087863,0.2936196,1.1629969,0.8156811,0.2164316,-0.6309278
-1.2563741,-0.86103094,-2.6297238,-2.9020002,-0.61119795,1.3488852,1.7011495,0.8794858,-0.37844685,-1.0100348
-0.35369533,-1.2520437,-2.8671706,-2.244537,-0.46918663,1.0002362,2.0817196,0.9873818,-0.08746676,-0.16827801
-0.3471978,-0.65994805,-3.0685701,-3.3539896,-0.99546546,0.7899075,1.4762847,0.7023751,0.09415156,-0.4271856
0.20644699,-0.6518439,-2.997708,-2.5056186,-1.2216257,0.7222982,1.7456356,0.9815594,0.21333508,-0.53342307
-1.5863163,-0.9961546,-2.8245208,-2.3642404,-1.009007,0.17736842,0.7901282,0.67426383,-0.83483243,-0.5384478
0.0527969,-0.9859442,-2.0304313,-2.0029702,-0.82521176,0.4937785,1.3743875,0.67386913,0.14017837,-0.19360423
-0.6996652,-0.8386852,-1.697298,-2.3653991,-1.1161478,0.50104535,0.9271139,0.2870745,0.0548766,0.30174783
-0.712924,-1.3239219,-3.4237804,-2.9172175,-1.297364,0.83765423,1.5656935,1.1308094,0.23131178,-0.2131602
-0.6261965,-1.0978934,-2.3977003,-1.9858785,-0.6770707,0.9189499,1.3328612,0.8547839,-0.104770504,-0.39885473
-0.45077363,-1.4808496,-3.6164668,-3.094032,-0.64177805,1.1556768,1.8779913,1.3282326,0.001698022,-0.38376877
-0.27804717,-0.9687807,-3.2345397,-3.4766374,-1.6812196,0.40839043,1.4953634,1.078296,0.5696418,-0.28763926
-0.27616072,-0.8825627,-2.4570012,-2.6482942,-0.80063194,1.0116559,2.2447274,1.6993387,-0.18205626,-0.118229106
-0.49483395,-0.630916,-2.0911343,-2.2368531,-0.7102619,1.1574967,2.0051973,0.9084462,-0.8083539,-0.6145225
-0.5682064,-0.35524878,-2.6240406,-2.0414748,-0.8802503,0.23721336,1.1970482,0.7943518,0.16026042,-0.36693957
-0.13992316,-1.4770696,-3.3035426,-2.2730157,-0.5169846,1.419279,1.797962,0.71854234,-0.12346609,-1.30447
-0.2884211,-0.8868815,-3.131246,-3.6843529,-1.5194829,0.77326465,1.9456474,0.98834157,0.19397485,-0.56701106
-0.5963288,-1.012546,-2.8924196,-3.0375254,-1.1452571,1.3387332,1.8383021,1.2380518,0.4733657,-0.8145298
-0.48422593,-0.7392846,-2.2076864,-2.3641222,-0.76168233,0.9499179,1.1022812,0.8287757,0.3399965,0.08281324
0.32716417,-1.7667425,-3.2866294,-4.1376762,-1.2230986,2.5096028,1.9547921,1.2283236,2.8589654,-0.58544683
-0.8205885,-1.0154511,-2.4806523,-2.3999376,-0.94274753,1.1652646,0.98318034,1.0227197,-0.013038002,-1.0248909
-0.5283749,-1.1455939,-3.0664825,-1.9639268,-1.2338383,0.7540149,1.4852688,0.6295734,0.33202183,-0.12593362
-0.49644366,-0.9891864,-3.1551104,-2.9089699,-0.854391,0.81885517,1.9871019,1.125861,0.13800241,-0.34715137
-0.47954205,-0.9822973,-2.0504134,-2.0663826,-0.6940765,0.33889437,1.1300646,0.8547741,-0.12910034,-0.520416
-0.83533895,-1.6448102,-3.2363222,-3.1843371,-1.6015408,0.5923174,1.4000522,0.90588814,-0.022048276,-0.70637184
0.021892007,-1.3831865,-3.590905,-3.503448,-1.1325215,1.5216264,2.00561,1.3996079,0.6152189,-0.6169532
-0.50661355,-0.982462,-3.135991,-3.7634459,-1.0441458,0.86105996,2.0304856,1.2445408,-0.18778867,-0.6494062
-0.5356101,-1.0891602,-3.5385356,-3.0692315,-1.0542414,1.1392543,1.7268399,0.8094895,-0.15973794,-0.2591214
-1.5433314,-1.0452043,-3.2604825,-3.108599,-0.9590438,0.77093107,1.5060376,0.9250543,0.5105148,-0.63729334
-0.44018686,-0.6488975,-2.9870286,-2.7556896,-0.9084813,1.4677275,1.6447042,1.0326289,0.13316222,-0.29598448
-0.4277772,-0.7550283,-2.3553417,-2.699117,-0.75046176,0.8150102,1.0240322,1.0825667,0.4806367,-0.7800726
-0.9165038,-0.580177,-2.4876168,-2.422225,-0.8700739,1.1578267,1.5050077,1.0526476,0.3355799,-0.28778455
-0.39321777,-1.4191803,-3.7835531,-3.821303,-0.8074239,1.2924187,2.051935,1.2060457,-0.47623807,-1.0904282
-0.6718323,-1.4928964,-3.843155,-3.2764263,-1.2939284,0.7125472,1.9135078,1.3256311,-0.007000721,-0.78132707
0.022609005,-0.91266817,-2.3665793,-2.2506285,-0.96406794,1.1502863,2.2230673,0.8957845,-0.06860367,-0.20960723
-0.18987572,-1.0707103,-2.9018416,-3.370631,-0.6113277,1.5012102,1.785845,1.335263,-0.5299171,-0.8494642
-0.6650832,-1.0102425,-3.0844512,-2.2647336,-1.1492866,0.57666135,1.6534058,0.82934934,-0.3550731,-0.3646621
-0.42905754,-0.37061444,-1.7024618,-2.0530298,-1.0228196,0.3964368,1.4761804,0.72652274,0.4099709,-0.14003497
-0.370409,-0.9157284,-2.1112304,-2.051736,-0.88951516,0.9514703,1.6506932,0.6371738,-0.049240936,0.1165575
-0.69809365,-1.0088317,-3.477207,-2.8965456,-1.1805073,1.1277255,1.4717778,0.9640087,-0.10282123,-0.14326642
-0.2812984,-0.8538909,-2.836256,-1.9639326,-0.8243281,0.6346035,1.7276528,0.7754896,-0.28958258,-0.619855
-0.3807964,-0.80859846,-1.9840435,-2.1388388,-0.601399,0.88711536,1.3389515,0.9085156,0.3692951,-0.8969802
-0.68620706,-1.0581886,-2.580807,-2.52197,-1.075656,0.8853137,1.8693947,1.209362,-0.19084421,-1.217184
-0.3671311,-1.1624799,-3.6247425,-3.2272272,-1.5656685,0.9405983,1.1882539,1.3562852,0.3826312,-0.23036309
-0.6649735,-1.2124218,-3.6412804,-2.8314383,-1.2177783,1.0147336,1.8947978,1.0549914,-0.083165154,-0.18887517
-1.0338521,-1.2279625,-2.3093772,-2.1065907,-0.59708583,1.0134975,2.373846,1.1159705,-0.39776894,-0.4637851
-0.7586661,-0.08346211,-1.5212476,-1.5069213,-0.5705525,0.89073306,1.2884337,1.0082548,0.031656284,0.09517106
-0.1989772,-1.2064105,-3.012494,-3.6493428,-1.0191746,1.4039726,2.264376,1.2638012,-0.00619299,-0.84953105
-0.775474,-0.9703041,-2.6907396,-3.0256097,-1.07829,0.7775041,1.5802046,1.3893495,-0.3544303,-0.63693607
-0.96700096,-1.0529754,-2.0285544,-2.285529,-0.80098236,1.2392102,1.2019813,0.6772244,-0.06648887,-0.38260812
-0.5232296,-0.780237,-2.9771035,-2.661828,-0.9609557,1.405947,1.8970075,0.7356341,-0.5831361,-0.5942324
-0.6812708,-0.86388355,-1.8116672,-1.8475156,-0.41457874,1.0325037,1.464875,0.8017757,-0.1653538,-0.61829036
-0.36104593,-0.78227973,-2.272837,-2.3872998,-1.0420738,0.87813365,0.85136837,0.5607117,0.27239877,-0.23147254
-0.30416727,-0.70207614,-2.2498853,-2.7896256,-0.64481974,1.056194,1.6343433,1.0377752,-0.16171414,-0.81736135
-0.2797457,-1.2453303,-2.9443607,-3.466229,-1.0282358,1.1721197,1.9650722,1.5131159,-0.14430696,-0.6724049
-0.4396086,-1.245778,-2.7618866,-2.0278978,-0.8766515,0.746676,1.7810497,1.1483703,-0.51138616,-0.50158393
-0.4225849,-1.3017999,-3.1897862,-2.4165065,-1.0087867,1.2342446,1.43821,0.44284338,-0.315201,-0.6630429
-0.055935364,-1.1792405,-3.009875,-3.185106,-0.95014393,1.2238714,2.140101,1.5509586,0.3902253,-0.1548111
-0.33659554,-1.35761,-3.323424,-3.3842237,-1.0814176,1.1858021,2.101302,1.5531113,0.01235326,-1.1783555
-0.8259629,-1.4526423,-3.1795805,-2.744916,-0.9736799,0.7231279,1.2092701,0.85623294,-0.39409515,-0.9208568
-0.9247411,-1.006098,-3.031397,-2.7008698,-1.159656,1.0015498,1.7741346,0.9247843,0.09862781,-0.85976136
-0.8373619,-1.0156281,-3.5427976,-3.233258,-1.4489102,0.35966703,1.3095264,1.0654017,-0.100258894,-0.58272463
-0.3778789,-0.7324015,-2.8045726,-2.1716118,-0.6552234,1.4660932,1.612029,1.1169481,-0.16582952,-0.41835192
-0.17805766,-1.2552367,-3.0565126,-3.4287515,-0.9910101,1.187438,2.2621915,1.793653,-0.37326747,-0.947097
-1.0145112,-0.98789304,-3.3999774,-2.83824,-1.5277877,1.1434854,1.5333346,0.8773314,-0.0033826432,-0.47166765
-0.63036096,-1.3774072,-3.2321746,-3.7562807,-1.4080921,0.70270604,1.6952089,1.107527,0.31144443,-0.61202455
-1.2444879,-0.8054357,-2.4412959,-2.557947,-1.2147769,0.44843116,1.3354204,0.70559424,-0.05632318,-0.6528167
-0.5702761,-1.2501214,-3.0343666,-2.7595239,-1.118088,0.4908736,1.1141818,1.0406382,0.19116153,-0.18052672
-0.55304706,-0.44231945,-2.450603,-2.6202304,-1.0709013,0.7363924,1.6765623,0.5512217,-0.0790035,0.015682902
-1.3328562,-1.4430466,-3.2504754,-2.9876568,-1.7396533,1.0792127,1.8625158,1.0509917,0.021239726,-0.29954833
-0.4506923,-0.9580937,-2.8624117,-2.9403381,-0.90528893,1.1864527,1.4539825,0.77924955,-0.061092246,-0.684165
-0.022606837,-1.9139057,-3.5940762,-3.3734484,-0.7528653,1.2532237,2.2963061,2.0865357,0.23000093,-0.9959312
-0.20098352,-0.8456215,-2.3872726,-1.9347466,-0.951987,0.8438921,2.1550941,0.813171,-0.2007081,0.036029734
-0.79885936,-1.3574573,-3.7183723,-3.6166978,-1.1425664,1.3882257,2.1991086,1.2185245,-0.62796485,-0.8721161
-0.32053465,-1.0075544,-0.7551088,-1.2747281,-0.45577982,0.8252347,1.5188001,0.19276597,-0.3369712,-0.32543263
-1.1482646,-1.4838034,-3.1412454,-3.010033,-1.1257404,0.9227481,1.5808604,0.94853795,-0.21481767,-0.7876026
0.0727383,-1.0684427,-3.0423968,-3.1305792,-0.9711896,1.1264842,2.3145967,1.2128786,0.36581638,-0.9866792
-0.011003658,-1.4062861,-3.6465166,-3.4137933,-1.5920998,1.0195868,1.7151356,0.92997557,-0.1975751,-0.4563679
0.10668939,-1.1778684,-2.6859965,-1.8886036,-1.0502226,1.0002813,1.6255507,0.5881058,-0.01929185,0.07031855
-0.26181942,-1.2695961,-3.3589816,-2.9216805,-0.87149054,1.5666857,1.8269454,0.92619526,-0.07164775,-0.4754163
-0.45909685,-0.90988374,-2.3591392,-2.325504,-0.8471427,1.3568977,1.4557883,0.96424556,-0.26737133,-1.0003594
-0.8088329,-0.94514275,-1.899197,-1.730015,-0.29921344,0.8099796,1.4491663,0.22800113,-0.31505755,0.032847397
-0.7600723,-1.1469009,-2.7024655,-2.933627,-0.9226743,1.0126487,1.6504738,0.6082821,-0.114868395,-0.31820208
-1.7076747,-1.1565895,-2.7403057,-2.8120646,-1.186657,0.90851057,1.357314,0.5931935,-0.3017195,-0.30016714
-0.7215916,-1.1011916,-3.1118577,-2.6901512,-0.7504014,0.75571,1.4815665,1.1432897,0.15851812,-0.8617279
-0.19951877,-1.1685973,-3.1152337,-2.8958576,-1.1627471,0.40749353,1.4431912,1.1096199,0.146457,0.16980197
-0.2992281,-1.003568,-2.5819335,-2.2627487,-0.85681814,0.96815085,1.040648,0.8372879,0.025542445,-0.50876755
-0.79533565,-0.6120466,-2.2142918,-2.7120588,-1.0185969,0.79194295,1.0835177,0.58382016,0.042991612,0.19217446
-0.26734713,-1.5249225,-2.926652,-2.7860177,-0.96731025,1.5629158,1.8692143,1.3528591,0.41779807,-1.0194417
-0.687832,-1.0801995,-3.0543437,-2.640359,-0.5289917,1.5612439,1.4601358,0.7629933,-0.14984825,-0.31395334
0.06430002,-1.2741508,-2.7639256,-2.4050279,-0.5763205,1.4288101,2.1524203,1.133228,-0.3619392,-0.39319095
-0.14691868,-0.90176135,-2.9791596,-2.893311,-1.1604196,0.39481977,1.1523649,1.0124279,-0.12617731,-0.46647733
-0.24775116,-0.74522316,-1.8546637,-1.6344886,-0.5160151,0.97709846,1.198228,0.34574506,-0.38871515,-0.4236702
-0.57989347,-0.9936665,-2.079646,-2.0564635,-1.0519395,0.45668656,1.6592847,0.4812973,-0.13183273,-0.33403465
-0.13258448,-1.9787158,-3.615563,-3.0160046,-0.9657314,0.67689466,1.857594,0.9503892,0.06713341,-0.40775463
-0.8414617,-0.8089932,-2.596618,-2.8168392,-1.3821303,0.24134773,1.2200953,0.8428898,-0.33730733,0.3391557
-0.24218503,-1.4261777,-3.5783064,-2.7039287,-0.83626604,1.4060479,1.7236948,1.332844,-0.13777949,-0.701696
0.064257,-1.558478,-3.7948704,-3.8941457,-1.0960429,1.2992465,2.4634702,1.5912966,0.2747275,0.00038551688
-0.63846093,-1.7231574,-3.7578247,-3.780956,-1.073538,1.2024634,2.0765903,1.7428701,-0.011107459,-1.0503654
-0.27453226,-1.4177719,-3.6481874,-3.2284422,-0.8311776,1.3828862,2.129315,1.2956274,-0.16237107,-0.37382194
-0.9933054,-0.94268245,-3.0750678,-2.5164616,-0.8736846,1.0214533,1.4095198,0.8687876,-0.1710501,-0.67921394
-0.12987533,-1.2714406,-2.7673628,-2.5290105,-0.8118654,1.2112528,1.9479536,0.86793756,0.5435317,0.13744555
-0.027871732,-1.0214943,-2.5795977,-2.9363973,-1.081463,0.7695155,1.7995405,1.5338019,-0.07186292,-0.86576736
-0.1528154,-1.0928727,-2.397286,-2.280387,-0.80946153,1.0950736,1.5458622,0.9851897,-0.11006842,-0.29262668
-0.120527275,-1.5361502,-3.0823133,-2.5473504,-0.92300063,1.6086606,2.003833,0.9253334,-0.083024725,-0.78723145
-0.26291955,-0.93094695,-1.9988762,-2.1318235,-0.51432633,0.9816459,1.8700995,0.7565442,0.06728474,-0.63954985
-0.06477003,-0.75755626,-2.100552,-2.6637108,-1.3201551,1.0045594,2.3987417,0.47180995,-0.104490936,0.053309605
-0.3038493,-1.5391327,-3.8080454,-3.570166,-1.4434903,1.0318365,1.9395977,1.4294829,0.55033857,-0.54478335
-0.21045426,-1.4628261,-3.5428648,-2.7062023,-1.1419721,1.2294939,2.1013355,1.4510714,0.30271277,-1.0976037
-0.5279735,-0.7655595,-2.1968873,-2.4906435,-0.69639206,1.4079717,1.3987764,0.7918718,-0.115295984,-0.13797325
-0.89111966,-1.1009394,-3.4442866,-2.6664205,-1.2648053,0.88198453,1.8091916,1.1928796,0.08906828,-0.5131339
-0.8080386,-0.73335105,-2.4009666,-2.278988,-0.86070096,1.2030053,0.70804906,0.435805,-0.123318374,-1.1213202
-0.22382143,-1.1287594,-3.1989915,-2.8440657,-1.0169623,1.0525625,1.929846,1.4955374,0.065180846,-0.4459843
-0.1280158,-1.1178124,-3.1504743,-2.7866068,-1.4544563,0.66002053,1.4968837,0.84519964,-0.037442997,-0.41400993
0.15758811,-0.9956536,-2.2395997,-2.1665306,-0.8801557,0.8094857,1.2535685,1.0220411,-0.2114752,-0.60139626
-0.13548382,-1.2639318,-2.888666,-2.8613896,-0.98774093,0.94046825,1.9341213,0.89248025,-0.5545543,-0.21697967
-1.1039519,-1.1836867,-3.5068948,-2.9793086,-1.008742,1.333764,1.4656225,1.0062938,0.036395814,-0.37839785
-0.41251868,-1.3540356,-3.3145852,-2.7227395,-0.9628229,1.0556918,1.4842125,1.1405948,0.25387216,-1.0571848
-0.7612173,-1.5521295,-2.8320322,-3.0428884,-0.7650205,0.99187505,1.5672959,0.9427659,-0.19624679,-0.6589475
0.12550348,-0.9150121,-1.9862515,-1.8509575,-0.82477367,1.0858129,1.9406018,1.0778319,-0.019824928,-0.5284868
-0.54350597,-1.6002973,-3.6967006,-3.293397,-0.95155764,0.745913,1.7383268,1.285364,-0.014025846,-1.4660143
-0.43918836,-0.9909493,-3.2284052,-2.9928107,-0.7700436,1.1854504,1.6891006,1.1917175,0.062285624,-0.4367643
-0.34389544,-1.1052973,-3.1528463,-2.8239672,-1.1672473,0.6633606,2.1974375,1.8943479,0.21324165,-0.5395659
-0.19200008,-1.4137998,-3.1822922,-3.2686226,-1.241851,1.4315884,1.6602664,1.2909691,0.3183363,-0.67273295
-0.8260791,-1.2657453,-3.7074993,-3.6312015,-1.2822832,1.5404189,2.307273,1.731545,-0.027782518,-0.47295207
-0.2921505,-0.944071,-3.2826355,-2.9170775,-1.4946971,1.1227871,1.6436958,0.40507725,0.14855124,-0.15169872
-1.1963611,-1.3211262,-2.7672682,-3.4144068,-0.9178659,1.1954219,2.0831351,1.4325744,-0.4301612,-1.1514124
-0.5329098,-1.3396719,-3.6332152,-3.5421715,-1.0626322,1.186668,1.7391076,0.93505895,0.34303042,-0.24686147
-0.542266,-0.8843459,-2.2974975,-2.1387985,-0.5375313,1.0140622,1.6840674,0.7099004,-0.53753227,-0.6009762
-0.16102614,-0.079360574,-1.8118476,-2.04579,-0.6003959,0.7224142,1.351483,0.49904948,-0.085198596,-0.3095953
0.0035078595,-1.0545472,-2.5693693,-2.1392968,-0.6879175,1.0360354,2.033892,0.41442728,-0.80317664,0.07337461
-0.57144725,-1.6657187,-2.713606,-2.6900125,-0.7876281,1.175323,1.6154162,0.9511244,0.14349902,-0.54406846
-0.12667759,-1.0722603,-3.010993,-2.4858742,-0.5547105,1.2279298,2.1349561,0.9932725,-0.00912535,-0.120638445
-1.0082082,-1.5412728,-3.3821554,-2.511355,-1.3962682,0.59650743,1.7899079,1.0610428,0.37296134,-0.46695423
-1.1243484,-0.30203915,-2.3735983,-3.293491,-0.7435935,0.8773908,1.1339418,0.5999021,0.18025872,-1.0152531
-0.56642497,-1.1427431,-2.8808467,-2.3046412,-0.39132196,1.806184,2.0852747,0.6888132,-0.09776371,-1.0064642
-0.20905282,-1.0114557,-2.8640513,-2.155299,-0.92929286,1.3014364,2.0977738,0.462861,-0.30476978,-0.8134084
-0.25369942,-0.7526579,-3.5062132,-2.5336144,-0.34477288,1.4936279,1.653622,0.78518236,-0.61009717,-0.4680954
-0.08990906,-1.3121339,-3.2805836,-2.5520065,-1.1873834,1.2669911,2.2694273,1.0639935,0.3588989,-0.48899192
-0.059567202,-0.78482157,-1.739169,-2.281999,-0.6847989,0.80865943,1.0892316,0.7819253,-0.23228186,-0.2791863
-0.592917,-0.6775268,-1.5601649,-2.1418676,-0.6081315,1.0929776,1.0212475,0.7234381,-0.18160352,-0.7250511
-0.0019705477,-0.9419462,-3.071739,-2.4302669,-0.7207801,1.3192009,1.4665287,0.8885893,0.33169305,-0.39498842
-0.80359834,-1.616248,-3.95902,-4.1861877,-0.80233693,1.5669291,2.2727783,1.4348007,0.65170914,-1.1393453
-0.67289656,-1.0598989,-3.0781786,-3.2652802,-1.4489145,0.49031025,1.4084824,1.4229537,-0.2455793,-0.9264995
-0.55125606,-0.49493903,-2.2544637,-2.1803956,-1.0634723,1.2104301,1.4079955,0.70911354,0.057712164,-0.07679113
-0.27039903,-1.5071936,-2.7027419,-2.184706,-0.5077598,1.3337823,1.5080364,1.4793578,0.112051524,-0.59689546
-0.40274537,-0.9309912,-2.3157394,-2.8159401,-1.4148694,0.70471364,1.5561589,0.4162637,-0.24741958,-0.2488953
-0.28063908,-1.0443518,-3.1398487,-2.705197,-0.90958214,1.2204168,1.8874958,0.5249779,-0.37632763,-1.2528218
-0.5326527,-0.9004428,-2.6536458,-3.0680623,-1.4750247,0.7762727,1.4266984,0.5091074,-0.18415812,0.13410984
-1.0763896,-1.5973352,-3.5343313,-2.749086,-1.0139406,1.2526593,1.8639399,1.0739235,-0.24607874,-0.5822458
-0.07916063,-1.0327193,-2.7084515,-2.2548106,-1.4242792,0.80223966,1.8897063,0.8393628,0.16252305,-0.18801464
-0.36521506,-0.69104147,-1.8057517,-1.8891685,-0.6170765,0.6354355,0.9647682,0.6139337,-0.12345907,-0.4165407
-0.27008906,-1.1914136,-2.3379664,-1.8843582,-0.8086144,0.8144199,1.1830598,1.025351,-0.14026088,-0.56186754
-0.38485762,-1.333123,-3.4638655,-2.7604198,-0.94474614,1.18004,1.4209626,1.0334622,0.5083758,-0.68927443
-0.52642345,-1.1958743,-3.3125417,-2.6607904,-1.2231554,1.1550837,1.0669154,0.6849913,-0.31585622,-0.5218916
-0.49711657,-1.3311632,-3.577428,-3.1896172,-0.7567325,0.8706023,1.5057154,0.7893945,-0.33430204,-0.5654807
-0.98319596,-1.7214198,-3.105864,-2.8656752,-0.8381291,1.164127,1.7662627,1.0167505,-0.47325823,-0.6975204
-0.44501877,-1.6415371,-3.165378,-2.2552898,-0.5884959,1.016837,2.0613284,1.0581746,-0.3587741,-0.46734765
-0.1724568,-0.58132887,-2.6354268,-2.1711898,-0.54519653,0.66595113,1.1802243,0.63413256,0.1644429,-0.5053839
-0.80332553,-0.59908897,-2.862455,-2.5118976,-0.75600857,0.97066253,1.4397986,0.6938917,-0.046255246,-0.37481484
-0.6523142,-0.91772246,-3.2478354,-2.0563445,-0.30975136,1.6266253,1.5909014,0.58300453,-0.47663623,-0.5655787
-0.38556203,-1.6841453,-3.514675,-3.2977312,-1.5153897,0.68475306,2.1847048,1.1913273,-0.39101556,-1.0128946
-0.1537234,-0.52976954,-2.7739916,-3.1501062,-0.64694965,1.35777,1.5354867,1.5884482,0.054516725,-0.79974884
-0.467003,-1.4658107,-3.267569,-3.1639035,-1.3494856,0.90893364,2.2994616,1.2440547,-0.10273171,0.037546486
-0.83058244,-1.3827688,-3.6198199,-3.2798386,-0.8256587,1.6995245,2.1243303,0.98369336,0.26052523,-1.1047343
-0.12832403,-0.53871524,-2.0695293,-1.955124,-0.8216025,1.0080352,1.6369914,0.67023885,0.13524511,0.13676488
-0.4426576,-0.9898709,-1.6358262,-1.7110494,-0.7854448,0.6967156,1.522689,0.7315233,-0.062457494,-0.44341066
-0.11042511,-1.5819438,-3.6272738,-3.2969313,-1.0088352,1.104747,1.7670141,0.9871035,-0.13087471,-0.681617
-0.38344795,-1.0123757,-2.8012893,-2.6144881,-1.192004,0.66370153,1.5597842,0.98157096,-0.34735838,-0.82047826
-0.76515394,-0.8283658,-2.7174933,-2.7073228,-1.4914497,1.0812355,1.8552438,0.8620383,-0.041812178,-0.48939115
-0.8711014,-1.1128919,-2.7942762,-2.5671463,-1.146556,0.99538815,1.2859236,0.760864,-0.09147739,-0.59191835
0.23093724,-0.9705882,-2.4026399,-2.1330833,-1.5333279,0.7318728,1.6039829,0.9042619,-0.1732303,-0.028607465
-0.061593935,-0.40915456,-2.1506827,-2.8217106,-1.163639,1.0945396,0.9701313,0.6203665,-0.027769776,-0.20853281
-0.15025017,-0.16828313,-1.9110216,-1.399357,-0.5532516,0.8568056,1.339326,0.4472129,0.03719273,-0.10965714
0.01563179,-1.3195491,-3.3652928,-2.7755973,-0.6095156,1.486778,1.9058208,0.9542522,0.076335594,-1.167133
0.13302206,-0.15216197,-2.2785745,-2.2963235,-0.57428753,1.2990837,2.030753,0.40915912,-0.17320615,-0.49109134
-1.3166305,-1.4002817,-2.5913692,-3.3949285,-1.5850592,0.75253147,1.0315723,0.7176793,-0.09859492,-0.08513531
-0.6553121,-0.9499101,-2.12534,-2.6002586,-1.2766135,0.34946233,1.5444082,0.5346104,-0.692183,-0.543198
-0.19332294,-0.9379544,-2.8974695,-2.5617952,-0.86260766,1.2064779,1.8043242,1.3331684,0.5650719,-0.28130484
-0.5021146,-1.3018426,-2.764593,-2.2171993,-0.8609492,0.6925985,1.078901,0.7290742,-0.215485,-0.8737409
-1.5284047,-1.3898442,-2.950033,-3.0474849,-1.4086624,1.1041981,1.6136612,0.77889335,-0.01516314,-0.47362003
-0.2532173,-1.0142136,-3.0294034,-2.691378,-1.4208734,1.24238,1.7061973,1.0013407,0.2769424,-0.6639113
-0.07485706,-1.5199353,-3.7305932,-3.180649,-1.3118385,1.7311312,2.5832462,1.7341559,0.14436254,-0.38743052
-0.8859327,-0.79541105,-2.4124777,-2.9367023,-0.9408443,1.0199214,1.5694325,0.2147561,-0.5102043,-0.4298527
-0.14769746,-0.8217839,-1.9233419,-2.122286,-0.76448315,0.83931303,1.712783,0.9494912,0.05992708,-0.16092862
-0.47616762,-1.3480169,-3.5165641,-3.6476092,-0.9675082,1.3070122,2.3446832,1.7616012,-0.3224299,-0.85728335
-0.2162959,-1.4989995,-3.420076,-2.7546582,-0.660309,1.3948694,1.8381364,0.96615285,0.11953372,-0.6756294
-0.3070609,-1.1591953,-2.8713615,-2.6423776,-1.5793676,0.47380853,1.7832127,1.5051258,-0.06675838,-0.7889072
-0.91931605,-0.93590826,-2.5171802,-2.9111369,-0.67860913,1.1685884,1.360507,0.47119412,-0.4031677,-1.4352316
-0.8640623,-0.9833759,-2.0983028,-2.30419,-0.7705221,1.3540069,1.7544079,0.43800697,-0.023234421,-0.42045256
-0.07750174,-1.2535322,-3.0492923,-2.457074,-1.2380348,0.8882071,1.4772878,1.0417935,-0.23853962,-0.7483715
-0.8558417,-0.6557362,-2.0957234,-2.5569842,-0.8429567,1.1353525,1.3704839,0.61650133,-0.18622364,-1.1248206
-0.17040813,-1.4781343,-3.5780923,-2.4671936,-0.71100247,1.1733528,1.6690739,0.6750169,-0.0049976236,-0.46478814
-0.19557865,-0.96904093,-3.390018,-2.750792,-0.9237978,1.163108,2.253462,0.9027553,-0.2740195,-0.7650901
0.036108628,-0.87469363,-2.3936446,-2.2831662,-0.4987209,0.91126984,1.4170637,1.0235739,0.2702585,-0.31245056
-0.45161486,-0.7423952,-2.7067177,-3.1521673,-1.1889176,0.8159869,1.7781453,0.61511886,0.52663153,-0.95036846
-1.264212,-1.4595244,-3.8863094,-3.7255483,-1.3256079,0.92328584,1.9364972,1.1847553,0.0075819064,-0.6393864
-1.0534426,-1.167484,-3.647481,-3.584738,-1.0565162,1.09216,1.9453655,1.194389,-0.056161363,-0.29423618
-0.59008515,-1.4182205,-3.5465884,-3.204818,-1.1244121,0.3154938,1.7699989,0.9228895,0.17749277,-0.17657606
-0.8768123,-1.6113192,-3.8983037,-3.327813,-0.6974238,0.56148005,1.8951535,1.0667104,-0.12771985,-0.28413817
-0.36908925,-1.2101568,-3.3996298,-2.8411186,-1.0244725,0.9238587,1.9842381,1.4240713,-0.09404202,-0.44637746
0.17049275,-1.1927619,-3.337034,-3.0280266,-1.8513443,1.13791,2.2475486,1.3600771,0.043112025,-0.3987074
0.20839462,-0.76889443,-2.630256,-1.6338805,-0.59740245,1.0816853,1.2178973,0.47762334,-0.06398474,-0.46157688
-0.37856936,-1.1961435,-2.8800676,-3.4474497,-0.90730697,1.1548499,1.7656654,1.1207765,-0.41231042,-0.6235164
-0.7365027,-0.83361715,-2.6218646,-2.4621189,-0.7593947,0.6957957,1.6109128,1.3157564,0.10979673,-1.1178085
-0.39722875,-0.8697806,-2.6450071,-2.3419106,-0.73881155,0.25193056,1.3840822,0.901055,0.11970729,-0.8303822
-0.4289667,-1.2637316,-3.382653,-3.1702855,-1.0270226,0.74863476,1.4887825,1.5871013,0.17131978,-0.26633218
-0.38145274,-0.8194495,-2.7762783,-3.5642753,-1.4534156,0.9154174,1.2236029,1.0268618,-0.06441606,-0.6319469
-0.22470324,-0.75586677,-2.7152705,-2.2019353,-1.0637834,0.39619938,1.6456708,1.1367509,-0.17286383,-0.88652635
-1.5193659,-1.3270465,-3.4492896,-2.9884439,-1.2139719,0.64453065,1.6868405,0.90072894,-0.33024994,-1.2123624
-0.9394122,-1.6291065,-3.5877347,-3.2228017,-0.66221976,0.60727036,1.894512,1.3728821,0.23715042,-0.75648487
-0.829225,-1.4385178,-3.4206178,-3.2092485,-1.0071564,1.0963169,1.4024442,1.3502386,-0.47162354,-1.1769917
-0.14237642,-1.4405559,-3.502559,-3.478803,-1.1700835,0.7293237,1.2967919,1.2026206,0.15205961,-0.20423776
-0.5336601,-1.0397464,-3.2102537,-3.502855,-1.2102779,0.96052164,1.8563787,0.6354118,-0.269476,-0.9294164
-0.49763706,-1.2484454,-2.954437,-2.7338438,-0.82291067,0.8543298,1.0233238,0.7393237,-0.30080578,-1.180344
-0.6222076,-1.2001967,-3.214327,-2.547826,-0.70689964,0.5867375,1.1869874,0.6117188,-0.16720583,-0.5395638
-0.5706718,-1.4572083,-2.323727,-2.689831,-1.1041572,0.95430374,1.9945031,0.74784285,-0.073245764,-0.34654242
-0.89764947,-1.0169687,-2.7764342,-2.5286727,-0.86448675,1.0370741,0.9958753,0.96575177,-0.28596327,-0.15702832
-0.41879684,-1.2538589,-2.8451376,-2.8792245,-1.5896493,1.0307815,1.616779,1.2901645,0.22459894,0.11227235
-1.0715923,-0.62066543,-2.9452302,-3.333067,-0.8515337,1.5053902,1.4688653,0.7285742,-0.293475,-0.047319677
-0.7419209,-0.80016,-3.403757,-3.3225646,-1.2058711,0.7618935,1.7474594,1.2463092,-0.011892844,-0.6735853
-0.18283537,-0.9900162,-2.622498,-2.6745484,-1.1714797,0.6577455,1.5633955,1.030719,0.6626127,0.25350803
-0.93376637,-1.5774521,-2.9551299,-2.7436254,-1.0262939,1.3786054,1.3663555,0.90359014,-0.7739427,-0.6576863
-0.3503116,-1.7455777,-3.1404796,-3.035788,-0.9980311,1.1314093,1.7656583,0.8823554,0.11823104,-0.82733166
-0.46130857,-1.063066,-2.8502173,-2.677425,-0.4575211,1.2242348,1.4187531,0.74473464,0.08120278,-0.8705474
-0.02925933,-0.3621424,-2.1789634,-2.1482952,-0.6708526,1.0423846,1.0460641,0.6894073,-0.09290725,-0.28668177
-0.15174745,-1.167538,-2.2028806,-2.6765447,-1.0194018,1.1617707,1.5942447,1.2868917,0.4712139,-0.25210127
-0.07045843,-1.3330452,-2.5727699,-2.5849097,-0.9753283,1.0886441,1.8377839,1.4968642,-0.019432342,-1.0537084
0.21946353,-1.2811521,-2.673274,-2.7077699,-0.97582847,0.88337755,1.7312381,1.4056563,-0.004084371,-0.565443
-0.51293164,-1.5724015,-3.5672748,-3.5957863,-1.260131,1.4044974,1.7134918,1.1988099,-0.1593519,-1.2739916
0.26907855,-0.46483725,3.6517806,-0.04258908,-0.109834686,1.5007691,0.2825094,-0.79265904,-0.46936095,-0.35272413
-0.3411107,-0.9444266,-2.8288593,-3.1191797,-0.6904247,1.4654646,1.7903289,0.9906679,0.1739194,-0.8399851
-0.16062163,-1.2879229,-2.7562704,-2.2188733,-0.9203009,1.0962291,1.0358182,0.85182667,-0.069993496,-0.5386619
-1.0024005,-1.3346155,-3.7335994,-3.6239944,-1.2245879,1.4223301,1.6739699,1.0546266,0.18651196,-0.1362825
-0.52553165,-0.58161867,-1.7151042,-1.8176671,-0.9523626,0.1753574,0.51911473,0.30545348,-0.45200536,-0.22266543
-0.29599196,-1.3185297,-3.4291556,-2.6018465,-0.7044025,0.4850118,1.6546478,1.4120873,0.17170434,-0.66155064
-0.8173376,-1.2753453,-3.6126902,-3.1216,-0.8820868,0.72529405,2.3476741,1.3882473,0.19551562,-0.5140134
-1.4952259,-1.5046451,-3.777821,-3.1180105,-1.2648444,1.0391884,1.7807248,1.2773829,-0.29744408,-0.038871817
-1.1064632,-1.1585253,-3.615257,-3.7523282,-1.0582823,1.45632,2.2697513,1.4599057,0.3008789,-0.17726375
-0.08856681,-1.2781516,-2.8016994,-2.9517202,-1.4449501,0.8411062,1.9265165,1.6220294,0.15104581,-0.5334885
-0.13581961,-1.3505224,-3.1832824,-3.1214056,-1.0778987,0.91929466,1.2516844,1.2180073,0.7407005,-0.514256
-0.16270258,-1.4080436,-3.1615233,-3.0077462,-1.41083,0.77520704,1.5479549,0.7544324,0.1593997,-0.5071026
-0.835763,-1.3918463,-3.5586915,-3.820756,-0.70070016,1.0733339,2.0652282,1.1185405,0.09281145,-0.6498951
-0.8687598,-1.3368337,-3.0206423,-2.4865198,-0.6793286,0.9261902,1.8173953,0.9512464,-0.24722888,-0.07810706
-0.74648345,-1.2343997,-2.8955367,-2.6133933,-0.5637338,1.1861261,1.7961211,1.3319987,-0.45994455,-0.5834666
-0.7272013,-1.2636924,-2.1965141,-2.4153042,-1.6992229,-1.505786,1.2330288,1.7584296,0.6861308,-0.51654655
-0.03711525,-0.92036283,-3.4106562,-2.6552422,-0.7163171,1.3090048,1.5597981,0.8231371,0.2125957,-0.071295775
-0.07402205,-0.15772614,-1.7334905,-1.5104811,-0.5136386,0.8754486,1.1638119,0.5913143,0.27838594,-0.31629583
-0.78500736,-0.81437147,-2.6920125,-2.945006,-1.1564909,1.1611625,1.8195585,0.4436515,-0.29841626,-0.18553714
-0.75543046,-1.6263492,-3.2438323,-3.446415,-1.1955274,1.1077584,1.225399,0.8208344,0.0030505052,-0.64865804
-0.72861624,-0.9732911,-2.750549,-1.9152623,-0.6639907,0.7118831,1.479269,0.69815224,-0.16736536,-0.40312392
-0.8511051,-1.3187711,-3.5101898,-2.9968877,-1.0609918,1.2419685,1.5224302,1.0916702,0.37879127,-0.19589555
0.29932103,-0.8690543,-2.161448,-2.0767767,-0.70876676,1.2416829,1.4520369,0.9056509,0.30746555,-0.17058691
-0.41042954,-1.5061429,-3.601519,-2.6706588,-1.0043073,1.0263624,1.4692438,1.2656887,-0.1059026,-0.66408753
-0.5580066,-0.5283572,-2.3403685,-2.5476937,-0.8868378,0.7167432,1.3866091,0.5901886,0.42613894,-0.35423923
-0.4540429,-0.027923742,-1.648314,-1.8255259,-0.4030654,0.96248096,1.7380719,0.92776453,-0.05631482,-1.1906084
-1.1616434,-1.5676247,-3.463285,-2.9871259,-0.70646197,1.3896946,1.5264715,1.2860692,-0.04228789,-0.7487033
-1.0508299,-1.1466997,-3.6095572,-3.1268315,-1.3693664,0.8175634,2.3142598,1.3686281,0.30954164,-0.30967188
-0.26578742,-0.5957297,-2.586321,-2.2240033,-0.2978277,1.6456243,1.6572007,0.9655895,0.02574038,-0.6221893
-1.1672797,-1.0704923,-3.521865,-3.4500823,-1.2844987,0.7647334,2.219014,1.2906731,-0.22211142,-0.41146123
-0.31605542,-1.0065534,-2.9013858,-2.2796133,-0.5214967,1.3652788,2.11937,1.4735246,0.010536683,-0.5971923
-0.47763926,-1.5000781,-2.8805518,-3.1106331,-0.9211676,1.1553148,1.7080967,1.1987934,-0.21796453,-1.1271286
-0.90833724,-1.257431,-3.7084637,-3.426298,-0.92649615,1.6552482,1.9403709,1.0494006,0.06952066,-0.86472213
-0.28863364,-1.6430559,-3.0096164,-2.2818985,-0.8361325,1.0677118,1.4178685,0.8477779,0.18813418,-0.45771176
-0.070880994,-0.9336923,-2.6614213,-1.9735544,-0.40823093,0.95160854,2.047123,0.873381,0.19967456,-0.79666734
-0.7179806,-1.1435376,-3.5879395,-3.379093,-0.5880706,1.0267537,1.4500718,0.7936295,-0.19434159,-0.43610796
-0.23431803,-1.2912806,-3.5014818,-3.2605011,-1.2781549,1.0334345,2.1415055,1.2502401,-0.20153905,-1.0170307
0.06710357,-0.8226046,-2.998993,-2.9710357,-0.432514,1.310618,1.4636962,1.3902541,0.6228393,-0.38707817
-0.022227857,-0.6918488,-2.526433,-2.0314934,-0.9645806,0.7110858,1.5958619,0.5172848,-0.47815764,-0.118112646
0.12402187,-1.0025723,-3.0700715,-2.8499608,-0.61794084,1.1053481,1.7803968,1.4164926,-0.12176563,-0.44392267
-0.30937713,-1.5666648,-3.8818498,-3.7258425,-1.2804669,0.83269686,2.0067172,1.6075418,0.46844268,-0.5508437
-0.73766,-1.6447369,-3.8720007,-3.166159,-1.1779972,1.0867556,1.8686684,1.0465952,0.39540482,-0.21684235
-0.15381251,-1.2515073,-2.8344278,-2.578027,-0.9188532,0.7620982,1.4721123,1.0823598,0.059531115,-0.05571567
-1.0064027,-1.007352,-2.603208,-2.5773869,-1.112484,0.7755016,1.5850884,0.7589768,-0.18946123,-0.3631493
-0.30431056,-1.9140457,-3.695502,-3.1656902,-1.2891161,0.61216956,1.888312,0.8686084,0.41872084,-0.40332267
-0.2962267,-0.93258744,-2.453219,-1.8904914,-0.35090625,1.4830384,1.1395541,0.7492739,0.045031566,-0.16848908
-1.0308468,-1.5288386,-3.6539636,-2.8916173,-1.1070839,0.9433915,1.5362935,0.30428955,-0.08398496,-0.6801767
0.05006864,-0.901023,-2.309583,-2.6579661,-1.3288049,0.5078591,1.7962482,0.55201983,-0.04498862,-0.87908334
-0.26364142,-1.6305099,-3.0014884,-3.1512084,-0.7803741,1.6786858,2.2149415,0.868491,0.16647519,-0.88093126
-0.076085165,-1.15147,-2.3176298,-2.456247,-0.9638097,0.98537785,1.3734708,1.3293046,-0.06421022,-0.9890047
-1.1963636,-1.1720548,-1.8736404,-2.5417216,-1.1446027,0.9290496,1.1939787,0.5728194,-0.44056296,-0.65799356
0.090050176,-1.2363149,-2.6195557,-2.072941,-0.9480168,0.94495445,1.2231525,0.95410806,0.24606384,-0.26562333
-0.7990495,-1.7208037,-3.8425972,-3.7354846,-1.3395259,1.5288076,2.3213346,1.5369014,0.3491011,-0.6772747
-0.20090881,-0.50885206,-2.187234,-1.9963256,-0.34122953,0.99362147,0.7864387,0.545242,-0.23985855,-0.18915
-0.7637243,-1.1849604,-3.0052888,-3.0705442,-1.1446635,1.0428534,1.5434914,0.9773358,-0.09227002,-0.10846165
-0.06823467,-1.143944,-3.3570628,-3.0349207,-1.2470752,1.4276248,2.302126,1.4388393,-0.05645407,-0.6591864
-0.39027646,-1.649841,-3.699807,-2.6743572,-1.0493128,0.8709467,2.405839,0.74794793,0.14464243,-0.4005953
-0.6895806,-2.782229,-3.9093895,-3.0910015,-0.9276859,1.7341489,2.304457,1.3566854,0.007118859,-0.9647911
-0.061234973,-0.76335675,-1.9734098,-2.0378597,-0.77705634,1.031029,1.4448777,0.83723277,-0.0022559417,-0.84306455
-0.17699619,-0.82965034,-2.2004197,-2.0989969,-0.5355775,1.0132897,1.2242714,0.6410022,0.051949795,-0.2827113
-1.260317,-1.4398929,-3.4878857,-3.795818,-1.481097,1.0226221,2.1079705,0.8753489,-0.010619605,-0.49821946
-0.20295757,-1.4577304,-3.183823,-2.4950418,-0.6303223,1.347236,1.7733896,1.4108396,0.2223701,-0.9404821
-0.61015075,-1.0745449,-2.0046299,-1.6496805,-0.84904045,1.196387,1.2148731,0.42378137,-0.66021866,-0.56602955
-0.5162411,-0.78863907,-2.7492976,-2.1137033,-1.0110412,0.5515539,1.8007517,1.0264337,-0.23252578,-0.5438513
-0.27322772,-0.9255685,-3.3308487,-3.4788878,-1.3397495,0.9921639,1.8239421,1.3133513,0.19877094,-0.75084406
-1.2149041,-0.47421095,-3.1648366,-2.9362185,-0.6389437,0.9552609,1.4491513,0.55812067,-0.42024717,-0.76086736
-1.5397865,-0.9372331,-2.1829307,-2.4059722,-0.73756343,0.5775906,1.5530658,0.22533827,-0.12124001,-0.50247157
-1.0096152,-1.1584883,-2.5536075,-2.6525967,-1.2753857,0.992887,1.4208883,0.88542664,-0.31808454,-0.38509685
-0.2619741,-1.8241338,-3.3962417,-2.751133,-0.97453743,1.2922957,1.6942973,0.5530142,-0.84681654,-0.7176635
4.473746,-1.4917458,-2.8689964,-2.7412853,-0.5405735,1.4531784,2.363953,1.986483,-0.041417453,-1.2694366
-1.0067056,-1.3132632,-2.8750238,-3.4825077,-1.1899096,1.3959688,2.2568102,1.2475626,-0.47668827,-1.1346161
-1.1476378,-1.2931728,-3.3323848,-3.8740628,-1.4864403,0.59848005,1.5495509,1.208615,-0.24526492,-0.6746399
-1.5356888,-1.174204,-3.1454992,-2.965098,-1.0817895,0.77990603,1.659695,1.2202511,0.25300276,-0.42236105
-0.03433143,-1.1516495,-3.262611,-2.7538788,-0.9383832,1.0339979,1.1031841,0.87876827,-0.3365897,-0.52290565
-0.70229167,-0.3098366,-2.8178406,-3.2015085,-1.7098627,0.909231,1.3988756,0.9746558,0.2539298,-0.5229042
-0.7635661,-0.759268,-3.1260355,-2.9950664,-0.72950274,1.2367175,1.5217516,0.78721917,-0.046431787,-0.38845378
-0.85678923,-1.483531,-2.901282,-2.6773753,-0.66163164,0.915105,1.8973197,1.0583937,0.7849127,0.16534095
-0.35550672,-1.0029967,-2.8602464,-3.3975165,-1.1832769,1.6192857,2.5710878,1.3505085,-0.23681088,-1.180954
-0.2964965,-1.0324315,-2.5684679,-3.0025737,-0.781566,1.1617771,1.1744494,0.5070367,-0.2089821,-0.47373316
-1.119865,-0.8229993,-3.0555208,-3.1015677,-1.4701884,0.78884065,1.7453427,1.4605323,0.24222015,-0.54662603
-0.52685136,-1.4445049,-3.8340702,-3.773681,-1.009604,1.1793116,1.9778317,1.5424289,0.44006282,-0.98157346
-0.6882581,-1.0347165,-3.687825,-3.054444,-0.9775553,1.0712091,2.261304,1.3023295,-0.6042656,-0.6099285
-0.6828011,-1.1567273,-3.4869614,-2.9945529,-1.5943092,0.6986859,1.7598099,0.772056,-0.31197757,0.07899524
-0.82595104,-1.1614784,-3.056256,-2.812148,-0.7112102,0.93732876,1.4477754,0.93062997,0.19561529,-0.5226591
0.009862628,-0.5320337,-2.5132153,-2.8395865,-0.7357321,0.9693805,1.076403,0.7768981,-0.2083861,-0.61519206
-1.0357977,-0.6931492,-3.2428973,-3.0529604,-1.0032113,0.84311587,1.39448,0.49788737,0.18549721,-0.03429636
-0.82785636,-1.3371406,-3.0105348,-2.3650763,-0.33771348,1.2928039,1.6615882,1.4438225,0.062369905,-1.2370583
-0.5641093,-1.05604,-2.7714508,-3.1818826,-0.5108103,1.260652,2.0550172,1.0695565,-0.6228342,-1.5847718
-0.47186193,-1.0408211,-2.0557497,-1.7131978,-0.40252662,0.5192098,0.9726954,0.7052596,-0.5429252,0.08085571
-0.94251287,-0.8596561,-1.933944,-1.6521078,-0.42958194,0.6496045,0.7554296,0.4513333,-0.35470328,-0.86741173
-0.40433592,-1.0136759,-2.9768167,-2.9029584,-0.687744,1.104201,1.2605526,0.9537273,-0.09018776,-1.0668864
-0.42801932,-0.952191,-2.2325094,-1.9461737,-0.82111186,1.0403048,1.3996484,0.6481037,-0.097165115,-0.6565605
-0.31848282,-0.97585034,-2.9022837,-2.386613,-0.6677959,0.64399624,1.193945,0.9425989,-0.17988744,-0.88175684
-0.30470166,-1.5769025,-2.639363,-3.0634682,-0.9738082,1.3340586,1.9912101,1.4930463,-0.1379411,-0.54637873
-0.4211796,-0.9561653,-3.2052753,-2.9989884,-0.8971365,0.9403246,1.434324,1.0787529,0.5229745,-0.4695026
-0.34213823,-0.9753963,-2.167518,-2.2468343,-1.1567967,0.8184916,1.8869929,1.6520747,0.4380533,-0.2746355
-0.3053288,-1.4255362,-3.326431,-2.9654856,-0.66937274,0.93871105,1.8680929,0.94106877,0.026701577,-0.2550962
-0.38523728,-0.8132076,-3.0481317,-2.9156373,-1.449067,1.0672249,1.6234573,1.0815406,-0.23710403,-0.11750576
-0.928962,-1.5250082,-2.697013,-2.3606303,-0.66896355,0.92332137,1.5251516,0.8991219,-0.042599376,-0.71856624
-1.5798918,-1.7883751,-3.866779,-3.8116608,-0.8390092,1.2239344,1.6385798,1.0349585,-0.017581426,-1.0694625
-0.48664138,-0.7126934,-1.9979094,-2.7524722,-1.4955474,0.9022463,1.4686526,0.8142211,-0.03162888,0.33240393
-0.49682206,-1.4203323,-3.6104574,-3.32002,-1.1665984,1.1274137,1.9344221,0.81483376,-0.43276042,-0.94163823
-1.1189815,-1.3902651,-3.0083146,-3.2236474,-1.1345052,1.2316422,1.7650478,1.2684782,0.07894253,-0.4864395
-0.35499427,-1.6557962,-3.6258025,-3.6400418,-1.461779,0.9796061,2.118052,1.5351526,0.07189499,-0.61682177
-1.0123947,-1.4180696,-3.2478182,-2.6435876,-1.4310607,0.95860744,2.2754822,1.0150454,-0.5043132,-0.8539155
-0.092079915,-0.8276252,-2.470065,-2.4640691,-1.1432213,0.99879587,1.2243775,0.9041532,0.01203139,-0.6032849
-0.8315527,-1.1802049,-3.3456383,-3.1285663,-1.6040537,1.2856435,2.1545086,1.0126158,0.39302966,-0.4895096
-0.18066613,-0.811516,-2.9729636,-2.269422,-0.8208477,1.450157,1.2676746,1.1311553,0.19159219,-0.8734725
0.00973275,-1.7141201,-2.276168,-2.6072416,-0.8565747,1.325178,2.2747371,1.1751757,-0.28770646,-0.912236
0.32342988,-0.8935308,-2.8998466,-2.2638838,-0.57650924,1.7233992,1.9019645,0.8738637,-0.012132111,-0.21120642
-0.7317566,-1.9337169,-3.806365,-2.9743903,-1.106469,1.2964749,1.9405245,1.1940621,-0.30833313,-0.89934325
-0.6224055,-2.374073,-3.8029132,-3.4099917,-1.1487732,1.0102627,2.3228736,1.9405485,0.13366435,-0.8276802
-0.23429112,-0.4959364,-1.8057215,-2.1046429,-0.6481897,0.70021194,1.111554,0.45084402,-0.14518033,0.28901672
-0.96343994,-1.6880405,-3.4164612,-3.0639207,-1.0448923,1.4345975,1.7839488,1.3077971,-0.033617184,-0.906213
-0.3360039,-1.2202964,-2.3717809,-2.516498,-0.62354493,0.6275685,1.3292434,0.7147912,0.35758907,-0.73574275
-0.65915775,-0.17253843,-2.0507588,-2.5157743,-1.1309088,0.5918046,1.563196,0.8507228,-0.009975284,-0.034963686
-0.7540427,-0.7749168,-2.9921021,-3.3665433,-1.5512677,0.8727103,1.7429057,1.1548294,-0.55392945,-0.5205295
-1.126025,-0.7778388,-1.7357177,-1.9085069,-0.8489491,0.52434283,0.77790284,0.3508571,-0.6686192,-0.46299943
-0.42382723,-1.1547811,-2.6482854,-2.2014744,-0.45326382,0.98191476,1.2726618,0.8048967,-0.30051973,-0.08014629
-0.4171496,-0.55455214,-2.288585,-2.8506255,-0.970844,0.8104741,1.3079423,0.9683872,-0.63925606,-0.7520538
-0.5546085,-0.9930392,-3.2884252,-2.734662,-0.9820777,1.2953242,1.8932694,0.7734522,0.08915751,-0.5363981
-0.84679765,-1.3924161,-2.7071998,-3.028526,-1.151596,0.86455834,1.396644,1.3008726,-0.1605074,-0.9933223
-0.5214865,-1.515264,-3.2793925,-2.3202164,-0.46171686,0.896444,1.6816422,0.6082843,0.2602393,-0.67874134
-0.6567306,-1.0365815,-3.7216787,-3.7518933,-0.7882055,1.2863058,2.0662308,1.7142313,0.22776331,-0.39559174
-0.7085636,-1.7058654,-3.7168384,-3.193362,-0.6294395,1.6431684,2.2527153,1.071233,-0.15844691,-0.7599922
0.063523665,-1.3064287,-3.307567,-3.4850833,-1.1285287,1.7774996,2.140499,1.2270032,0.11269631,-0.8341101
-0.36519015,-0.63820744,-2.555977,-2.6208074,-0.6949608,1.2834626,2.3097696,1.2595606,0.3451537,-0.6359314
-0.43044218,-0.67638576,-3.550616,-3.4843326,-1.1808248,0.7323679,1.6109492,1.0858682,0.13122246,-0.18655401
-0.45036605,-1.0333034,-2.9807925,-3.1218014,-1.3883966,1.0414032,1.6752956,0.912411,-0.036502697,-0.23072793
-0.43227464,-0.8876972,-3.248504,-2.6999466,-0.7830687,1.1225377,1.2726821,0.62705445,-0.50043404,-0.5806224
-0.25300083,-1.6557952,-3.1420717,-3.1159503,-1.1267029,0.9900906,1.6714312,1.1481622,-0.20379958,-0.84837264
-0.91309077,-0.7822323,-2.0192828,-2.1747077,-0.6275212,0.8345599,1.4380634,0.33901435,0.044201586,-0.24885547
-0.47290444,-1.3865938,-2.8907683,-2.2256184,-1.1841804,0.30160803,1.0654756,1.0583797,0.48832828,-0.41617474
-0.69725263,-1.3421363,-2.6491823,-2.1320355,-0.5253626,0.90488195,1.6388971,0.91333884,0.25976476,-0.42728814
-0.43688568,-0.513342,-2.637487,-2.7297242,-1.1133583,0.86298674,1.0038588,0.8185337,-0.5578574,-0.24164455
-0.4208348,-1.4024247,-3.738826,-3.4908314,-1.1631306,0.9991987,2.2264988,1.6546924,0.44409662,-0.13704328
-0.3890156,-1.2925292,-2.261747,-2.233437,-0.61263597,1.0617822,1.2288946,0.91450524,0.09071122,-0.6433789
-0.49921387,-0.7776222,-1.7249147,-1.3993268,-0.64972043,0.35678783,1.0772698,0.27793097,-0.6853138,-0.22486289
-0.76059455,-1.7601931,-3.717686,-3.7923956,-1.2854074,1.3471664,2.25929,1.2872906,0.15659675,-0.31533548
-1.0065782,-0.97670794,-3.4655967,-3.6180737,-1.1462668,1.0374963,1.9261101,1.3169917,-0.20882283,-0.26034498
0.19317289,-0.99189126,-2.7266877,-2.6706946,-1.4978337,0.7153021,1.4784179,0.84711224,-0.18951447,-0.69170463
-0.23615739,-1.652135,-3.7556348,-3.7336013,-1.3552668,1.0627766,2.2153642,1.5617543,0.19094132,-1.1766415
-0.16032077,-1.1674321,-2.6119916,-2.5525844,-0.99707896,0.79118073,1.6376506,0.7037902,-0.2261394,-0.43890703
-0.43270195,-1.1845425,-3.4355702,-3.2466354,-1.8347158,1.0060374,2.038488,0.9083393,0.66040355,-0.3840809
0.065953955,-0.6260695,-2.9471633,-2.61065,-1.5091358,0.82920396,1.6598876,0.91412807,-0.07439729,-0.24018008
-1.0333738,-1.2069695,-3.0501769,-2.952939,-1.2649126,0.72545046,1.5622171,1.3957981,0.079478346,-0.22041538
-0.058610924,-1.793475,-3.8813233,-3.2335024,-1.0417421,1.2238597,1.9531631,1.0800631,-0.23531973,-0.875069
-0.92198247,-1.2406981,-2.4198852,-2.2769072,-0.8866122,0.83785033,1.5958822,0.8183678,0.038177345,-0.58703214
-0.9447919,-1.5521371,-3.5051494,-3.4195967,-1.1380233,1.2930201,1.846334,0.89575905,-0.08908738,-0.65030366
-0.52509415,-1.1942337,-3.507653,-3.0812695,-0.724841,0.62394875,1.686607,1.6084998,-0.3868648,-0.7323795
-1.1923474,-1.1783075,-2.1877408,-2.2968626,-0.76532006,0.8730782,1.5753481,0.5605142,-0.30069056,-0.28869733
-0.45591784,-0.8685119,-2.693929,-3.4142427,-1.338891,0.55945116,1.0406445,1.0242746,0.13269666,-0.810176
-0.92459965,-1.2834384,-3.065334,-3.4227881,-0.6725816,1.1487094,1.86296,1.4825368,0.15119542,-0.8223615
-0.088879295,-1.1185566,-3.2930768,-3.0054965,-0.58375394,1.0869989,1.7820791,1.115874,0.022160148,-0.56017274
-0.9710002,-0.73580176,-2.6334283,-2.3590012,-0.88668436,0.78864926,1.6693295,0.99395865,0.23001122,0.034019705
-0.35331333,-0.8217536,-3.5899854,-2.9121351,-0.8569038,1.5079514,1.8340522,0.89983803,0.36331314,0.04005229
-0.7877015,-1.2228055,-2.6581066,-2.8728077,-1.4828129,-0.8223888,0.9798817,0.89535624,0.2650943,-0.5471065
-0.21168365,-1.1341647,-3.429512,-2.7362175,-1.3733821,0.99831694,2.1041474,1.1849245,0.4419769,-0.046125885
-0.56694186,-1.4033506,-2.73348,-2.8602886,-0.90798587,1.1469898,1.9908875,1.4413067,0.19885878,-0.8295217
-0.22917351,-1.1829351,-2.5989342,-2.8898122,-1.0187321,0.79306865,1.1843323,0.30572522,-0.44081885,-0.102248125
-0.30395558,-1.4327989,-2.8973405,-3.5075152,-0.76730394,1.8395889,2.2974784,1.1811031,0.14672156,-0.032886636
-0.40218535,-1.030522,-3.390156,-2.351635,-1.2418745,1.1084325,1.5452288,0.58380294,-0.2153314,-0.45102286
-0.16017705,-1.2537307,-2.7883759,-2.0379136,-0.56459147,0.5183866,2.1380284,1.084643,-0.0053418544,-0.49576902
-0.8797986,-1.5485191,-2.9474103,-3.0421007,-0.8831204,0.56855524,1.3991904,0.7492797,0.106373295,-0.7369389
-0.2616564,-1.1822108,-3.4767652,-2.7963154,-0.835697,1.161791,2.0963967,1.4317329,-0.14086378,-0.5159374
-0.6099609,-1.2792639,-2.6217005,-2.859585,-1.1924735,0.6589808,1.3758609,0.43494505,-0.3231374,-0.25608724
-0.8083635,-1.4471,-3.63111,-2.6087723,-0.8083372,0.81528276,1.5907342,1.1699914,0.21038252,-0.24696502
-0.020768596,-1.0889869,-2.0832224,-2.0883374,-1.1201323,0.8681038,1.1146644,0.69500875,-0.08546296,-0.5079533
-0.52924883,-1.5331264,-3.3517017,-3.63035,-1.0424225,1.3090849,1.7899337,1.4106652,-0.014627306,-0.717724
-0.3397836,-1.4200758,-3.0392976,-3.3052773,-0.6803606,1.3223715,1.9592109,1.5728146,0.05313866,-0.5403268
0.005549231,-1.1461426,-3.0050752,-2.5296884,-1.3980702,1.0286429,1.6407659,0.77188253,0.54503834,0.01669668
-0.9922948,-1.044498,-3.6172621,-3.1454122,-0.52574486,1.1454159,1.668991,1.1919608,0.14240226,-0.32305327
-0.36851937,-0.8898729,-2.2240627,-2.0522373,-1.2258854,0.8722042,1.7473922,1.1332855,0.1408668,-0.6420897
-0.4989794,-0.9842743,-3.1472285,-2.8317707,-1.0645144,0.46415958,1.5671505,1.2424864,0.122175835,-0.49639696
-0.045779835,-0.92795223,-3.661586,-3.2571697,-0.92199224,0.9924466,1.9495859,1.4505546,0.85280657,0.27097756
-0.5151991,-1.0941907,-2.6939113,-2.1828763,-0.55181295,0.91330147,1.669743,0.9224463,-0.23980896,-0.14259137
-0.8358811,-1.280035,-3.6524515,-3.2478645,-0.972338,1.2837133,2.0600483,1.5534267,0.21092138,-0.66921294
-0.2525052,-1.4970967,-3.744597,-3.4715128,-1.5120388,1.5906931,2.2053616,1.1668824,-0.15492785,-0.2837814
-0.6916776,-0.8300612,-2.4587777,-2.5846663,-1.6176765,0.7859289,1.7273622,1.1128302,0.114376985,-0.030939464
-0.97527635,-3.741253,-4.2317348,-4.4608235,-1.5763671,0.85758835,2.386308,2.1386657,0.4125469,-1.5272753
-0.7586226,-1.2260422,-3.3317492,-3.6133497,-1.0519208,1.1028534,1.919057,0.71382695,-0.42144826,-0.47843054
-0.4273445,-1.2805918,-3.209078,-3.0816064,-1.4189906,1.4674722,2.3099124,1.9031041,0.2666645,-0.84639037
-1.4846711,-1.2605187,-3.8017492,-3.8328934,-1.6247395,1.2098893,1.8545958,1.3555019,-0.01180889,-0.8208741
-0.099099755,-0.864749,-2.6073658,-2.067327,-0.5232126,1.4132129,1.4630082,0.8205908,0.16199633,-0.3346061
-0.5519874,-1.1531438,-2.926423,-2.763855,-0.7603301,1.5298232,2.026118,1.423866,0.21588719,-0.9477588
-0.72791356,-0.82535,-2.5866368,-2.3741875,-0.52934855,1.463393,1.5393888,0.9375273,-0.27502736,-0.29034692
-0.7267625,-1.7924707,-3.5847447,-3.355354,-0.772711,1.2224023,1.6686286,1.2995697,0.08774605,-0.7295773
-1.3981992,-1.5158463,-4.074666,-6.8227477,-1.5067725,0.78719026,2.1815343,1.8819797,-0.1762997,-0.072068475
-0.58709186,-1.3875834,-3.3861666,-3.6483486,-0.74742305,0.99812365,1.858826,1.268166,-0.4243793,-0.4194617
-1.0125151,-1.4482274,-3.31243,-2.7578042,-0.6699619,1.6090567,2.1576009,0.77163315,-0.22634175,-0.860649
-0.22296068,-1.2373065,-3.5130382,-3.3746166,-1.0636246,0.86906374,1.6285928,1.061052,0.55945224,-0.2703901
0.17131275,-0.97536826,-2.868269,-2.5295155,-0.79224944,0.65177894,1.2003347,1.2318137,-0.24275321,-0.7311642
-0.66299933,-0.9481753,-3.5903013,-3.528628,-0.8381215,1.693509,1.8735843,1.2259071,0.37435684,-0.7034313
-0.9379972,-1.5404689,-3.4761314,-2.986361,-1.2422495,0.9018377,1.9797225,0.7251393,0.010202565,-0.823975
-0.9913721,-0.64711493,-2.7472208,-3.230231,-1.0316819,1.2168964,2.0869725,0.9836996,-0.516748,0.00796021
0.008494092,-1.4589366,-3.5645623,-2.679464,-0.9950006,1.0848745,1.4354116,1.1634389,-0.02962717,-0.9125213
-0.29389918,-0.7200083,-3.2894173,-2.7984996,-1.0854665,0.5629973,1.7632375,1.247952,0.3279329,-0.05039384
-0.82795274,-1.2452551,-3.2845829,-3.171849,-0.67467695,1.2005172,1.4288205,0.49503255,-0.0728572,-0.9639128
-0.89024353,-1.1443975,-2.6166127,-3.1161325,-1.3013259,0.7842945,2.1692579,0.72247136,0.009866353,-0.7727382
-0.2447736,-1.5296422,-3.6650596,-3.1410356,-1.4970217,0.92766505,2.2875967,1.2465098,0.18595056,-0.9911055
0.10516069,-1.2937683,-3.0806854,-2.3737717,-1.1051471,0.7546798,1.7002071,1.1134698,-0.04943824,-0.47532794
-0.32000938,-0.8635604,-2.0543075,-2.2712069,-0.4479354,1.6199336,1.6314354,0.5601638,-0.2354374,-0.52055985
-0.32742652,-0.88560665,-2.206145,-2.8914511,-1.1587912,1.0929389,1.629058,0.6789542,-0.009189313,-0.4135144
0.02607294,-1.351783,-3.665278,-3.1942952,-1.1037868,1.2879913,1.8513786,0.700135,0.10090068,0.12555496
-0.66433275,-1.4345726,-2.425118,-2.8948274,-1.5602,1.1164966,2.33021,1.2400136,-0.6715702,-0.5385784
-0.9917402,-0.68336564,-3.0359628,-3.030871,-0.8741033,0.47500825,1.4943736,0.8625965,0.28502148,-0.31422746
-0.35770017,-0.99358267,-3.4140627,-2.988001,-0.98275274,1.5931472,2.3380566,1.2277403,-0.012514485,-0.76092815
-0.808715,-1.0430267,-3.0303934,-3.618163,-1.2027339,0.565483,2.02724,1.2083706,-0.17971586,-0.4140372
-0.83718204,-0.99333304,-3.0967712,-2.905205,-0.7941698,1.6491948,1.9279151,0.60352844,-0.35668707,-0.91058993
-0.532752,-1.5211828,-3.1400728,-2.6193757,-1.0431085,1.1800432,1.5897709,0.60709673,-0.11527472,-0.7261906
-1.074815,-1.8311893,-3.8013003,-3.038441,-0.9945883,1.5800251,2.1436496,1.3846703,0.5817878,-0.948095
-0.5058743,-1.2460517,-3.0627704,-3.0344903,-0.82127386,1.1715946,1.6487741,1.1604583,-0.27377677,-0.37470964
-0.16436839,-0.41656822,-2.2373927,-1.6162564,-0.44502,0.7113014,1.3502572,0.61239547,0.02980094,0.22726984
-0.052525688,-1.1053163,-3.540151,-3.201618,-1.554353,0.88195944,1.536493,1.2475989,0.19600007,-0.6198518
-0.809697,-0.5493312,-2.919893,-2.7913527,-0.6497115,0.9333039,1.2132113,0.6181458,-0.20876332,-0.50234044
-0.469319,-1.3567226,-2.6699815,-2.48923,-0.4448306,1.3937429,1.6439024,0.8510243,-0.20004219,-0.7274556
-0.12181163,-0.7764883,-3.119884,-2.2080927,-0.65486026,1.2066382,1.4389875,0.6914402,0.12687016,-0.44113615
-0.6229707,-0.49919897,-2.9229739,-2.7507274,-1.5634392,0.5272218,1.3550465,1.3781413,-0.09235322,-0.8205527
-1.3676295,-1.1316905,-2.6619265,-2.7170675,-0.95038337,0.745488,1.2049663,0.9385153,-0.004781106,-0.83389556
-0.44293314,-1.3458343,-3.214549,-3.0172772,-1.2904755,0.75124764,1.5557256,1.1897211,0.23175412,-0.52415925
-0.5822134,-0.568041,-2.516991,-2.684623,-1.401946,0.91319317,1.7660233,0.7891127,-0.65594846,-0.21782671
-0.7093763,-0.7278939,-2.8304312,-2.7692165,-0.8962501,1.0840446,1.4253762,0.72805226,0.05118058,0.11660699
-1.0590137,-1.1630287,-2.9051843,-2.6815114,-1.4606576,1.0342658,1.6246963,0.6396197,0.15850961,-0.15013817
-0.60385406,-1.1325494,-2.8861353,-3.0458481,-1.2135164,1.4687339,1.7073575,1.601972,0.34699014,-0.33865502
-1.2058114,-1.0069754,-2.5474238,-2.764619,-1.3013685,1.1967194,1.8270954,0.95642245,-0.24702139,-0.3397189
0.056144044,-1.0114115,-2.9494517,-2.4645994,-0.7034118,0.99945956,1.5854435,0.63605064,-0.3407428,-0.6495794
-0.11847072,-1.3480101,-2.619053,-3.1399739,-1.394207,1.0367904,1.7017899,0.67720956,0.4194913,-0.049273845
-0.35208073,-1.393722,-2.9905934,-2.840096,-0.99623686,1.3318403,1.7189988,1.3108596,-0.14124197,-0.366003
-0.2930516,-0.76402485,-2.3768685,-2.7025294,-0.7824366,1.5168034,2.127213,1.1257434,-0.39190274,-0.894846
-0.67595905,-1.5299169,-2.9852176,-3.2550712,-0.7425471,1.3289319,2.2636418,1.2022829,0.34092847,-0.24374203
-0.72121435,-1.1511672,-3.110712,-2.6099548,-1.3590689,1.0260047,1.4072281,0.41061142,-0.18138565,-0.89728904
-0.766257,-1.2096591,-2.7121348,-3.1154947,-1.277892,1.2070732,1.6509527,0.62592196,-0.44748795,-0.5777278
-0.24858174,-1.3111881,-3.418933,-3.1188667,-1.1944941,0.7547727,1.7480705,0.7198783,-0.27775082,-0.2832549
-1.2054192,-1.1373857,-2.7507365,-3.0590224,-1.3047951,0.5399893,1.2269909,0.39979413,-0.29247653,-0.052070096
-0.958753,-1.5730714,-2.6415684,-2.8628397,-0.7597983,1.3470563,2.0538511,0.86606926,0.07711044,-0.26105306
0.0238402,-1.8802315,-3.688792,-2.6865873,-0.49751976,1.06141,1.9471135,1.2618086,-0.010645133,-0.62280375
-0.8869838,-1.852152,-3.8977888,-2.7463267,-1.3202405,0.6915136,1.9698089,0.83538586,0.30927104,-0.96004057
0.008218234,-1.1240437,-2.3988445,-2.2122843,-0.44853115,0.756312,1.8104681,0.75878966,-0.04202102,0.33259687
-0.8246629,-1.153448,-3.0185287,-2.0394707,-0.71551615,0.82226044,1.1802653,0.604771,-0.08481236,-0.69242126
-0.5274578,-0.66838515,-2.6376145,-2.6779137,-0.9762911,0.43349564,0.9065245,0.7819485,0.33415475,-0.0576564
-0.59574324,-1.3217163,-3.7641168,-3.6380641,-1.0486202,0.96527773,2.1336443,1.2565656,-0.122318424,-0.98777586
-0.6972843,-0.7007779,-3.2180285,-3.479294,-1.0114388,1.2604113,1.9492288,0.99943614,-0.10567446,-1.4552958
-0.33009067,-1.6164844,-3.4673638,-3.2728994,-1.2307721,0.99869144,2.0595362,1.2466487,0.23576236,-1.0697131
-0.87620056,-0.8382491,-3.3148825,-3.4254537,-1.562144,0.54555434,1.8685429,1.1903356,-0.104970545,-0.37777755
-0.3483837,-0.3759181,-3.3519685,-2.8891633,-0.9029816,1.1377105,1.2722962,1.077514,0.0001663449,-0.32262513
-0.6964714,-1.2648269,-2.248822,-2.8053577,-1.1724339,0.57861185,1.7408041,1.1681217,-0.56735456,-1.5473697
-0.8733777,-1.1685932,-2.4791348,-1.9204428,-1.1399733,0.5542736,1.0942558,0.7264651,0.1543609,-0.14868478
-0.6367559,-1.3444382,-2.682707,-2.6864808,-0.85746163,0.5582999,1.3995473,0.7710281,0.04007341,-0.7350694
-0.625103,-0.5999216,-2.2431262,-2.4093285,-1.0522377,0.9505006,1.6674819,0.71637,0.31025958,-0.6991247
-0.42955917,-0.9831445,-2.8610313,-3.0314465,-0.76340616,1.1910676,2.108747,0.62079585,-0.16463986,-0.83130217
-0.38856742,-0.6064937,-2.6514525,-2.2646854,-1.3387084,0.38204184,1.4452347,0.31002647,-0.14881489,0.4153274
-0.84758824,-0.16696414,-2.141518,-2.3223376,-1.1364815,0.64551574,1.27264,0.29062048,-0.09785491,0.20987669
-1.0716083,-0.5169778,-2.861533,-2.6891222,-1.1843717,0.7865376,1.2698402,0.7450865,0.050666105,-0.21010602
-0.5488202,-0.7238288,-3.1791255,-3.3811462,-0.4418105,1.2403885,1.5811046,1.3691336,-0.04351862,-0.55229855
-0.19001831,-0.7177787,-3.1320882,-3.711417,-1.4024101,0.7026613,1.4716593,0.8950311,-0.15586679,-0.28377905
-1.0006384,-0.8483824,-3.4216383,-3.207772,-1.0783901,0.7381015,1.5767239,0.551444,-0.4574965,-0.06277282
-0.10580004,-1.1585112,-2.4600387,-2.5311217,-1.605771,0.47824836,1.6182376,0.67029154,-0.053018123,-0.3750456
-0.33163568,-1.1690941,-3.0332594,-2.4882352,-0.51399153,1.0573709,1.912514,1.6385478,-0.2165909,-0.9017412
-0.70593584,-1.1635426,-2.8995078,-2.456996,-0.48350808,1.4924076,1.7558067,0.8284815,-0.5450686,-0.5725864
0.034006972,-1.0529022,-2.7805557,-2.6248732,-0.9970141,1.2396398,1.4009104,0.74601316,0.31926796,-0.25169432
-0.7807079,-1.8155693,-3.4559073,-2.7211378,-0.75550884,1.4388938,1.9848101,0.882974,0.34956577,-0.81779385
-0.8667988,-1.6337686,-2.9495254,-2.897565,-0.88416773,0.9017936,1.2797536,0.95982623,0.16880468,-0.6433423
-0.34700322,-0.88797474,-2.1487923,-2.1041446,-0.8680927,0.99511814,1.8029323,1.3864651,-0.16509804,-0.8213497
-0.37222832,-0.9307968,-3.4721236,-2.8994539,-0.6870406,1.1220626,1.6216704,1.0824314,0.4015872,-0.12913959
-0.11473466,-1.6551503,-3.8049643,-3.867822,-1.3940026,1.3950124,2.2965403,1.0706477,0.22153461,-0.62008125
-0.54449505,-1.1185421,-3.7300549,-2.9940684,-1.5245416,0.43033713,2.195682,1.3400021,0.7180088,-0.46306825
-0.5155966,-0.968464,-2.3521652,-2.6336737,-1.3340094,1.1762745,1.9270467,0.6185429,0.049908638,-0.21667962
-1.1484106,-1.7861971,-4.0109906,-3.448725,-1.3420517,0.8361319,1.9497864,1.5499835,0.61479014,-0.86769503
-0.48488322,-0.87200356,-3.1949542,-3.3265364,-0.8706875,0.9524357,1.0885375,1.4653684,0.5662628,-0.75132287
-0.09102118,-0.73251456,-2.1352003,-2.0107212,-0.8286963,0.98139334,1.1032033,0.5002732,-0.23982732,0.051107135
-0.86269695,-0.9371166,-3.2422454,-3.3839061,-0.5678764,1.642313,1.8203734,0.68311584,-0.05212532,-0.79783386
0.1648602,-0.9389647,-2.5775285,-2.5994723,-1.5290638,0.55081785,1.4356703,0.9683484,0.5079039,0.33532834
-0.38568777,-0.73716676,-2.4710493,-2.2273808,-0.63037676,0.82159007,1.4128529,0.49555922,-0.14189476,0.2061057
-0.16407903,-0.885994,-2.0130818,-2.2169292,-0.69533646,1.2096909,1.4332397,1.0999473,0.19334781,-0.76510084
-0.22664817,-0.7105771,-2.8919997,-2.8819396,-0.686928,0.9097839,1.5578036,0.89077556,0.23090881,-0.20787297
-0.41314134,-0.8606348,-2.689019,-2.8258197,-1.2278105,0.91639084,1.810649,0.89435637,-0.3892764,-0.69725245
-0.6392683,-0.6045316,-2.3359425,-2.6207645,-0.8034129,1.1294519,1.0645581,1.0178541,0.26624832,-0.34208587
-0.45815647,-1.1546992,-3.6744218,-2.8928778,-1.3959289,1.0139549,2.1957104,1.0264484,-0.015797434,-0.55217445
-0.22913669,-0.90861094,-2.3751595,-2.1470425,-0.25964752,1.2064228,1.3479724,1.0177383,0.06915011,-0.93272185
0.011026137,-1.475586,-3.26395,-2.8851821,-0.856104,1.7449387,2.2512798,1.6812761,-0.013648379,-1.3047374
-0.66892546,-1.1834406,-2.5936007,-1.8062353,-1.2485758,0.9694443,1.2617275,0.5569902,-0.64720136,-1.0923157
-0.5962636,-0.76058555,-2.4277728,-2.7815466,-1.1474686,1.0651115,1.4023548,0.23003457,0.012963213,-0.14550194
-0.15858778,-1.1342945,-2.7776215,-2.252238,-0.85558414,1.0875423,1.9771335,0.9239487,0.13713533,-0.64567536
-0.3406633,-0.9158542,-3.1666305,-2.6399558,-0.45963475,0.76858497,1.3804774,0.737963,-0.091456614,-0.6193404
-0.2266557,-1.1593776,-2.5548213,-2.3772922,-0.8310477,0.8639345,1.3013035,0.8129051,-0.02318649,-0.87851095
-0.57068235,-0.8001341,-2.5303288,-2.7736003,-1.1147978,0.9469531,1.5295292,1.0630937,0.1725649,-0.51187843
-0.8271598,-1.6697878,-3.27117,-2.9995186,-1.2416314,1.086857,1.3938124,0.7815807,0.16352823,-0.41415015
-0.18145287,-1.1394534,-3.144785,-2.4186423,-0.54022896,0.9200417,1.1162292,1.0205798,0.3461524,-0.67284876
0.100581124,-1.0474111,-3.3316514,-2.503016,-1.0854746,1.1327269,2.014712,1.7451371,-0.1371405,-0.5866553
-0.67655593,-0.82692206,-3.1651065,-2.94138,-0.57671237,0.92703027,1.6626079,1.0510173,0.50099534,-0.24866772
-0.6137872,-0.69772255,-3.3691928,-2.9231465,-1.2420971,1.1999139,1.962068,1.3784442,-0.3145957,-1.0031022
-0.23155206,-1.2385249,-3.2995245,-2.2675083,-0.76151925,1.5612254,2.0768516,1.1209834,0.10165294,-0.75509363
-0.93705654,-1.2295223,-3.223385,-2.89135,-1.3536243,1.520993,2.201843,1.2669119,0.12579471,-0.63073105
-0.016967006,-1.5009462,-3.6976082,-3.2531898,-1.3064424,1.4632894,1.7439682,1.287143,-0.23329522,-0.61286855
-1.0342089,-0.9789294,-2.490076,-2.3435662,-1.0640508,1.1870563,1.5896742,0.6018855,0.0911427,-0.4118571
-1.0613302,-1.6176393,-3.3779252,-3.3718555,-0.96524817,1.2275034,1.6678952,0.8042665,-0.123308375,-0.86632544
-0.40513545,-1.053508,-2.5788488,-2.7053127,-1.369253,0.9353472,2.0197306,0.9822925,0.05689814,-0.79230964
-1.1692953,-1.1247936,-2.3228612,-3.0190659,-0.8664067,0.9242817,1.6691129,1.0596433,-0.428295,-0.4787015
0.040547684,-1.5819272,-2.7894588,-2.3413386,-1.0291687,0.7429203,2.182627,1.0903847,-0.22992292,-0.1845898
-0.66466075,-1.1509231,-2.8508284,-2.994622,-1.1583219,1.0150189,2.1999826,1.2889377,-0.06687495,-0.40244117
-0.6082051,-1.7277964,-3.6715028,-3.197453,-1.2599595,1.3693938,2.2665298,1.2959224,-0.12774491,-0.58098227
-0.8185287,-0.9386182,-3.6077821,-2.143217,-0.6571287,0.9260764,1.3979002,0.96967113,0.3588605,0.075852916
-0.6472689,-0.81676877,-2.5512207,-3.4371352,-1.6305963,0.7131367,2.0945907,1.2166828,0.38050765,-0.6776808
-0.8860835,-1.606946,-3.7196493,-4.218654,-0.9583137,0.92592263,2.148057,1.2293941,-0.054060042,-0.6600024
0.029754573,-1.1586603,-2.7848623,-2.228257,-0.5554994,1.2602861,1.5299567,0.5020823,-0.21822244,-0.21751384
-1.2405645,-1.2678316,-3.3926098,-2.444764,-0.9932523,0.91840637,1.4187186,0.5766983,-0.43326032,-0.70921314
-0.93195564,-1.0206916,-3.1400023,-3.1711178,-1.310799,0.98387146,1.6911913,2.0272403,0.3514288,-0.45698637
-4.0134454,-1.7577406,-4.0650196,-3.398836,-1.1953079,1.6123344,1.6653414,0.8976108,0.45959815,-0.46657854
-0.27806506,-0.19404957,-2.4114115,-2.1489704,-0.9995055,1.3155519,1.9467734,0.8840787,-0.40985924,-0.4503603
0.09681233,-0.41763765,-2.6457841,-2.3062565,-0.61015666,1.1854284,1.4182009,0.5628161,-0.081382036,-0.16628858
-0.40070105,-1.5768912,-3.2981017,-3.1846218,-0.72038484,0.8771124,1.3248041,0.9206115,-0.26400027,-0.12735964
-0.8644619,-1.3927035,-3.7163227,-2.718795,-0.6924741,1.0980692,1.605324,1.0289161,0.28817505,-0.6056741
-0.44603235,-1.9244462,-3.6680322,-2.7189002,-0.79177177,1.1690964,1.8748236,0.9138361,-0.15088896,-0.5276373
-1.4637641,-1.1664412,-3.555939,-2.772676,-0.5362345,1.4374636,1.6630249,0.7772026,-0.3945787,-0.905086
-0.67504823,-0.88115776,-2.380178,-3.0447938,-1.3198271,1.1295427,1.7069923,1.3981398,-0.27836326,-0.8880441
-0.8721425,-1.1307231,-2.9516919,-3.0771968,-1.61462,0.054947227,1.29618,0.7481432,0.13066225,-0.47318172
-0.8862461,-0.89902884,-3.4094687,-2.7577455,-0.6528831,1.1984658,2.1109805,1.5172011,-0.09897981,-0.5389625
-0.12345565,-0.3767602,-2.6747108,-2.3283012,-1.1365527,0.42252326,1.4446019,0.4574588,-0.1508122,-0.6642328
-0.29424855,-1.815844,-3.6331651,-2.9895072,-0.734441,0.8546951,1.768679,1.3514794,0.25087285,-0.8165427
-0.70287377,-1.3654245,-3.2442136,-3.2201617,-1.4242218,0.71072984,1.8206975,1.2954775,-0.05636861,-0.7354476
-0.6134987,-0.9039805,-3.5904572,-3.0837655,-1.052026,1.5385106,1.526687,1.161442,0.11769439,-0.56602305
-0.25452915,-0.7613387,-2.217853,-2.6061885,-1.0548198,0.5018202,0.64145434,0.22010906,0.32727772,-0.018787289
-0.34476566,-0.9994789,-2.252389,-2.4972138,-1.4430122,0.71623194,1.5779207,1.3229647,0.09953035,-0.88910145
-0.2770199,-0.8016691,-2.4744875,-3.0580194,-0.960575,0.8732572,1.251016,0.91436046,0.081088826,-0.34349126
-0.5497595,-0.9004517,-3.072636,-2.687654,-0.91367763,1.240688,0.99982965,0.67715883,0.0019887206,-0.61484087
-0.12396631,-1.0903609,-3.0588946,-2.932974,-1.0881552,0.7662514,1.6778024,1.521652,-0.28368086,-0.7924876
-0.37641516,-0.94678295,-3.3076944,-2.607918,-0.7876322,0.66872144,2.0083368,1.2894658,-0.640787,-0.4298136
-0.24720635,-1.1886448,-0.67328185,-1.4002192,-0.5251832,1.2765442,0.81251585,0.30732772,0.30827832,-0.2128595
-0.5358084,-1.371645,-3.6780667,-3.2823164,-1.2872053,1.2201638,1.9286848,1.1661192,0.0045355028,-0.060422543
-0.33339152,-1.1508012,-3.3467224,-3.0670092,-1.4239733,1.1488092,2.2199752,1.3645481,0.13425155,0.04809829
-0.3741066,-1.5772262,-3.2634764,-2.8063612,-0.7241609,1.6450405,2.2656894,1.039939,-0.106617674,-0.51199055
-0.4380682,-1.8930849,-3.8548095,-3.6021113,-1.0722685,1.1874815,2.430868,1.4400136,-0.38782364,-0.42495617
-0.199671,-0.8232111,-2.2746122,-2.1260161,-1.2836837,0.8319298,1.3465666,0.46660176,0.42677084,-0.041596673
-0.3699901,-1.3790199,-3.4826624,-2.957205,-0.5720356,1.3701968,2.3201942,1.5462582,0.07965288,-0.18764603
-0.10957422,-0.81449205,-2.2565696,-2.257586,-1.0023178,0.80244416,1.6397405,1.31836,-0.09864973,-0.18789665
-0.6382442,-1.3498551,-3.677445,-3.3753428,-1.5468345,1.2042279,2.2577596,1.101204,-0.068726815,-0.8267563
-0.14949569,-0.7504863,-2.2575135,-2.7152364,-0.94470114,0.794639,1.470875,0.6378723,-0.34207964,-0.1550715
-0.5741874,-1.3827858,-3.5976057,-2.8665924,-0.7303421,1.5738379,1.8141491,1.2382938,0.1990995,-0.87274885
-0.10225255,-1.3038683,-2.5912476,-2.0512934,-0.5379616,1.1237926,1.3440548,0.4518987,0.057848234,-0.26060894
-0.32388854,-1.6384609,-3.897989,-3.4313638,-0.9925713,1.5852697,2.1652262,0.99267656,0.5484896,-0.6363192
-0.79372144,-1.4790374,-3.752251,-2.7554777,-0.6928478,0.9371802,2.369975,1.1589513,-0.28309363,-0.88169664
-0.07375956,-1.462908,-2.5689006,-2.464051,-1.2017318,0.48370504,1.8858013,1.1210026,0.25258982,0.021133779
-0.67644507,-1.4302552,-3.7564187,-3.2281477,-1.3366914,0.88579655,1.8673216,1.2385647,-0.22583288,-0.37209877
-0.15161389,-1.1985527,-2.8122633,-2.7201815,-1.0856051,1.1249743,1.6494359,1.1980786,0.07171756,-0.43583882
-0.9097756,-0.95826954,-3.5095024,-3.2881832,-1.0247694,1.6741776,1.8638787,1.4145205,0.021246076,-0.67887783
-0.64693177,-1.4814442,-3.6084478,-2.7551038,-0.90382475,0.64898705,1.7228069,0.8636553,-0.064572036,-0.8851428
-0.80059594,-0.78005195,-3.0528896,-2.1726632,-0.61776364,1.241324,1.5162076,1.0618178,-0.22948635,-0.91412055
-0.316915,-1.4534789,-2.836404,-2.4232252,-0.5982008,0.93558615,1.529922,1.2944075,-0.27067378,-0.6850483
-0.49929506,-1.102964,-3.6064982,-3.2176466,-0.5747891,1.7124621,1.7844146,1.2213466,0.29719594,-0.55946356
0.02047566,-1.2360442,-2.4039621,-2.3569076,-0.3276156,1.1992235,2.0041847,1.0571947,-0.36530808,-1.0020663
0.30065638,-0.6946008,-1.7408801,-1.5625008,-0.9263409,0.94721955,1.3624725,0.37898624,0.18593489,0.40987298
-0.7633175,-1.2412342,-3.5894785,-2.7926269,-0.99965996,1.403959,1.1360121,0.92361766,0.13759156,-0.03590134
-0.7356038,-0.63851476,-2.9147985,-3.0811179,-1.5812542,0.49062592,1.7567924,0.4755943,0.25379243,-0.535824
-0.6406049,-1.5709802,-3.838281,-2.8124921,-1.2798791,0.64569974,1.5187527,0.9297485,0.3737162,-0.25161624
-1.2860876,-1.2511823,-2.1924276,-2.4300773,-1.0637809,0.7050916,1.8323479,0.8445212,-0.6209776,-0.86102825
-0.39307344,-1.251134,-2.6565688,-3.0459714,-1.2741004,1.2277308,1.3646322,0.61988235,-0.021628415,-0.6475926
-0.15888146,-1.4414991,-3.5082886,-3.372881,-1.1246903,1.0095686,1.8589431,0.60494715,0.12788534,-0.6283405
-0.81912905,-1.3167799,-3.7652802,-3.3304143,-1.2157242,1.1667113,1.778492,1.4830933,0.07913849,-0.64442074
-0.22241491,-1.1476517,-2.7468526,-3.0591404,-1.1732148,1.0582846,2.3421648,1.1997746,0.3673165,-0.26267242
-0.18551594,-1.2505287,-3.2618384,-3.5923874,-1.0921485,1.0290854,2.23845,1.2147346,0.17738727,-0.67858166
0.2452511,-1.6941793,-3.5866992,-3.1772242,-0.80470294,1.5891,2.3946555,1.2657818,0.1172459,-0.21047837
-0.7339616,-0.85537034,-2.516214,-2.4988081,-1.2054759,0.65263367,1.4146307,1.4115944,-0.34557453,-0.08120977
-1.1682341,-1.4023046,-3.2532039,-3.3264487,-1.3857064,0.998535,1.8893632,1.9018084,-0.018095205,-0.98142695
-0.74882156,-1.0446488,-3.141297,-3.5796735,-1.3771744,1.1041018,2.029102,1.6745808,0.21833526,-1.2537425
-1.4795501,-0.99723566,-3.616843,-3.4019344,-0.60037977,1.2613686,1.9176123,1.4805127,-0.08928264,-0.47422642
-0.65894216,-1.7778774,-3.6381228,-2.869945,-1.0874647,1.2393465,2.111379,1.3372126,0.11017291,-1.7467024
-0.7461911,-1.1246283,-2.3340073,-2.1455884,-1.3856846,0.37502307,1.2758584,1.1322311,-1.2866275,-0.5698218
-0.6904828,-1.0430763,-2.9117866,-3.4818375,-1.7139635,0.8705377,1.7344446,1.1980568,0.07211786,-0.089511305
-1.0332692,-0.7330772,-3.5198672,-3.5114157,-0.8054464,0.79653144,1.5779057,0.95340294,0.29839197,-0.41277537
0.00902645,-1.6632502,-3.7946928,-3.0355182,-1.2689921,1.481592,2.5022135,1.527482,-0.09326203,-0.45455426
-0.2907309,-1.642847,-3.1766744,-3.3957002,-1.382518,1.3758715,2.1549282,1.6408731,0.7056048,-0.28523546
-0.40895268,-0.8052653,-3.1281948,-3.321771,-0.9203682,1.1173397,1.4014888,0.56193763,0.15718344,-0.46537545
-1.269031,-0.7578867,-2.846778,-2.3782008,-0.7369305,0.5827845,0.74872106,0.26557505,-0.73208016,-0.4067969
-0.42280692,-0.7597147,-2.417349,-1.8697846,-0.62448114,0.6744583,1.8640795,1.1711795,-0.30875054,-0.3714581
-1.1063535,-1.2596145,-3.5313795,-3.682631,-0.82907426,1.3647326,2.1237195,1.4215051,0.50234497,-0.4664055
-0.87039196,-1.2762352,-3.5569773,-2.8373005,-0.82586664,1.1556681,1.5711417,1.162724,0.44122705,-0.06288286
0.11496271,-0.28895792,-2.6792915,-2.452173,-0.8638511,0.7273168,1.5822846,0.96655387,-0.067767546,-0.57806444
-0.5099463,-1.4388775,-3.6778827,-3.8386655,-0.9839018,1.3079271,1.5887934,0.9375127,0.4801062,-0.8726133
-0.5170592,0.091861896,-1.4680536,-2.4006202,-1.2867492,0.060249884,1.5457833,-0.027670842,0.0010272114,0.35593796
-0.5041615,-0.74585426,-3.0770257,-2.9750075,-0.7687477,1.0357944,1.3550075,1.0633914,-0.51245797,-1.0722098
-0.5191396,-1.35544,-3.532581,-3.6064112,-0.9622093,1.5488968,2.1023767,1.2232095,0.25514612,-0.65666884
-0.061863266,-0.9708278,-1.2713923,-0.15188158,3.4901016,2.6776705,1.158987,0.47022092,0.009943314,-0.18111111
-0.82405365,-1.432969,-2.8086712,-1.1980634,-0.77348614,1.1151936,1.9439372,0.85424024,-2.9653249,-1.303001
-0.61860293,-1.4597653,-2.490327,-3.0206015,-0.96571445,0.62429476,1.508805,0.733681,-0.08614937,-0.47808057
-0.8059561,-0.87266326,-2.164517,-1.8548914,-0.5081658,1.5736665,1.3458319,0.9175312,-0.5276714,-0.8441369
-0.27045956,-1.4108047,-3.5926857,-3.1453369,-1.102256,0.669373,1.4929568,1.2276269,0.010564277,-0.755455
-0.5915888,-1.0854212,-3.6882007,-3.2908556,-1.1616166,1.6907941,2.2445538,1.6130878,0.19104643,-0.7098978
-0.43601176,-0.90336293,-2.051689,-2.2209122,-0.9816826,0.68313384,1.1166248,0.6289833,-0.14136834,0.05148291
-0.8172676,-0.84656596,-3.370706,-3.3930938,-1.1513094,1.2936077,1.9346917,1.1443663,-0.06034587,0.2107674
-0.8718343,-0.6350387,-2.6655178,-2.2547047,-0.6860908,0.8813608,1.2975,0.75342184,-0.18269265,-0.21194406
-0.775137,-1.1347919,-3.2463238,-3.6076498,-0.92779714,1.4418454,2.0031013,1.2099471,-0.20398524,-0.7412726
-1.7292676,-1.7803911,-4.0861435,-6.631511,-1.3939042,1.0392743,2.3000796,1.4393275,0.009052456,0.087713815
-0.3274053,-1.3235378,-2.6040034,-2.4400094,-0.8770595,0.79457176,2.2188911,1.8791255,-0.21451455,-0.8009148
-0.21872759,-1.0948843,-2.920427,-2.0434096,-0.68647105,1.0599586,2.037031,0.7147908,-0.21453074,-1.0299417
-0.3159814,-0.5056458,-3.0694423,-2.9244153,-0.49706838,1.4566497,1.4167271,0.9271107,0.81477123,-0.52701443
0.0013105777,-0.681014,-2.9905448,-2.3899171,-0.53642166,1.2040441,1.8308845,1.1154613,-0.19688085,-0.95595336
0.11331226,-1.0504814,-2.6443496,-2.2761767,-0.6142151,1.0073953,1.756968,0.8934748,0.084200494,-0.40222064
-0.37067693,-1.6062406,-3.669154,-3.9172559,-1.2433071,1.3853877,2.2907825,1.299667,-0.049494762,-0.70233876
-0.5607279,-0.7695879,-3.0595682,-3.1786406,-1.2409337,0.8257941,2.0068703,1.2360668,0.53919286,-0.045552947
-1.0414059,-1.5836948,-3.8218946,-2.8661165,-0.6455636,1.1339347,1.682126,0.7467719,0.35676602,-0.41631025
-0.5659474,-0.9970136,-2.730549,-2.6868207,-0.52199244,1.4060256,1.4058892,0.5642393,-0.2933539,-0.30828017
-0.32660672,-0.9165111,-3.057556,-3.3446167,-1.042184,1.3079666,2.0999084,0.80183095,-0.24867637,-0.25294128
-0.79046535,-0.9040119,-3.2071414,-3.2549922,-1.1767037,1.0168842,2.3611448,0.9046937,-0.5681713,-0.4154953
-0.3546174,-1.1860738,-3.5381188,-3.0091126,-0.60620767,1.0362219,2.1897485,1.2910398,-0.012263939,-0.43269947
-0.59762317,-0.91442466,-3.0576963,-2.612094,-0.7612575,0.26890334,0.61397004,0.70026404,-0.23249805,-0.4174605
-1.0196605,-1.1443571,-3.141842,-2.61108,-0.63590485,0.9761769,1.6606274,1.2495495,-0.61611176,-0.25602084
-0.33604974,-1.0372337,-2.4663734,-3.1818483,-1.1901406,0.5754277,1.4104984,0.8832306,0.20110771,-0.2124129
-0.5903224,-1.5228508,-2.3722177,-2.6594985,-1.2996536,0.6545195,1.4088371,0.7405048,0.83699995,-0.1806813
-0.50427186,-0.9446376,-2.3553631,-2.1863008,-1.0577801,0.8391316,1.4889762,0.36395678,0.004723204,0.19632356
-0.53110194,-0.7440116,-2.2775772,-2.1627262,-0.30640247,1.0759088,1.0960561,0.73474854,0.159753,-0.20076042
-0.5163339,-1.205529,-2.9639628,-2.8852553,-1.1812061,1.134651,2.1375234,1.3384476,-0.7809938,-0.7432783
-0.5804357,-0.8298861,-2.3531442,-2.0670934,-0.6841878,1.0765438,1.9352877,1.2772132,-0.018309196,-0.167969
-0.7437615,-1.6871423,-3.4107494,-3.1319873,-0.7421892,1.3615451,1.8167585,1.6607456,-0.09259149,-1.1141928
-1.0028745,-1.1761172,-2.8696816,-3.1082573,-1.1392343,1.2961962,1.4086901,1.3849442,0.36848095,-0.41971463
-0.38260743,-1.0165066,-2.8536596,-2.235055,-1.2597172,0.8063797,1.6330636,0.94135004,-0.13572295,-0.19699755
-0.53851813,-0.36929014,-2.1676486,-2.1613798,-1.2775265,1.0914588,1.5184672,0.7041204,-0.16048108,-0.19439512
-0.7098472,-0.74736214,-2.3746574,-2.782917,-0.7084696,1.0625633,1.380256,0.615137,-0.31373,-0.59771883
-0.07204805,-0.82757664,-2.9932697,-3.1138203,-0.8411494,1.2312653,2.0896535,0.9367183,0.14983796,-0.45861337
-0.17661053,-0.99582744,-3.3455985,-3.1154575,-1.3801003,0.96153486,1.9564115,0.34183496,-0.21585545,0.16264121
-0.7217623,-1.2337152,-3.5190063,-2.3150656,-0.93584746,1.2741295,1.4159472,0.76745945,-0.18267444,-0.873964
-0.46921688,-1.1705037,-3.1229177,-2.644609,-1.0259567,0.8435613,1.2875689,0.8323547,0.07384844,-0.23704027
0.2989237,-0.89875764,-2.158297,-1.7873363,-0.47380787,1.04888,1.2485656,0.44042653,-0.153017,-0.5908578
-0.3085773,-1.615297,-3.4896307,-3.5687914,-1.4327548,1.4862459,1.8851568,1.8897555,0.077760786,-0.92019546
-0.67468244,-1.4174716,-2.8032157,-2.767845,-1.2651281,1.0226194,1.9040841,1.4884466,-0.04245845,-0.1726623
-0.9893506,-1.5041242,-2.7062128,-2.6837475,-1.4507452,0.4856166,1.6346226,1.3427335,0.07439679,-0.9430235
-1.7697647,-1.1501851,-2.2788663,-2.949726,-1.7645772,-2.0101223,0.42993805,0.9687602,-0.038390808,-0.035536498
0.156672,-1.2642597,-3.6555834,-3.0792005,-0.8706137,1.0540277,1.8995857,1.4497089,0.21965602,-0.30779728
-0.5211724,-0.8505997,-1.9600106,-2.3734202,-0.5860331,0.87793595,1.5467075,0.8940184,-0.33881742,-0.7677127
-0.5527933,-2.3166738,-4.059834,-3.607208,-0.8782692,0.9913839,2.461877,1.6584368,0.3918508,-0.56737417
-0.27870572,-1.1643417,-2.4015703,-2.0821085,-0.5891618,0.9788986,1.4909055,1.2605847,-0.10685744,-0.78198093
-0.9414015,-1.5587653,-2.6896784,-2.688533,-0.8519998,0.7342056,1.3700783,0.9757336,-0.19555004,-0.81436783
-0.068856634,-1.0570186,-3.4626153,-3.0519822,-0.59457624,0.8935797,2.0353286,0.9582614,0.17947714,-0.57769966
-0.3426166,-1.3702638,-3.4416356,-2.7090757,-1.4038006,1.0615832,2.33168,1.422539,0.25026393,-0.684471
-0.33156842,-2.3533592,-3.9596803,-3.3533676,-1.092494,1.4504027,2.1848018,1.2516999,0.07109815,-1.1542686
-0.09397821,-0.85417956,-2.7974534,-2.9636805,-0.7733826,1.2050879,1.4269915,0.6401522,0.3205856,-0.46872848
-0.4273521,-1.2548863,-3.5367868,-3.1022198,-1.4119823,1.0164193,2.2712872,1.1338816,-0.058802254,-1.1970751
-0.56372404,-1.5232588,-2.3434765,-2.1104696,-1.0704598,1.2656251,1.8281623,0.17473644,-0.4227446,-0.6895052
-0.23729576,-1.3463484,-2.9111168,-2.7913344,-1.484193,0.8789909,1.7780052,0.8862612,-0.24505164,-0.12772821
-0.5307158,-1.6265126,-3.6276727,-2.9375975,-1.1237663,0.5803654,1.4899752,1.0029842,-0.2963318,-0.1397021
-0.9583719,-1.1342385,-2.9718268,-3.2534342,-1.2762858,1.3856792,2.4580698,1.4095023,0.050857462,-0.23206638
-0.37463903,-1.6722806,-2.9695847,-2.157672,-0.9457027,1.3026272,2.3111336,0.75692713,-0.32327655,-0.7514753
-0.8980077,-1.1238233,-3.6767695,-3.8911848,-1.258138,0.71457297,2.142699,1.0366755,0.14376539,-0.40191615
-0.07462621,-0.6454597,-2.8281667,-3.6787148,-1.055925,1.3963528,2.2088115,0.7492386,-0.20018521,-0.028336769
-0.23807278,-1.2548398,-2.4715228,-2.6199026,-0.8027858,1.1964347,2.1874957,0.7980327,-0.27436477,-0.87708896
-0.6792128,-1.0764955,-2.8073304,-3.0143504,-1.1683153,0.6428029,1.8213277,1.0986867,-0.22621492,-0.10592263
-1.0902559,-1.2311193,-3.7043796,-3.1816034,-0.8020613,1.2042304,1.5713497,1.7237695,0.5592746,-0.40908873
-1.1349231,-1.0528347,-3.3913114,-3.6998837,-1.122057,0.86750364,2.0038972,1.1181997,0.053546533,-0.94318545
-0.33090988,-0.09294182,-2.011327,-2.3906884,-1.4418888,0.76267135,0.6333238,0.37494513,0.019463273,1.9034461
-0.5448656,-0.53261924,-1.652901,-2.1747212,-1.0732652,0.47497416,0.40325898,-0.7906698,-0.09807341,-0.10929661
-0.32530877,-0.99114406,-3.6102335,-2.6642501,-0.77479726,1.7954972,2.3564708,1.6179187,0.3272211,-0.35551032
-0.7672994,-1.0465622,-3.5803237,-3.6464503,-1.0510175,0.9777436,1.9652148,1.3165176,0.2736403,-0.82652515
0.03111809,-1.3236336,-3.184352,-2.6764216,-0.6927456,1.617571,2.0707726,1.4417409,0.046078075,-0.4920229
-0.52575207,-0.42643213,-2.709985,-3.274829,-1.230042,0.6884828,1.829859,0.4430898,-0.18814875,-0.37370434
-0.65541583,-0.89965093,-2.5635653,-2.240481,-0.5155481,0.92900836,0.72388595,0.8531826,0.3518056,-0.30110222
-0.378814,-1.3864228,-2.5793505,-2.7898784,-0.9684812,0.8714289,2.0418708,1.4979887,0.019510794,-0.29757863
-1.0153637,-1.5227467,-3.5892513,-2.9252195,-1.4211502,0.6357475,1.6674477,1.5301796,-0.05308833,-0.6505271
-0.69889283,-1.8689888,-3.2811282,-2.8285162,-1.0882112,1.5856755,2.1831892,1.0620004,-0.0111220265,-0.54277647
-0.32605404,-1.4139493,-3.059612,-2.8199754,-1.4029185,1.3573319,1.9517895,1.2215354,-0.106433146,-0.32766923
-0.804707,-1.3108125,-3.0392663,-3.685328,-1.4028251,0.90939724,2.1049895,1.5980716,0.32021803,-0.8818551
-0.3894061,-1.8855928,-3.6031127,-2.773626,-0.9198746,1.8087628,2.570685,1.2313007,-0.24496321,-1.3134443
-0.6510878,-0.9960615,-3.5821025,-2.7948425,-1.1569145,0.8890154,1.566131,0.84871083,-0.11624035,-0.01694294
-0.6238013,-1.2320557,-3.4751773,-3.131469,-1.4186065,1.1388569,1.7511194,1.2350578,0.3387402,0.0036448904
-0.6338393,-0.63851553,-2.4663346,-2.111608,-0.45125553,0.9422175,1.2281216,0.6728792,0.23667835,-0.5367275
-0.631235,-0.7945072,-3.0562675,-2.64292,-0.30419052,1.7484888,1.4484291,0.91827494,0.11948668,-0.6780887
0.17130525,-1.2197068,-3.2034495,-2.3774767,-0.62823504,1.1345483,1.61705,1.0895249,-0.40048456,-0.5458071
-0.35757828,-0.6136826,-2.4302592,-2.646821,-1.1298547,1.0200243,1.7740449,0.94068146,-0.19226938,-0.19640513
-1.0084761,-1.2818173,-3.197473,-2.4994392,-0.9226478,0.34736004,1.1014782,0.3869136,0.4171248,-0.4402967
-0.5419137,-1.2544209,-3.265555,-3.4679382,-0.6495719,1.2963305,1.9244294,0.8250242,0.13478142,-0.5396328
-0.29927048,-0.6973635,-2.2500324,-2.248392,-1.2744715,1.3271111,1.3460977,0.762345,-0.19707122,-0.058185764
-0.3403112,-0.7052845,-1.9949011,-1.8566701,-0.43882152,0.88072693,0.9379605,0.43321407,-0.03761586,0.20282458
-1.1884495,-1.1084346,-3.0180714,-2.8886924,-1.0387089,1.3025548,1.5273343,0.83203286,0.27910015,-0.793767
-0.69569856,-1.0012246,-2.7300644,-1.9147987,-0.83436394,0.63441914,1.1796482,1.1758587,-0.14508772,-0.20261933
-0.415463,-0.9632602,-2.6693223,-2.8267097,-1.3799753,0.5086672,1.6191804,0.5349831,-0.13492873,-0.04278349
0.00018439155,-0.96751755,-2.9855583,-3.4626937,-1.6820544,1.0952729,2.4019265,1.4719089,-0.06816419,-0.36609295
-0.54647833,-1.1459277,-3.2100093,-3.4112072,-1.0577724,0.84897953,1.5785385,1.4726112,0.3243997,-0.88549024
-1.0465758,-1.2924441,-3.120497,-2.6979446,-0.47017157,1.6607983,2.0376036,1.026543,0.006850393,-1.1061128
-0.77024573,-1.108381,-2.7213035,-2.2474217,-0.82045555,0.9059011,1.2896423,0.83852696,-0.30581942,-0.6729505
-0.4505411,-0.9369348,-1.9717239,-1.6722109,-0.73306876,1.1259412,1.627987,1.0312731,-0.029145228,-0.55811197
-0.4956655,-0.7245941,-3.35759,-3.223989,-1.066747,1.098417,2.0715163,0.6259035,-0.4776603,-0.70011735
-0.41626963,-1.2057395,-3.200625,-2.629448,-1.1480304,0.7283227,1.6799674,0.9970642,-0.12440753,-0.68582505
-0.30324566,-0.82175386,-2.079212,-2.633904,-1.0581713,0.92837495,1.7554199,1.1036139,0.57552713,-0.5262412
-0.628435,-0.9918091,-3.4297073,-2.5852757,-1.2101964,1.0780096,2.0586624,2.0076551,0.24950731,-0.042088155
-0.5403182,-0.53743327,-2.1730304,-1.7121105,-0.93002933,0.29136023,0.8501239,0.599916,-0.12214828,-0.18063171
-0.48699984,-1.0801414,-2.5287924,-2.9253883,-1.0021265,1.4380696,1.7434883,1.3139586,-0.1930872,-1.5186653
-0.3311576,-1.011079,-2.0149927,-2.4007382,-1.0632668,0.89433765,1.4013699,0.5851283,-0.37985542,-0.43004006
-0.4878922,-1.6403111,-3.1813939,-2.958867,-1.24342,0.56364685,1.6125602,1.4603387,-0.08539365,-0.8514646
-0.9541716,-1.5615624,-3.5305853,-3.2538748,-1.0641682,1.1983204,1.9206018,0.93341416,-0.62992346,-0.8624965
0.04856936,-1.6342634,-3.6920025,-2.7219174,-0.89793193,0.8111356,2.2677758,1.9058715,0.40553895,-0.33704194
-0.40728217,-1.2249279,-2.342151,-2.3400898,-1.2483759,0.84898335,1.6881646,0.81738144,0.2987085,-0.10853049
-0.63283813,-1.4539636,-3.3417547,-2.6509652,-1.1327964,1.101293,1.6097672,1.2511076,-0.36159337,-0.65457624
-0.26262727,-1.0999097,-2.1574621,-2.4330301,-0.74799323,1.117408,1.8087515,1.0197254,-0.040533323,-0.938866
-0.6758055,-0.96792334,-2.3963952,-2.1673284,-0.85073256,0.58660203,1.2004161,0.74483407,-0.17151593,-0.8178799
-1.2836256,-1.0501003,-2.2800636,-2.5779366,-0.7270757,1.3074509,1.7022433,0.85682833,-0.18605131,-0.33183143
-0.82121956,-1.1371368,-3.0921137,-3.5777845,-1.1530422,1.4308655,1.5950257,0.955925,-0.2278471,-0.91072154
-0.6987064,-1.073942,-2.911865,-2.9219534,-1.1890018,1.4038051,1.4557927,1.048838,0.10717524,-0.58861464
-0.41771358,-1.3551273,-3.231241,-3.2253358,-1.0220362,1.1964588,1.6822364,0.45519426,-0.20702903,-0.30637944
-1.0248431,-1.215693,-3.2686882,-3.440095,-0.7249021,1.030693,2.0706844,1.8316438,-0.16544743,-1.170982
-0.9160856,-1.3556927,-3.6683843,-2.7155507,-0.9697453,0.64575934,1.2481437,0.9914839,0.35102552,-0.8111865
-0.54040897,-0.5235479,-2.5120173,-2.72626,-0.64502853,0.67848563,1.4368415,1.0554892,0.11457096,-0.21816315
-0.79918826,-1.2519592,-2.9487686,-2.5839455,-0.9693542,1.5042007,1.57753,0.5521725,-0.11539357,-0.20613521
-0.36120984,-1.3888991,-3.4023454,-2.6405368,-1.3022568,1.2661465,1.9356956,1.1031177,0.41427135,-0.10172264
-0.71173733,-1.0689875,-2.702065,-2.5627685,-0.8227727,1.095651,1.405902,0.37243307,-0.35484305,-0.4044324
-0.6177117,-1.1868603,-3.4737597,-3.8121557,-1.2325957,1.0532771,1.5549682,0.93860465,-0.06329145,-0.848546
-0.44723484,-1.3648573,-2.6709452,-2.5788522,-1.0488404,0.34770808,1.4284145,1.1209303,-0.26348934,-0.7703129
-1.0243115,-1.527298,-2.812137,-3.2997768,-1.2959859,1.2799519,2.1940663,0.9008612,-0.055021137,-0.19726758
-1.3448033,-1.1779897,-2.3635747,-3.4790642,-0.945462,0.9129621,1.3777788,1.3477598,-0.041056827,-2.555014
-0.34464118,-0.6749706,-3.1478298,-2.8952591,-0.77536535,1.1562513,1.4210045,0.6199542,0.039995056,0.00030359975
-0.37786362,-0.9353832,-1.8197687,-2.232219,-1.0760086,1.2559615,2.0908096,1.5405676,0.19400558,-0.48517057
-0.30872762,-1.4574345,-3.21007,-3.0629187,-0.9276622,1.1178335,1.6678873,1.3325365,-0.12457876,-0.35249344
0.15109482,-1.0105553,-2.6436718,-2.740698,-0.8095824,1.1125708,1.7644246,0.9097355,0.7094672,-0.23689696
-1.5057411,-1.6790736,-3.7100902,-3.2968247,-1.2999313,0.8486734,2.2081432,1.296003,0.16619012,-1.005103
-0.2885778,-0.85514677,-2.056769,-2.0974588,-0.6858649,1.0697483,1.2330694,0.57881194,0.13051969,0.002563565
-0.6687034,-0.9764659,-2.2012846,-1.9150412,-1.3099972,-1.9478625,0.2841753,1.1204606,-0.059870467,-0.67768884
-0.89529836,-0.9088556,-2.3310878,-2.2783496,-1.3475845,0.85301363,1.2122805,0.8849649,-0.15977862,-0.22025041
-0.37081927,-1.3302611,-2.8270156,-3.0962687,-1.0971998,0.60176754,0.85428995,0.8229382,-0.013764409,-0.52641535
-0.066312395,-0.859965,-3.0661252,-3.142647,-1.3395932,0.73184156,2.203751,1.0968512,-0.3317171,-0.33252
-0.76564956,-1.0841603,-2.8135865,-2.418031,-1.2583232,0.56660134,1.7729485,0.57979196,-0.079342775,0.053882755
-1.1228577,-0.62430716,-2.1930897,-2.5506115,-0.87813556,0.6346836,1.6969981,1.3450623,0.36883593,0.30454484
-0.09147232,-1.352144,-3.050354,-2.0303278,-0.85357875,0.7060841,1.725244,1.3794674,-0.06841791,-0.9838442
-0.5608658,-0.40135345,-1.9765148,-2.1554615,-0.70252717,1.2219317,1.4448146,0.38021195,-0.27790248,-0.67081255
-0.6738099,-1.2416496,-3.3659275,-2.1915708,-0.7899468,1.0568216,1.698992,0.8126167,-0.07477265,-0.7281318
-0.6024246,-0.9168796,-2.2607281,-2.8175979,-1.4093983,0.702843,1.6138011,0.9508512,-0.16692844,-0.89517593
-0.37378955,-1.4124027,-2.9502556,-2.6276925,-0.7889103,0.95794445,1.5404909,0.7577256,-0.18533975,-0.35885352
-0.48897967,-0.5790035,-3.3145552,-2.6513796,-1.3288666,1.3808072,1.2493612,1.0078201,0.14276342,0.26403597
-1.2903606,-0.55577284,-3.3852792,-3.0827384,-0.84276205,1.2710686,1.7733301,0.9849487,-0.018961295,-0.49180776
0.012803882,-0.73928237,-3.0430584,-1.9411442,-0.40557694,1.0973256,1.4552497,0.8419287,0.30453202,-0.04308341
0.11779096,-1.065771,-1.980401,-2.2374823,-0.61894673,0.83387196,1.762266,0.99997526,0.08598782,0.12098236
-0.5924297,-0.88645244,-2.4553435,-2.5832553,-1.4706124,0.7667804,1.194786,1.488169,0.15454194,-0.004635142
-0.28066275,-0.92551446,-1.9562951,-1.9610696,-0.68167585,0.41001165,0.90347743,0.50261325,-0.23785014,-0.14313656
-0.35590822,-1.0118937,-2.713743,-2.2176464,-1.0288402,0.8720904,1.1079519,0.52806085,-0.22819655,-0.27389282
-0.5420052,-1.1962817,-2.725905,-2.7865782,-1.0073534,1.3062805,2.4118292,1.3915577,-0.051515594,-0.71940124
-0.5115173,-1.2001414,-3.5322583,-3.1779888,-1.2123483,1.3528199,1.474559,1.5362049,0.565933,-0.46066856
-0.63015413,-0.71699977,-3.1552625,-3.084847,-1.0536416,1.0256336,1.2875961,1.627395,-0.363658,-1.3110334
-0.45742372,-0.92930967,-2.7117696,-2.9061992,-1.2389641,1.1968378,1.7667876,0.4071926,-0.30809975,-0.66827303
-0.8975726,-0.38784748,-2.6830752,-2.6568866,-0.42393395,1.3626028,1.0463836,0.48019373,-0.38352975,-0.7031232
-0.025964065,-1.247662,-2.3715801,-2.1735623,-0.61637074,1.0513569,1.5549488,1.1448152,-0.07816277,-0.71039015
-0.45211986,-1.540106,-3.1270645,-3.0004885,-0.9920528,0.66008735,1.5591486,0.9277751,-0.19548589,-0.5759471
-1.5459175,-2.1419454,-3.9325302,-3.5384188,-0.9839856,1.7514384,2.0958831,0.9258967,-0.33155024,-1.138914
-0.55309594,-0.88369656,-3.4012957,-3.463719,-1.0884858,1.206935,1.4838747,0.75330895,0.18416792,-0.52293795
-0.31431565,-0.8033493,-2.915066,-2.5955565,-1.4018074,0.6810294,1.2996017,0.383688,0.09167628,-0.0496278
-0.30352163,-1.0612392,-3.5338187,-3.4227006,-0.9705854,1.1657053,2.0487838,1.1659688,-0.042801116,-0.10450947
-1.1991916,-1.5462302,-3.8690789,-3.1769001,-1.2445965,1.2560061,2.2309883,1.6180797,-0.28816438,-0.9801441
-0.92216796,-1.3363044,-3.2442162,-3.1793368,-1.0827267,1.072084,1.6666954,0.9552064,-0.11326286,-0.71920294
-0.16595303,-0.67439246,-2.8761957,-2.952961,-0.500266,0.8887886,2.0551999,1.136632,0.11966537,-0.42932963
-0.5208257,-0.9865259,-2.1669445,-2.518279,-1.2923573,1.1306283,1.8535879,1.0101248,0.1467914,-0.39030072
-0.57137114,-1.6249887,-3.6550477,-3.8472824,-1.2751992,0.9584744,1.8976753,1.1833946,0.027099283,-0.989997
-0.4207104,-0.98199564,-3.1288717,-3.1796281,-0.6414805,1.8980122,1.7558641,0.92663884,1.5968121,-0.054204293
-0.80428547,-1.4067506,-3.30364,-2.814911,-0.76979274,1.2257332,2.1978042,0.8076689,-0.1779101,-0.7538248
-0.096610196,-1.5749186,-3.5749831,-2.9911711,-1.2764187,1.778544,2.7583885,1.7086197,0.33664894,-0.9712666
-0.32793328,-1.0084945,-2.6373513,-3.3814602,-1.3215758,1.3652519,2.1751344,1.0742543,-0.5020037,-0.60293245
-0.70579636,-1.1125759,-3.426669,-3.3407662,-1.0772904,1.0474722,1.0538224,0.4867218,0.0755079,-0.00083660317
-0.20888472,-1.3002889,-3.050332,-2.9112146,-1.2153927,1.4515254,1.7739143,1.0824286,0.18374753,-0.45052996
-0.09056751,-0.59029764,-2.549226,-2.6307113,-1.2395002,0.40962583,1.593437,0.5289601,-0.07560129,-0.32464615
-0.43772647,-1.3055135,-3.5281005,-3.5165832,-1.5097454,0.89507484,1.5993791,1.6529225,0.4342187,-0.43724543
-1.3306404,-1.5350987,-2.6178994,-2.9952676,-1.3685706,0.78051054,1.8208342,1.0036192,-0.16988985,-0.7883513
-1.038191,-1.1632832,-2.9069252,-2.2504761,-1.0303912,1.2921575,1.3612282,1.0606754,-0.061500058,-0.85304546
-0.88641566,-1.3440708,-2.1018517,-2.811378,-0.5296114,1.2917559,1.4177575,1.5670289,0.054850463,-1.0048851
-0.9117936,-1.5387548,-3.7096918,-3.0816233,-0.74988776,1.442706,1.9796094,1.2462482,-0.06481536,-1.1215316
-0.6767628,-1.0144068,-3.3298445,-2.4117658,-0.7435385,1.1129029,2.1043522,0.7253737,-0.30224028,-0.8622295
-1.2141106,-0.7360388,-3.5132349,-3.426866,-0.8027311,0.99099356,1.5668513,1.0821698,0.21168669,-0.027155956
-0.6314862,-0.82680243,-2.6238317,-2.1812532,-0.62430924,0.941701,1.1253827,1.3755505,-0.21282054,-0.55899113
-0.6387959,-1.1863893,-3.6608126,-3.8422627,-1.225998,1.3723663,2.053274,1.4421585,-0.12939978,-0.26164255
-0.06592849,-1.1207448,-2.3092008,-1.9660181,-0.8104452,1.1838981,2.0333734,0.6088697,-0.30671436,-0.92079794
0.2091349,-0.7036956,-2.6802092,-2.4888191,-0.7442266,1.3583281,1.5441496,0.63147926,-0.08276147,-0.46628696
-0.9781359,-1.699271,-3.141658,-2.933836,-0.93210346,0.46744928,1.527936,1.1925848,0.058967028,-0.39596826
-0.9912332,-1.2613844,-2.5581856,-3.3441231,-1.014075,1.0595675,1.2786779,1.129142,-0.2980652,-0.88722974
-0.849646,-1.7564603,-3.8604176,-3.6857662,-1.0741403,1.3486643,1.8512787,0.971317,-0.27098235,-0.93543875
-1.0724167,-1.0725433,-3.0102732,-2.6312242,-0.50840104,0.83942324,1.8773502,0.55109906,-0.77370715,-1.3444327
-0.16322134,-1.6885849,-3.8346822,-3.9667025,-1.7273128,0.8474439,2.1609008,1.5673057,0.6746407,-0.107559524
0.01652207,-1.6136097,-3.2700722,-2.9851506,-0.602445,1.2081227,1.9599615,1.1764431,0.16555017,-0.6940829
-0.9595758,-1.1743817,-3.3573468,-3.754034,-1.9026577,1.0460284,2.1437726,1.5079716,0.20316882,-0.54279655
0.2260596,-1.0805568,-2.421723,-2.4257882,-1.1330367,0.70405585,1.8193641,0.78954405,0.02436309,-0.46629608
-1.1690829,-0.99904376,-2.9836946,-3.4399214,-1.0591553,0.8847488,1.8493495,1.0941498,-0.38938412,-0.2360533
-0.3265491,-1.1579665,-1.8625146,-1.7805817,-0.8247956,0.7891821,1.4512762,0.30576962,-0.1909577,-0.6275645
0.082942106,-0.6848045,-2.4523299,-2.2878754,-1.3162066,1.0947171,1.3306637,1.0991807,0.055108532,-0.35262695
-0.4871198,-0.5060291,-2.548827,-2.1625655,-0.56138396,1.578424,1.4255041,0.868151,0.12934747,-0.4035739
-0.6148336,-1.0943928,-3.3754635,-3.198011,-0.9687727,1.312182,1.6773516,0.76985765,0.10237956,-0.10166923
-0.11072058,-1.1569171,-3.2284455,-2.88086,-1.0586007,1.3948439,2.2598062,1.0975717,0.09598227,-0.8560139
-0.39011,-0.9400081,-2.6735687,-2.6476285,-1.3423125,0.8184346,1.7410829,0.8796037,-0.9138344,-0.90638065
-0.91960126,-0.93837196,-2.893267,-2.8731189,-1.0737529,0.59705,0.7061635,0.49633303,-0.5736694,-0.71506006
-0.17386492,-0.8243359,-2.25924,-2.261133,-1.000772,0.3735556,1.5411038,0.772288,0.04129747,0.0936377
-0.5867425,-1.7093889,-3.9346356,-3.1540117,-0.703915,1.4822052,1.9496784,1.4506714,0.35259068,-0.18059567
-0.9472664,-0.6232647,-1.724237,-2.107412,-0.35466272,1.3809289,1.1497933,0.55011046,-0.20977145,-0.2593625
-0.59676075,-1.486936,-3.5145574,-3.5015793,-1.4920884,1.8928136,2.1064537,0.64832693,-0.07728952,-1.3378705
-0.90061253,-0.9078428,-3.419611,-3.5061765,-1.4480368,1.1544789,1.4737101,0.8908165,0.28422976,-0.74003714
-0.26449373,-0.8205726,-2.194285,-2.4610996,-0.5950329,1.0593637,1.1396815,0.729604,-0.0387629,-0.7194909
-1.3308828,-1.297013,-3.5473416,-3.0308092,-1.3488905,1.328355,1.480223,0.99778044,0.2459654,-0.8831541
-0.39467633,-1.3561233,-2.4898384,-2.1221137,-1.0272413,0.89138824,1.7711385,0.81689703,-0.5724866,-0.6893032
-0.56524485,-0.9296597,-2.670266,-1.89623,-0.853447,0.5173501,1.1507385,0.6212881,-0.32663688,-0.18287168
-0.5572491,-1.582317,-3.5732856,-2.6337476,-0.94183636,1.6935996,1.4977492,0.9744979,0.23736249,-0.9532584
-0.66994053,-0.8558345,-2.4356322,-2.1776285,-0.8357406,1.3343211,1.260429,0.5211413,0.10433067,-0.37961775
-0.768028,-1.0951241,-3.3757775,-3.8970428,-1.1691417,1.4497854,2.4020364,0.9410231,-0.4211153,-0.8467433
-0.3682711,-0.8304617,-3.1625614,-2.8508065,-0.92442656,1.1185944,1.4982866,0.83589387,0.07030473,-0.6233908
-0.23512223,-1.1665691,-3.487391,-3.2313356,-0.7904495,0.9559088,2.069482,1.7579108,0.28571078,-0.76882213
-0.6975998,-1.2556195,-3.6929357,-3.150371,-1.3115287,1.2641106,1.7608654,1.0003539,-0.4303402,-0.49850884
-0.85448253,-1.1861894,-2.272164,-2.7973704,-1.031135,0.5963246,1.5611389,0.7604038,-0.0661298,-0.4644819
-0.27665353,-0.5967404,-2.889745,-2.6983507,-1.2624316,1.3095489,1.9207356,0.79303324,0.017940633,-0.22919519
-0.6683815,-0.83057475,-3.01391,-2.9050233,-0.590009,1.1519511,1.4573408,0.5865826,0.12394888,-0.30394945
-0.6062357,-0.6707127,-3.331116,-3.15118,-0.73934066,1.7312812,2.375855,0.94222075,-0.34011805,-1.1085311
0.04071817,-0.93960255,-3.011869,-2.7873797,-1.3681997,0.96742857,1.5420811,1.2434721,0.60068166,-0.086435735
-0.44635984,-0.5925562,-2.292384,-1.9336041,-0.5291297,0.7593973,1.2774736,0.5988878,-0.58790785,-0.46730217
-1.0069027,-1.477173,-3.4639149,-3.0646534,-1.5003096,1.4165466,1.3259883,1.2144142,0.7071381,-0.87631065
-0.3484164,-1.5594933,-2.9839036,-2.959386,-1.2176619,0.7786121,2.0481203,1.1582127,-0.2668594,-0.43450707
-0.4528852,-1.0948724,-3.0958955,-2.8154285,-0.875511,1.5060128,1.5987297,0.5936907,0.034079418,-0.36157426
-0.37753263,-0.6319247,-2.4785037,-2.9587936,-1.0867597,0.5999015,1.9917574,1.0840105,0.24813536,-0.36031315
-0.294936,-0.76188123,-2.3838782,-2.7334137,-1.1476008,1.4334625,2.235655,1.2027427,-0.07796316,0.29134983
-0.10642404,-0.7783795,-2.175588,-2.0113163,-1.0045896,0.93838304,1.3383523,0.18411532,-0.583487,0.15908171
-0.43975076,-0.60547155,-2.8440692,-2.9896889,-0.50054723,1.1749132,1.0897387,0.76982456,0.18680142,-0.53585386
-0.317086,-1.5478485,-3.862239,-3.103357,-0.8626367,1.4256928,2.1821737,1.4226117,0.0848735,-0.74607956
-0.9265747,-1.3829664,-3.8420725,-3.9749696,-1.2514181,1.0372146,2.3581972,1.9506075,0.23836917,-0.6968674
-0.088725746,-1.4138948,-2.8667371,-2.6994436,-1.3047553,0.8952369,1.5615981,0.80080235,-0.2932544,-0.90527177
-1.0005825,-1.0254247,-1.981599,-2.4668121,-0.8610128,0.8333775,1.177021,0.17927687,-0.38945934,-0.5204778
-0.54752713,-0.4052603,-2.5546024,-2.613023,-0.35955095,0.95077425,1.7284606,1.4946263,0.0210198,-0.9535335
-0.3166003,-0.91159004,-2.928473,-2.695564,-0.92941755,1.0964751,1.5544323,0.83326966,-0.4305816,-1.1360346
0.11389155,-1.559464,-3.2796843,-2.793384,-0.5497807,1.2733245,2.331156,1.3604735,-0.29373857,-0.4193409
-0.50505656,1.0642877,-1.8730844,-2.7636313,-1.4730521,0.75930375,1.0549902,0.757772,0.48158088,-0.49267432
-0.4888367,-1.1782556,-2.7897413,-2.038935,-1.0698652,0.8170039,1.7033603,0.8397846,-0.07877873,-0.2713249
-0.5848925,-1.256934,-3.622106,-3.8038297,-1.2740308,0.8620359,2.0069873,1.3111292,0.52406013,-0.07792543
-0.19575675,-0.78133196,-3.5120218,-3.142559,-1.2255865,1.2087599,2.1968603,1.0724185,-0.11777123,-1.0366241
-0.25524494,-1.0405803,-2.0786848,-2.3150363,-0.25041103,1.3250467,1.4963197,1.1082536,0.4228951,-0.49474627
-0.23563144,-0.81657547,-2.9089875,-3.1641734,-1.1806158,1.4866371,1.4994332,0.9249655,0.32196945,-0.17900267
-0.98375714,-0.95905304,-2.5787156,-2.7609866,-1.2229083,0.6979686,1.32988,0.8196785,0.21814446,-0.105231605
-0.5896252,-0.67743146,-2.5080984,-2.7499967,-0.6383938,1.3014716,1.8771062,1.3500699,0.2775671,-0.05016891
-0.7652115,-0.25615904,-1.5397608,-2.1887674,-0.30694965,1.2587388,1.3471262,0.6691787,-0.5515928,-0.27202734
-0.5351334,-0.39544505,-2.1443381,-2.3534918,-0.5460639,0.93811864,1.2134403,0.6585584,-0.0119397985,-0.20755053
-0.12892517,-1.0068493,-2.2182257,-2.4810236,-0.93473583,0.62938046,1.1154221,0.72520345,0.15733522,-0.36948797
-0.8685659,-1.0968332,-2.8286443,-2.7995381,-0.7227027,1.3627743,1.6630094,0.8391874,-0.016533459,-0.27346337
-0.061709233,-1.0624317,-2.8681142,-2.3491297,-0.96455246,1.4896854,1.7544351,1.2548689,0.24042997,-0.6560282
-0.47553504,-1.3197929,-3.0292745,-2.9955812,-1.0716547,1.0535874,1.6957837,1.0332506,0.15728128,0.045488566
-0.8457728,-0.9673841,-3.253117,-3.9029868,-1.5916555,1.03385,2.0654452,1.0669458,0.013647798,-0.4592373
-0.2700945,-1.0328022,-2.3454545,-2.174915,-0.90130705,0.8528042,1.8660346,0.97539437,0.03196835,-0.91627145
-0.44935647,-1.5320847,-3.9709983,-4.098661,-0.973748,1.9712929,2.2981985,1.7672961,0.21860456,-0.8242219
-0.8006455,-1.5124387,-3.7046936,-3.3891785,-1.1895351,0.89354616,1.658949,1.0722419,0.11677085,-0.9066417
-0.24489969,-0.7880656,-2.1526144,-1.8730388,-0.70196116,0.48459098,0.9044534,0.9122919,0.21286847,-0.27753124
-1.1449683,-1.262276,-3.7196789,-3.4266255,-1.4676311,0.9190695,1.8860554,1.3645064,-0.15415914,-0.74228215
-0.519076,-1.0561743,-2.7454174,-3.0047026,-1.2296889,1.4659164,1.7099165,1.047171,-0.5601929,-1.1319811
-0.18580715,-0.8222802,-2.9852135,-3.2068372,-0.85144067,1.493794,1.9021178,1.3322814,0.29165685,-0.439736
-0.19444984,-1.0208989,-3.0040758,-2.312708,-1.0472575,1.3907728,1.335704,0.66886914,0.055633683,-0.9739043
-0.6779668,-0.90938914,-2.840367,-2.309177,-1.1427016,0.8919298,1.9331306,1.2042356,0.71269387,0.1492754
-0.7826672,-0.76062053,-2.4420362,-2.4796953,-1.4797108,0.9309721,1.4833144,1.1898178,0.013062003,-0.6639442
-0.004554263,-1.7060599,-2.5819232,-2.2757986,-0.4777634,1.4783835,0.059007123,0.8861773,-0.079385415,-0.7244344
-0.580134,-1.343949,-3.2322965,-3.3047705,-1.0169098,1.5857015,2.0225625,0.9710399,0.066884615,-1.2839483
-0.16989927,-0.13974325,-1.9342916,-1.8395258,-0.5479252,1.1788142,1.7593634,0.4641688,-0.73789823,-0.8759006
-0.854373,-0.7785782,-2.8142345,-2.679683,-0.9844227,1.2711037,1.9321953,1.0168389,0.14326857,-0.5234784
-1.2675028,-0.5801482,-2.287821,-2.8689182,-0.7462583,1.0813518,1.603561,0.57948315,-0.3292687,-0.2852775
-0.072802484,-0.5521452,-2.2532294,-1.7829545,-0.49756676,0.9403283,1.3131967,1.0126163,0.046578728,-0.13306735
-0.14547832,-0.34933835,-2.2420382,-2.0307026,-0.93520784,0.77609956,1.3880997,0.10375619,-0.37727338,-0.15109771
-0.515345,-1.8540827,-3.8004253,-3.1994243,-0.9515995,1.3058116,2.1484382,1.3445073,-0.23384584,-0.9021098
-0.3884618,-0.77548784,-2.5615227,-2.1588516,-0.7607429,1.3367734,1.6873578,1.0046183,-0.04786454,-0.8872909
-0.45654687,-1.4352827,-3.1648264,-2.745971,-0.98527545,1.6188163,2.0782635,0.9069967,0.024375478,-0.8677616
-0.8766674,-1.4123042,-3.678231,-3.4604752,-0.9463646,1.5903434,1.9661136,1.2632264,0.15706141,-1.0056146
-0.40798432,-0.72007096,-2.734546,-2.0471375,-0.4663036,1.5309631,1.5253971,1.0311078,-0.17293493,-0.15175597
0.28795862,-0.7561084,-2.1925216,-2.2681277,-1.1250882,0.82716936,1.9679893,0.93231624,0.17948571,-0.08228618
-0.92941713,-1.0686423,-2.8669965,-3.2699704,-1.3237656,0.9944253,1.6514319,0.9560244,-0.33661172,-0.15962669
-0.34514025,-0.85414594,-2.166004,-2.0313325,-1.0499358,0.5644639,1.4661359,0.5735501,-0.65397805,-0.28894535
-1.2474892,-1.5212016,-3.1221201,-2.8028278,-1.2506379,0.59149504,1.2229398,0.82682896,-0.19912487,-0.7743004
-0.45468608,-1.0755248,-3.0172966,-2.4557264,-0.92497325,1.303378,1.6944468,1.0709076,-0.29595816,-0.82412183
-0.059945874,-1.3969716,-2.8056307,-3.0378242,-1.4228686,0.7973292,1.9924525,1.563809,0.19545627,-0.4538535
-0.6559978,-1.2749414,-3.3497896,-2.875817,-0.9458759,0.4424018,1.3087158,0.50825894,-0.11008751,0.11791637
-1.3402126,-1.5777828,-3.5065074,-2.5471737,-0.8237895,0.7422417,1.3436357,0.7269451,0.119661435,-0.8976322
-0.4319794,-1.6868237,-3.5704386,-2.913446,-0.7974142,0.82852113,1.8675354,1.0124133,0.27278277,-0.55637246
-0.07483443,-1.2163038,-2.9784646,-2.7807212,-1.0479897,0.42011818,1.147864,1.327153,0.24105713,-0.3161453
-0.7355849,-1.2619708,-2.1602108,-2.1255121,-0.89236856,0.8875902,1.1100298,0.41321555,-0.18592896,-0.23245913
-1.2361671,-1.06218,-3.3590157,-2.658819,-1.0662739,0.6740434,1.3329914,1.0260985,-0.579418,-1.3555909
-0.058569018,-1.0215081,-2.5140746,-2.1166825,-0.53807825,1.3188746,1.6029987,0.50776696,-0.31774527,-0.8769635
-0.4190813,-0.9930143,-3.2664158,-3.3199391,-1.3555788,0.9028869,1.9137326,0.7607841,-0.19138041,0.08740366
0.22792049,-0.90210646,-3.459111,-3.0177178,-0.8147194,1.3442811,1.884324,1.3014663,0.059378184,0.080512874
0.20916781,-0.81927097,-2.950689,-2.4937315,-1.203265,0.95490617,2.0581434,0.91172135,-0.35621893,-0.7995102
-1.0106224,-0.76707685,-1.8818098,-2.3237877,-1.1335466,0.67524076,1.1226068,0.47829172,-0.33031338,-0.1414453
-0.53296447,-0.68370885,-2.6591306,-1.802896,-0.885041,0.3313266,1.1426345,1.3615063,0.14241797,0.058835153
-0.25514963,-1.8312565,-3.7159238,-3.838303,-1.6678486,1.2595307,2.2630482,1.6658958,-0.0104900105,-0.97096413
-0.33346766,-2.3113503,-3.9234412,-3.8225133,-1.0122548,1.30908,2.3272254,0.8969645,-0.3228894,-0.94189405
-0.42709443,-1.6576917,-2.5335877,-2.526525,-1.4472561,0.7573024,1.7578675,0.9831365,-0.5948519,-0.24340409
-0.4186929,-1.2625239,-2.350136,-2.4402497,-0.7760402,1.0487993,1.8955805,1.0789158,0.23720762,0.11594048
-0.6659363,-1.233042,-3.2745955,-3.441283,-0.65998024,2.001945,1.6714332,1.1157138,0.10633502,-1.5782486
-0.561926,-1.5434567,-3.400075,-3.3945837,-1.487213,0.60472804,1.6718726,0.93757826,0.6130312,-0.42840913
-0.49874812,-1.1265229,-3.0475578,-3.017494,-0.92154807,0.7194316,1.6345861,1.1788982,-0.16488923,-0.67817694
-1.2570951,-1.1732455,-3.1776881,-3.3567212,-0.7581343,1.1566339,1.8550489,0.71766114,-0.16848499,-0.8465277
-0.22514045,-0.59248835,-2.5772822,-2.6639118,-1.2528893,0.8399385,1.7001607,1.2255307,0.38381958,-0.2831535
-0.5947243,-0.68611145,-2.4370313,-2.0531924,-0.9818714,1.0761148,1.3546746,0.69683045,-0.23247786,-0.59804064
-0.31734627,-1.3955073,-2.5540783,-2.5703685,-1.1448293,0.93838906,1.1702473,0.664875,-0.33657655,-0.68432665
-0.72351223,-1.5014502,-3.717722,-3.7653148,-1.4435753,0.89897454,2.2885125,1.723674,0.057726983,-0.1112647
-0.37764847,-0.99629587,-3.3767703,-2.758587,-1.423633,1.0858926,2.2576559,1.2057868,0.43494147,-0.7365878
-0.022960003,-1.3847718,-3.3812587,-2.769693,-0.8316355,0.94639796,1.7997855,0.8794606,-0.10944371,0.035344135
-1.4430932,-1.6497884,-3.5447445,-3.5573008,-1.1188186,0.8429802,1.6956754,1.1690663,0.119190894,-0.7898245
0.057070516,-1.2267857,-3.7906344,-3.5596902,-1.668878,0.7781008,2.3252742,1.185416,-0.74144953,-0.7144417
-0.30800304,-1.4945402,-3.113682,-2.7908971,-1.0284836,1.8177779,2.3019588,0.9958116,0.14554474,-0.6666606
-0.574339,-1.2010001,-3.8668768,-3.89116,-1.4502966,1.3673986,1.5515966,1.4340757,0.8051836,-0.20778431
-0.30972102,-1.3002564,-3.2173636,-2.6216662,-1.1992385,0.98942804,1.9354274,1.4907707,-0.07313418,-1.1649436
-1.6463435,-1.3595049,-2.6453748,-3.2402282,-0.97171044,0.6850398,1.7939236,1.0168927,0.021780673,-0.3556241
-0.6240458,-1.2447342,-3.1264982,-2.53207,-0.57994753,1.5261471,1.9595088,1.4237167,0.2709181,-1.0054159
-0.7465101,-1.1340852,-2.690985,-3.0831208,-1.0867889,1.0980842,1.7828355,1.3554742,0.20107688,-0.55099463
0.0013057219,-0.6370205,-2.982002,-2.7768176,-0.8275389,0.9204789,2.0906825,1.3943113,0.34917164,-0.58993673
-0.670735,-1.3788708,-3.326478,-3.2612472,-0.9841073,1.2660898,1.7113355,1.2133721,-0.31867063,-1.0393035
-0.30101144,-1.1944358,-2.8778129,-2.7302387,-1.721608,1.1721001,2.0853784,0.8022066,-0.3908285,-0.557428
-0.76571137,-1.5915618,-3.917827,-3.7867863,-1.1048908,1.1772412,1.9662921,1.3986017,-0.10133777,-0.9979539
-0.57925177,-1.0351604,-3.7750938,-3.7318373,-1.161437,0.80653125,2.4821439,1.3444147,0.2571196,-0.59518135
-0.75252026,-0.96225995,-2.5203323,-2.462429,-0.72164893,1.5409487,1.459803,0.99356484,0.011969881,-0.45377263
0.0067646187,-0.6508514,-2.8227677,-2.3600528,-0.97592103,1.3980502,2.3128002,1.4183011,0.10416383,-0.13481744
-1.0258037,-1.204574,-2.8480053,-2.2826788,-0.5716584,1.7047315,1.8936895,1.132575,-0.15634692,-0.7929413
-0.36726448,-1.1460254,-2.620017,-2.3518689,-0.5022149,1.0558645,1.5186504,0.89962614,-0.07245375,-0.6582924
-0.6607338,-0.83593774,-3.1150286,-2.3816924,-0.7426634,1.4690555,1.754682,0.7336793,-0.5738148,-0.63954735
-0.40889174,-1.6677662,-3.7188723,-3.0516448,-0.644748,1.3085207,2.1318576,0.9733611,-0.028979406,-0.89024824
-0.62512803,-1.1955595,-3.404844,-3.542136,-1.053656,1.120366,1.5450441,1.6117549,-0.10659671,-0.89562637
-0.3470975,-1.0843816,-2.6699798,-2.619662,-1.145547,1.000992,1.5698937,1.0772554,-0.05264448,-0.54991657
-0.092361994,-1.043606,-3.567851,-2.6235316,-0.9111703,0.5387681,1.9194516,0.8926453,0.104125336,-0.22085245
-0.95254874,-0.842541,-2.6745257,-2.7854242,-1.4779254,0.9498083,0.6112428,0.52644324,0.20161404,-0.50392073
-0.31279522,-1.396776,-3.8350153,-3.1862926,-1.2233492,1.0795943,2.4082015,1.4026548,-0.32355744,-1.0915773
-0.5310681,-1.2337493,-2.9068549,-3.2368205,-1.3894281,1.1147844,2.047002,1.629993,0.24906981,-0.16823614
-0.27403435,-0.7020692,-3.0482576,-2.603925,-0.6196782,1.3481877,1.9437478,0.7700459,0.14875656,-0.19869104
-0.29395118,-1.0647703,-3.1283934,-2.8283331,-0.78914183,1.2092876,1.5992349,0.9388674,-0.13127826,-0.19591409
-0.5839723,-1.5453372,-3.862102,-3.199814,-1.0359281,0.59066737,1.7638265,1.497774,0.17718205,-1.5603513
-0.7688793,-1.083411,-3.1221483,-2.3684218,-0.67891806,1.4619967,1.9028885,0.85546243,-0.1496227,-0.25684476
-0.2006717,-0.67598283,-2.960181,-3.3034222,-1.7209584,1.473044,1.4723207,0.9332544,0.5467894,-0.2561877
-0.4509243,-1.0053421,-2.8021336,-2.8818355,-0.9217156,1.2900593,1.1956049,0.6939421,-0.089306034,-1.2432221
-0.9044333,-1.6220108,-3.4513414,-3.002734,-0.9370733,0.82136077,1.5698363,0.8993424,0.69298106,-0.62378687
-0.2648585,-1.07075,-3.023776,-2.91405,-1.0192199,1.1433936,1.7249416,1.1743685,0.012598545,-0.9028946
-0.6194598,-0.61581326,-2.761985,-3.2066262,-1.3191584,0.5612894,1.2939035,1.1710594,0.48981312,0.2831021
-0.67889494,-1.0545815,-3.621703,-3.8734818,-0.92449284,1.3912723,1.8649482,1.4364958,0.116621464,-0.88612777
-0.26813957,-1.4494947,-3.4247448,-3.0433462,-1.362054,0.7864533,1.1872479,1.0201113,0.23673373,-1.1416196
-0.5545385,-1.6489501,-2.9305274,-2.990923,-0.8639922,0.5483714,2.2790148,1.2249953,-0.009239203,-0.102019906
-1.0312089,-1.597399,-3.2365112,-2.70473,-0.93696946,1.107899,1.3227698,0.7364735,0.49250814,-0.24961145
-0.5639223,-1.9933916,-4.042025,-3.7144535,-1.131876,1.5459152,2.4336069,1.5793937,0.07399665,-0.34771904
-0.8299207,-0.83797044,-3.5488873,-2.893744,-0.9074842,1.8027735,1.562409,1.4361846,0.02276498,-0.31327257
-0.40615624,-0.46255237,-2.7627695,-2.0759063,-0.80232793,0.47843778,1.7199492,0.8487388,-0.1753589,-0.30733433
-0.9066539,-0.8687784,-3.1258185,-2.1909566,-1.1553501,1.0790516,1.3493229,0.68092257,-0.34490076,-0.64892834
0.09485091,-0.97814876,-2.2645814,-1.9107126,-0.7056751,1.2331519,1.8170389,0.9467544,0.00092457444,-0.4756816
-1.2084883,-1.5624894,-3.6119258,-3.7533476,-1.2513168,1.0581081,1.8702108,0.40810293,-0.036543082,-0.5466604
-0.390739,-1.0742779,-2.1856658,-2.0662417,-0.44585642,0.913797,1.3918684,0.7441267,-0.18512619,-0.23701222
-0.7423826,-1.1679577,-2.5650964,-2.4007516,-1.0168401,0.77976334,1.2094164,1.0057864,-0.043481402,-0.7144441
-0.13526854,0.9025794,-1.4419321,-2.1128654,-1.0541393,1.1275338,0.7048807,0.46146837,0.16232717,-0.15777645
-0.2756929,-0.9897205,-2.5421839,-2.7445383,-0.9012732,1.3100034,1.5519176,0.7073664,0.15024856,-0.742729
-0.0698811,-1.6924186,-3.3094416,-2.8601475,-0.5742054,1.0498623,1.8174925,1.1318724,-0.41869217,-0.78981876
-0.63931465,-1.1279588,-3.3458376,-3.6927533,-1.0543704,0.93901086,1.5864815,0.79526365,-0.11690419,-0.63171625
-0.32818627,-1.6060873,-3.9045827,-3.4254558,-1.2150646,1.1907403,2.179872,1.774675,0.25642768,-0.26072887
-0.20434436,-1.4188768,-3.1183348,-3.041139,-1.1207755,1.6952586,2.4050856,0.8934965,0.35316435,-1.0802635
-0.6434522,-0.40426525,-2.3240447,-2.6593382,-0.7751948,0.8539188,1.6537389,0.52239984,0.31401417,-0.17065948
-0.3227377,-0.9996562,-3.4034905,-2.8896773,-0.729793,1.784937,1.935674,1.2735239,0.29118642,-0.010090265
-1.6525753,-1.3936629,-3.522749,-3.95164,-1.2908868,0.9684433,1.7052298,1.0473887,-0.185614,-0.8855034
-1.1680579,-1.3373051,-3.488312,-3.3672717,-1.0315655,1.2905316,2.05412,0.8500387,-0.32079154,-0.96213794
-0.36173755,-0.7355395,-2.9140913,-2.952745,-1.0994202,0.77880704,1.2468823,1.2054353,0.7582776,-0.6637033
-0.2240965,-0.6599501,-2.4675975,-1.8138514,-0.53881204,1.3410122,1.9492953,1.030185,-0.6422662,-0.48651996
0.024630988,-0.6946938,-2.431074,-2.3485987,-0.47409096,0.92789704,1.8194791,1.0377129,-0.08464046,-0.30708104
-0.36025012,-1.3038936,-3.3974626,-2.3842373,-0.91493106,1.1320716,1.7716712,1.0371009,-0.33933598,-0.08213411
-0.47645158,-1.6024755,-3.1701183,-3.19183,-1.5826416,0.51379776,2.2608614,1.6200919,-0.34710646,-0.47316244
-0.5129616,-1.6614298,-3.6619406,-3.4560888,-1.0492026,1.2462907,1.926094,0.98385763,-0.54319435,-1.3571024
-0.17664658,-1.2202414,-3.7527559,-3.178268,-0.9302755,1.2757546,1.9541785,1.1997331,0.28685594,-0.2681487
-0.30027232,-1.2361621,-3.3271618,-3.245448,-0.8963411,1.4312757,1.800821,1.2792774,0.21870552,-0.49716857
-0.46078557,-1.227513,-3.224676,-3.2221165,-1.077606,1.2321981,1.9693776,0.7208147,-0.26010415,-0.59213644
-0.21690884,-0.90272826,-2.5307748,-2.1170738,-0.5484671,0.36982113,1.4319578,1.0985554,0.051318586,-0.9127115
-1.1278843,-0.8054191,-1.9404646,-2.4438305,-0.7044568,1.3555231,1.1578386,0.5411329,-0.22630431,-0.5157873
-0.122721516,-0.5941248,-3.1914196,-2.6443274,-1.3254069,0.9519785,1.6761752,1.2036799,-0.49086815,-0.07966011
-0.6709035,-1.4964111,-2.7503724,-3.081611,-1.0713483,0.87770665,1.7879632,1.4008813,0.10203155,-0.5479006
-0.57252556,-0.7401562,-2.1707964,-2.1143866,-0.6793948,0.9098565,1.258677,0.7594021,-0.2759892,-0.31632924
0.20530419,-1.0425042,-2.825682,-2.989408,-1.2492944,0.8397771,1.9544703,1.4831884,-0.17498565,-0.26927814
-0.6170142,-1.3981248,-3.2202773,-2.9231706,-0.58616775,1.7022264,2.2573502,0.8437426,-0.14768101,-1.7473598
-0.6534566,-1.3140897,-2.8432322,-3.35089,-1.0881172,0.72766924,1.4427031,1.559848,-0.19733971,-1.3567432
0.0055742003,-1.5113693,-3.5726821,-3.0142124,-0.8493263,0.7494314,1.4220964,0.81767726,-0.28495443,-0.7757461
-0.825559,-0.82691765,-2.9106662,-2.858401,-1.2801634,0.73980206,1.6900758,0.95101887,0.08930338,-0.031676937
-0.94472855,-0.66657317,-1.5101321,-2.5519636,-0.86965257,0.6821579,1.3096322,0.79731673,-0.34845856,0.03326095
-1.0403066,-1.0765651,-3.5419931,-3.7994254,-1.3145869,1.7710911,2.058562,0.8156686,-0.19170061,-0.48098156
-0.06273515,-1.5647384,-2.6374118,-2.6442063,-1.1745114,0.5267274,1.3411766,1.4396242,0.3250043,-0.2588598
-1.0709698,-1.194948,-2.92809,-2.596929,-0.787208,0.72477686,1.5385264,0.95888126,0.25301394,-0.050465956
0.26307485,-0.08221635,-2.0002673,-2.6260118,-1.3397725,1.1323768,1.5819563,0.7472389,0.10865884,-0.015618498
0.03254106,-1.7025706,-3.6239102,-2.8003225,-1.1842773,1.3129786,2.3268948,0.9336811,-0.16317321,-0.7069852
-0.49978438,-0.50569147,-2.7811503,-2.818689,-0.5086361,0.60004085,1.0088768,1.050555,0.198849,-0.47283125
-0.39780793,-1.5633141,-3.42316,-2.526683,-0.8834436,1.3096592,1.661741,0.8267382,0.14991546,-0.6734496
-0.20367803,-1.2627525,-2.644054,-3.0714295,-1.4979774,1.0750712,2.2114046,1.9286586,-0.30994636,-0.8307951
-0.3404011,-0.70736736,-3.079414,-2.7510812,-1.6678787,1.2841194,1.709041,0.8540763,-0.49432027,-0.220017
-0.28259444,-1.7317427,-3.3364875,-3.0214334,-1.3441541,0.4888697,1.7978764,1.5094241,-0.3626122,-0.7482409
-0.18321945,-0.9992743,-3.1694472,-2.656156,-0.7845006,1.4808081,2.430014,1.0488763,-0.35828987,-0.86423093
-0.37583163,-1.2866833,-3.5361526,-2.8215039,-0.9310798,1.2280574,2.1726923,1.2438388,-0.14545996,-0.39628458
-1.1757327,-0.89690244,-2.3805628,-3.0310647,-1.009551,0.67304116,1.4428405,0.4675926,-0.050054427,-0.44390482
-0.51290596,-1.388806,-3.164763,-3.0738108,-1.5344465,0.5642166,1.6701093,1.4239093,0.16521229,-0.5561456
-0.89399934,-1.8124433,-3.9277518,-3.6038437,-1.5985628,0.8610012,1.9031345,1.3699994,-0.3590197,-1.0957257
-0.49374494,-0.69470465,-2.8403006,-2.514258,-0.5211307,0.9061251,1.2358277,1.0716344,0.35738438,-0.80242914
-0.22250304,-0.48515624,-1.9983202,-2.229819,-0.32348692,1.2136618,0.996917,0.82432437,0.05282909,-0.9336363
-0.23994634,-1.1647485,-3.1852403,-3.085847,-1.0887488,0.5304866,1.8554841,1.2545782,-0.34525916,-0.30225176
-0.20989858,-1.0859487,-2.0688388,-2.0408401,-0.84394884,0.4499462,1.0521926,0.29152152,-0.028463647,-0.22938886
-0.46344095,-1.0437461,-2.6420445,-2.3012767,-0.7180395,1.1366179,0.88999057,0.331279,0.11962831,-0.19128875
-0.776323,-0.77516496,-2.7495534,-2.787107,-0.9085566,1.0381428,0.9448741,0.5036105,0.15301798,-0.45795345
-0.9426612,-0.6336326,-2.300364,-2.3683097,-0.65183026,1.1936909,1.8102088,0.9695837,-0.19818395,-0.41131762
-0.62686104,-1.6506997,-3.8129807,-3.6432395,-0.7878537,1.083081,1.6312951,1.5776005,0.081087075,-0.6931038
-0.72530705,-0.71304977,-2.6699934,-2.97112,-1.0977011,1.2088419,2.0556264,0.950999,-0.30410317,0.09174515
-1.3561553,-0.986376,-3.46143,-3.069267,-1.4555181,0.78294384,1.038378,0.44486308,-0.5432249,0.07823954
-0.50467086,-1.4767609,-3.3652267,-3.0664275,-1.4523392,1.0486621,1.9485062,1.2173779,-0.0063164034,-0.8632136
-0.2922774,-0.8662886,-2.9560375,-2.583746,-1.0649102,0.8229612,1.2705245,1.3020077,0.06641256,0.17924485
-0.6830101,-1.1366324,-3.4201622,-2.621459,-0.7890566,1.0939367,2.0503569,0.6964513,0.34005123,-0.14977159
-0.5907961,-0.543333,-3.0198762,-2.7736228,-0.97727644,1.3156732,2.0386374,0.7396157,-0.15178026,-0.11003673
0.03582588,-0.639764,-2.3713238,-1.8124605,-0.53814167,1.3416896,1.6013632,1.1146511,0.20564948,-0.6020662
-0.8515885,-1.4039439,-2.6181855,-2.9559922,-1.0275512,0.9398493,2.3247478,1.144702,-0.11843486,-0.22659332
-0.30756783,-1.2429578,-2.7186067,-2.7843919,-0.5428541,1.1244788,1.71263,0.80712724,-0.2530069,-0.18543811
-0.23866591,-1.2478018,-3.4367132,-2.8203263,-1.2936028,0.650099,1.5823451,0.99779016,0.16569428,-0.42080408
-0.30985844,-0.66982937,-2.9121397,-2.6193554,-0.82372415,0.7874977,1.5423591,1.0889773,-0.4846293,-0.49786103
-0.9068046,-1.3849683,-3.678778,-3.203139,-1.248941,0.5756621,1.2530429,0.68961334,0.07104332,-0.26847792
-0.55867875,-1.0040157,-2.5176525,-2.7288039,-0.549575,1.3792475,1.6842883,1.4609207,-0.18936603,-0.7055545
-0.7733066,-0.79262275,-3.336716,-3.0650446,-1.8393021,0.7703183,1.4162512,0.9181446,-0.3852787,-0.98352677
-0.60047174,-0.9761328,-2.2613914,-2.3852983,-0.88215095,0.79065716,1.4179316,0.24579309,-0.08838064,-0.10196609
-0.37451157,-1.8524294,-3.8614886,-3.3102906,-1.4571872,1.0595888,1.9509516,1.485544,-0.483224,-0.9423396
-0.3760198,-1.2789894,-3.081303,-3.1014488,-0.5475319,1.5277513,2.1600282,1.6934988,0.108911574,-1.0282563
-0.36289704,-1.4271603,-3.624761,-3.972245,-1.3136497,1.320179,2.2765603,1.507171,0.096167356,-0.5970073
-0.11541907,-0.9299816,-2.9587848,-2.7222373,-0.8122728,1.1879741,2.0798643,0.9008046,-0.23897557,-0.9626808
-0.38903874,-0.8545656,-2.5448117,-2.2733507,-1.1466774,0.4428655,1.3330446,0.9320234,0.13691811,0.48901823
-0.6220472,-0.9813431,-2.635561,-2.2319708,-0.90452063,1.0927849,1.899217,0.9560545,0.21082845,-0.1203827
0.25483018,-0.79050684,-3.3526444,-2.6689553,-0.48238412,1.3212198,1.7663332,1.751527,-0.02505208,-0.5605306
-0.8037652,-0.9664045,-1.8651514,-2.1254961,-0.8199059,0.83488923,1.921333,0.85891014,-0.120196864,-0.45617586
-0.62776953,-0.5750168,-2.568936,-2.7523491,-1.3572968,0.4923957,1.2709271,0.18006712,-0.4977661,0.045052808
-0.31212348,-0.6429622,-2.3719873,-2.4976423,-0.6390199,1.3971817,1.7823486,1.2333947,0.19578518,-0.0522261
-0.9526734,-1.5937353,-3.7384868,-3.1662123,-0.73307973,0.7453415,1.440007,1.3322343,0.2970562,-0.34769964
-0.045975644,-0.8973502,-2.9232328,-2.4349496,-1.3635702,0.8059975,1.3301224,0.746813,-0.10788938,-0.27941525
-0.61909837,-1.3308429,-2.682628,-3.212898,-1.0073197,1.0050213,1.4885808,0.7657403,-0.512635,-1.1067398
-0.6461615,-1.7500956,-3.7284007,-4.053818,-0.9442219,1.4565537,2.0946696,1.9738668,0.098682836,-0.94890404
-0.88533825,-1.1539785,-3.3393545,-2.5003107,-1.3181577,0.84265846,1.7489378,1.2486225,0.18295215,-0.1997119
-0.6941646,-0.7935524,-2.5226927,-3.465373,-1.3453894,0.6195981,2.0753736,1.9094831,0.23608983,-1.3698865
-0.69356585,-1.0088481,-3.4090488,-3.1446137,-1.1596565,0.8843326,1.4399624,0.8712173,-0.30818862,-0.06354151
-0.8698418,-1.2388613,-3.7491732,-3.2604039,-1.2262523,1.5285025,2.321395,1.4958124,0.26937363,-1.4543138
-0.6150764,-1.7526776,-3.6250536,-3.018125,-1.199652,1.2674149,2.0624716,0.9890456,-0.24925497,-0.39682755
-0.44924787,-1.2830197,-3.125473,-2.920323,-1.115686,1.1904181,2.1830328,1.7350729,-0.0010442963,-0.13076483
-0.41024354,-1.9316859,-3.7399204,-3.4018638,-0.86297035,1.9418702,2.4013627,1.8162799,0.027792921,-1.0865403
-0.9404028,-1.7075399,-3.1177862,-3.3716195,-1.5051091,1.100852,2.0277123,1.273273,-0.22405288,-0.8542741
-0.7970643,-1.4055872,-3.439269,-2.738766,-0.92044353,0.97884643,1.4370867,0.7405785,0.03470794,-0.5577958
-0.57634544,-1.2589656,-3.273017,-3.236074,-0.57676697,1.415563,2.2367299,1.8750672,-0.24767011,-0.52787673
-0.54080456,-1.2928445,-2.3238902,-2.3611574,-0.90320045,0.80592155,1.7443019,1.4742993,0.039461546,-0.5476027
-0.8072752,-1.2537937,-3.2909834,-2.6831923,-1.3430492,0.73313355,2.2546763,0.6848845,-0.27719355,-0.1572684
-0.3369155,-1.3532324,-2.7681487,-2.9072275,-1.2399788,0.85372204,1.2855967,0.64020336,-0.8014777,-0.6199578
-0.38336742,-0.87289464,-1.7615739,-1.7328225,-0.99154,1.0537531,1.0891303,0.13385278,-0.2502598,0.013744014
-0.64436454,-1.4127202,-3.4010746,-2.480835,-0.94695276,0.48723397,1.5674133,1.3316458,-0.35910955,-0.22941002
-0.59038824,-0.7370736,-2.7395444,-2.2855651,-1.0028446,0.21755292,1.7353656,1.2128881,-0.18037945,0.020231325
-0.75719845,-1.035484,-3.113968,-3.0868556,-0.61818445,1.2635826,1.9600261,0.7326056,-0.42943034,-0.82333267
-0.5899652,-0.8689612,-2.1748083,-2.881887,-0.8651236,1.2047572,1.2640241,1.2330914,0.47452396,-0.2287069
-0.54281026,-0.8136167,-2.6990554,-3.151077,-1.0796833,1.5726562,2.1984525,1.2007113,-0.08193042,-0.46300066
0.21822466,-1.2489148,-3.6676993,-3.2645988,-1.1245934,1.6707042,2.2201765,1.2754937,-0.045620203,-0.86133116
-1.4470435,-0.9559865,-2.7184527,-2.633492,-0.9913458,0.89179647,1.1682075,0.17802234,0.11389465,0.2523498
-0.92867696,-1.7289674,-3.4802206,-2.9751964,-0.7182992,1.0105733,1.492991,0.63805103,-0.34158033,-1.154028
0.071400695,-0.83720666,-2.8198535,-2.4726832,-0.6943094,1.339675,1.5361993,0.6917644,-0.2780189,-0.7883304
-0.33304414,-1.150486,-3.3841448,-3.0497835,-1.4104213,0.6212159,1.6480416,0.9605779,-0.05866872,-0.5525651
-0.28758892,-0.8136277,-2.878127,-3.1727977,-1.0877516,1.1370608,1.6647816,1.0697247,-0.05637307,-0.801327
-0.59214145,-0.7263146,-2.3014004,-2.669722,-0.599286,1.1023089,1.5958365,0.6078952,0.07857934,-0.7448677
-0.6196449,-1.1890283,-2.63394,-2.3800876,-1.1147811,-0.05975718,1.7996317,1.2975202,-0.21272194,-0.29171166
-0.112638086,-1.2954595,-3.5519183,-2.958185,-0.8103856,0.7697568,1.7356789,1.4026448,-0.0051637636,-0.70881456
-0.34603128,-1.1591558,-2.5304892,-1.9164581,-0.6520648,1.2122614,1.6136096,0.3434218,-0.29072133,-0.4616964
-0.4745405,-0.60047185,-2.609239,-2.307916,-0.96947765,1.3191487,1.8449315,1.0619284,-0.09459406,-0.2229454
-0.14124927,-1.0305266,-2.2003405,-2.368335,-1.0687919,0.787851,1.4030606,0.6794529,-0.16599703,-0.27737066
0.11287449,-1.3336377,-3.3531263,-2.8854396,-1.0763882,1.0265867,2.2494104,1.273848,-0.49158412,-0.24772663
-0.4648709,-1.4710392,-3.5364945,-2.559263,-0.34639388,1.8446811,2.2299266,0.9931525,0.11859527,-0.3895299
-0.49352372,-1.3452511,-2.9526353,-2.549128,-1.0321841,0.8595391,1.3473715,0.8913295,-0.21467471,-0.22805148
-1.5482844,-2.7333753,-4.0457196,-3.8989966,-1.3323052,0.8931844,2.0328882,0.8348839,-0.18544723,-1.4830707
0.047880236,-0.83159715,-2.4324143,-3.2878778,-1.603299,1.0923855,2.0949163,0.8734804,0.07701677,-0.10883886
-0.32734507,-1.2513138,-3.5242126,-3.268874,-1.3459378,1.0604767,2.2422473,0.9681626,-0.00963104,-0.8879763
0.19246101,-1.1022133,-3.5990834,-3.5253494,-1.637093,1.3408507,2.250274,1.0330101,-0.05804319,-0.115443185
-0.5549146,-0.8958493,-2.397789,-2.2556775,-0.71389496,0.87300986,1.5206754,0.5268941,-0.7026387,-0.686326
-0.2421881,-0.62253267,-3.2856839,-2.542698,-0.76730824,0.49523887,1.385137,1.0634639,0.01390799,-0.47994977
-0.576796,-1.0012786,-2.6921914,-2.647231,-1.2175227,0.8140288,1.9259714,1.2573012,0.3090577,-0.111991145
-1.2479117,-0.9855045,-3.0226612,-2.8941865,-0.9041232,1.3535136,1.6889035,0.9848414,0.2949229,0.18200935
0.098016165,-1.120247,-3.419474,-3.0573204,-1.1687868,1.4078838,1.7770565,1.260128,-0.12830463,0.19410959
-0.8849061,-1.4470307,-3.4704738,-3.5771365,-1.1110036,1.6916081,2.5423667,1.3884392,-0.2403177,-0.84934044
-0.20302369,-0.92133236,-2.5067651,-2.6442132,-0.6011239,1.2046598,1.4922717,0.78691375,0.21508631,-0.38344407
-0.75146097,-1.0978562,-2.5557444,-2.811458,-1.2365087,0.96078134,2.1342719,0.9719811,-0.13504598,-1.4171146
-0.81908256,-1.2628257,-3.172366,-2.7471068,-0.89758646,1.466738,1.3841286,0.23170856,-0.06436868,-0.73523796
-0.14156118,-1.7664635,-3.7947185,-3.1889102,-0.7720111,1.0870172,2.007502,1.0713731,0.07056625,-0.087757766
-1.1641052,-1.3687247,-3.281258,-3.1014068,-1.0085111,1.0112027,1.5001172,0.9745891,-0.37640202,-0.7935922
-1.1157688,-1.3306049,-3.3995633,-3.362383,-1.1238714,1.7548511,2.147211,1.7382045,0.21038792,-1.3061634
-0.16271967,-0.99975866,-3.139292,-2.5289319,-0.4347582,1.3315006,1.4822714,0.6789654,0.2973025,-0.164324
-0.4195038,-1.5931864,-3.6681457,-3.488975,-1.1850997,0.70940965,1.7555912,1.0972959,0.29349038,-0.29306743
-0.80667233,-0.97714484,-2.6305897,-3.4053385,-1.4994054,1.0530466,2.2076201,1.2622186,0.36593202,-0.9599445
-0.13332975,-0.11166032,-2.2075539,-2.552966,-0.94002795,1.1601075,2.2035198,1.615281,0.17278047,-0.014450207
-0.6332102,0.41121617,-2.1754904,-2.2789567,-1.1826763,0.94031936,0.9290862,0.95046145,0.2679374,-0.24390379
-0.3164471,-1.0596008,-3.0242195,-3.622631,-1.4743747,0.87398803,1.8375292,1.06464,0.22174421,-0.20821075
-0.4805475,-0.8437462,-2.1390176,-2.6635768,-0.9653374,1.160655,1.2996204,0.43968663,0.23128049,0.14119111
0.13434012,-0.8181531,-2.7509053,-2.642737,-0.87749815,1.1818299,1.4476564,0.99229527,0.27831596,0.3190491
-0.3238364,-1.1051674,-2.973065,-2.2399185,-1.2062804,0.54699874,1.7371778,0.98680544,0.047786314,-0.71746725
-0.2130815,-0.61282134,-1.9135733,-2.00662,-1.5022161,1.023034,1.7929213,0.63158745,0.05362029,-0.53793484
0.05187073,-0.91596,-2.1248214,-2.574229,-1.4926635,0.9562401,2.366862,1.2144411,-0.10650655,-0.73079586
-0.75516224,-1.4382234,-3.5490372,-2.9670246,-0.97438806,1.0424588,1.4961228,0.56799275,-0.22028588,-0.6635737
-0.61069787,-1.4344149,-2.6460044,-2.3466492,-0.7134868,0.9030766,1.5794985,0.9647216,0.14357163,-0.24668823
0.04605264,-0.8001886,-2.8755765,-2.5507846,-1.3022165,1.3316516,1.6555805,1.017351,0.6459219,-0.19961995
-0.14743824,-1.3691989,-3.436586,-2.7261152,-0.7519745,1.3179128,2.1231709,1.3637202,0.224193,-0.50443447
-0.76564014,-1.2994138,-3.9112608,-3.3355546,-0.72051203,1.5527843,2.1655288,1.4003593,-0.07283498,-1.4974537
-0.07040599,-0.95145875,-2.4855852,-2.1029499,-0.5225627,0.7461,1.3662868,1.3447319,-0.59490347,-0.18729147
-0.5143109,-1.6256282,-3.318926,-2.511708,-0.5317747,1.6406918,1.5735304,0.6216234,-0.010955533,-0.9115679
-0.36832973,-0.78347594,-2.4085145,-2.3421297,-0.75799435,1.0595547,1.547078,0.9602232,0.19220747,-0.39696482
-0.3584686,-1.6114151,-3.6605697,-3.1896732,-1.1705389,1.1466824,1.8291181,1.58601,0.52707314,-0.8499173
0.13567127,-2.0553756,-3.808793,-3.0563118,-1.0468068,0.7428247,2.42191,1.6918553,0.051940743,-0.36040047
-0.74618834,-1.1350129,-2.5891557,-3.5454783,-1.1242447,0.720436,1.4856142,1.0799216,0.06399827,-0.22978391
0.24666175,-1.8293474,-3.4554093,-2.9142406,-1.4190464,0.7500025,1.7977641,0.7889692,0.13008085,-0.6799665
-0.54784584,-1.155089,-2.8243499,-2.8423228,-1.2539425,0.68402725,1.3456349,0.36515373,-0.058017436,-0.34075224
-0.7480597,-0.94113004,-2.3199773,-2.5219526,-0.7717731,0.9441923,1.9308766,0.62046635,0.053151924,-0.7889657
-0.74886924,-1.3919569,-3.3165958,-3.6051223,-1.0818288,0.9763972,1.6908389,1.0495577,0.11397958,-0.63196254
-0.5502717,-0.7320423,-2.0989592,-2.4184766,-1.2568984,0.63745093,1.3781496,0.8497314,0.039589457,-0.22191738
-1.2638671,-1.4729564,-3.6813588,-3.6631756,-1.214197,0.7904107,1.2810807,0.48635414,-0.14776258,-0.79069567
-0.07625237,-0.4082212,-1.9606935,-2.3772974,-0.36630774,1.2361959,2.0080082,0.9123359,-0.2453984,-0.25564095
-0.59265804,-0.38742784,-1.6011933,-1.9039726,-0.6459152,0.5488202,1.0947824,0.5260159,-0.34856704,-0.88971776
-0.34719795,-1.2958263,-2.330526,-2.998956,-1.0978184,1.0665281,1.8559574,1.1669108,-0.2846453,-0.97587514
-0.46957472,-1.5157403,-3.2429297,-3.0930758,-0.7344722,1.0220038,2.0060213,1.898041,-0.27426702,-0.88574326
0.10748611,-1.1246656,-3.2428455,-2.8082733,-1.060305,1.5684031,1.9009855,1.2479507,0.44706246,-0.35856625
-0.36594054,-1.062021,-2.9865968,-2.8936818,-0.9969153,0.7488536,1.4766058,1.3924912,0.34857824,-0.8877298
-0.4897507,-1.4810659,-2.9386015,-2.597609,-0.78411907,0.9066301,1.6563402,1.2970731,-0.2176665,-0.4744507
-0.2576263,-0.9340749,-2.7772458,-2.44066,-1.1731076,1.359309,1.9166155,0.77554715,-0.13798632,-0.6176068
-0.6652804,-1.6815841,-2.4532516,-2.7199156,-1.5062127,1.2005633,1.8811475,1.1867673,-0.29549533,-0.89462197
-1.0707611,-0.87706447,-2.7030177,-2.755227,-0.8244691,0.7929941,1.0432969,0.62988096,-0.16269964,-1.1605963
-0.004148752,-1.1144029,-2.5768437,-2.0294416,-0.4552918,1.6086717,1.546155,1.0654482,0.37696767,-0.43889678
-0.76647145,-1.1021715,-3.3362923,-3.499396,-1.1442738,0.96160835,1.4480816,0.9517398,0.1429509,-0.82780236
-0.16025276,-1.1684184,-2.4046645,-2.9288843,-0.886712,0.6354433,1.6214108,0.6422947,0.19367431,-0.41400325
-0.7333804,-0.69789875,-2.425458,-2.4125507,-0.63268554,1.5875005,2.0208337,1.4998467,0.08036293,-0.6406324
-1.637659,-1.0886675,-3.3865871,-2.902777,-0.83682853,0.327916,0.95209783,0.6653173,0.027229683,-0.43301022
-0.001390717,-1.2965332,-3.0735006,-2.4379492,-0.66352123,1.1787401,1.6653333,0.7919971,-0.32910576,-0.8276134
-0.8891503,-1.2095902,-3.8693197,-2.7765791,-1.4034479,1.1994691,1.4642334,1.0065194,-0.6361669,-0.413852
-0.30564526,-1.2255288,-3.0253096,-3.1726947,-0.8188805,0.6913241,2.0413527,1.4467263,-0.5208053,-0.5423247
-0.029966801,-1.422798,-2.2595985,-1.9095114,-0.81519777,0.63314843,1.8113837,0.7746801,-0.018374857,-0.31642708
-0.6621975,-1.2764245,-2.7915783,-3.2312293,-1.7049457,0.73267555,0.92212886,0.6396052,0.26638526,-0.25471768
-0.7083861,-1.4256705,-3.3398347,-3.1700475,-1.1576916,0.7972687,1.5415357,0.6170281,-0.2607753,-0.087265536
-0.06846195,-0.7007726,-2.2657561,-2.0314596,-0.5052107,1.0423857,1.6037734,1.030445,0.07114533,-0.72553194
-0.44869483,-1.0327827,-3.2113729,-2.3329556,-0.8899768,1.1275097,1.6235384,0.8175476,-0.26083145,-0.76433414
-0.94549084,-1.2048589,-3.6449826,-3.6276007,-1.1593504,0.8792237,2.02978,1.0820247,0.06415336,-1.4964014
-0.26396418,-0.4769218,-1.6287639,-1.9055907,-0.96878743,0.76839256,1.3870877,0.7623309,-0.18112451,-0.17200708
-0.26729172,-0.94331634,-2.034027,-2.8475442,-0.6859116,1.0230123,2.288857,1.3166509,0.113758296,-0.908044
-0.7277547,-1.2435677,-2.7389734,-3.1469057,-1.1404176,0.5260451,1.6161174,1.418568,-0.5651524,-0.32863766
0.07554247,-0.7800694,-3.5703814,-2.793646,-1.1031543,0.87605107,1.9741695,1.3059887,0.068632826,-0.1846968
-0.52814335,-1.3492796,-3.5780756,-3.2464175,-1.2796247,1.0237086,1.3477776,1.3823897,-0.062178053,-0.5786377
-0.34460387,-0.39380965,-2.9936478,-2.626876,-0.51451707,1.3813735,1.5052831,1.126637,-0.085919194,-0.90830356
-0.78000647,-0.9023257,-2.4465373,-2.6599157,-0.614643,1.1536677,1.5880705,1.0302062,0.117157064,-0.8885829
-0.5079454,-0.7549566,-2.5977144,-2.8567507,-1.3550626,0.99309075,1.1896287,0.9995126,-0.3025802,-0.2268354
-0.21074249,-1.0003217,-2.4172745,-2.1197767,-0.72467595,1.0183562,1.608053,0.5640608,-0.49872503,-0.6540274
-0.3105622,-1.1094067,-2.966784,-2.6741822,-1.0948216,1.5281516,1.9918386,0.93203324,-0.10425492,-0.040860686
-0.15018098,-0.8359777,-3.3741925,-2.7067318,-0.5008022,1.1735551,1.6883878,1.2092228,0.12076729,-0.014749811
0.07904213,-1.3067002,-2.5360103,-2.6704605,-0.8074862,1.2388446,1.5162343,0.8265481,0.23027992,-0.6542472
-0.7880611,-1.1815982,-3.6119082,-3.7036748,-0.7353142,0.45112833,1.844681,0.8541378,-0.09796387,-0.922592
-0.13255961,-1.3856224,-3.64919,-3.5037928,-1.1385146,0.7848702,2.1720908,1.4309673,0.26566833,-0.20362881
-0.26738283,-1.4411228,-2.1839116,-2.1899517,-0.7347682,0.9511521,2.1624796,1.2054079,0.33617866,-0.23369691
-0.5078376,-0.9427602,-3.144681,-3.4989316,-1.3858721,0.87875575,1.3976389,1.052652,0.034354236,0.33609617
0.1614378,-0.5824867,-2.6092808,-2.2083392,-0.76855904,1.3140154,1.5095757,0.7947339,0.17076023,-0.7669223
-0.783919,-0.92503536,-2.3419487,-2.815885,-1.328221,1.3390441,1.965355,0.9507955,-0.30522877,-0.41652495
-0.78098553,-1.7365868,-3.7742863,-3.1919916,-1.2235603,1.6305778,2.146604,1.3925068,-0.35372058,-0.6642581
-0.21058728,-1.226168,-3.2294147,-2.6801407,-0.77588123,0.56962913,1.2320883,1.1186917,-0.038390506,-0.25108823
-0.12191345,-0.78156525,-3.3395503,-2.613784,-0.6473239,0.72058076,2.0835598,1.0352929,-0.10463505,-0.27688527
-0.71537626,-1.0498208,-2.3420172,-2.8364244,-1.1926138,0.7424412,1.5511104,0.8120208,0.2713211,-0.22799952
-0.69792247,-1.3935918,-2.5883162,-2.646496,-0.48333296,0.867547,1.6565982,1.2405058,0.18245213,-0.90457153
-0.55168664,-0.62418896,-2.8878536,-2.4648929,-1.3790009,0.5943268,1.4019746,0.69237834,-0.055666436,-0.57284206
-0.9657674,-1.4289182,-3.3503802,-2.4430425,-1.1077186,1.0674464,1.515182,1.2379748,-0.025520835,-0.9816326
-0.62412554,-1.443052,-3.6855624,-3.726697,-1.5269699,0.6203537,1.9229481,1.632651,-0.115078256,-1.0080909
-0.556095,-1.5929308,-3.7296848,-3.6293318,-1.3496664,0.7326654,1.7990444,1.6202178,0.80506754,-0.3836633
-0.26987624,-1.1886349,-3.3045704,-2.5062432,-1.0400481,0.7482908,2.0643775,1.8035436,0.385395,0.1479129
-0.2828861,-0.96274173,-2.144896,-1.7312039,-0.70234203,1.0019884,1.4321489,0.6369137,-0.57952857,-0.48437533
-0.55376756,-3.3870392,-3.0467138,-2.9023113,-0.98086184,1.0176046,2.2374096,1.5534375,0.06002662,-0.7326912
-0.7902785,-1.0337179,-2.750094,-2.6632855,-0.57240725,1.115616,1.2811211,1.2166884,-0.385553,-0.9185801
-0.47836986,-1.1365844,-2.763549,-2.681394,-1.3945727,0.9894395,2.1334863,0.88330054,0.3298573,-0.79549754
-0.2666819,-1.033305,-2.9338841,-3.055947,-0.61101484,1.7204188,2.4651697,1.1898144,-0.20941453,-0.43384138
-0.35071254,-1.3492522,-2.8670456,-3.5328913,-1.1012055,1.4228644,2.2897093,1.1743925,-0.7117489,-1.1379348
-0.088801436,-1.2576935,-3.0318944,-2.6357098,-0.77024037,0.8696263,2.3451593,1.4113656,-0.078475684,-0.9383817
-0.6533088,-1.9501208,-3.8454423,-3.3664656,-1.4222261,0.9423952,2.0852392,1.6161239,-0.22578503,-1.074999
-0.20738944,-0.24777353,-2.2585104,-2.035967,-0.384212,1.0014632,1.231665,0.90757436,0.35839763,0.45206875
-1.016371,-1.0051663,-2.6535523,-2.8471184,-0.68871284,1.4563445,2.4331138,0.8351678,0.20344502,-0.80064654
-0.32904577,-1.3349401,-3.0039306,-2.9482107,-1.236513,1.4902308,2.2837567,1.0627136,0.24785836,-0.49266246
-1.16899,-0.5702528,-2.823518,-2.5229778,-1.450581,0.6169422,1.679872,0.8973887,-0.0030118376,-0.70052606
-0.07937905,-1.2506591,-3.703136,-3.6239684,-0.9189848,1.4816645,2.271777,0.92209613,-0.22060959,-0.99032706
-0.598071,-1.8124356,-3.1164725,-2.8160028,-0.7846,1.2299781,2.3252146,1.1226528,-0.5786013,-2.3098545
0.09826259,-1.671004,-3.8328614,-3.4319513,-1.1495643,1.3594965,2.0289264,1.544784,0.068602294,-0.16765435
-0.51478785,-0.68140155,-2.7889545,-2.528337,-0.63403434,0.7523197,1.460248,1.3125389,0.47767863,-0.40527797
-0.81835556,-0.88178897,-3.140545,-2.9130633,-1.6917111,0.45427272,1.9153197,1.1156698,-0.30056617,-0.46540132
-0.57883227,-1.3236413,-2.145387,-2.230714,-0.5758803,0.82578516,1.8710219,0.75334734,-0.2186696,-0.39754555
-0.33964166,-0.8746177,-2.9275978,-2.588317,-0.7599653,0.6062917,1.4019784,0.425164,0.004427739,-0.044898875
-0.32080707,-1.1822923,-3.498616,-2.8939512,-1.2258571,1.4024448,1.4151828,1.2165658,0.27889016,-0.6768752
-0.71206194,-0.90174985,-3.2216594,-3.019616,-0.9272308,0.42150614,1.7141505,1.1061552,-0.011994992,-0.10191572
-0.009288544,-0.8609031,-2.603706,-3.0559478,-0.587644,0.8231424,1.3769854,1.079162,0.42063192,-0.2974245
-0.65379316,-1.1058698,-2.827564,-2.3820772,-1.1178762,0.97506595,1.4374183,0.69983,-0.13653031,-0.29237452
-1.1867589,-1.4867072,-3.7178006,-3.5656455,-1.1611595,1.2916913,1.499359,1.4243443,0.11457074,-0.8526899
-1.110338,-1.1506916,-2.487087,-2.5483723,-0.83384085,0.91481876,1.295618,0.56148976,-0.5280204,-0.8379067
-0.56007004,-1.0591311,-3.038924,-2.447448,-0.3666216,1.3157898,1.7108973,1.2738998,0.19139206,-0.17767014
-0.03447454,-0.7839155,-1.7388453,-2.160756,-0.44748685,0.7978554,1.4874784,0.26604527,-0.11377217,-0.89929235
-0.05139711,-1.3478501,-3.277072,-3.0503862,-0.90341467,0.9221578,2.3688262,1.6956736,0.12092946,-0.5951785
-0.043695893,-1.2749976,-2.525591,-2.2493434,-1.0691189,1.3183789,1.9810811,1.0486207,0.19897062,-0.06452966
0.12645616,-0.97902584,-2.335646,-2.597576,-0.35284427,1.3871075,2.394533,0.94871044,0.23086019,-0.32744354
-1.2437696,-1.0877422,-2.6976936,-2.8522618,-0.7498093,0.72969306,1.1895509,0.48779252,-0.23989306,-1.246216
-1.0292699,-1.3889527,-2.2460153,-2.6992366,-1.0102954,0.71855336,1.5428497,0.7755945,0.22900511,-0.03764033
-0.81245226,-0.560249,-2.774433,-2.5126863,-1.1273361,1.073393,1.4180195,0.8545125,-0.14890003,-0.9473979
-0.16759385,-1.365446,-2.8478532,-2.5443892,-1.0572401,1.1643904,1.5127124,0.5820994,-0.12804571,-0.13864188
-0.22077224,-1.3124846,-2.561283,-2.3909833,-0.8090741,1.2213902,1.6985968,0.7451812,-0.4275122,-0.9009922
-0.75334084,-1.4768069,-2.999663,-2.9832735,-1.1318958,1.5638094,1.9290308,1.2662978,-0.0029072913,-0.47015524
-0.47395062,-1.2305791,-2.6695738,-2.372307,-1.2410873,1.2216572,1.6275519,1.0360813,0.24185562,0.16887881
-0.9817774,-1.205681,-3.6975684,-3.190485,-1.0038211,0.6712924,1.109334,1.0232369,0.36835694,-0.16450046
-1.1930803,-1.3921611,-3.4181263,-3.443701,-1.3553929,0.9082144,2.0720758,1.1078504,-0.5859824,-0.5407556
-0.62460005,-0.35272923,-1.9003383,-2.1681268,-0.91138816,0.90203816,1.1900738,0.46711385,0.18898097,-0.31453058
-0.8975114,-1.3218757,-2.9875236,-2.4990547,-0.860551,0.9078173,1.3957837,1.2020708,-0.079031974,-0.8912545
-0.27080575,-0.5340652,-2.5234873,-2.469929,-0.9238357,0.5092078,1.1910576,0.466105,-0.027310576,-0.119019195
-0.8639435,-0.98574317,-3.5325131,-3.1912692,-1.1895602,1.11635,2.0343115,1.2198011,-0.44580016,-0.9725313
-0.6896768,-1.4802645,-3.400818,-2.8102627,-1.2392837,0.48503974,1.522315,0.9869925,-0.12827158,-0.46881422
-0.3888049,-0.5742661,-1.984608,-1.8727269,-0.71653044,0.57169515,0.84282374,0.36298066,-0.11828009,-0.65283537
-0.62078893,-1.1499685,-2.8947916,-3.329472,-1.1018797,1.0257733,1.8518878,1.0389633,0.09117915,-0.20806497
0.16000882,-1.400691,-2.358916,-1.9174173,-0.63407487,1.255441,1.9083967,1.2758877,0.15592548,-0.16762692
-0.68458253,-1.5480479,-3.7914581,-3.293905,-1.1144198,1.1728923,2.2476184,1.0890633,-0.45875522,-0.49843666
-0.09039879,-1.985276,-2.6053953,-2.6255932,-1.2212446,1.2979244,2.3637402,1.0962007,0.13459809,-0.42774534
-0.96898204,-1.0485022,-3.607831,-2.9168766,-1.3029569,1.5842785,2.0755527,1.1480899,-0.038751192,-0.38873574
-1.3481648,-1.2451967,-2.6294935,-3.0274038,-1.3961495,0.6512291,1.7764672,0.6131774,0.0035220808,-0.12416192
-0.97031254,-1.0692301,-2.9272442,-2.4596446,-0.69106543,0.8214609,1.077358,0.74686956,-0.3711777,-0.53040564
-0.157579,-0.5165782,-2.5173237,-2.260275,-1.3246313,0.7183432,1.3540584,0.84326226,-0.08329392,0.25826815
-0.43360516,-1.386335,-3.2366736,-2.835248,-0.8468199,0.8517645,2.0822256,0.83823735,-0.2907318,-0.5677222
-0.83568686,-0.87340736,-2.3760066,-2.3400226,-0.87532985,0.40223384,1.6163554,1.0895238,-0.4485644,-0.48716187
-0.454954,-1.1291736,-3.070256,-2.9443004,-1.0851039,1.1725638,1.5717459,1.1541184,0.30334166,-0.30501273
-0.08167358,-1.772226,-3.8078988,-3.464089,-1.2318606,1.4251097,2.2665772,1.3719761,0.045560267,-0.71451896
-0.5334575,-0.8400092,-2.6728384,-2.1778853,-0.49690682,0.66191536,1.8199072,0.5390177,0.19542892,0.118468255
-0.3622906,-1.3539598,-3.2566555,-2.8263261,-1.0514967,0.7570671,1.9002175,1.1526562,-0.058078874,-0.48397285
-0.9158439,-1.3781686,-3.1562133,-2.9425197,-1.5870812,0.5091802,1.4423219,0.7653362,-0.6707741,-0.605598
-0.8294563,-1.1044453,-3.2350245,-2.6804698,-0.53339285,1.4157833,1.0663171,0.91098684,-0.46727878,-1.091203
-0.1250826,-1.0548794,-3.114628,-2.7675564,-0.8887747,0.815922,2.0484354,1.1049172,-0.16127706,-0.4034256
-0.21853529,-1.0436434,-2.1628852,-2.4384038,-0.8208529,1.0467652,1.2477777,0.4288238,-0.58467466,-0.20320238
-0.61537594,-1.483904,-3.169277,-3.2500856,-1.8362356,1.0350187,2.212757,1.2586766,0.22898959,-0.5858107
-0.86261773,-1.4831252,-3.7592473,-4.124779,-0.5004429,1.4815937,1.815597,0.88851005,-0.06937319,-1.5140254
-0.91379637,-0.6783235,-3.2888458,-3.6370893,-0.9911607,0.7010848,1.616646,0.46233478,-0.34269533,-1.2793348
0.043136355,-1.2188506,-2.43939,-2.5137134,-0.5612137,1.3327705,1.3704593,0.88451576,0.35260925,-0.4839553
-0.08965651,-1.1332971,-3.0387542,-2.0134974,-0.5616554,0.49870363,1.6049535,1.0689856,-0.23717432,-0.43768847
-0.057656914,-0.36820334,-2.3092544,-2.7048576,-1.1701344,1.1630163,0.8699385,0.26376924,0.18957211,0.20920831
-0.04547632,-1.0925659,-2.4584484,-2.0791242,-0.58997613,0.8484736,1.0677565,0.6632447,-0.19488667,-0.14013098
-4.547696,-1.7333109,-4.068914,-3.2024548,-1.7303115,1.2180458,1.8082639,0.7959709,-0.7186951,-1.1032293
-0.6035137,-1.2320441,-3.3143241,-3.3849993,-0.88276047,1.2879883,2.2622828,1.1723644,0.28389522,-0.5560396
-0.47036752,-1.6472014,-3.7714741,-2.9703748,-1.3160204,1.1620449,1.9253223,1.2938704,-0.034505088,-0.5686706
-0.07727799,-0.6951856,-2.174542,-2.3651612,-0.5533985,0.9041301,1.8401799,1.0127859,0.10067099,-0.26736438
-0.07921762,-1.0904623,-3.6953592,-3.5199854,-0.84189963,1.0692743,2.4281735,1.6280807,0.17725614,-0.3895671
-0.5096817,-1.0365595,-2.6878903,-2.2284584,-0.67868465,0.8215915,1.240709,0.9427274,0.036099076,-0.79429257
-0.7047468,-2.077877,-3.8366468,-3.2791343,-0.5614488,2.002077,1.9564117,1.0013673,-0.24128608,-0.7304952
-0.95525926,-1.1528211,-2.8790598,-2.9665647,-1.1182281,0.70277154,1.5798596,0.91548884,0.011188287,-0.7963478
-1.539994,-1.3220513,-3.7051013,-3.4980807,-0.9648465,1.2161309,1.287703,0.53583103,-0.7832371,-0.9822728
-0.72792697,-0.51682377,-2.7798529,-2.6107786,-0.97749245,0.833237,1.5760715,0.5852771,-0.30945745,-0.6975099
-0.6127541,-1.5419108,-3.282955,-3.069668,-0.34849986,1.5270035,1.9415704,0.78203344,-0.11362252,-1.0207629
-1.4771844,-1.2060701,-3.85427,-3.440666,-1.0667369,1.2158768,2.1778698,1.2625995,-0.038326487,-0.6687104
-1.2110411,-1.3422221,-3.2825909,-2.7786403,-1.1871375,0.8888531,1.403434,1.1352829,-0.27272823,-0.3701214
-0.11673457,-0.8811302,-2.5626006,-2.7670023,-0.9683477,1.2343113,1.999722,0.5940463,0.32485613,-0.49113446
0.14115454,-1.9559765,-3.6837828,-2.6169,-0.6522784,0.87169087,1.9600514,1.1677625,0.14591679,-0.7317159
-0.78296816,-0.9239661,-3.6711311,-3.8113163,-1.3566694,0.6539938,1.7656553,1.1258798,0.09328832,-0.6071884
-0.3157933,-1.3929461,-2.4760835,-2.7556784,-0.4821891,1.0311024,1.0815215,0.6734972,0.5806039,-0.46625558
-1.0321492,-1.0858765,-2.546977,-2.4473467,-0.45231682,0.77483076,1.1198555,1.1247087,0.21452466,-0.43331012
-0.70441276,-1.5465848,-3.0371845,-3.5383775,-0.7249651,1.2103739,1.6063906,1.2623756,-0.50021285,-2.6054375
-0.6829541,-0.9879364,-2.428239,-3.0993545,-0.9514031,0.74149436,1.8630338,1.0764123,0.39276218,0.03248255
0.05011777,-1.2093209,-3.0000744,-3.0206332,-0.8956903,1.0430745,2.0287433,1.097455,-0.17917112,-0.9872752
-1.040173,-1.6534724,-3.2757018,-3.2060964,-1.1984028,0.9116048,1.6542507,1.170294,0.1405335,-0.4434158
0.28614146,-0.92398214,-1.6016022,-2.026984,-0.11783538,1.4449229,1.7749286,0.8295793,0.26627952,-0.57802635
-0.28925774,-0.67314076,-2.2236845,-1.8740844,-0.54976374,1.0260278,2.0488894,0.3888233,-0.26671365,-0.471947
0.07405249,-0.7978265,-3.0632858,-2.8778362,-0.92411095,1.0177586,2.422825,1.072002,-0.0016664686,0.03867308
-0.011751906,-0.42281818,-2.178382,-2.4551604,-0.37961903,1.0750282,0.9280135,0.8569295,0.13209039,0.14745112
-1.0495709,-1.8988714,-3.9277067,-3.6102328,-1.4289864,0.9791738,1.9802713,1.0283384,-0.113552235,-0.37874576
-0.03125243,-0.9751933,-2.397949,-2.555945,-1.4715827,0.52775174,1.3132743,0.88647705,0.03324578,-0.16213976
-0.34759283,-1.3845369,-3.5247366,-3.2360835,-1.0086923,1.1048192,1.5357221,1.008316,-0.25957522,-0.83016926
-0.3511423,-0.6427991,-2.1215336,-2.1089027,-0.44388062,0.80039155,1.3775333,0.48355806,0.22574045,-0.45351544
-0.6066665,-1.0933464,-2.988381,-2.9312325,-1.0147215,1.1609952,1.7165383,1.0736201,0.23980965,0.12358296
-0.81970334,-1.3476224,-2.682624,-2.368763,-0.905894,0.77460307,1.448196,0.9345841,0.20860133,-0.7157805
-0.5835556,-1.8000213,-3.736741,-3.933605,-1.176959,1.0513659,2.1889184,1.601253,0.043035354,-0.7244104
-0.42428237,-1.1501484,-3.508671,-2.9421813,-0.89945126,0.9475775,1.9839079,1.0521741,-0.15964442,-0.6447836
0.6150734,-1.3440661,-3.254358,-2.855455,-1.2460347,1.1037097,1.707976,1.0659826,0.08965571,-0.36014807
-0.7210627,-1.2661655,-2.1896782,-2.69564,-1.0292789,1.041329,1.7924501,0.8389262,0.7637915,-0.46921518
-0.6177778,-1.0213616,-3.729561,-3.5121713,-1.6306036,1.4391996,2.222922,1.2209363,0.25763547,-0.2783686
-0.056707617,-1.3472303,-3.0019455,-2.8777816,-1.0570892,1.4767429,1.9723575,1.1274514,-0.344749,-0.5391413
-0.38450128,-1.7861652,-3.4438362,-2.3509011,-0.990664,1.1429844,1.7612083,0.7642721,-0.13940245,-0.55120486
-0.2660104,-1.1141257,-2.7327783,-2.6685882,-0.5714377,1.2991896,1.5908566,1.058088,-0.25383878,-0.8257749
-0.15772974,-1.2883366,-3.6792192,-3.2483475,-1.0100914,1.0864384,2.2861962,1.912511,0.011857712,-0.6135166
-0.24751773,-1.6683168,-3.5587354,-3.0612688,-1.3690628,0.57404906,1.6680241,1.395222,0.23367684,-0.032332953
-0.09481526,-1.7157968,-3.626142,-3.6078901,-1.5485947,1.1164622,2.4305885,1.7152158,0.16099072,-0.7630141
-0.19067895,-1.3086872,-3.076305,-3.1673489,-1.000838,0.7102765,2.0162156,1.8189982,-0.013997461,-0.70253867
-0.22837335,-0.12116921,-2.2433748,-2.0759768,-0.538703,0.97087264,1.5494535,0.81459194,0.059702545,-0.7440319
-0.5665641,-1.0346273,-2.034905,-2.2146883,-1.157744,0.8694137,0.7996217,0.31795374,0.118377216,-0.07283756
-1.4141619,-2.201517,-3.9592974,-3.7191536,-1.305325,1.0153844,1.6347727,1.1443877,0.2828712,-0.9891693
-0.767428,-1.3501581,-3.3068032,-3.6373396,-1.0742769,1.6043897,2.1851926,1.2725663,0.2901014,-0.034034822
-0.5670532,-1.739972,-2.8139327,-3.1061196,-0.9828408,0.96799153,1.7068467,0.7349969,-0.13621676,-0.73151463
-1.0262599,-1.5262899,-3.5258663,-2.9652798,-0.8784735,0.8653519,1.429197,1.2939214,-0.1730603,-0.03960873
-0.40902674,2.2742321,-0.6297675,-1.5384048,-0.8318625,0.20815262,0.021591324,0.70629376,0.43037805,-0.11730999
-0.54984933,-1.442819,-3.6385415,-3.868859,-1.0451308,0.94410145,1.863781,0.97816366,-0.1629304,-0.34388575
-0.26013097,-1.0402377,-2.9864652,-3.1435773,-1.241575,1.2198439,1.8935817,0.7310165,-0.110323355,-0.076441616
-0.18355942,-1.7136317,-3.2293448,-3.0268357,-1.7933477,0.8695811,1.6678641,0.8927335,-0.2688014,-0.8822445
-0.572441,-1.1347123,-3.6694489,-3.3662653,-0.6890301,1.205862,2.1992934,1.2463632,0.13040337,-0.6335771
-0.26449102,-0.96477026,-2.3231428,-2.0315042,-0.59626776,0.53960073,1.0918097,0.8713896,0.20404425,-0.006781812
-1.136163,-1.2692403,-2.8930247,-1.9874573,-1.2128042,0.84414446,1.7940938,1.1050929,-1.6074593,-0.8460929
-0.063807845,-1.844324,-3.4738846,-3.1922982,-1.112711,0.80426025,1.8491117,1.4714695,0.139616,-0.47132516
-0.42952812,-0.6510547,-2.2886934,-2.4103336,-0.6375335,1.4766712,1.2316421,0.6986762,-0.6009744,-0.20251787
-0.6756829,-0.9290827,-3.085107,-3.1961741,-1.1350256,0.47034356,1.0461929,0.82371813,0.30851865,-0.6406467
-0.09494907,-1.0511067,-2.7094436,-2.8351107,-0.58913314,1.0563736,1.531097,1.4493268,-0.40397295,-0.70439696
-0.8823617,-1.4665705,-3.4361062,-4.003178,-1.6652329,0.93919533,2.4121373,1.4055423,0.16267328,-0.7878369
-0.91339374,-1.6171949,-3.7440608,-2.7950146,-1.1833284,1.1964122,1.7101833,1.1871135,-0.02963222,-0.97980297
-0.062349763,-0.49802244,-1.9984648,-2.1223736,-1.5591671,0.12720549,0.9350656,0.5310453,0.011576531,1.9824514
-0.8289203,-0.47130424,-2.3394575,-3.1968482,-1.6220789,0.9800652,1.4378041,1.1099116,0.2833144,-0.2571254
0.5174541,-0.94526136,-3.2951593,-2.6736076,-1.139775,1.1233808,2.0187247,1.6752393,0.012909723,-0.63521135
-0.51799804,-1.5980823,-3.4447482,-3.0291564,-1.1381263,0.6603229,1.573179,0.90036243,0.06259574,-1.1888925
-0.6631083,-0.592838,-3.0314803,-2.5681589,-0.5457033,1.2953405,1.6707318,1.1799667,0.040355593,-0.8383635
-0.6792054,-0.8585869,-3.2674992,-2.569359,-0.90103847,0.7636417,1.5457277,1.1059681,-0.114825636,-0.12652922
-0.0789045,-1.1441824,-3.13433,-2.7128057,-1.5792117,1.084025,1.7131367,0.76539797,-0.48351988,-0.6071285
-0.8819003,-0.68042386,-3.168867,-3.2386372,-0.9033316,1.0095711,1.7913797,0.5212304,-0.4284777,-1.332671
-0.8250719,-1.3431858,-3.7093768,-3.9223728,-0.7359108,1.567138,2.0845747,0.88036615,-0.14065337,-0.7702555
-0.30824673,-0.5885981,-2.7584538,-2.4005222,-0.95265734,1.0126548,1.1324384,0.62463444,-0.07279292,-0.15437023
-0.31070235,-1.0704081,-2.414578,-2.56993,-0.66609,1.2838686,1.3694519,0.55685246,0.5863093,-0.14605515
-0.44354972,-0.8169659,-1.8141321,-1.7988636,-0.6473262,0.73939586,1.23918,0.7760194,0.42701435,-0.42024916
-0.51328456,-0.954887,-2.5872352,-2.3708727,-1.2351761,0.71158165,1.7178739,1.4890647,-0.22723266,-0.6359362
-0.8899729,-1.0627218,-3.8073418,-2.8729966,-1.1550124,1.1376868,1.7867324,1.1210926,0.22848956,-0.38381097
-0.46127373,-1.3001567,-3.2474053,-2.8293402,-0.7142461,0.72929156,1.6719179,1.1279135,0.2777575,-0.8611671
-0.34004807,-0.67421037,-2.8869238,-3.3180168,-0.53996974,1.3953999,1.9503535,1.0466018,-0.039438274,-0.31156105
-1.3700188,-1.272719,-3.4582608,-2.5855007,-0.9946571,1.2583287,1.4253007,1.1483022,0.039546434,-0.80201024
-0.81663746,-1.0764115,-2.9184785,-2.3142838,-0.87857455,1.3528728,1.5466448,0.78748214,-0.8475938,-1.5188444
-0.010027496,-0.77452594,-2.273754,-2.6202695,-0.8769248,0.35300174,1.1491954,0.88270986,-0.07508257,-0.6798167
0.2669697,-1.370093,-2.3670795,-2.4081378,-1.1032823,0.81636333,1.4618767,0.6898969,-0.00911004,-0.16638684
-1.3044338,-2.798184,-3.9641275,-3.903999,-1.4712982,1.0737942,2.3173225,0.8698595,0.12662567,-0.30404094
-0.5832572,-1.3101276,-2.9213593,-2.8708544,-0.5725983,0.9594508,1.3860219,1.221291,-0.108045265,-0.44078282
-0.5850363,-1.1397612,-3.6465445,-2.833764,-0.81856567,1.1604089,1.9827621,1.6298755,0.10081951,-0.18798421
-0.6310256,-0.6397117,-3.0339997,-2.3672168,-0.65565324,0.64571685,1.2384559,0.68505853,-0.857346,-0.748742
-0.21178563,-0.78614265,-2.4444828,-2.5394285,-1.1358507,0.76371646,1.7189,0.89800525,0.18376301,-0.2405784
-0.7556028,-0.8118254,-2.3117125,-2.0756493,-1.1630325,1.2112828,2.4177105,1.0400175,0.10145591,-0.025940193
-0.3992276,-1.324028,-3.316082,-3.4584105,-1.0474434,1.1762375,1.6541084,1.178834,0.22122408,-0.92389363
-0.71430445,-0.9325679,-2.1575792,-2.4126074,-1.2301369,0.88842034,0.5097489,0.70609874,0.07885654,-0.31603298
-0.24765627,-0.67515916,-2.9237764,-2.5784338,-1.2644446,0.6905241,1.7217007,1.1438812,-0.07337995,-0.45996067
-0.22831434,-0.67993015,-2.7780898,-2.3326967,-0.7680494,0.8999334,1.4421477,1.3400044,0.39642385,-0.058688205
-0.48092902,-0.8848375,-2.5378928,-2.3506851,-1.257251,0.7297305,1.7795417,1.0135056,-0.17930593,-0.5411458
-1.4485219,-0.9140772,-2.4740355,-2.8948302,-1.5240898,-1.8120531,0.4883699,1.2846953,0.5383308,0.07705512
-0.3429512,-0.64882785,-2.57349,-2.7154005,-1.1015,0.78027767,1.4665449,1.2300872,-0.16253659,-0.14549455
-0.1676716,-0.6220814,-1.80648,-2.2654965,-1.10022,1.0237821,2.0169182,0.54588085,-0.33609477,-0.83935636
-0.61161,-1.1967071,-2.4094043,-2.1233842,-0.8338171,0.6257715,1.3220826,0.41912115,-0.28063485,-0.8447498
-0.7944093,-1.4169834,-3.24382,-2.2376509,-0.7653013,1.4690899,1.1541803,0.62812996,0.081979014,-0.8648362
-0.30134967,-1.0698342,-2.409744,-2.1800528,-0.73247826,0.62608415,1.6242924,1.1553986,-0.008249323,-0.5402103
-0.306215,-1.6823251,-3.6220357,-3.304781,-0.9166969,1.0176728,1.9182334,0.95696515,-0.1235016,-0.68483835
-0.5049156,-0.9364925,-2.3944612,-2.2366033,-1.0810668,0.3033428,1.705301,1.1206459,-0.5186743,-0.95263946
-0.31221035,-1.3838731,-3.4809825,-3.3406928,-0.48127466,0.9122898,2.0807784,1.7770929,0.13129523,-0.7249515
-0.5757963,-1.3948265,-3.830704,-3.8061361,-0.88112366,1.1246425,2.1382918,1.5885354,0.052254003,-0.8108464
-0.81190217,-1.0877388,-2.654859,-2.88606,-1.3953822,0.87740517,1.7300762,1.081604,0.56962955,-0.3006755
-1.2249222,-1.5956047,-3.940331,-3.7077298,-1.6426393,0.8455244,1.7650372,1.2637997,0.23077284,-0.5477403
-0.16280553,-0.89046675,-2.8413618,-2.9695125,-0.7397716,0.89488274,1.5958946,0.8827776,0.29502022,0.15604748
0.034188904,-1.5056775,-2.977345,-2.9326305,-0.51230085,1.316537,2.067466,2.0517142,0.16166481,-0.37101382
-0.3176209,-1.157749,-2.9827209,-2.6828725,-0.7251417,0.7468486,1.7014117,1.5515422,-0.44057834,-0.72283804
-0.27571702,-1.0994685,-3.222837,-3.2973824,-0.9980328,0.77514404,1.7865586,1.5940218,0.12582585,-0.7944919
-1.0853157,-1.634933,-3.5717843,-3.289748,-1.2102495,0.9549449,1.5298465,1.2399698,-0.073297806,-0.741551
-0.8828096,-1.0749458,-3.1658957,-2.9736927,-1.1090178,1.0560621,1.612882,1.2136513,-0.35641104,-0.9911958
-0.41106772,-0.937576,-3.3257537,-3.2265902,-0.9153681,1.4238883,1.990902,1.5519415,0.44650316,-0.70416784
-0.15430304,-1.943679,-3.3586943,-2.1632223,-1.0638018,1.0705856,1.8431171,0.87464654,-0.48344484,-0.016677117
-0.6848417,-1.3021463,-3.3334072,-3.6831527,-1.4891186,1.0849992,1.5524442,1.1815135,-0.11027665,-0.5977277
-0.17870489,-1.5133013,-3.4618063,-3.0604796,-0.7828643,0.8497838,1.4629517,1.6258883,0.3187605,-0.500878
-0.67660517,-1.8035616,-3.673331,-3.5546906,-1.0067954,1.3440772,2.0500164,0.9867231,-0.23590356,-1.4501665
-0.6230221,-1.4281535,-3.369653,-3.3898017,-0.89919555,0.8092391,1.5722536,1.0153971,0.10619952,-0.27469426
-0.1492752,-1.3560524,-2.605429,-2.9139833,-1.309747,0.77035284,1.4266955,1.210086,0.31431162,-0.799119
-0.8086601,-1.3437036,-3.7792523,-3.679223,-0.9276376,1.2677076,1.726196,0.63418126,-0.007473407,-0.081416234
-0.43093383,-0.94280404,-1.9520389,-2.107533,-1.190735,1.1236335,1.7378505,0.4752887,0.052139554,-0.7027052
-0.9742593,-1.3104408,-3.4108784,-2.9908457,-1.1103808,0.9635827,1.7655207,1.2960265,-0.026507802,-0.42503574
-0.051951375,-1.5968869,-2.563577,-3.0213432,-1.1733253,1.289947,2.486649,1.7325553,-0.5440365,-0.3029745
-0.31477603,-0.5021062,-1.8410224,-1.9168043,-0.6955725,0.32071242,0.9513622,0.6655071,-0.44774204,0.08751184
-0.17327003,-0.75905377,-3.0914972,-2.534018,-0.6927697,1.1143926,1.5391281,0.7567187,-0.09955052,-0.5663067
-0.9904621,-1.103208,-3.0506482,-2.5177667,-0.6467081,1.363315,1.0980463,0.7986025,-0.029316813,-0.51268464
-1.0475867,-1.3246788,-3.5647953,-2.78627,-0.66544276,1.8531536,2.329242,1.1772767,-0.043154392,-0.73725647
-0.6604153,-1.1588922,-3.5574539,-3.1649902,-1.3591791,1.3289932,2.0010734,1.4957492,0.26447347,-0.5983941
-0.7741724,-1.2034196,-3.781411,-2.8842561,-0.9868992,0.78195965,1.457334,0.9639363,0.10289911,-0.13020079
-0.2676614,-1.6209944,-3.5869415,-2.4554753,-1.0423844,1.3623619,1.4575492,1.0955282,0.20494534,-0.7410983
0.024082396,-0.72313493,-2.5148056,-2.0052671,-0.59926724,0.86321324,0.9693249,0.8120084,0.07218041,-0.31133237
-0.14542277,-1.1669394,-3.3003936,-2.787944,-0.52866447,1.4864517,2.1602302,0.68776965,-0.4078889,-0.87909806
-0.32303655,-1.0286189,-3.083818,-3.7958214,-1.1892202,1.325501,1.8886389,1.4367152,0.2800752,-0.47962156
-0.355991,-1.1498005,-3.0550263,-2.190177,-0.54451436,1.0729969,1.6022487,0.95401454,-0.09182476,-0.5668922
-0.8332416,-0.951264,-2.463022,-2.1774964,-0.65354735,0.78184474,1.0780039,0.7429973,0.22388758,-0.41338253
-0.65103656,-1.3330806,-3.7468545,-3.5400012,-1.0636284,1.5422121,2.350957,1.3843952,-0.27810374,-1.0926647
-0.48842615,-0.64924055,-2.2830794,-2.1016054,-0.8336814,1.2101964,0.83122987,0.523711,0.11321667,-0.5513992
-0.45913893,-0.9859493,-2.732882,-2.9693081,-1.5137281,0.74539423,1.6741761,0.61610544,0.12233379,-0.25666785
-0.14933014,-0.8063709,-2.1170678,-2.2868059,-1.3804629,1.6477348,2.2969074,0.46037677,-0.23390937,0.060669504
-0.20662673,-1.083247,-2.4985774,-2.7476392,-0.56204486,1.2732286,1.6366141,1.0409074,0.012772478,-0.5065889
-0.077506535,-1.4065337,-2.2685857,-1.7600216,-0.8061466,1.351509,1.8275023,0.9487003,-0.41921026,-0.30539468
-0.46265733,-1.5512851,-3.4672594,-2.5106452,-1.2059648,0.5667583,1.980562,1.0208492,0.050315537,-0.48838857
-0.6897376,-1.9539164,-3.568976,-3.1873798,-1.0093396,0.8804842,2.2234557,0.8357129,-0.082991555,-0.857637
-0.37823045,-1.1230581,-2.9572008,-2.4765306,-0.7456564,1.8395841,2.2752972,1.0195304,-0.59724635,-0.8601872
-0.4480134,-1.0881472,-3.4084609,-2.481721,-0.5789617,1.3624636,1.8723929,1.2027228,0.077611916,-0.66616577
0.034284428,-0.7880163,-2.9393291,-2.8005857,-1.0015581,1.0040151,2.0231762,1.151979,-0.100536376,-0.9231023
-1.1925788,-1.1724604,-3.303525,-3.2874672,-0.6527224,1.2524996,1.4553268,0.94930047,-0.19799545,-0.39996842
-0.24022493,-0.43160504,-2.4976616,-2.352567,-0.562597,1.3671768,1.3833146,0.98726743,0.031623386,-0.42818603
-0.60024977,-1.01072,-2.5993962,-2.6885712,-1.3391268,1.2594756,1.379068,0.99854875,-0.0631207,-0.3800518
-0.12775695,-1.2907144,-2.1012673,-2.6075356,-1.078031,1.2921405,1.998196,1.0561489,0.120465726,-0.8151204
-0.3108582,-1.5057609,-2.728326,-2.9617312,-1.0546418,1.6853694,2.510294,0.70820475,-0.115620576,-0.7916068
-0.13141055,-1.0518004,-2.879725,-2.367077,-0.94339985,0.81053615,1.6274159,0.9855691,0.25741908,-0.94415605
-0.7411623,-0.65208614,-2.121784,-2.4347558,-0.37440333,1.1003957,1.7472057,0.5812836,-0.3716341,-0.22352983
-0.6515902,-0.580486,-2.5795465,-2.5006413,-1.3901731,0.83176327,1.4935925,1.2725827,0.30961236,-0.29022595
-0.21468611,-0.8723282,-2.843405,-3.2550645,-1.0865896,0.520762,1.5798657,1.3617353,-0.14035982,-0.15651426
-0.48995915,-1.4269949,-3.760295,-3.1069446,-1.4783838,1.3882544,2.1653736,0.8491133,-0.038295824,-0.22440669
-0.06997094,-1.7060409,-3.6522682,-3.4256842,-1.187028,1.6825657,2.6746185,1.490937,-0.10594713,-1.0987835
-0.20098361,-1.0837516,-2.3763509,-2.0716107,-0.51760304,1.216864,1.2988441,0.47049427,-0.26045328,-0.4091292
-0.19101594,-1.3140011,-2.9347236,-2.6352448,-1.0801388,1.1410747,1.6246557,0.88038164,-0.1303443,-0.14749731
-0.99883175,-0.5557627,-2.7939608,-3.0071237,-1.6706389,0.24621738,1.1696575,0.6486907,-0.04218673,-0.15322225
-0.26787615,-1.3549572,-3.2479877,-2.959738,-1.2077718,0.87196344,1.778495,1.1120931,0.2078183,-0.6536166
-0.4189082,-1.5811787,-3.574061,-3.7728546,-1.3444681,1.1362177,1.8527379,1.5812835,-0.06362838,-0.9273172
-0.004070144,-0.8566402,-2.1095352,-2.3082745,-1.097376,0.8043414,1.525483,0.55373085,-0.3882508,-0.23888817
-1.2006582,-1.0226153,-2.7763832,-3.1031356,-1.0711578,0.9621789,1.3088069,1.2799457,-0.34788087,-0.64201355
-0.43582487,-1.2680559,-2.980763,-2.945505,-0.9692846,1.3946477,1.6210551,0.79209155,-0.42724544,-0.674706
-1.2928845,-1.5996166,-3.5608237,-2.7562468,-0.5175282,0.6690662,1.4430231,1.1009614,0.045864217,-0.7768781
-0.9722348,-1.0570362,-2.6566908,-2.4707897,-0.88292235,0.472324,1.4296036,0.93535894,0.13405363,-0.175369
-0.33164066,-1.3887383,-2.897904,-2.4833724,-0.83466285,1.5350485,1.659444,2.002991,0.014403709,-0.7706265
-0.5906827,-1.9286509,-3.8338518,-2.6439896,-0.8836275,1.2780704,2.3123124,1.2766616,-0.07322658,-0.7545619
-0.30745533,-0.67600185,-1.7387084,-1.5853785,-0.53624797,0.753437,1.2749099,0.50421214,-0.116645716,-0.9147036
-0.93885016,-0.7112433,-2.8954906,-2.7339828,-0.680792,0.9330568,1.2665746,1.0034257,0.1143314,-0.53886825
-0.5224286,-1.437426,-2.8629386,-3.0561225,-0.7354921,1.0557821,1.904177,1.1638232,0.30805424,-0.19048055
0.15159991,-1.2788129,-1.9105191,-1.6520331,-0.65604025,1.1751344,-0.6752896,0.72993296,-0.19882995,-0.6212186
-0.054588977,-0.91571933,-3.266281,-2.6321986,-0.7231157,0.99523604,1.6370974,1.2487121,0.26646042,-0.11902077
-0.2735512,-1.2625465,-3.4325316,-3.0873494,-1.0540581,1.0759982,1.4230969,1.1326215,0.21414888,-0.71918386
-0.4685096,-1.2437109,-3.022009,-2.6693263,-1.1992228,1.6334999,1.9429318,1.3407581,-0.21315025,-0.78703153
-0.20771275,-1.3721331,-3.517069,-3.0775428,-1.0080098,0.6138407,1.0545548,0.88053304,-0.5330361,-0.4248082
0.20964865,-1.0883467,-2.812638,-2.6353242,-0.97875726,0.8356691,1.9587408,1.578988,0.6450811,-0.63033193
-0.85702497,-1.0977798,-3.4104347,-3.6020625,-1.1797018,1.370405,1.5659416,1.202286,0.04338349,-0.4339397
-0.3379425,-1.0869218,-2.111626,-2.4020617,-0.6650592,0.90980756,1.2151207,0.75944686,-0.014439222,-0.50690216
-0.3564592,-0.86224824,-2.7019286,-3.5498855,-1.162046,1.5157231,2.1577501,1.0445938,-0.06349072,-0.51065856
-0.6476277,-0.91509396,-2.8226821,-2.5173986,-0.8068132,1.3080357,1.8976542,0.599887,-0.27904072,0.0037101626
-0.13716595,-0.64950824,-2.1641817,-1.69807,-0.94001764,1.2848272,1.4170789,0.48192415,0.3264337,0.050721087
-0.9850839,-1.6340362,-3.649602,-3.4810483,-0.9737158,0.9849738,1.9531896,0.49092722,-0.12969267,-1.0943618
-0.5692636,-1.4025134,-2.3772948,-3.2937996,-0.8688297,1.7182654,1.4508717,0.48246282,1.5937971,-0.45803896
-0.53109646,-1.3373573,-3.1593683,-2.2289155,-0.6164818,0.6050102,2.0763555,1.21026,0.521504,-0.99069923
-0.71415603,-0.7868878,-1.8672755,-2.3123717,-2.096151,-2.131781,0.2946096,0.6313884,0.5241332,-0.31829137
-0.45775184,-2.2648485,-3.6837254,-3.5000908,-1.2579334,1.5893455,2.1505547,1.5924473,-0.110342786,-1.0668306
-0.6199445,-1.1961874,-3.3553786,-3.089788,-1.2946352,1.3446068,1.9480343,1.1361942,-0.07321008,-0.72288245
-1.0993867,-0.9381256,-2.7066,-3.0004797,-1.0309216,0.95106155,1.1805745,0.8249027,0.34433645,-0.27072752
-0.29080465,-0.86362153,-2.6844149,-2.155332,-0.54368585,1.235611,1.7883701,1.021856,0.23373437,-0.6188919
0.29909426,-0.650892,-1.9377631,-1.8616375,-0.8962947,0.65038997,1.1793811,0.32189432,-0.013639892,0.11914186
-0.49202427,-0.49257103,-2.372692,-2.0198655,-0.7434736,0.6115698,2.175716,1.0206354,-0.6265088,-0.48297378
-0.6240513,-1.5127774,-3.4185686,-2.9613748,-1.0004714,0.68134063,1.7590451,1.0532384,0.03076624,-0.08877762
-0.9173681,-0.47909647,-3.1339328,-3.3390546,-1.5645925,0.89917237,1.8389815,1.1107246,0.09393445,-0.2766579
-0.76483446,-1.2125976,-3.6417012,-3.680315,-1.6217701,0.6560034,2.0568707,1.6856006,0.432975,-0.60263085
-0.029125236,-0.7655135,-2.292239,-2.169074,-1.145341,0.8345693,1.2410662,0.783812,-0.07598159,0.066865675
-1.1625406,-0.8826958,-2.2190418,-2.255728,-1.253192,0.29141894,1.5919377,0.34817845,0.08170226,0.19134909
-0.42208028,-1.2134776,-3.1814075,-3.494804,-1.3572272,1.2928575,1.7468016,1.0029582,0.73934174,-0.28255552
-1.0525903,-2.3357878,-3.912513,-3.3119075,-1.297816,1.2732786,2.143536,1.1204294,-0.17922379,-0.3444338
-0.3352651,-1.314213,-3.2673059,-2.8795292,-1.3779126,0.70585734,2.0851533,2.0255408,0.6317466,-0.95102954
-0.1729127,-0.8928864,-3.0850334,-2.6832788,-0.7172513,1.3298675,1.9581019,1.2806417,0.35966086,-0.013941205
-0.9502412,-1.0957456,-3.2497735,-2.7183042,-0.76384264,1.4964627,1.9174168,0.56812936,-0.21687177,-0.6312851
-0.5446701,-1.3376751,-3.2967582,-3.4207296,-1.3554074,1.1993582,1.6017374,1.2605233,0.32606128,-0.3189416
-0.018246977,-0.34851524,-2.1106749,-1.6337156,-0.3747689,1.2233702,1.5792129,0.77667,-0.121407576,-0.2473461
-0.38333243,-1.3845642,-3.1085255,-2.7783585,-0.69866323,1.3530084,1.8433317,1.3400438,-0.03248044,-1.1426157
-1.2164589,-0.68938357,-2.4820986,-2.995843,-0.9644187,0.9281838,1.509902,0.67360014,0.23282728,-0.69475317
-0.8745234,-1.5860851,-3.8413336,-2.6147907,-1.2483034,1.2225037,1.9688214,0.8942256,-0.018189609,-0.8067111
-0.26893744,-0.77211523,-2.906295,-3.0395834,-0.74696887,1.3879513,2.1605492,1.2762136,-0.7536541,-0.7279173
-0.5098392,-0.30387232,-2.9295619,-3.1390371,-0.85618055,1.0063045,1.3594904,0.8180091,0.32096744,-0.49593723
-0.08557115,-1.032053,-3.1074026,-3.1252162,-1.2118673,0.8818968,1.6916082,1.3319892,-0.17911726,-0.86120695
-0.3097398,-0.7520591,-2.8306599,-2.566809,-0.6732238,1.2089847,2.0222764,1.259828,-0.12653929,-1.603729
-0.8940194,-1.7422639,-3.7689629,-3.096382,-1.3395182,1.1584276,2.345374,1.7256205,0.21674435,-0.84900546
-0.32928613,-0.9684436,-3.273861,-2.9824047,-0.8669938,0.6463751,2.0124946,1.0810714,0.26935488,-0.26603648
-0.7916144,-0.8432188,-2.640534,-2.7463858,-1.2151144,1.0527213,1.383255,0.95596075,0.46543652,-0.18349168
-1.1374661,-0.69212586,-3.2844317,-3.8483691,-1.5550003,1.1719518,1.472807,0.6209138,0.48002708,-0.41287094
-0.39988133,-2.6679995,-4.091886,-3.77438,-0.968624,1.3725247,2.5514798,1.5723088,0.08937612,-0.43007237
-0.5381829,-1.4638338,-3.2414396,-3.3571093,-1.6036292,1.287281,2.2646284,0.85390335,-0.2144723,-0.56263363
-0.6159992,-0.6588807,-2.425666,-2.603903,-0.93019104,0.36576974,1.1678171,0.63779795,-0.100867756,-0.04619241
-0.31999105,-1.6342399,-3.8430607,-3.7988272,-1.1187004,1.4935795,2.5270243,1.8420686,0.051024195,-1.7259645
-0.48139566,-1.1384298,-3.4823248,-2.733347,-0.9704777,0.8096908,1.7988873,0.91417086,0.39127946,-0.44846076
-0.6259227,-1.8813361,-3.6555643,-3.4271007,-0.8073228,1.2224728,1.6670123,0.85682064,-0.066862114,-0.39162368
-0.71045524,-1.1945225,-3.028474,-2.9487126,-1.3014286,0.9837833,1.6667291,0.87532747,-0.7132418,-1.1220131
-0.17194122,-0.8011298,-2.8470361,-3.037826,-1.4738905,0.9407494,1.8504475,1.2068828,0.21957877,-0.7936529
-0.027072964,-1.3898826,-3.5005217,-2.6905456,-1.3594075,1.0791359,1.8917724,1.1058737,-0.10182255,-0.9001303
-0.2332386,-1.1297383,-3.0519197,-3.098949,-0.8031624,1.3161876,1.4841312,0.76868725,-0.8478936,-0.08994274
-0.39537868,-1.1085352,-2.4443316,-2.0226529,-0.48089325,1.3811334,1.8075881,1.3326017,-0.14715347,-0.91215956
-0.40558797,-0.4725823,-2.8338492,-2.460947,-0.83346784,0.9167729,0.8181054,0.725761,0.34711128,-0.024439095
-0.21175793,-2.9811504,-4.1020494,-3.8006172,-1.0831033,1.064358,2.2628896,1.275144,-0.69903225,-0.5981872
-1.0883319,-0.71137536,-3.4441013,-2.8355324,-1.2364719,0.53244865,0.8058677,0.96777946,0.3207449,-0.7080324
-0.2130203,-1.4130042,-3.4025052,-2.9738202,-1.0091566,1.3830138,2.1093566,1.3285952,0.16099706,-0.22930512
-0.3460282,-1.0279834,-3.3198864,-2.7383974,-0.8692188,0.5623283,1.0539042,1.3868117,0.5803041,-0.066153064
-0.68350875,-1.483366,-2.6986501,-1.9687326,-1.0811055,0.7804347,1.8736371,1.402159,0.57519794,-0.6476024
-0.09407031,-1.0893036,-2.80237,-2.500268,-1.0291735,0.7442001,1.4413928,0.983526,0.12049257,-0.736426
-0.39051214,-1.2890478,-2.351271,-2.4988747,-1.0079328,1.1457262,1.3443087,0.8700304,-0.0058969664,-0.54431224
-1.1762459,-0.5707174,-2.1390243,-2.868274,-1.0681493,0.87309223,1.0117052,0.34868515,-0.10509332,0.025091494
-0.39983594,-1.4277649,-2.6055622,-2.9026046,-0.8633009,0.8195118,1.3788234,1.1859506,0.3089779,-0.40128094
-0.6727747,-0.76953006,-2.753212,-2.630628,-1.0555899,0.39895645,2.0809438,0.8914553,-0.3018829,-0.40606737
-1.5475967,-0.69368935,-2.7442734,-2.9277747,-1.2281371,0.626193,1.3556212,0.53822994,-0.3617533,-0.191277
-0.42183495,-1.3779621,-3.6876416,-3.473944,-0.75029254,0.99011475,2.0689936,1.6474681,0.29624197,-0.7303344
-0.583091,-1.6691715,-3.464047,-3.626314,-1.3191617,1.9293863,2.3841445,1.7836721,0.0840992,-1.3345667
-0.29311594,-0.8406235,-2.4882886,-2.376846,-0.6553838,1.3383695,1.3645042,0.84400904,-0.08571142,-0.50138795
-0.35486424,-1.8579019,-3.1998003,-2.9113195,-1.0058103,1.0985727,2.172272,1.2677559,-0.16775395,-0.35605496
-1.0603906,-1.6565025,-3.1581557,-2.9872186,-0.7020614,1.1875108,1.591575,1.3626218,-0.16292344,-1.2629846
-0.7620996,-2.1783957,-3.9846444,-3.1297083,-0.9364129,1.4192464,2.1499367,1.4568852,-0.46609417,-1.0453953
-0.22658327,-0.9845621,-3.000267,-2.4635453,-0.65338254,1.3494276,1.4977396,1.2546117,0.08931826,-0.38867262
-0.6178414,-0.5670243,-2.3771083,-2.3944457,-0.75590044,1.2114221,1.300761,0.55362064,-0.38129827,-0.36659926
0.1233383,-0.23497722,-2.1422236,-2.3628085,-0.41917393,0.93140084,1.5270144,0.34287935,-0.5959999,-0.3945409
-0.2477045,-0.5260195,-2.2858114,-2.1233816,-1.2337269,0.8053329,1.2366198,0.6373727,-0.23233688,-0.32485452
-0.38731584,-1.0543398,-3.1259685,-2.786575,-1.0408641,1.356304,1.7736282,1.1027123,-0.34718546,-0.6730664
-0.45002168,-1.4366837,-3.36098,-3.4405541,-1.1876556,0.92898256,2.1557167,1.2829696,-0.42567942,-1.213047
-0.10155765,-0.9667254,-2.5684223,-2.6838915,-0.67662233,0.5673178,2.1492841,1.1638521,0.2570121,-0.46967325
-0.3470559,-0.6936213,-2.94683,-2.469606,-0.5104658,1.294206,1.5719959,0.7616186,0.35711512,-0.57966876
-0.754676,-1.5521463,-3.6813548,-3.3431985,-1.4629201,1.0476421,2.2786276,1.4564731,0.11933651,-0.43201488
-0.36235434,-1.429109,-3.4077585,-3.7228594,-1.0038244,0.76581913,2.4695783,1.314506,-0.16512762,-0.6522893
-0.5570423,-0.92591006,-2.4187286,-2.438685,-1.0738239,0.52113855,0.99472386,0.6646961,-0.16382273,-0.3886672
-0.553143,-1.3360704,-3.3700774,-3.3272865,-1.2793325,1.4995387,1.726617,0.99961025,0.017509846,-0.7773966
-0.3632606,-1.5092059,-3.197529,-3.5363796,-1.3110859,0.5746415,2.2703302,1.7578827,0.30595082,-0.84965795
-0.11650201,-1.2697992,-2.7747219,-2.6492927,-0.75781924,1.0680628,2.2943647,1.1069388,-0.26189706,-0.5513967
-0.2960785,-1.3164035,-3.6242604,-3.3455527,-1.5624149,1.1834769,2.4766357,1.1508896,-0.32871512,-0.24563248
-0.63076276,-1.2593933,-3.8154764,-3.4501708,-1.3230271,0.7752421,1.515685,1.6804683,0.6001239,-0.26200008
-0.3032268,-0.9460575,-2.3197157,-2.1620305,-0.44559336,0.73288643,1.0924885,0.53798634,-0.77366775,-0.2041712
-1.0236381,-1.0731353,-2.5691886,-2.530623,-1.3995768,0.8444334,1.4493408,0.3362643,0.060157303,-0.111629836
-0.16781421,-1.0557597,-2.4604757,-2.1541944,-0.9436403,0.7835238,1.6809556,0.9697342,-0.17643306,-0.60545915
-0.20279516,-1.6484298,-3.4880404,-2.5244718,-0.9684071,1.1621312,1.621886,1.3319099,-0.14629503,-0.88904476
-0.66686916,-2.01587,-3.8142803,-3.3156717,-0.57646304,0.7517311,1.9839015,1.1099511,-0.056787517,-0.7319149
0.0696606,-1.1978494,-2.074083,-2.298735,-0.92011166,1.1552887,1.9692862,0.888744,0.013396376,-0.6923749
-0.7370259,-1.2487578,-2.5138783,-2.7369351,-1.1862375,0.5662631,1.6724169,0.80628806,-0.27733314,-0.15534686
-0.9321547,-1.1064128,-2.8389735,-2.5772421,-0.98844784,1.5471846,1.8146973,1.0172698,0.108054295,-0.9536337
-1.5067985,-1.358398,-3.4177172,-3.0328376,-0.985479,0.5799982,1.2407879,0.72987914,-0.59422046,-0.81717193
-1.047344,-0.5476272,-3.0000029,-3.1585956,-1.5582051,-0.025607707,1.5116318,0.60550606,0.40038598,0.094848126
-0.49125165,-0.15648913,-2.103873,-1.946346,-0.68777174,0.5105882,2.0766652,1.0216627,-0.24465297,-0.13415177
-0.83400345,-2.6365125,-4.023773,-3.3493402,-0.91985494,1.0990202,2.0296564,0.6020513,0.07169822,-0.45627
-0.45875606,-1.2317381,-3.7687743,-3.6187057,-1.3451724,0.905915,2.1518342,1.4749906,-0.5566288,-0.2681797
-0.24785559,-1.6058373,-3.5089922,-2.9963694,-0.82808137,1.4629389,1.725547,1.5900756,-0.08868765,-0.62306374
-0.00014578934,-0.8590662,-2.369816,-2.4259634,-1.2410945,0.6935349,1.6154475,1.1264861,0.20078816,0.036928423
-0.8268294,-1.1734366,-3.2297902,-3.0525486,-1.0786294,1.0431184,1.8905456,0.8079283,-0.15941164,-0.3977062
-0.83612865,-1.3149109,-3.7767844,-3.124316,-0.6436898,0.9605539,2.219756,1.1422427,-0.21004017,-0.71805423
-0.09238739,-1.4335631,-3.1469662,-2.2399495,-1.1235722,1.1640625,1.7879434,0.9678987,-0.059394605,-0.28920117
-0.66063315,-1.2348231,-2.3985665,-2.3016233,-0.47376826,0.9730731,1.7437029,1.2417083,-0.10895652,-0.99876094
-0.7093033,-1.2613236,-3.1097283,-2.500951,-0.63880724,1.3110002,1.3470601,0.76681024,-0.281288,-0.6916452
-0.3802149,-0.8539564,-2.5089052,-2.8167045,-1.2300466,0.79180396,1.1635362,0.905049,-0.039386544,-0.30935493
-1.0335592,-1.4824044,-3.347239,-3.1311972,-1.1384213,0.95878416,2.2239685,0.92959565,-0.069856964,-0.5525983
-0.3962532,-1.4765073,-2.9259298,-2.3154447,-1.1810004,1.255849,1.5220228,0.985676,0.025191143,-0.5359844
-0.6333534,-0.7654304,-2.9594831,-3.0024142,-0.98311234,1.4583222,1.6634545,1.042012,0.11694998,-0.6063658
-0.885698,-0.58836603,-3.455252,-2.6958196,-1.4036345,0.6627541,1.7323613,0.59556895,-0.07876313,-0.3513478
0.09802614,-1.0643153,-2.236835,-1.7433376,-0.6466572,1.0030104,1.6092879,1.0851954,0.01884581,-0.33636564
-0.17383258,-1.2943901,-2.7803028,-2.4933493,-0.94469565,0.70321256,1.0323209,0.4012855,-0.24432474,-0.6423817
-0.37169278,-0.96724135,-2.532658,-2.5539036,-0.32037103,1.7471439,2.113405,1.1017746,0.047006898,-0.47712108
-0.86153626,-1.3527539,-2.0698512,-2.462784,-0.4568545,1.4029603,1.6101298,0.8110781,-0.15549302,-0.8042638
-0.38604593,-1.6574706,-3.8956928,-3.4106455,-0.9527216,1.4352021,2.4281263,1.5165136,-0.2670089,-0.6934997
-1.2553027,-1.2845365,-2.461657,-2.6201096,-1.0954803,0.89349866,1.596257,0.95142627,-0.3861211,-0.612303
-0.37181804,-0.31493762,-1.8507466,-2.1153128,-0.56059456,1.360403,1.5113106,0.6522712,-0.17301221,-0.4660378
-0.49375367,-1.4039384,-3.6533196,-3.2164197,-1.4819931,1.7029272,2.1655257,0.69591594,-0.05680422,-0.02220025
0.54480106,-0.9859937,-2.6480708,-2.405663,-1.0864266,0.9748689,1.8029613,1.2007315,0.0396788,-0.30383924
-0.6249024,-2.7891366,-3.8143046,-3.948184,-1.3655552,0.9891477,2.0779982,1.1294757,0.086013,-0.07534024
-0.56608504,-2.6869166,-3.8613577,-3.1729622,-1.0435836,1.1989963,2.297857,1.6360102,-0.18087016,-1.0363189
-0.45518804,-1.8135751,-3.7453995,-3.2786918,-1.6400689,0.9044143,1.7111521,1.4459076,0.010091909,-0.64653754
-0.16895233,-1.631972,-2.9938185,-3.023041,-1.1441581,1.1873838,1.751649,1.0873542,0.5428698,-0.803631
-0.48472312,-1.672315,-3.7837918,-3.5683963,-0.98612034,1.7794042,2.2274702,0.6784241,-0.4066298,-0.6500084
-1.1127055,-1.4811465,-3.7556968,-3.1967275,-0.9025944,1.4507318,2.2922473,1.2570533,-0.08516141,-0.92258894
-0.10495723,-0.5883352,-2.419609,-2.373036,-0.84105617,0.9120329,1.1541672,0.57795423,-0.35859966,-0.54002464
-0.8812938,-1.1570846,-3.3367188,-3.066522,-1.1871363,0.8961404,2.0462286,1.2721733,-0.4554534,0.28255188
-0.39749202,-1.6085929,-3.4677453,-2.8271313,-0.98466283,1.3905802,1.6930516,1.2227861,0.6268486,-0.83770555
-0.85033673,-0.93450063,-2.5275633,-2.1079879,-0.9286148,1.066152,1.7893792,0.90060586,-0.1411988,-0.6343205
-0.907848,-1.4000468,-3.6503983,-3.807004,-0.79117876,1.6649548,2.2541435,1.1418989,-0.2003134,-1.0483724
-0.9975214,-0.7401886,-2.5798564,-3.001298,-0.93656796,0.9000243,1.1666404,1.0357127,-0.0034448025,-0.42967612
-0.32699895,-0.9968344,-3.2387075,-2.848558,-1.0969106,0.7065307,1.5441769,0.87063676,0.009272001,-0.088930525
-0.5855982,-0.63530034,-2.3689952,-2.671197,-1.4059256,0.8767012,1.4722571,1.0512204,0.5938003,0.10575295
-0.058783244,-2.1038873,-3.807784,-2.7211874,-0.89651793,1.3932245,2.55232,1.6546451,-0.68933463,-0.96302277
-0.3441158,-1.1474837,-2.7417045,-2.5515106,-1.0789953,0.98075724,1.6396348,1.084578,-0.20821661,-0.5016382
-0.8145132,-0.44469506,-2.9154754,-2.5753927,-0.7217696,0.71033806,1.7135911,0.5641229,0.039426655,-0.5217928
-0.6994658,-0.8756372,-3.066715,-3.0698948,-1.1525936,0.4961667,1.8556261,1.1717371,-0.1261172,-0.44837025
-0.8826567,-1.384968,-2.809403,-2.9175582,-0.33732823,1.5888047,1.1842495,1.1119933,-0.30310112,-1.244155
0.18750615,-1.2091367,-3.5960255,-2.8732238,-1.183308,1.3833082,2.2407036,1.5786188,0.13345365,-0.12087862
-0.614859,-0.95603216,-2.9839315,-2.69274,-1.2096379,1.2664557,1.6289368,1.0928222,-0.23073773,-0.10349644
-0.9129923,-1.0309707,-2.3669958,-2.642476,-1.5670359,0.2909459,1.7662343,1.0249484,-0.6449761,-0.6234127
-0.3461792,-1.3140327,-2.251156,-2.6729243,-0.50787216,1.0397602,2.1552417,0.9347264,-0.18197016,-1.3300717
-0.43874773,-1.8793197,-3.6886373,-2.6728473,-0.942153,1.1792004,1.7630681,1.0243726,-0.35050994,-0.62913656
-0.44493273,-0.78631884,-2.9731245,-3.542759,-0.98361015,1.225862,2.3349848,1.0161235,0.1712448,-0.5003238
-0.96777683,-0.72235245,-3.1936486,-2.8887162,-1.3939115,1.0300125,2.3334978,1.4072293,-0.028691528,-0.2567903
-1.2520725,-1.3507876,-3.487569,-3.2100418,-1.094078,0.36277092,1.8821913,1.4513439,-0.10127258,-1.1122986
-0.051711325,-1.3348966,-3.1251576,-2.0709245,-0.68235916,0.6751788,1.5436695,1.0588232,0.1500411,0.018248942
-0.45247152,-0.69578844,-2.2870936,-2.1199982,-0.4797385,1.4926986,1.3683754,0.644205,-0.021823507,-0.17745894
-0.8230285,-1.1804016,-3.781131,-2.6480548,-1.2152774,0.5991973,1.5691397,1.4539678,0.32990146,-0.3361066
-0.025346374,-1.3715056,-3.325595,-2.0056682,-0.5819342,0.73782194,1.5768503,1.7812063,-0.0520055,-0.37366277
-0.5140676,-1.4671503,-2.8438225,-2.7948654,-1.4248065,0.97966033,1.7090033,0.60177964,0.043702375,0.5208354
-0.8791976,-1.5820783,-3.6739485,-3.2094574,-1.1995562,1.1824673,2.3422632,1.4371697,-0.49295467,-1.2259701
-0.6338846,-1.9105052,-3.5655875,-3.3647923,-1.3839984,0.60704607,2.1009705,1.8436065,0.5510256,-0.8577788
-0.9387905,-0.6240033,-2.2536187,-2.6629016,-1.1228071,0.86067516,1.6114365,0.93457574,-0.10563269,-0.40301427
-0.4247552,-0.61276627,-1.0423733,-1.9393544,-0.236223,0.93006206,1.6990371,0.34449703,-0.10059553,-0.45390147
-0.24715531,-0.92858434,-2.26068,-3.0144393,-1.4540063,1.1901727,1.8481742,0.9388265,0.11705033,-0.074028365
0.24652615,-0.84873205,-2.9281933,-2.4023573,-0.91490614,0.8912532,1.714203,1.0619012,0.53027624,-0.07458693
-0.8973269,-0.49525264,-3.2764282,-3.3109567,-0.48568493,0.5781975,1.5423862,1.0270183,-0.22513008,-1.2667347
-0.88980967,-1.0029752,-3.6111863,-3.2700381,-0.5164561,0.945253,1.8746264,1.1642762,-0.00902533,-1.5837369
-0.6628916,-1.8969711,-3.9038963,-3.5256479,-1.0712903,1.3311721,2.26837,1.5430048,-0.13488628,-1.6856179
-0.8937838,-1.36546,-2.578355,-2.3106618,-0.5683382,1.678378,1.4663477,0.8371577,-0.09301266,-0.23031624
-0.85188603,-1.3614064,-2.3995032,-2.4428563,-0.70360714,0.34305257,1.1660671,1.2672751,0.013696126,-0.81574893
-0.51698864,-1.2592111,-2.5823119,-3.271393,-1.560756,0.92692226,1.8213811,1.5913421,0.058995243,-0.17813914
0.106489815,-0.72626275,-1.6316984,-1.9006239,-0.38950425,1.0147475,1.2178094,0.62206817,0.3111841,0.038922884
-1.0039004,-0.74482614,-2.444493,-2.869038,-0.9783639,0.9002018,0.65087146,0.3631288,0.3630974,-0.56715035
-0.009161099,-0.7973263,-2.4575396,-1.8553534,-0.5504971,0.9271343,1.8160609,0.97313267,0.424233,0.09834409
-0.6070027,-0.61520433,-2.2848663,-2.036313,-1.5949259,0.9994965,1.6740562,0.3191775,-0.26004425,-0.14868067
-0.030585939,-1.1537906,-2.250157,-3.0282443,-0.95755434,1.0700783,1.9670842,0.71038675,-0.18473782,-0.16976823
-0.6717224,-0.90266377,-3.530515,-3.5555465,-0.65937346,0.9952035,1.3846408,1.1516062,0.22095463,-0.36976334
-0.25701723,-1.1275429,-3.597114,-3.4388454,-0.91058445,0.9881691,1.6236224,1.0536466,-0.15930143,-0.43620747
-0.5528586,-1.1051948,-2.8443174,-1.8673558,-0.483754,1.1514729,1.3562813,0.934411,-1.5560946,-0.8724408
-0.75171,-0.8722742,-3.2441363,-3.1579306,-0.54288286,1.1067784,1.817692,0.7768088,-0.10954481,-0.45969152
-1.6032081,-0.9851727,-3.8143985,-3.517292,-1.2551675,0.85328317,2.1422176,0.99107766,0.10635454,-0.17238846
-1.2804264,-1.236431,-2.8969553,-3.1155798,-0.92254895,0.8932905,1.5122317,1.2750614,-0.68800724,-0.06240389
-0.7229816,-0.7655031,-2.0922709,-2.6271293,-1.4202285,0.74765944,1.3957183,1.0576266,-0.4247943,-0.8981227
-0.688207,-1.1369884,-3.5837297,-2.89018,-0.62828463,1.1894433,1.7436574,0.94097173,0.28642702,-0.1168658
-0.27550763,-0.73697484,-2.4729521,-2.6148624,-0.6195259,1.0272961,1.7333686,0.93096423,0.34655818,-0.55649954
0.103186116,-1.3246844,-2.9008708,-2.490725,-0.37029013,1.4938968,1.7128863,1.4446496,-0.12158184,-0.7361757
-0.42302537,-0.8191058,-3.3586528,-2.9563417,-0.93505913,0.47579548,1.637879,1.2268472,0.16067691,-0.5698184
-1.2146609,-0.75389457,-2.2145295,-2.4562132,-1.1449581,-1.4955853,0.40277365,0.72656214,0.56577736,-0.116767436
0.16891234,-0.9487276,-2.5340886,-2.647026,-1.3050958,0.553885,1.8740339,1.3637519,-0.071136214,-0.3420802
-0.1229973,-1.0428896,-3.4708447,-2.404731,-0.7527853,1.0928576,1.8987548,1.5230346,0.23939243,0.0860954
-1.0723623,-2.2019355,-3.8251967,-3.8376665,-1.3696508,1.2674059,1.9712719,0.9905701,-0.3686776,-0.53584564
-0.3340634,-0.94152087,-2.2703032,-1.9338139,-0.49255085,0.80343014,1.4514391,1.2198459,0.31333762,-0.23875745
-1.2762418,-1.4512703,-3.6659381,-3.8706498,-1.2109754,1.1080909,1.5729654,1.2363784,0.0598826,-0.49525526
-0.70032746,-1.12738,-3.613621,-2.9688034,-0.8604439,1.461038,2.3445046,1.0208693,-0.12780832,-0.37468782
0.24755004,-1.084817,-3.1723478,-2.8486202,-1.1558583,1.1739554,1.7005209,1.1385201,-0.046142828,-0.2417284
-0.24569732,-1.3416886,-3.658565,-3.4733973,-1.0662744,1.1385313,1.7899632,1.2462509,0.27357033,-0.31594107
-0.54004717,-0.43950233,-2.4547849,-2.21951,-0.6971929,0.50708574,1.8417811,0.8515848,0.16214286,-0.5418237
-0.6397147,-1.6973503,-3.3611321,-2.8093178,-1.1754616,1.1833242,1.8628174,1.2965075,0.035226997,-0.71555287
-0.7066214,-0.82225496,-2.5130625,-2.4107406,-0.96862656,0.61250025,1.0242647,0.30863988,-0.34575948,-0.089154035
-1.3582032,-1.6763737,-3.5185914,-3.5356786,-1.5295181,1.0912669,2.455176,1.3456614,-0.21198203,-0.24476017
-0.64009863,-2.894186,-4.141498,-3.9687803,-1.3914379,1.0624344,2.020666,1.4107536,-0.3234546,-0.49436724
-0.49424872,-0.6915821,-2.5518184,-2.5789375,-0.8908253,0.55859333,1.5039041,0.98619455,0.08884421,-0.15728644
-0.03379516,-1.6581273,-2.7880297,-2.4760535,-0.5029305,1.4547505,1.7505735,0.9151943,-0.24495725,-0.8643746
-0.019276759,-0.94911206,-2.3988137,-2.1349983,-1.1816868,0.3469155,0.89732414,0.76353675,0.22913848,-0.4387219
-0.59402245,-1.562517,-3.284725,-2.9712675,-1.314609,0.87003857,1.250186,0.8653306,-0.26162723,-1.0112892
-0.62260914,-1.3244733,-2.7795484,-2.6242924,-0.8797541,1.1762446,1.8907025,1.1767085,0.19739708,-0.4562661
-0.41093895,-1.0934336,-3.108274,-3.173184,-1.5868088,1.015494,2.1480925,0.8948755,0.060164474,-0.39842272
-0.61951745,-1.0593542,-3.3125913,-3.2257,-0.7902671,1.5640514,1.7141767,1.5131832,0.012061232,-0.8203199
-0.5576737,-0.7537882,-2.7788858,-2.161681,-0.32569408,1.8172979,1.8025197,0.6057977,-0.0003314452,0.14607243
-0.30354118,-1.0555174,-2.4137933,-2.6172502,-0.63766474,1.1816845,1.6438628,1.4797066,-0.426046,-0.40864712
-0.24364601,-1.1060069,-2.4016085,-2.4995565,-1.0662127,0.9429006,2.2638543,1.4156828,0.1357346,0.051132347
-0.585729,-1.2093985,-3.5519779,-3.33373,-0.89365035,1.0945877,1.7329508,0.67122334,-0.6494588,-0.45488712
-1.1870106,-1.5362535,-3.3087058,-2.964634,-1.0815505,1.1243219,1.1350733,0.82992196,0.16913065,-0.540083
-0.87839407,-1.6510779,-3.8843331,-3.6221273,-0.7148534,1.153065,1.8208247,1.4204421,0.051786598,-0.807931
-0.35676298,-1.1128801,-3.1751378,-2.6346817,-0.30063593,1.2497467,1.670895,1.0366249,-0.04996838,-0.83249867
-0.66397595,-0.8536525,-2.0534463,-2.1731422,-0.53071123,0.77585906,1.8786577,0.5416402,0.42947102,0.10146109
-0.20509161,-1.1423085,-3.0832684,-3.7533643,-1.1442689,1.269663,2.168946,1.769024,0.38117713,-1.6070677
-0.72919464,-0.6935605,-3.2640092,-3.495043,-1.2993253,0.62648165,1.622791,1.5038079,0.61833763,-0.8564171
-0.080171704,-0.68415904,-2.3254416,-2.5783777,-0.9938819,1.0495195,1.5308083,0.71701616,-0.07912211,0.3814272
-0.70137584,-0.47835734,-1.8167081,-1.706286,-0.58871204,0.8330461,1.3472373,0.42598978,-0.07954748,-0.73649114
-0.08216968,-1.404852,-3.291718,-2.8513877,-0.9660275,1.0557331,1.2996235,0.901572,0.53765684,-0.96057755
-1.1101636,-1.4432002,-3.3911269,-3.427671,-1.0995374,1.0680113,1.8773779,1.0047837,-0.25321656,-1.1886686
-1.0340282,-0.7445526,-2.7945225,-2.846931,-1.0854663,0.75096625,0.94981354,0.66870075,-0.2636241,-1.0555193
-0.60056454,-0.67671853,-2.7719119,-2.724486,-0.8902172,1.4505938,2.0847194,1.0376725,0.38015857,0.16486657
-0.19262688,-1.9674888,-3.4903882,-4.0517974,-1.3644855,2.5381596,1.6796098,1.0989541,2.7990792,-0.65648836
0.015098334,-1.1192715,-2.8349552,-2.5372808,-0.6046569,1.3221201,1.7511747,1.0390915,-0.06436715,0.07231612
-0.8841025,-1.8386251,-3.663796,-3.7041528,-1.321938,1.5800903,1.9069593,1.2896963,0.2605869,-0.6771741
-0.63318384,-1.4765128,-3.7553887,-3.645867,-0.64328325,1.2468005,1.8717538,1.2888702,0.0222031,-0.4507326
-0.8891589,-1.012287,-2.5490963,-2.5490997,-1.3162242,0.6417803,1.1215835,0.76218677,0.06966376,-0.24401684
-0.648982,-1.1091033,-3.1479242,-3.2934403,-1.1525226,0.86112785,1.8698248,1.3232673,-0.17429811,-0.84192854
-0.087340035,-1.7645082,-3.919168,-3.8307054,-1.3135211,1.2054567,2.3178182,1.2617338,0.29615086,-0.59343857
-1.3324547,-1.0263994,-2.2366683,-2.3856285,-1.0195602,0.8757149,1.0020761,0.51417416,-0.8833141,-0.5138566
-0.2566212,-0.23071302,-2.3557105,-3.0061831,-1.3404732,0.9870667,1.4032131,0.8166263,-0.11298886,-0.18883537
-0.64606833,-0.77241963,-3.2443311,-2.8061287,-1.06873,0.7442276,1.6307137,1.0487801,0.06776896,-0.1849307
-0.7615785,-0.80185395,-2.6680856,-2.2524426,-1.0973542,0.70422256,1.6165546,0.5271841,-0.03882444,0.12722135
-0.79108864,-1.001716,-2.4362662,-2.6110075,-1.2911794,0.9120726,1.2228522,0.5537927,-0.028577274,-0.0010586346
-1.273369,-1.4743057,-3.2127423,-2.9237752,-1.218114,0.789547,1.6917849,1.1330519,-0.23881201,-1.2117307
-0.5212927,-0.95134103,-3.173122,-2.5012507,-1.1272999,1.2015219,2.1092217,1.4837745,-0.10132933,-0.9479466
-0.9952411,-0.9691731,-2.3957655,-2.724724,-0.8713691,0.6243804,1.5468217,0.8744855,0.45743623,-0.38865837
-0.7817554,-0.9840829,-3.3832848,-2.8077378,-0.7148424,0.91837895,1.8729804,1.2083902,0.12387282,-0.6126664
-0.5963058,-1.7943698,-3.5492332,-3.564171,-1.155529,1.1836091,2.3058913,1.7961042,-0.26526207,-1.0121332
-0.27812636,-1.0509353,-2.3839571,-2.0466626,-0.376684,0.95196396,1.0528044,1.0381472,-0.12356028,-0.2747857
-0.3163439,-1.2564584,-3.5865598,-3.3010926,-0.91779655,1.1029619,2.3694682,1.3843533,-0.44530827,-0.71697956
-0.2179362,-1.3633779,-2.995653,-1.9777774,-0.59319884,0.92195743,1.9061916,1.043519,0.06250659,-0.058828503
-0.089415215,-0.8068007,-2.9315214,-2.9319494,-1.1662817,1.1562229,1.8873296,1.3730882,-0.3988074,-0.120603874
-0.8749185,-1.0467806,-3.793678,-3.6049945,-1.3245165,0.8564319,1.8271321,1.3427683,-0.07374563,-0.25409007
-0.91370624,-2.1943026,-3.7422712,-3.1118484,-0.5943579,0.99683136,2.1740518,1.3085973,-0.22448894,-1.4517174
-0.5417081,-1.5246617,-3.67318,-3.3480713,-1.0604799,0.8297981,2.3350928,1.2497053,0.11099049,-0.22452301
-1.0679039,-1.2238352,-3.6926348,-3.415363,-1.0223477,0.5538463,0.8990411,0.66170734,0.10876106,-0.5456608
-0.6490376,-0.7025258,-2.2046258,-1.9123284,-0.6482339,0.71012324,1.1971104,0.49953702,-0.4680187,-0.024888618
-1.201251,-1.260603,-2.2024531,-2.632656,-0.8646325,1.1711017,0.88388765,0.46577662,-0.036404904,-0.77610254
-0.76892495,-1.2812958,-3.919486,-3.186566,-0.9052144,1.3797587,1.5559433,1.1181265,0.32182068,-0.5893242
-0.875344,-1.9145975,-3.7526057,-3.4756444,-1.2450151,0.6778033,1.7153399,0.9564966,-0.21886873,-0.99054056
-0.37413013,-0.938154,-2.33981,-2.3630888,-1.1896124,0.87967664,1.4624716,0.71187794,-0.03127922,-0.35369638
-1.1790407,-0.8763766,-2.2107828,-2.318278,-0.5935671,0.9767167,0.94501424,0.48314825,-0.16179922,-0.34768152
-0.8656232,-1.4835413,-3.489325,-3.0627334,-0.8746926,1.6405579,2.3973114,1.9796178,-0.042520814,-0.84848744
-0.72693235,-1.347118,-3.2798092,-3.1696165,-0.86761636,0.87905693,1.3746548,0.7280573,0.1961531,0.35265514
-0.6085783,-1.5109084,-3.556987,-3.500512,-1.4481704,1.2712067,2.16661,1.1019214,-0.0053922464,-1.1808717
-0.8556137,-1.0454247,-2.9326575,-2.5768235,-1.1649759,1.0135096,1.6044096,1.0335579,0.15688476,-0.39346758
-0.1818871,-1.0964608,-3.3305736,-3.377922,-1.3665304,0.9128583,1.3731943,0.818135,0.07284356,-0.0151094515
-0.8384969,-0.6167743,-2.1866903,-2.5456505,-0.863134,0.4978863,1.164381,0.9979832,0.26677984,-0.12997201
-0.40769917,-0.7520522,-2.0168474,-2.6396537,-0.806885,0.5826354,2.0005345,0.81317997,-0.37501124,-0.008214991
-0.06585277,-0.55050826,-0.8616847,-0.44519398,-1.010338,0.5546541,0.7437726,0.085679315,0.51068115,-0.22038282
-0.48365518,-1.1882154,-2.969346,-3.094139,-1.0796465,0.7924999,2.1558783,1.2039692,0.12757821,-0.4352115
-0.6052567,-1.4465673,-2.9344394,-2.626765,-0.5616544,0.99768436,1.8709731,1.179585,-0.14450948,-0.83530945
-0.94492555,-1.0770965,-3.5680306,-2.9010634,-1.195918,1.0707047,1.486545,0.98214877,0.11291263,-0.39969316
-0.43316433,-1.4306073,-3.9228919,-4.0129395,-0.97409016,1.6592009,2.102058,1.4834862,-0.25079173,-0.6369834
-0.35739976,-0.992958,-2.0529091,-2.3060877,-1.0155487,0.7546663,2.0840235,1.4655101,-0.08097586,-0.6707648
-1.100051,-1.5163279,-3.0485907,-2.3254352,-1.0384879,0.85291994,1.8482487,1.1344115,0.37646598,0.037000094
-0.2216636,-2.8041725,-3.8328433,-2.9195166,-1.2194309,1.1173182,2.1596391,1.9272537,-0.05461737,-0.15126906
-0.671136,-0.7233018,-1.4733602,-1.7076894,-0.5028631,0.7610455,0.84004664,0.44274682,-0.20025015,-0.27275407
-0.035756867,-0.8013693,-2.1043544,-2.6007023,-0.72218746,0.9089672,1.612233,0.6926786,0.019494982,-0.29436195
-0.20540023,-1.1198133,-2.5678089,-2.669145,-1.0089899,1.0213891,1.1178123,1.1389318,0.121847406,-0.1512538
-0.13966751,-1.105841,-3.102642,-2.5299053,-1.1169692,1.0532309,1.8337371,1.2776244,0.092037864,-1.2209427
0.21175463,-1.1352867,-3.1489787,-2.2391574,-0.6963777,1.3327332,2.2358708,0.87837195,0.07479674,-0.71525866
-0.68745285,-1.0329219,-3.7297199,-2.6911225,-1.0516586,0.9613886,1.6773072,1.2441634,-0.2557167,-0.88281775
-0.20082209,-1.1538603,-2.9813528,-2.9722378,-0.9394817,1.4799713,2.1411138,1.4202502,0.21550702,-0.70334196
-1.0392336,-1.0760156,-3.3411884,-3.0008135,-0.9342397,0.80512273,1.6375928,0.7668191,-0.12704061,-0.51732796
-0.74701256,-1.4889662,-2.742054,-2.4079597,-0.9369714,1.0605091,1.2897885,1.069184,0.1704972,-0.32760203
-0.54311764,-2.3162684,-4.0251393,-3.7778935,-1.0201793,1.0114527,2.2995722,1.6575738,-0.25496867,-0.8236939
-0.92470765,-0.9168205,-2.5457861,-2.4716244,-1.2263031,0.9017704,0.9007597,0.8950684,-0.07583827,-0.13504799
-1.2430778,-1.2510626,-3.066539,-2.7178867,-0.776831,1.0765316,1.2812731,0.65713215,-0.27081722,-0.19291712
-0.6191532,-1.1422589,-3.5317118,-2.8944352,-0.91338944,0.859227,2.0976436,1.7573149,0.020131199,-0.4568607
-1.3006964,-0.8944333,-2.366504,-2.3870375,-0.9041814,0.6747245,1.7012858,0.5474018,-0.3340767,-1.2963333
-0.53826606,-0.43659553,-1.7625537,-2.0080483,-0.737167,0.8205614,1.0244765,0.5971973,-0.48163673,0.25228336
-0.6306793,-1.2473855,-2.7126317,-2.7059546,-1.3399782,0.24566591,1.605989,0.87326163,-0.26613775,-1.0653937
-0.67350173,-1.0404109,-2.0742338,-2.0884626,-1.2275143,1.0623244,1.6710571,0.61021435,0.06144217,-0.056786347
-0.38626498,-1.1232634,-3.41056,-3.1383643,-0.60710555,1.0946611,1.9386045,1.1982925,-0.03041259,-0.5001454
-0.24715032,-0.08371455,-2.1170247,-2.0542262,-0.57748604,0.8008794,1.1758564,0.21288162,0.30273402,-0.014835457
-0.507177,-1.856064,-3.904596,-3.2012308,-0.9458681,1.6271855,1.9858166,1.3514152,0.3904083,-0.8219472
-0.079968564,-0.933729,-2.1835313,-2.323821,-1.466746,0.95014465,1.3570337,0.61834747,0.2130745,-0.42528936
-0.0028161956,-0.776827,-2.252308,-2.2568705,-0.7138119,1.4601591,1.727397,1.050377,-0.35754025,-0.72036344
-1.0174152,-1.4252374,-3.7346418,-3.2197545,-0.87163365,0.6539906,1.6751295,0.9571476,-0.26876837,-0.64045024
-0.27314642,-1.2459917,-2.893114,-2.881057,-0.42273718,1.3185567,1.7635851,1.4780596,-0.064725064,-1.4409758
-0.459763,-0.88489467,-2.454881,-2.372869,-0.7999436,0.7682868,1.5037984,1.2454221,0.2978169,-0.207245
-0.42974508,-0.92263997,-2.56572,-2.275643,-1.168427,0.81224746,1.2122369,0.5569728,0.10314272,0.274985
-0.64303356,-0.707572,-2.6797607,-2.801715,-1.0934156,0.99952286,1.2342459,1.1524403,0.22990327,-0.14291796
-1.0718662,-1.2624413,-3.374495,-3.128563,-1.4367846,1.0891362,1.6173481,1.0561843,-0.116338424,-0.4946583
-0.92774904,-0.96928936,-3.0989404,-3.3141255,-1.2998443,0.19041994,1.2104056,1.1220622,0.114077814,-0.3764542
-0.5929952,-1.3248947,-3.7565944,-3.697173,-1.0114877,0.76125354,1.7068732,0.9870617,-0.22417332,-1.0777915
-0.48405656,-1.0593145,-2.7769647,-2.1582625,-0.8242195,1.1771684,1.3436718,1.4938985,-0.3075746,-0.22785401
-0.23978665,-0.5280125,-2.8718576,-3.0164313,-1.1191107,0.28347042,1.3649518,1.2262206,0.37120754,-0.33521238
-0.31395808,-0.8980744,-3.225015,-2.9276583,-1.2488312,0.9292456,1.7145728,0.9406775,-0.14429191,-0.7185188
0.0052928184,-0.5497143,-3.1510487,-3.0648222,-1.6516517,1.0334573,2.0029728,0.9292717,0.32224542,0.32832447
-0.33119917,-1.0395737,-3.6807342,-3.0670311,-1.0085185,1.186443,1.6932939,0.6405094,0.6251963,-0.13907297
-0.6737429,-1.4099737,-2.8639398,-2.902934,-1.160062,1.0936021,1.3493447,1.223968,-0.071497954,-0.9084612
-1.2082725,-1.2309303,-3.3424578,-2.4932327,-0.633375,1.1952924,1.8914832,0.5160512,-0.3865496,-0.31834698
0.019018427,-0.6654522,-3.094898,-3.352607,-1.086184,0.51083726,1.6272691,0.87358,0.26113984,0.19494405
-0.39972398,-0.9839541,-3.551178,-2.8455303,-0.30545124,1.7057784,1.8242621,0.8884775,-0.25688282,-1.0624826
-0.6231319,-0.97154814,-2.581602,-2.3353825,-1.0792415,1.2467793,1.876933,1.3082043,-0.010378506,-0.19834521
-0.9828015,-0.92884785,-3.1947024,-3.1986108,-1.3064477,1.4124515,1.5691482,1.1053741,0.16104022,-0.6264194
-0.6167933,-0.758304,-2.2474284,-2.3898656,-0.92709017,0.98246425,1.6457164,0.49653643,-0.024515418,-0.67226166
-0.22291149,-0.76179296,-2.2019243,-2.545588,-1.0611128,0.92396396,1.6749505,0.5916888,-0.18477565,0.18899508
-1.1661401,-1.1857847,-3.2314997,-3.0578742,-0.53188604,1.1226069,1.4030468,0.9874356,-0.2743336,-1.2544818
-0.49224973,-1.5351288,-3.7249308,-3.3118744,-0.5375349,1.2425861,2.0779877,0.68229246,-0.034910742,-0.63957936
-0.67614096,-1.3389026,-2.4580743,-2.5233068,-1.2964634,0.38577914,1.5689862,0.86592615,0.3234447,-0.123209275
-0.18097673,-0.9200765,-2.416463,-2.6320217,-1.015445,1.2388479,2.1553094,1.7338957,-0.5604429,-1.0570251
-0.6711979,-1.2115881,-3.033226,-3.6141558,-1.4737929,0.9149424,1.6305563,1.1639613,0.06303625,-0.48848832
-0.33978924,-0.74340093,-2.4469936,-2.4876673,-1.1095536,0.829931,1.7362559,1.1618186,-0.020023504,-0.5883968
-0.7813684,-1.6823912,-3.7869716,-2.9556658,-0.96694744,1.1727872,1.6542554,1.1534189,-0.07258971,-1.2545918
-1.1711265,-0.7974636,-2.283716,-2.3292627,-0.812494,0.3617805,0.9808058,0.44456503,-0.24017298,-0.7269395
-1.2440641,-1.1505988,-2.9885862,-2.6831443,-1.0199676,1.0888616,1.5006313,1.5466335,0.06342718,-0.39334795
-0.5393618,-0.9554437,-1.8256938,-2.044908,-1.0221884,0.71886235,1.4184756,0.5891454,-0.06431826,-0.57313406
-0.2682504,-0.9650013,-2.9955792,-2.9845033,-0.598817,0.887857,2.1005645,1.1501955,0.053316746,-0.4729904
-0.027327234,-0.5165618,-1.9148575,-2.3225968,-1.3556644,1.1341316,1.4095795,0.7419634,0.035599668,-0.13881648
-0.71081626,-1.2353301,-2.8530579,-2.6730018,-0.8785759,0.7057486,1.6294976,0.824866,-0.24625427,-0.6241087
-1.1280447,-0.7327375,-3.4221942,-3.0093157,-0.40643886,1.5336814,1.3828208,0.7906015,-0.40861514,-0.7323293
-0.25332493,-1.1697706,-2.0895813,-2.4813638,-0.50323224,1.0837888,1.4755126,0.9042766,0.32599157,-0.30243355
-0.29177737,-1.1009649,-3.2256656,-3.302314,-0.61933696,1.5694793,1.8537704,1.2242792,0.0014208583,-0.62783444
-0.1551503,-0.40311408,-2.1708956,-2.6908326,-0.8247922,0.9239033,1.4049273,0.92072797,0.55625206,0.021062998
-0.2118522,-0.7194281,-1.8722378,-2.0188186,-0.4412934,1.2810535,1.4939315,0.8720468,0.079473525,-0.37337565
-1.0069466,-1.9339529,-4.015282,-3.8034039,-1.4791048,1.3494108,1.5618742,1.1726369,0.9452783,-0.40416792
-1.1810341,-0.9021175,-3.114735,-2.7446482,-1.1720744,0.8478237,1.8073171,1.1441009,-0.21870014,-0.37803462
-0.8634128,-0.76719856,-2.5076182,-3.0534658,-1.2959324,1.0645635,1.7081056,1.129372,-0.45740548,-0.54397446
-0.86300296,-1.5512043,-3.7277837,-3.4410002,-1.1697937,1.1255571,2.0891387,1.6532183,0.38288307,-0.77619565
-0.5085372,-0.64036274,-2.769926,-3.0157256,-1.2475272,1.2584888,1.4393197,0.7771411,0.39260015,-0.021636816
-0.518352,-1.036433,-2.4420307,-2.5683777,-0.64169294,1.1632394,1.9653271,1.6755676,-0.40153548,-0.71896034
-0.8297387,-0.8614685,-0.5508722,-1.300773,-0.61523473,0.90091497,0.8543694,0.03337334,-0.06369969,-0.39210114
-0.44891575,-0.69744897,-3.3454576,-3.1234314,-0.889415,1.0771421,1.6668578,0.8575502,-0.042268887,-0.31339177
-0.9912121,-0.9559191,-3.1690638,-2.849545,-1.091525,1.4821866,1.6869247,0.98734283,-0.009109199,-0.8453281
-0.08879732,-1.4351726,-3.6758516,-2.8662963,-0.98129344,1.3517917,2.2462316,1.4895089,0.038133062,-1.175232
-1.4184929,-2.2074084,-3.8680239,-3.830351,-1.2049404,0.93460447,1.657173,0.93023866,-0.06449624,-0.38438877
-0.02026796,-1.0852342,-1.6221883,-0.805311,1.8070717,2.4282181,1.6076137,0.58116114,-0.26992783,-0.6453313
-0.7211052,-1.5537393,-3.5802777,-3.2443962,-1.1915811,0.6337952,1.4367853,1.598689,0.71801686,-0.5662952
-0.5191414,-0.51072335,-3.0123599,-3.6146328,-1.3746101,0.5545488,2.1408803,1.6245759,-0.6190243,-0.48723987
-0.7535848,-2.0471506,-3.6906486,-3.9502947,-1.5708991,0.80391896,2.4394438,1.5041121,0.15811324,-1.137783
-0.6266601,-1.3354636,-3.0374715,-2.3774853,-0.8357511,0.8901218,2.0223901,1.1741871,0.02095269,-0.49754065
-0.5272858,-1.4997054,-2.4446614,-2.1745927,-1.0389669,1.5617799,2.3381352,1.0905776,0.09045932,-0.45433474
-1.030421,-1.4690213,-3.754897,-2.7315726,-0.7675532,1.7212775,1.727145,1.3164521,0.23112243,-0.32750145
-0.239099,-1.2104753,-2.518392,-2.6061351,-1.2717025,0.44778052,1.7291235,1.5408841,0.12757027,-0.42399174
-0.20618407,-0.8393476,-2.6269245,-2.2510307,-0.5828337,1.3663498,1.1259018,0.857855,-0.0057770396,-0.9973171
-0.63801587,-1.3461205,-3.0006778,-2.5186217,-1.3268116,1.2690172,1.6822448,1.0168897,0.10209473,-0.16662069
-0.48207116,-0.96836686,-3.411427,-3.763508,-1.2708216,1.0507604,1.6980737,1.2306354,0.268628,-0.9346704
-0.082783826,-1.1430337,-2.724834,-2.3648238,-0.77699757,0.80555755,1.6693819,1.1722887,-0.08674673,-0.6109177
-0.4369814,-0.84311324,-2.6044161,-2.7585404,-1.5207239,0.91871566,1.8241024,1.1374627,0.49969038,-0.46332365
-0.8723858,-0.9170454,-2.1511421,-2.6752007,-0.8800511,0.69785774,1.8950862,0.76743287,-0.13844416,-0.50269574
-0.4949485,-1.0009,-3.0222003,-3.4074812,-1.3635995,1.272581,1.6974291,1.2223053,0.028938418,-0.50479317
-0.72578365,-1.8164673,-3.7644467,-3.3147845,-0.60496366,0.9766834,2.0070004,1.2558374,-0.32826596,-1.1167395
-1.1503643,-1.3176236,-3.4620488,-3.1846685,-1.3003696,1.7148448,1.9420601,1.470636,-0.0075978455,-1.1240817
-0.73140746,-1.8775377,-3.634729,-2.803624,-1.2358212,1.16761,2.0263782,1.3042914,0.031222245,-0.68867797
-0.3688318,-0.7130747,-2.9314854,-2.5483994,-0.6420683,0.9057969,1.4745597,0.6509002,-0.38727105,0.27963188
0.018050145,-0.63620716,-3.0394254,-2.7548983,-0.7054442,1.1113293,1.6386472,1.1135721,-0.117220186,-0.64340234
-0.5894818,-1.5403932,-4.1291494,-3.6977458,-1.1410921,1.6096833,1.880153,1.1610501,-0.14543204,-1.1444314
0.041458596,-1.1906892,-3.3316329,-2.9695663,-0.71475357,1.2814409,1.6760241,1.1460804,0.16580585,-0.53927314
-0.29993874,-0.85895354,-2.373078,-2.0954404,-0.7280286,0.87613255,1.2071308,0.74973136,-0.092826776,-0.49476388
0.030660661,-1.0549666,-2.9457467,-2.8671758,-1.5557746,0.8681567,1.590225,0.78594226,0.2894167,0.028701507
-0.13796839,-0.66539806,-3.082266,-3.105076,-0.8716354,1.1208038,1.5465102,0.681459,-0.100937665,0.2847457
-1.1874315,-1.2685581,-3.2825687,-3.5398874,-1.495166,0.8465553,1.9425,1.2701452,0.12037592,0.057194695
-0.7287611,-1.45053,-3.690256,-4.1928883,-0.7429449,1.6266857,1.9960101,1.371044,0.3901578,-0.6478231
-0.7314214,-1.0794315,-3.0946202,-2.8638237,-0.9352241,0.6442758,1.5955185,0.95503664,-0.30128247,-0.5438588
-0.35271618,-1.0380859,-2.5150511,-3.1068516,-0.96904933,1.550118,2.1158001,0.7536033,0.07884275,-0.07004668
-0.8570055,-1.6804062,-3.897877,-3.3156366,-1.1822103,1.8997482,2.1615753,1.0811307,0.25499925,-0.34487054
-0.17690964,-1.0130931,-3.1518214,-2.660683,-0.9901872,1.5712448,2.4518986,1.5916584,0.10906187,-0.6053667
-0.63731325,-0.7168357,-2.7294562,-2.9351587,-0.829359,1.1430157,0.7630087,0.71206886,0.20748897,-0.058297887
-0.9759748,-1.1342845,-3.4459434,-3.3862255,-1.2691231,1.1675225,1.6113713,0.97722733,-0.04764028,-0.29429203
-0.48259595,-1.6025544,-3.598302,-3.3447154,-0.7719322,1.1188532,1.4889656,0.8567656,-0.4090078,-1.1113101
-0.4265566,-0.8442611,-2.266168,-2.641546,-0.65363085,0.90565026,1.0489583,0.928452,-0.19973856,-0.49278685
-0.6345745,-1.114381,-3.075084,-2.9146197,-0.409007,1.460758,1.7338184,1.3127058,0.14108469,0.2097119
-0.59853,-1.6011815,-3.5900633,-3.7097578,-1.0795099,1.6715409,1.9260457,0.85477525,-0.21847063,-0.7962574
0.124535665,-0.84790903,-3.0410175,-1.685198,-0.99314904,0.80733943,1.2505206,0.7187196,-0.32950562,-0.12416754
-0.49075863,-1.5196747,-3.734926,-3.2244375,-0.9797696,1.0396132,2.063128,1.412388,-0.3302325,-0.9187099
-0.7382377,-0.11170158,-2.3947814,-2.48141,-0.611556,0.44678348,1.6294684,0.7974557,0.19483748,-0.14491765
-0.530493,-0.36771235,-3.0302734,-2.3809583,-0.44381496,1.189929,1.5899453,0.8785683,-0.10299579,-0.56865233
-0.83544415,-0.9954231,-2.9869962,-2.2812564,-0.7939671,1.1209285,1.3816352,0.6559987,-0.27137613,-0.868538
-0.21281378,-1.3493898,-3.755974,-3.5126545,-1.3451512,1.4741311,1.848137,1.2477622,-0.6486334,-0.98346865
-0.6251861,-0.8458118,-3.0133426,-2.6273644,-0.56006145,0.847218,1.571612,1.1760489,-0.22113192,-0.8213958
-0.12602668,-1.1218276,-2.163125,-2.0216043,-0.4516178,0.9799024,1.8813912,0.68146396,-0.16938286,-0.19878665
0.10993282,-1.3780425,-2.9087489,-2.7090929,-0.94553006,1.0670328,1.5187674,1.409051,0.08967737,-0.61834955
-0.71942085,-0.6071515,-1.9079087,-2.3332453,-0.8091417,1.2196103,1.2328942,0.42972454,-0.033248458,-0.31149727
0.08280552,-0.6913658,-2.0084546,-1.9329122,-0.7201929,1.4270352,1.4298054,0.38623747,-0.08335113,-0.1606893
-0.584092,-1.1744647,-3.3838017,-2.7478073,-1.1700606,1.0613354,1.2764022,0.6245357,-0.64556915,-0.5949439
-0.26594445,-0.6687279,-1.8391209,-2.1266448,-0.58361447,0.8638548,1.4505924,0.43713003,-0.25775543,-0.8891835
-0.39079168,-1.6493828,-3.71376,-3.1883218,-1.2826627,1.0666813,2.2870831,1.1912147,-0.23820771,-0.89083487
-1.1504998,-1.3386359,-2.1857054,-2.679404,-0.7082957,1.2268765,1.9565465,0.7483319,0.06578566,-0.63721174
-0.048034802,-1.249827,-3.65792,-3.7029738,-0.59959877,2.1021254,2.3103657,1.5511812,-0.4241974,-0.7278725
-0.8317045,-1.0795964,-3.3973665,-2.9574416,-0.7202254,1.360966,1.7155638,0.8748812,-0.4467691,-0.51510257
-0.6081677,-1.3126957,-3.7042,-2.9359953,-0.7690927,1.1839379,2.1339445,0.7285194,-0.5506086,-0.31858325
-1.1159203,-1.1756858,-3.2523062,-3.0863292,-0.90363014,1.4120696,1.596554,1.2661371,0.23091815,-0.51624197
-0.27912146,-1.2257049,-2.0188117,-2.4657779,-1.314125,0.48572728,1.4764947,1.0424598,-0.22399049,-0.745329
-0.53316206,-1.197544,-2.3055723,-2.6432796,-0.996718,0.5360729,1.2092773,0.8637702,-0.16364315,0.016968362
0.15991302,-1.1684512,-3.1054611,-2.7742307,-0.99416745,1.3172501,2.31997,1.2065375,-0.45940256,-0.4053335
-0.73251027,-0.97516036,-2.0725672,-2.357109,-1.0406832,1.1413376,1.8782251,1.2252622,-0.10742243,-0.525931
-0.7666384,-1.4952413,-3.3979347,-2.5862436,-1.1221296,1.20748,1.3146967,1.1208363,0.3030181,-0.09451941
-0.34305134,-1.0711743,-2.683171,-3.0069163,-1.2308569,0.72296107,1.7593783,1.2292657,0.14730364,-0.25272542
-0.8004387,-2.0557718,-3.7247381,-3.0630963,-0.79972,0.9529522,1.9827263,1.3040978,0.0015627284,-0.9649964
-0.4178825,-1.345518,-3.524132,-3.010485,-0.99644715,0.86360204,2.0709255,1.22742,0.066962175,-1.0723625
-0.10725657,-1.2080421,-2.4702256,-3.0998993,-1.2668036,0.8420847,1.6778662,1.2341214,0.093110256,-0.43183002
-0.8694998,-1.2147294,-3.478604,-3.1944728,-0.48399234,1.3806674,1.6489196,1.1195055,0.11506343,-0.17307006
-0.71047807,-1.1238173,-3.3162923,-2.7063403,-1.3199097,0.7075851,1.5164534,0.84973556,0.4316662,-0.71642613
-0.9821743,-1.4991682,-3.5484445,-3.6985168,-1.3396932,0.8130825,1.5066488,0.99442774,0.15967512,-0.5833465
-1.0040039,-0.8734848,-2.243614,-2.8286288,-0.6959398,0.9966723,1.3782738,0.56067497,-0.32321513,-0.37775356
-0.36864617,-1.3502506,-3.0835133,-3.2852542,-1.2753054,1.1827333,2.121381,1.3675282,0.24922645,-0.17064072
0.30399233,-1.4132112,-2.6152446,-2.2348137,-0.36019722,1.4309224,2.224706,1.4825404,-0.39114857,-0.42045745
-0.47820824,-1.4164768,-3.5729,-2.6151795,-0.80436236,1.0133554,1.5003617,0.9738567,-0.077803366,-0.7332694
-0.7578167,-1.2973738,-2.310707,-2.203028,-0.816388,1.5898062,1.9304953,0.4783242,0.01866144,-0.42946923
-1.6259862,-1.0547456,-2.6569064,-2.804961,-1.1274896,0.6999483,1.597309,0.4687492,-0.53631085,-0.48754993
-1.3279564,-1.3971269,-3.6858723,-3.3285868,-1.1694965,0.95968086,1.9879138,1.083885,-0.073532075,-0.72275937
-0.5920396,-1.3421657,-3.719074,-3.3537204,-0.87635934,1.307796,2.4387038,1.4168879,0.07409702,-0.48628554
-0.00594209,-0.9433821,-2.1911983,-2.247379,-1.0190029,0.99220216,1.7931145,0.900337,0.11096185,-0.10455173
-0.75489235,-1.6436096,-3.1174076,-3.8222113,-1.2904788,1.0714446,2.1390436,0.99721056,-0.03615174,-0.5843429
-1.0812764,-0.86708164,-3.336482,-2.9671419,-0.57996327,1.4965698,1.6329068,0.92943853,-0.123344794,-0.090091705
0.045451567,-1.1720151,-2.8125157,-3.0029569,-0.992684,1.0538157,1.505844,0.7531484,0.02519202,-0.572468
-0.3731317,-0.5064755,-2.1808836,-2.1381726,-0.64798003,0.50304955,1.4109008,1.7054828,-0.23414369,-0.72718734
-0.48884228,-1.0560741,-3.067263,-3.3333783,-0.6917339,0.42373663,1.5695387,1.2175691,-0.016833562,-0.35089812
-0.36923423,-1.0575831,-3.3645623,-3.4782047,-1.0052248,1.1511121,1.8512073,1.0498322,-0.10306041,-0.042693388
-0.86384344,-0.6194615,-2.350399,-2.2451553,-0.7566126,0.9645994,1.5950894,0.94711995,-0.18411744,-0.2817054
-0.91304797,-1.3278581,-3.8169897,-3.609953,-0.9133808,1.2110374,1.6281059,1.0039682,0.3121567,-0.7713475
-0.26975366,-0.6158957,-2.3051813,-2.4428642,-0.62357306,1.1533384,1.8417032,0.619679,0.03637159,-0.15266591
-0.66289943,-1.8803748,-3.8616173,-4.116626,-1.4835416,1.2748371,2.2367716,1.5818094,0.023319677,-0.8269262
-0.11173673,-1.4944776,-2.9895177,-2.695652,-0.7446379,0.7451817,1.6227273,1.6281253,0.121728234,-0.4850798
-1.0586021,-0.95983857,-2.56172,-2.5265703,-0.90684074,1.179239,1.3267204,0.90337086,-0.16707757,-0.7832274
-0.59311855,-0.75886595,-3.39919,-3.189457,-1.0283594,0.6143888,1.4415095,0.8615732,0.28202775,-0.61924917
-0.33541787,-1.1583704,-2.8503106,-2.5639722,-1.3187449,0.7088837,1.661393,1.0729935,0.21357831,-0.25771496
-1.0467037,-0.8052409,-2.443985,-2.2351658,-0.61215377,0.81306493,1.2027079,0.83638537,-0.41418403,-0.7857182
-1.280847,-1.0053556,-3.2586834,-2.8063514,-0.8389097,1.3052882,1.8968138,0.8360063,-0.0013673335,0.037424054
-0.37992823,-1.3812915,-3.0421448,-2.1919546,-0.46940827,1.3520143,1.9259661,1.0120791,-0.3435507,-1.1743344
-0.55602616,-1.269558,-3.4781423,-2.6627996,-0.9648572,0.4823826,2.1913657,1.1140841,-0.09077379,-0.5287654
-0.7238772,-0.8556599,-2.9038048,-2.7651923,-0.8723393,0.7466323,1.3299375,0.7306428,-0.5076151,-0.5924132
-0.5812195,-1.0679458,-2.720887,-2.7840614,-0.64185214,1.6827611,1.4444717,1.2308545,0.34141597,-0.97631085
-0.102019615,-0.5016892,-2.214574,-2.698386,-0.8930466,0.9999934,1.4422832,0.937089,-0.32750022,-0.72039264
-0.072906926,-0.914948,-3.0330024,-2.5033653,-0.9928838,0.4676946,1.5647497,0.6956052,0.15533674,-0.2567407
-1.6321325,-1.093962,-2.8429906,-3.7142525,-1.1426759,1.1263517,1.8730334,1.1250874,-0.1452158,-0.09417115
-0.2457908,-1.2122006,-2.2728605,-2.0424397,-0.9759532,1.0479684,1.3105977,0.5511764,-0.23752205,-0.6625613
-0.87133783,-0.94378966,-3.2484436,-2.8923233,-1.0052515,0.5797089,1.7645584,1.6837993,-0.62280613,-0.7536296
-1.0508583,-0.83859295,-2.7409792,-3.2745953,-1.203994,0.6539236,1.6384488,1.1157055,0.38943768,-0.48907351
-0.47400248,-1.2319182,-3.5473793,-2.9389389,-0.5943386,1.4240973,1.9935782,1.2418308,-0.42894846,-1.3525714
-0.6042542,-0.85496694,-2.963472,-1.9955132,-0.9046229,-0.2114231,0.86663413,0.9007983,-0.29170606,-0.4257242
-0.36403862,-1.1756483,-2.9621508,-2.5002427,-0.5619466,0.59617007,1.1802986,1.0633096,0.17507845,0.27963614
-0.43215427,-0.3262059,-2.7214663,-2.5065827,-1.2368723,0.5003476,1.3118014,0.7771094,-0.6433464,-0.16214983
-0.714778,-0.99694705,-2.9023058,-2.3894804,-0.7779887,0.94999886,1.2376931,1.0939445,0.025860187,-0.23341186
-0.4065373,-1.5606174,-3.1406355,-2.6113598,-0.9200479,0.883925,2.2443419,1.2325507,-0.032533925,-0.6770192
-0.60523295,-0.10850084,-2.5026093,-2.5410264,-0.8858675,1.2753671,1.6346872,0.32809597,-0.3634349,-0.6709433
-0.5783507,-1.3778546,-3.1224706,-3.0525022,-0.6783059,0.95361567,1.8610457,1.4057984,-0.21237735,-1.0724711
-0.35709408,-1.636308,-3.7522383,-3.440044,-1.1173506,0.9775573,2.1656306,1.3234124,0.03165863,-0.6825111
-1.1474912,-1.4947147,-3.3193705,-2.9812362,-0.5815735,1.1712614,1.9583642,1.8006693,0.30842963,-0.3456991
-0.34396437,-1.1534591,-3.0100079,-2.658887,-0.76966363,1.1371429,1.2892685,0.2997487,-0.42212334,-0.5945859
-0.35836682,-0.87963504,-2.6690855,-2.1546295,-1.2648913,0.7204411,1.2356265,0.47039226,-0.002629661,-0.1687458
-0.47800767,-0.4837268,-2.3410888,-2.0327222,-0.35889447,1.2448615,1.6893117,0.9642815,-0.079917036,-0.70250875
-0.32266915,-1.4054176,-2.0044656,-1.9956608,-0.48319283,1.1359038,2.1184387,0.7936282,-0.29073972,-1.1298277
-0.21645759,-1.2122189,-3.0548034,-3.1190917,-0.95038044,1.0558705,1.7438967,0.74895823,-0.30667078,-1.1807925
0.29244933,-0.9383889,-3.419533,-2.756174,-0.7685119,1.1670817,1.9557447,1.3339807,0.03754772,0.13498794
-0.6302619,-1.229913,-3.0341132,-2.2155643,-1.1653699,0.81847715,1.367277,0.7216398,0.11894166,-0.3797634
-1.3310382,-1.1313285,-2.7895894,-2.9198325,-1.0857826,1.4228469,1.9531484,1.2083852,-0.55435616,-0.55698
-0.4608039,-1.0215677,-3.2227845,-3.9818354,-0.5391344,0.85365903,2.0866609,1.8661878,-0.19341974,-0.4044178
-0.17951846,-1.1256759,-3.6741614,-3.7600977,-1.2968143,1.1344104,2.2739968,1.8896173,0.33528417,-0.21492979
-0.22462308,-1.1596508,-2.8893614,-2.1059518,-0.965105,0.9237182,0.90114295,0.6447601,-0.38724014,-0.3104462
-0.94968635,-1.0815885,-3.5318224,-3.143645,-0.81696063,1.6588372,1.3890113,1.2242608,-0.0010297289,-0.58185613
-0.4068926,-1.4504241,-3.466835,-3.0954063,-0.82161045,0.98083216,1.3948655,1.3209814,0.064389594,-0.5086107
-0.15955733,-1.4856281,-3.8395953,-3.0869813,-1.0148252,0.7933445,1.9741048,1.3793806,-0.11966268,-0.74471843
-0.33686727,-0.94008046,-2.8602684,-2.595548,-0.6531512,1.3666825,1.6815379,1.082435,0.20633191,-0.7384841
-0.10438107,-1.470101,-3.526576,-3.157386,-1.2679813,1.724626,2.3274822,1.0735159,0.19493535,0.27910903
0.29247463,-1.1444526,-2.8705416,-2.3215518,-0.92882544,1.7336301,2.4658554,1.5971746,0.15192628,-0.37749907
-0.7238711,-1.7529309,-3.8967643,-3.6348715,-0.94497,1.6994948,1.9371243,1.0225707,0.024218842,-0.853586
-0.7523394,-1.8865038,-3.4362051,-3.1649547,-1.0345771,0.97536546,2.014855,1.2051318,0.1864897,-1.0519263
-0.7502911,-1.9509339,-3.7802565,-3.808334,-1.2667178,1.3233584,2.280018,0.7684674,-0.0698123,-0.8614742
-0.50903994,-1.151137,-2.9519656,-2.882987,-0.6645998,0.9392875,1.5328279,0.75538445,0.5254643,-0.28906944
-0.57821053,-0.9154845,-2.7586205,-1.9166954,-0.65173984,1.0252818,1.0525508,0.24816744,-0.03836212,-0.046772696
-0.3157998,-1.2195271,-2.742395,-2.8089812,-1.3589742,0.618949,1.6064739,0.91271317,-0.51649374,-0.2234765
-0.0116698295,-1.26067,-3.3610046,-2.89105,-1.0385948,1.4086806,2.3618739,1.0131207,-0.101100884,-0.9530421
-0.061409887,-0.5419601,-2.3737826,-1.8087881,-0.92360383,0.762916,1.5728319,0.8932338,0.07716876,-0.63202786
-1.255756,-1.1054128,-3.0693245,-2.7657757,-0.82364994,0.89579356,2.203793,1.0521517,-0.16032426,-0.44407243
-0.83356017,-1.04739,-2.7017953,-3.5261014,-1.0623584,0.99167407,2.292777,1.1342427,0.5457184,-0.2597792
-0.3256089,-1.0845597,-3.1943278,-2.7931867,-0.7766566,1.6517724,2.296839,0.84910285,-0.16327402,-0.8450829
-1.3720211,-1.0588217,-3.241915,-3.3390818,-1.3569638,0.41740158,1.2864194,0.61645514,-0.17805794,-0.13675638
-0.0909176,-1.3762715,-3.7302527,-3.051508,-0.5869818,1.1203362,2.1190631,1.5612769,0.14888586,-0.15110667
-0.74092406,-1.0518515,-2.9141388,-2.680088,-0.8983913,0.28834566,1.4264377,1.3293222,-0.038326662,-0.73740804
-0.34378248,-1.4759837,-3.7286146,-4.0833793,-1.1943237,1.348094,2.2747862,1.7364467,0.16051874,-0.8715934
0.13779832,-1.6011361,-3.3552604,-2.7781403,-0.8874082,0.81999284,1.3091068,1.2123877,0.57067025,-0.39651182
-0.42568383,-1.4281052,-3.4249282,-2.9935513,-0.9016174,0.7815925,1.5136751,1.1680173,0.22764431,-0.41782236
-0.12073824,-1.1718274,-3.6929293,-3.623959,-1.2750634,1.4088812,2.1537962,1.8827941,0.5242789,-0.5038274
-0.40063256,-1.1439077,-2.0925076,-2.0288486,-0.7207641,0.7416931,1.1737553,1.1022325,-0.043659184,-1.387758
-0.56915367,-0.20294063,-2.6468937,-3.177299,-0.7233364,0.88592786,1.3597088,1.2631583,-0.044342525,-0.40750915
-0.89504045,-1.380984,-2.8450346,-2.4240403,-0.530525,1.4628859,1.6808785,1.2879249,-0.053825237,-0.4739551
-0.4135266,-1.4911553,-3.6134136,-2.7137356,-0.92265177,1.29823,1.5463504,1.3184158,0.51396775,-0.33107173
-0.016506081,-1.1451555,-2.2351704,-2.3642874,-1.0732974,0.9910418,1.5425779,0.48341325,0.19161221,0.02910607
-1.12805,-1.0011344,-3.2144196,-3.1747108,-1.1578903,1.145799,1.5486453,0.879975,0.20423134,-0.10072822
-0.2900822,-1.368345,-3.5889397,-3.9790914,-0.65474313,1.4680047,2.4077384,1.207381,-0.15581633,-0.8780408
-0.96870416,-1.3840231,-3.7157807,-3.0055995,-0.9631597,0.58502245,1.6406215,0.7654085,0.032821428,-0.28795323
-0.84017295,-1.6462407,-3.6420443,-4.054398,-1.4216745,0.9144407,2.2122793,0.9106971,-0.025303023,-0.45267776
-0.44740212,-1.4831283,-3.9375467,-3.1135924,-0.6713059,1.8514376,2.1570976,1.2738607,0.2137792,-0.085042395
0.23947652,-0.77899736,-2.5909228,-2.7236407,-0.4955599,1.3821932,2.1247897,1.2117237,-0.45041168,-0.18099795
-0.39306396,-1.4531133,-3.671067,-3.3517442,-1.1236689,0.8138894,1.8857248,1.4405648,-0.09452341,-0.693087
-0.6703793,-0.7551317,-3.1250799,-3.1277053,-0.7116847,1.199251,1.5737922,0.91207653,-0.402556,-0.41506717
-0.4282111,-1.228355,-3.3281815,-2.747841,-0.4957307,1.0162103,2.0793378,0.69098413,-0.055401728,0.053872116
-0.535895,-1.8142649,-3.6374114,-3.8104339,-1.1137861,1.3438138,2.8952637,3.0033054,0.27423266,-1.3955343
-0.8285973,-0.9881055,-3.8178177,-3.35928,-0.9946721,1.5786433,1.5652201,1.1463944,0.62063414,-0.6321927
-0.7479365,-0.9609049,-2.8203986,-2.3220403,-0.87852657,0.7107041,1.69181,1.1670307,0.06766433,-0.1041768
0.0500999,-1.0077801,-3.088302,-2.752283,-0.70417744,1.2458676,1.934874,1.146,0.7005571,-0.6330026
-0.8390409,-1.6454619,-3.555979,-2.919561,-1.089968,0.8858994,1.6341499,1.2140857,-0.53242224,-0.7744509
0.29965603,-1.1043822,-3.151003,-3.0283153,-0.47922644,0.9127816,1.8532486,1.1021764,0.22546454,-0.5407838
-0.7034236,-1.4921324,-3.411503,-3.0272899,-0.7982349,1.2925816,1.5475079,0.682231,-0.3703519,-0.55973744
-0.10988565,-1.4681416,-2.8828666,-2.3652534,-0.9781985,0.6038409,2.0970688,0.8944236,0.046822075,-0.43788147
-0.8072022,-1.3353565,-3.4151058,-3.1799605,-1.0486629,0.46917507,1.58933,1.6418571,0.14611565,-0.406494
-0.6586565,-0.8288491,-2.328277,-1.7513905,-0.5872356,0.90829647,1.1385283,0.8385144,-0.12619883,0.024226481
0.022345336,-1.0552638,-2.7139022,-2.2863982,-0.77281815,0.2940975,1.6245254,1.1172643,0.27676037,-0.36416888
-0.13253239,-0.99252194,-3.0670588,-3.1487308,-1.6516751,1.0823015,2.1224275,1.3853091,0.31435934,-0.17544977
0.005907516,-1.7923076,-3.4747872,-2.8973346,-1.1395866,0.6538428,1.7975085,1.3564078,0.55587506,-0.51909316
-0.14083704,-1.3321601,-3.2704315,-3.3738356,-1.1781133,1.257706,1.9519538,1.4119549,0.3091326,-0.07409977
0.15649632,-1.073879,-2.1420143,-2.6121275,-0.8872276,0.6458318,1.9179147,1.0235417,0.40291205,-0.14856657
-0.26037404,-0.8032264,-2.9027767,-2.3304684,-0.28676492,1.4473968,1.9605249,1.002539,-0.43588564,-0.81266314
-0.4884242,-1.3612891,-3.5002031,-3.2608054,-1.5521644,0.7663675,1.7273594,1.6842495,0.32978752,-0.74412256
-0.15151569,-1.3854675,-3.4634657,-2.0965545,-0.74977595,1.1941773,2.4448583,1.4576331,-0.936115,-0.68623894
-1.060882,-0.4760873,-3.4288795,-3.2955904,-1.0914594,1.0654092,2.1833358,1.3190712,0.37994835,-0.294741
-0.5161649,-0.9463237,-2.7780912,-2.5041308,-0.58675545,0.65110713,1.2467973,1.1463573,-0.28854784,-0.72177136
-0.16317469,-1.4897908,-3.1340892,-2.654236,-0.4407173,0.7439701,1.4579337,1.1261666,-0.10527215,-0.70535594
-1.1571916,-1.3182348,-3.5857015,-3.7874665,-0.6877025,1.57839,2.0012472,1.3359092,0.18958877,-1.0044066
-0.7116461,-1.5661249,-3.957235,-4.19172,-1.3618132,0.973006,2.2301102,0.7977399,-0.019007664,-0.5950349
-0.37080568,-0.26019126,-2.0546744,-2.5726447,-0.7225426,1.1543934,1.266325,0.7000128,-0.110024616,-0.3532336
-1.277308,-1.3014725,-2.9571145,-2.987512,-1.3270886,1.0302407,1.706022,0.96836615,-0.77209735,-0.63280284
-0.86464834,-0.7476637,-2.0551226,-2.4214625,-0.7794117,0.8318912,1.697508,0.29811785,-0.044671446,-0.77222186
-0.096245095,-0.3970587,-2.4054053,-2.5953653,-0.5804596,1.201515,1.5547382,1.1093274,0.11956138,-0.60735327
-0.5283106,-1.9280552,-3.8733764,-3.5864758,-0.91512793,1.4037957,1.8470896,1.4333168,0.08831378,-0.91564196
-1.3652723,-1.5147759,-3.8516293,-3.8502674,-0.80561763,1.8064793,2.313557,1.4388465,-0.3079726,-0.94844574
-0.57917863,-0.8251384,-3.4179635,-2.8385518,-1.379944,0.9103061,2.2093973,1.8547673,0.5111933,0.21394101
-0.41570163,-1.0708042,-2.2354777,-2.891297,-0.9396511,1.3393418,1.7105843,1.1045518,0.5581238,-0.008625165
-0.513275,-1.6222761,-3.7250109,-3.465313,-1.3057544,1.2263237,2.4198751,1.1261162,-0.52099174,-0.68326086
-0.54875106,-0.84739244,-2.526243,-2.8340812,-0.8956684,0.6648487,1.2062274,1.0806082,-0.2593174,-0.5381022
-0.11299974,-1.4122918,-2.8837554,-3.1192453,-1.0650088,1.084267,1.4937328,1.3974186,0.16820292,-0.7979149
-1.163816,-0.9436036,-3.102889,-3.4563906,-1.264533,1.1072284,1.4637605,1.1365186,-0.0031851481,-0.28292963
-0.94990844,-0.78159285,-2.7846231,-2.902787,-1.2820952,0.94671273,1.6243962,1.6210546,0.6691325,-0.6080706
-0.31163678,-0.736651,-2.3916452,-2.3526425,-1.1321036,0.7913277,1.6802877,1.0812932,0.044588953,-0.89999187
-0.41045475,-0.79575217,-2.2822926,-2.9878316,-1.1604551,0.8908976,1.5666021,0.83602047,-0.25845978,-0.34375697
-0.27368912,-1.5899574,-2.7291887,-3.5232675,-1.3402972,1.2632926,2.1015081,1.4542247,0.08373239,-1.0915357
-0.05780459,-1.8010616,-3.5530753,-3.3542986,-1.2418324,1.4612882,2.3746054,1.5965644,0.35972992,-0.78797436
-0.23172235,-1.0229678,-2.5460632,-3.2571504,-1.0169355,1.5026287,2.1403022,1.3804275,-0.10591025,-0.9156779
-0.8116088,-1.8168814,-3.6224601,-2.7082777,-0.6406115,1.2835897,1.8492757,0.9349384,-0.15146035,-0.9311814
-0.5252627,-1.2978065,-3.472472,-3.0304708,-0.9754744,1.6462666,2.5292423,1.7605164,-0.14686443,-0.7128789
-0.67584676,-1.4855638,-2.9022305,-2.3531904,-0.608561,1.4935225,1.9904784,0.5357651,-0.33074027,-0.88110477
-1.156264,-1.4742149,-2.8010435,-3.474356,-1.1322966,1.1966795,1.9223274,1.0878851,0.29373145,-0.4823983
0.006970906,-0.3225376,-1.396665,-1.4894104,-0.83683723,0.73504025,0.70668787,0.18484941,0.37810856,-0.21350554
-0.27312756,-0.9390908,-2.8889253,-2.0987952,-0.39526585,1.4763167,2.0061805,0.9956323,0.03944388,-0.4301275
-0.5996876,-1.4770275,-3.4941196,-2.9599228,-0.7213931,1.2146163,1.9178144,1.0057762,0.049604774,-1.2999574
-0.6654621,-1.4924353,-3.3974724,-3.215859,-1.1356714,0.96265495,2.1893754,1.3379757,-0.121476114,-0.63718
-0.8958109,-0.9921206,-2.6173227,-2.3114555,-0.93814766,0.54743505,1.4394375,0.9486582,0.12551618,-0.5449322
-0.111850925,-1.031972,-2.3530731,-2.8274074,-1.4161402,0.780155,2.0155811,0.5880169,-0.027973218,0.53102416
-0.34562105,-1.634548,-3.1673794,-2.4853637,-1.0351857,0.72515243,0.88640434,0.50098836,0.02771109,-0.7033934
-0.7986453,-0.57953566,-2.364943,-1.9547564,-0.92971456,0.77682906,1.0350521,0.123143,-0.14220347,-0.42941448
-1.1629409,-0.85722476,-2.6936455,-2.7183363,-1.0624101,1.372371,1.7342001,0.89184046,-0.2311716,-0.891967
-1.258556,-0.6725853,-2.486352,-2.3620064,-0.6751477,1.0902447,1.1749045,0.551755,-0.23725407,-0.14504027
-0.3121379,-0.8464161,-2.2264142,-1.8088372,-1.1362205,1.2639208,1.8863201,1.1994925,-0.070500866,-0.78688824
0.04794813,-1.1109581,-2.7989159,-3.3110204,-0.83207285,0.6479481,1.6752352,1.1714528,0.38598377,-0.2681309
0.25779852,-0.9376659,-2.4166946,-2.558722,-1.0210015,0.8468315,1.8664311,1.5795882,0.26069593,-0.3626459
-0.2731551,-1.5329735,-3.0870364,-2.7712302,-0.94114065,1.0834254,1.4743177,1.209483,-0.37744018,-0.5723469
-0.6003529,-1.1782224,-3.4691408,-3.5802438,-0.596905,1.5109669,2.1330576,1.4950695,-0.19293977,-1.6518273
-0.24038592,-1.8308661,-3.645166,-3.350049,-1.1980437,1.0173643,2.267727,1.1603293,0.5949416,-0.64169014
-0.54482895,-0.5068768,-2.16455,-2.68818,-1.1278257,0.9231502,1.4535422,1.0258286,0.3331362,-0.31058583
-0.21333282,-1.1297048,-2.6431193,-2.6919327,-1.3317765,0.72166055,1.6406225,0.99009156,-0.08980737,-0.24751252
-0.45217094,-1.6937432,-3.6141822,-3.691138,-1.1448221,1.099574,1.5266651,1.0013177,-0.030673036,-1.0516096
-0.8625467,-1.3705431,-3.868254,-3.5524023,-1.2314256,0.9550457,1.8907894,0.9140024,-0.032300886,-0.12885016
-0.25499424,-1.111932,-3.202719,-3.3805356,-0.64019597,1.345256,1.8064708,1.3934333,-0.03339653,-0.4530452
-0.76008904,-1.1131871,-3.4545522,-2.9188054,-1.1691724,0.8887,1.5326291,1.4562671,-0.007892207,-0.8941347
-0.31763688,-1.7188007,-3.5226214,-3.1424625,-1.0160822,0.7839921,1.9904302,0.88606465,-0.37992606,-1.0952362
-1.4568219,-1.523056,-3.610088,-2.9981015,-1.5729624,0.88418746,1.4840075,1.0347955,0.2275183,-0.5730276
-0.284094,-0.7492207,-2.1275957,-2.1861622,-0.8984792,1.3470267,2.1903749,0.82146794,-0.40106905,-0.51846915
-0.60776144,-0.40383646,-2.8510282,-3.1634917,-1.0512406,1.1300529,1.8613502,1.3336537,-0.050242346,-0.81261945
0.1730034,-0.8169277,-2.7375016,-2.94028,-1.6045562,0.49279225,1.2157937,0.82949907,0.39550415,1.228605
-0.33797538,-1.6019537,-2.8630524,-2.0442357,-0.35177934,1.7486886,2.453888,1.1927861,-0.26944807,-0.88393086
-0.6068867,-1.4355911,-3.8226345,-3.85807,-0.5417497,1.0431821,2.0222511,1.4396925,0.50294244,-0.45941016
-0.51304805,-0.5852819,-3.2524269,-3.5574112,-1.4499315,1.0711637,2.2178829,1.2348628,0.08503709,-0.6014612
-0.34231082,-0.7628409,-3.4618044,-2.8364668,-1.5372387,0.9932357,1.9195297,1.2693179,-0.36380735,-0.7630983
-0.37501118,-0.6998021,-2.548537,-2.389172,-1.1168104,1.2367016,1.4859729,1.143285,0.1103997,-0.23399594
-0.38220114,-1.2096059,-2.3622499,-2.6583474,-0.9577404,0.8864548,1.2915843,1.1175151,0.29045314,-0.05222568
-0.6726388,-0.59004974,-3.500807,-3.2468727,-1.0921634,0.74265933,1.5161176,1.4325836,0.72161573,0.09457108
-0.021792166,-1.7925049,-2.9187145,-3.2306917,-1.0891502,1.4355978,2.2011793,1.2387643,-0.004887816,-0.9444271
-0.2359301,-1.062464,-2.7529616,-2.994442,-1.1099068,1.1415002,1.4368074,1.618508,0.38428357,-1.0507244
-0.09687503,-0.14417832,-2.0371187,-1.8709662,-0.90548843,1.1240666,1.1690731,0.5128093,0.056706935,-0.37277526
-0.13789035,-1.0291678,-2.7065766,-2.0591142,-1.1145691,1.0629345,1.6598287,0.543283,0.2931384,0.02458392
-0.10977624,-0.8677723,-3.503656,-3.169328,-0.8364933,1.6245588,1.7926815,1.158091,0.4693849,-0.5482796
-0.22233309,-1.3209893,-3.882333,-3.3058398,-1.1324689,1.1668721,2.3299954,1.7944778,0.09092057,-0.27898347
-0.7275643,-0.69463706,-2.2832062,-2.0597515,-0.8941597,0.84303355,1.1652555,0.59620225,-0.38163218,-0.55210173
-0.57561964,-0.93251806,-2.6494248,-2.8159704,-0.69988674,1.640479,1.4359218,1.0949798,-0.20335905,-0.8875431
-0.19917257,-1.4105871,-3.6126528,-3.1252892,-0.8291346,1.2494781,2.2770755,1.7229104,-0.12740993,-0.6491598
-1.0706513,-1.5025121,-3.7682223,-3.7998939,-1.3753203,0.9986692,1.6281422,1.444229,0.020410256,-0.89933443
-0.0039273542,-1.6273751,-3.6064653,-2.8418794,-1.0976505,0.7703428,2.0635962,0.72968817,-0.13373177,-0.42055964
-0.25072056,-0.6019373,-2.6921978,-2.7608435,-0.78092754,1.0708458,1.5016795,0.9580112,-0.4748985,0.020031998
-0.081259124,-0.9647785,-2.6828923,-2.128637,-0.9368732,0.7986874,1.4246162,1.2107333,-0.59948033,-1.0783997
-0.5002899,-2.3972425,-3.809602,-3.533676,-1.3225158,1.9412833,2.2964392,1.4233899,-0.30592,-0.59531635
-0.4374569,-1.2343415,-3.3259745,-2.5257301,-1.182833,1.1159736,2.0741773,1.5711644,0.19549815,-0.8060353
-0.6689662,-1.4911555,-3.3421896,-3.549544,-0.70923257,0.7034843,1.8052373,1.2669454,0.22862667,-0.49680805
-0.49130115,-1.3648691,-3.1565208,-3.1336792,-1.1304533,0.831921,1.7974359,1.162326,0.35082796,-0.73053986
-0.22559309,-0.5955799,-2.2741575,-1.745368,-0.8486595,0.88785505,1.5606146,0.93659025,0.3422869,-0.3080294
-0.23668142,-0.8497457,-2.617348,-2.6441875,-1.0164721,1.3399911,1.275355,0.54096764,-0.23705354,-0.099888064
-0.6156553,-0.91585124,-2.9373112,-3.1188295,-0.9947475,1.4520903,1.5820857,0.6739009,0.22429109,-0.08519736
-0.43934914,-0.9741739,-3.422593,-2.5923872,-1.0510427,1.2584397,1.7358702,0.85403425,0.30080712,-0.42885822
-0.46811986,-0.9892164,-1.8866248,-2.4483163,-0.818322,1.2349638,0.76833814,0.4998361,0.1112519,-0.14107794
-0.1665828,-1.1390764,-2.7530744,-2.312191,-0.38340846,1.2330997,2.1328068,1.590878,0.18664134,-0.17496295
-0.10527678,-1.062872,-2.9767184,-2.6628761,-1.2196165,1.4702556,1.9763852,1.1554972,0.014374603,-0.86729604
-1.2009672,-0.9768103,-2.5998409,-2.7862957,-0.8404224,1.0454212,1.2413235,0.92154026,-0.8609461,-0.9898087
-0.45564863,-0.94566655,-2.6265233,-2.42637,-0.4964905,1.0128655,1.3969779,0.8288655,-0.022136608,-0.79233474
-0.3518057,-1.3612202,-3.5308948,-2.7698617,-0.96183705,1.092711,1.4865823,1.3248626,0.30946425,-0.38267243
-0.8357173,-0.9372054,-3.3042302,-3.0446858,-1.198421,0.920087,1.6403023,0.7375882,-0.41290963,-0.27897778
-0.11669077,-1.4261762,-2.6220894,-2.358538,-0.7486813,0.96402836,2.1596596,1.1596912,0.12459751,-0.8320197
-0.3664218,-0.8558608,-2.4312031,-2.4921854,-0.47564524,1.5929364,2.2322538,0.9366261,-0.28626448,-0.76313895
-0.69050395,-0.7636721,-2.1408918,-2.7951853,-0.9151892,0.9343621,1.5546044,0.9868074,-0.10141537,-1.0298938
-0.53496975,-1.3988378,-2.7435315,-2.450304,-0.67306656,0.90724945,1.3684886,1.3601224,-0.44398588,-0.7719495
-0.96827114,-1.4163259,-3.5534313,-2.908883,-1.1403939,0.75411516,1.4717542,1.2718955,-0.27195308,-0.3234846
-0.283911,-0.8958579,-2.1036925,-1.948088,-0.24479733,1.2118207,1.4875394,1.0229307,0.1262728,-0.52476597
-0.56425613,-1.2544166,-2.8334057,-2.7385054,-1.243166,1.5818042,1.4761512,0.8752698,0.39777288,-0.3596905
-0.5681877,-1.6569953,-2.6520176,-3.4633741,-0.8739703,2.4674332,2.1069772,0.8560387,2.6611593,-0.5824324
-0.4661849,-0.8185723,-3.324893,-3.4596941,-1.0611331,0.5773616,1.9958651,1.4088603,0.06716335,-0.3143995
-0.8948509,-1.0450373,-3.0583367,-2.746601,-0.96475166,1.0116314,1.411839,1.2953249,0.12967141,-0.73408544
-0.39461687,-0.85788906,-2.8911674,-3.0478704,-0.89558804,1.483157,1.746767,0.5272278,-0.0146407625,-0.11166473
-0.27919582,-1.2186494,-3.6353538,-3.3545105,-1.335941,1.1138778,1.8983153,0.878677,0.08763867,-0.563418
-0.6616017,-0.9351539,-2.2469463,-2.8886557,-0.94688135,0.6991719,1.6661596,0.56679606,-0.19404124,-0.24286357
-0.7671761,-1.3244188,-3.4468942,-3.6552303,-1.1121984,1.1290281,2.1133037,0.99213576,-0.21543409,-0.27394608
-1.0299023,-1.2337716,-2.928092,-2.8112555,-1.143963,0.7119259,1.4305214,0.40019095,-0.47397563,-0.7085472
-0.1889535,-1.3719755,-2.698913,-2.4275994,-1.5496018,0.8294933,1.941772,0.988216,-0.014800962,-0.89673454
-0.80183446,-1.6284677,-3.643128,-3.0124972,-0.9177928,1.3212821,1.8251688,1.225638,-0.46242473,-0.88253456
-0.9126867,-1.2637267,-3.2565866,-2.916026,-0.8737349,0.4803291,1.0689127,0.54655236,-0.20223026,-0.5495694
-0.8518687,-1.585359,-3.6571968,-2.7941337,-1.3315158,0.9981349,1.5662585,1.5683032,0.17541508,-0.69455
-1.0360283,-0.9861377,-2.889325,-2.7547033,-0.47594035,0.9258505,1.1580411,0.8212581,-0.389954,-0.5379778
-0.22762625,-0.85979724,-3.0458493,-2.869986,-1.0898696,1.8222706,2.267445,1.2091011,0.34683213,-0.2499234
-0.16359909,-1.0585679,-2.8000526,-2.7582371,-0.5064243,1.0864943,1.784436,1.6378492,-0.40548566,-1.0551544
-0.06402234,-0.50664395,-2.2969174,-2.3003466,-0.73181945,0.86670417,1.4538532,0.8776835,-0.102524124,-0.049626254
-0.4435432,-1.5865046,-3.3417125,-2.5568662,-1.1926374,0.89197165,1.527495,1.042762,-0.038937047,-0.69048053
-0.066015,-1.1239022,-2.6992483,-2.6488845,-1.208069,0.71040833,2.1762843,1.7579837,0.32964072,-0.44768462
-1.0042573,-1.3669589,-3.2410583,-2.881106,-1.0878611,0.53931916,1.434641,0.8180344,-0.38018945,-0.42382923
0.0057302094,-1.2407935,-2.597758,-2.467464,-1.0333171,0.7101943,1.195408,1.1654947,-0.2363969,-0.43736383
-0.20167565,-1.096035,-3.1150675,-2.7458541,-0.82434493,0.51402974,1.3923506,0.72339964,0.27260104,0.045238107
-0.26756856,-1.7634447,-3.653018,-3.0943716,-0.41815692,1.0811881,1.9415542,1.4345818,-0.15837742,-0.7710486
0.23569547,-1.4518989,-2.9135878,-2.2914422,-0.7869248,0.7306423,1.5246835,1.0664812,0.1808945,-0.35126248
-1.008566,-0.5320712,-2.3550138,-2.3302424,-0.5734249,0.6374171,1.472352,0.8883491,-0.060789835,-0.6462921
-0.851485,-0.7438425,-2.3478367,-2.5536609,-0.66615367,1.3272567,1.8187898,1.0458902,0.18373887,-0.82551014
-0.22756802,-1.6981539,-3.6185105,-3.3339868,-0.6370248,1.474293,2.3381064,1.8765857,-0.024783438,-1.2274989
0.15199006,-0.045383293,-2.1966689,-2.3197358,-0.9231322,1.2104304,0.9465857,0.35758415,-0.064722836,0.32921052
-1.3017765,-1.125666,-3.3649127,-3.3172746,-0.97047645,1.1007823,1.2278935,0.53698623,-0.16051339,-0.5329237
-0.23681507,-1.2533681,-3.0498943,-2.852021,-1.0640243,1.016647,1.6121093,1.2363237,-0.0666206,-0.9811677
-0.3290741,-1.1097562,-3.4908273,-2.7667723,-0.5425248,1.1542625,1.3713094,1.2686367,-0.2303053,-1.0099826
-0.5035298,-1.3864717,-3.5258796,-3.067529,-1.3132246,0.76697063,1.9044011,1.2508888,0.06720916,-0.3721637
-0.29583588,-1.216585,-2.8666916,-2.6380825,-0.9391093,1.1957753,1.5664943,0.9109166,0.3195156,-0.40129566
-0.84038943,-0.9487315,-3.487165,-3.32018,-0.93097955,1.348005,1.8132771,1.1900908,0.25171417,-0.40489003
-0.6652204,-1.6827002,-3.423304,-3.0441234,-1.3409832,1.010081,1.7730004,1.0872004,-0.030056557,-0.5430276
-0.31020755,-0.17395575,-2.8711455,-3.731743,-1.257493,0.6244281,1.5160831,1.2996519,0.34479755,0.16018246
-0.51971364,-0.9784941,-3.4955204,-3.0929253,-0.7305591,1.2641847,2.2113042,1.1269492,0.46443948,-0.75041384
-0.86392677,-1.5608633,-3.7493856,-3.7092214,-1.3616925,1.2261255,1.8823909,0.8273944,0.15359874,-0.7946729
-0.06764103,-1.3234146,-2.365222,-2.855925,-1.2572364,0.8767251,2.113923,1.377248,0.3716531,-0.59452945
-0.41872093,-0.47203404,-2.79529,-2.7967403,-0.38784063,1.4181136,1.931508,0.99237025,0.14070418,-0.33027008
-1.0904663,-0.75958115,-1.2630786,-2.4878473,-1.374014,0.4554823,-0.27590105,-2.5078065,-0.38395387,0.00029475798
-0.5975333,-0.60490733,-3.2014341,-3.0021083,-0.80993086,1.1908846,1.8216184,1.3113648,0.250281,-1.1592376
-0.7974623,-1.609019,-3.7359195,-2.6549,-0.85215586,1.3073056,2.020416,1.0431352,-0.7751649,-0.67923963
-0.2211479,-1.0810947,-2.308519,-1.9001075,-1.1232333,0.57261914,1.416916,0.74587864,-0.19988713,-0.029856991
-0.52626073,-1.1978638,-3.5410452,-3.8943238,-1.1967727,0.7033783,2.3384554,2.0065715,-0.091441855,-1.2062947
-0.60250413,-1.4288334,-3.3865519,-3.4752603,-1.0975461,0.97690046,2.0347745,1.4978782,-0.07990736,-0.810907
-0.58408743,-0.6531395,-2.9932878,-3.2594776,-0.8619322,0.8934071,1.71823,1.5489717,0.13789809,-0.4959328
-0.7127467,-1.3290024,-3.6013112,-3.2590325,-1.4200495,0.9790144,1.9326783,1.7243044,-0.09547275,-1.0111537
-1.3675033,-1.401786,-2.9722905,-2.9076748,-0.9084973,1.5441036,2.3271322,1.2221642,-0.23173302,-1.0877215
-0.23193246,-1.2667574,-3.4447026,-3.4931436,-0.772833,1.6708131,2.5326495,1.2711924,-0.23655884,-1.5371708
-1.0131098,-1.5073954,-3.3754961,-2.8949363,-0.91700166,1.0150868,2.0951192,1.2008057,-0.0018944141,-1.5000942
-0.5791812,-1.5932928,-3.5520897,-3.0606873,-1.6455438,1.3227065,2.2736619,0.8471165,0.06519759,-0.56120807
-0.10182299,-1.3831308,-3.630403,-2.6942003,-0.6761431,1.191338,2.0989392,0.76241714,0.33204883,-0.71612114
-0.18962143,-1.0638132,-3.3615897,-2.795924,-0.92643785,0.86762106,1.8066065,1.0971191,-0.25979784,-0.62982917
-0.32428017,-0.3744447,-2.6743448,-1.9687352,-0.29527178,1.0116979,1.2083522,0.8252935,0.1970734,-0.31628725
-0.0032307112,-0.9186321,-2.2067733,-2.4299378,-0.9599466,0.9609756,1.45116,0.23777367,-0.20944333,0.25377017
-0.055914387,-0.8274542,-2.6467075,-2.261346,-0.95504797,0.9097766,1.5068347,0.39512968,-0.32485625,-0.1563843
-0.13631059,-1.0798917,-2.8617787,-2.4315941,-0.8843963,0.62032914,1.5774434,1.2108889,0.6286127,-0.6673786
-0.15029716,-1.3067786,-3.4415975,-2.751293,-1.1133497,1.7048628,2.2479558,1.0778024,0.103030615,-0.91116995
-0.8109571,-0.86965925,-2.8994825,-2.901994,-1.2317153,1.3213997,1.4964932,1.0365667,-0.40373337,-0.74967945
-0.6427558,-1.6587352,-3.592961,-3.1867168,-1.026832,0.73144996,2.1620235,1.1755587,0.5360097,-0.55792636
0.034775037,-0.71101123,-3.0173728,-2.6273022,-0.933302,1.3752861,1.8542771,0.5729271,0.21471035,-0.4806377
-0.8022932,-1.0073893,-2.825182,-3.1386688,-0.5265407,1.3528377,1.9761746,1.1515412,0.35748878,-0.6672305
-0.66027105,-0.63288,-2.7030244,-2.3409557,-0.6982274,1.0360756,2.0502303,1.0759792,0.20806706,0.07048789
-0.7180998,-1.7978429,-3.6885996,-3.8542976,-0.9834368,1.1020898,2.2693305,1.4873198,-0.32520857,-1.5649767
-0.99427307,-1.5391545,-3.0822082,-2.5259573,-0.94222534,1.1478165,1.7354382,0.74772674,-0.013301263,-0.25555077
-0.31638092,-1.5016872,-3.7431462,-3.335649,-1.1077244,1.7186887,1.8962659,1.2659593,0.5906326,-0.4953576
0.13252768,-1.6284877,-3.1507053,-2.620258,-1.2621517,0.71292955,2.1634283,1.3747154,0.028065262,-0.3679344
-0.30988422,-0.8536454,-3.0648456,-2.5639496,-0.5269232,0.7809674,1.2224125,0.48750797,0.07577139,-0.70175076
-0.40473932,-0.8534763,-1.8266947,-1.7679428,-0.5717302,0.7935133,1.0029337,0.58450556,-0.04866524,-0.07292444
-0.18220954,-0.7661312,-3.0784864,-2.7262616,-1.2303606,1.1248249,1.2842691,0.69451576,-0.38492754,-0.20250401
-0.97437024,-1.6226298,-3.5564198,-2.8074396,-1.3683785,1.1353471,1.9407072,1.6386552,0.14039496,-0.3039789
-0.38966882,-1.718729,-3.689488,-3.8444428,-1.0818781,0.47777656,1.950618,1.3792549,0.19250552,0.13135718
-0.81115025,-1.015191,-2.7850702,-2.0295541,-0.61470944,0.780194,1.271546,0.38003102,-0.046732225,-0.47058597
0.16841161,-1.132875,-3.7297008,-3.4136214,-0.77232903,1.6747271,2.5479777,1.368874,-0.5206613,-0.61750716
-0.8595579,-1.3487226,-3.5874248,-3.322796,-1.1330802,0.88012666,1.3788524,1.3004074,-0.37106022,-1.1985837
-0.43704146,-1.4779412,-3.1101682,-2.8975158,-0.7119004,1.0373107,1.283676,1.2615623,0.059850384,-1.0900308
-1.1573645,-1.1909944,-3.6781516,-3.0886848,-0.501686,1.041601,1.3529353,0.58026487,0.06615241,-0.8680608
-0.25837684,-1.1280788,-2.6409824,-2.2020082,-0.4571507,1.4198579,1.8677719,0.7340371,0.021183748,-0.46767572
-0.73910916,-1.9273307,-3.9268878,-4.153871,-1.6181965,1.2979872,1.8966763,0.99186105,0.06850384,-0.8207575
-0.61414945,-1.4147754,-2.792824,-2.7031705,-0.9717058,0.81813526,1.075258,1.3934305,0.23929574,-0.5617921
-0.9927688,-1.369987,-3.5038064,-3.462604,-1.2070806,1.3708113,2.347653,1.0628794,0.23209737,0.12868951
-1.026082,-0.6824916,-3.609922,-3.0580537,-0.7178742,1.1050898,1.9557465,0.69656044,0.44149622,0.049021445
-0.57899326,-1.0803272,-3.09954,-3.1566718,-0.60958105,1.2533195,1.4997289,0.7032831,-0.46956432,-0.89052314
-1.2885387,-1.8542191,-3.9391017,-3.531452,-1.2433395,0.72790134,2.354805,1.5294883,0.041649044,-1.0486395
-0.5256948,-1.1341513,-3.0011544,-3.4908106,-1.080466,0.62328917,1.7498978,0.9802472,-0.40288648,-0.8157476
-0.26354924,-1.3818792,-3.4469192,-3.5429173,-0.8752234,1.7591293,2.3034458,1.3580222,0.31964818,-0.23405603
-0.26890087,-1.0526785,-2.654018,-2.8928838,-1.1860626,0.9962057,1.8074354,0.9884155,-0.2748063,-0.2799142
-0.34070462,-1.0986583,-3.238182,-2.8413506,-0.5725869,0.87069523,1.2478793,1.4619582,0.6717064,-0.36303684
-0.7000011,-1.5965024,-3.7359867,-3.7266438,-1.0407138,1.517774,2.1885905,1.3689673,-0.35077295,-1.6407217
-0.5119361,-1.063171,-3.167665,-2.5121088,-0.56607074,0.93821335,2.0122604,0.82726413,-0.23705724,-0.7734297
-0.87848616,-1.100901,-3.7631793,-3.9626937,-1.5758132,0.6460585,2.0851827,1.1705916,0.011004511,-0.28203163
-1.1276528,-0.99422437,-3.3074622,-2.807088,-0.62405646,1.0051526,1.8411123,1.2850693,-0.14738287,-1.0151789
-0.7488309,-0.58723795,-3.0529253,-2.982219,-1.5559875,1.2001877,2.1489453,1.1365565,0.07197889,-0.71311367
0.0035696581,-1.119371,-3.3005483,-2.7128656,-1.2534369,1.2936276,2.386124,0.83635473,-0.57495946,-0.66268003
-0.21194662,-1.3982292,-3.5210047,-3.4583697,-1.4253428,1.3648267,1.6405575,0.9051695,0.23649646,-0.77516234
-0.3257117,-0.9446375,-2.8984559,-2.411272,-1.0948668,0.98331606,1.8493719,1.2398181,0.0065474464,-0.5607452
-0.92379,-0.9898665,-2.044839,-2.4027255,-0.89111984,0.66246706,1.1377317,0.8415646,0.19964701,-0.14611515
-1.0980957,-1.785486,-3.8231633,-2.7271206,-1.1717651,1.3467245,1.9214697,1.1325262,-0.43448487,-0.96312237
-0.14751853,-0.7554252,-1.9820396,-2.5408645,-1.1557081,0.61206114,1.7225823,1.1899747,-0.10873872,-0.52884257
-0.27850866,-1.1513121,-1.7471089,-2.2289536,-0.7526045,1.1324435,1.0790749,0.641711,-0.08017258,-0.36753678
-0.8012603,-1.9220083,-3.5758712,-3.6462471,-1.0764283,1.105678,1.9023391,1.4432857,-0.089339934,-0.108284116
-1.0423592,-0.75067586,-2.309165,-2.6436098,-1.2453705,0.7009803,1.675425,0.8639488,-0.18348065,0.5470945
-0.48393565,-1.2941775,-3.0080578,-3.3467145,-1.0722667,0.76543754,1.6466972,0.9331887,0.10885815,-0.040676255
-0.5841526,-1.1219597,-3.0211568,-3.3216715,-1.1350287,0.25216767,1.6984463,1.327411,0.17861885,-0.44906515
-0.9973634,-1.9379375,-3.9024363,-3.3493035,-1.3391188,1.6267958,1.9119693,1.3044076,0.612445,-0.52406144
-0.7799365,-0.8466711,-2.6275697,-3.1288915,-1.4887385,0.7684915,1.4162874,0.9851877,0.21996576,-0.49342176
-0.7730258,-1.6812716,-3.8398902,-3.7933035,-1.2170016,1.1171167,2.144639,1.6501113,0.103447214,-0.70063615
-1.3859133,-1.1781515,-3.0595405,-3.2525237,-1.1532177,1.0179846,1.7344946,1.6873417,-0.14405435,-0.77138835
-0.7590044,-1.6090095,-2.7376971,-2.659369,-0.49378738,1.6207043,2.1004443,0.8930023,-0.20997703,-1.1740104
-0.2584399,-1.2118059,-2.6586034,-2.820261,-1.033543,0.78506327,1.9543993,0.97090614,-0.21085471,-1.1442996
-0.82711786,-0.91462445,-2.2374465,-1.867749,-0.9054293,0.60615367,1.0835737,0.15228038,-0.25579548,-0.514805
-0.42644817,-0.8649842,-2.8065698,-2.8489616,-0.5124475,1.0242339,1.273294,0.8492635,0.13016675,-0.84074396
-0.033969574,-0.21762384,-2.222162,-1.7515296,-0.3671797,0.797328,1.3592297,0.57733786,-0.032334477,-0.17596872
-1.136495,-1.6373355,-3.4646287,-3.2457335,-1.2206565,0.77661407,1.7826382,1.1791819,0.01790253,-0.72184795
-0.2002551,-0.7051699,-2.281734,-2.7422094,-1.2576569,1.1387327,1.6625526,1.1785295,0.5566996,-0.060949348
-0.15432304,-0.6762576,-2.1300008,-2.6236336,-0.5490074,1.4006453,2.0126352,1.0892702,-0.10744038,-0.7339783
-0.4813257,-0.9818719,-1.1929634,-1.9283235,-0.64186734,0.87253356,0.7816905,0.6075948,0.52536976,-0.061300896
-0.6844565,-0.80546916,-2.3541498,-2.8603985,-1.158014,1.4716266,2.1200588,0.7793675,-0.4886609,-0.14115243
-0.17563929,-1.1420742,-2.9560611,-2.8003337,-0.9903637,0.785019,1.3675675,0.9162762,-0.11188346,0.024206977
-0.6616845,-1.5236342,-3.3615444,-3.393538,-1.0022107,1.2318897,1.7564906,1.6536862,-0.120000884,-0.8606731
-0.73748964,-1.2297951,-3.2404222,-3.2829247,-1.0256135,1.2637316,1.6716238,0.48258942,-0.24293195,-0.38659626
-0.024005888,-1.2750843,-3.6226552,-3.5378249,-1.322638,0.4085138,1.7340837,1.8218921,0.14886004,-0.73074114
-0.68204534,-0.6963307,-2.9805603,-3.1409993,-0.97633165,1.2970462,2.0962596,1.2744888,-0.19058312,-1.4282218
-1.0558616,-1.5294201,-3.7548685,-3.6188962,-1.0013931,1.1159204,2.2720954,1.3204162,0.1722965,-0.6169869
-0.2212162,-0.9211353,-2.2368908,-3.3331733,-1.5543479,0.8413996,1.9797165,1.3070538,0.20584893,-0.347584
-1.3839743,-1.5366375,-3.3675144,-3.3656995,-1.1369343,0.273626,1.5494388,1.0782511,-0.029963078,-0.9912721
-1.2563255,-1.8003372,-3.8762236,-3.5198066,-0.7058107,0.5971823,1.9838852,1.3478683,0.0628745,-1.0718191
-0.81486034,-0.7300339,-2.8335419,-3.2569644,-1.4391048,1.1933863,2.2297156,1.5108141,0.022704406,-0.6736421
-0.21253765,-1.3743821,-3.3414052,-3.3410995,-1.149816,1.0720441,1.9273597,0.92809564,-0.2510905,-0.56648934
-1.0934966,-1.3202765,-3.0343175,-2.7058024,-1.168169,1.2655184,1.5992254,0.8635902,-0.29858857,-0.6451882
-0.44811252,-1.3890584,-2.9330785,-2.5873911,-1.126132,0.8240433,1.9181794,1.9714204,0.13831703,-1.1920321
-1.1036544,-1.0481722,-3.695363,-3.00918,-1.0651767,1.4407812,1.42625,1.5318367,-0.15668416,-0.6091595
-1.187905,-0.8702884,-3.0225315,-2.989157,-0.8905163,0.82347786,0.78695226,0.97617525,0.13336931,-0.37124833
-0.43064967,-1.2195989,-3.0353582,-2.607396,-1.0490439,1.2030447,1.0520841,0.7248029,0.16716093,-0.5144234
-0.5802004,-0.9296593,-2.1305664,-2.2697072,-0.98284566,0.06050059,1.5451404,0.546103,-0.3672115,0.030912928
-0.5934268,-0.99519205,-2.263232,-2.3249733,-0.5418313,1.3801726,1.8683891,0.79017496,-0.15403327,-0.86511517
-0.41852078,-1.2314528,-3.8178077,-3.7924838,-1.4880507,0.7574977,1.518261,1.4524721,0.3054889,-1.0288991
-0.7473085,-1.3827792,-3.392944,-2.5737088,-0.790909,0.5750516,1.0378559,0.85734934,0.052529186,-0.5435904
-0.15935366,-1.0483264,-2.3221765,-2.2475235,-0.8966559,1.2911536,1.4799441,0.5041494,-0.056772828,-0.6093334
-0.20827238,-1.3254571,-2.7908237,-2.1762397,-0.44048998,1.1244066,0.37407362,0.5978,-0.3265189,-0.49351707
-0.6643351,-1.526054,-3.3192742,-3.2913163,-1.5826863,0.98230743,2.1190686,1.1057688,-0.01568479,-0.45169872
0.1597821,-2.73487,-3.9603655,-2.7929568,-0.890898,1.0781851,2.3773482,1.3323901,-0.06432714,-0.40450978
-0.3464349,-1.0335763,-2.7943208,-2.7484248,-1.6324978,0.95477873,1.6395936,1.0919104,-0.30762008,-0.5017055
-0.28758305,-1.0222311,-2.3394613,-2.4347992,-0.8168996,1.153091,1.54856,0.6518628,-0.41503748,-0.3553556
-0.53698,-0.6193879,-2.751913,-3.1081278,-0.70721185,1.2274308,1.3097905,0.6217612,0.050446335,-0.16606146
-0.5346297,-1.0851572,-2.7351093,-1.9980582,-0.52384114,1.0280759,1.0829793,0.9053138,-0.032097287,-0.82244253
-0.09885514,-0.98319274,-2.237673,-2.0957143,-1.1466326,0.6552827,1.4157249,0.91618043,0.23712754,-0.29493603
-0.8582555,-1.240181,-2.337981,-3.0277228,-1.3184702,0.8184242,2.00979,1.3113369,0.5929369,-0.36779994
-0.18769245,-1.254405,-3.174679,-2.758441,-1.0403442,0.91942364,1.8540224,1.1569463,-0.07185865,-0.506649
-0.72018194,-0.90327084,-2.3420317,-2.273856,-0.64610976,0.7663408,1.4988223,0.74584734,-0.3173714,0.16510236
-0.156359,-0.8094683,-2.8320117,-2.2034547,-0.47009438,0.9256485,1.3480201,0.8176322,0.04501649,-0.64563143
-0.39566052,-1.2698561,-3.6663892,-3.7847986,-1.1112057,1.5346633,2.2060528,1.8799478,0.22736345,-0.5480419
-0.66400874,-0.5931946,-3.1059546,-2.87706,-0.5589773,1.0526935,1.3989735,1.097286,-0.11121862,0.25672698
-0.8646458,-0.6271203,-2.57642,-2.9501617,-1.4054168,0.39257124,1.4560269,0.6167357,0.124010116,0.008805367
-0.7567371,-0.853637,-2.390384,-2.5681102,-1.1227248,0.67075807,1.1293796,0.46050623,0.08641457,-0.653563
-0.35346735,-1.7072778,-3.5666718,-3.6088123,-1.2919277,0.80288947,1.7391526,1.2516257,-0.108942814,0.084271885
-0.069772094,-0.98863983,-2.821137,-3.207368,-1.3697373,0.9163655,1.6396712,1.2640594,-0.18237308,-0.678065
-0.80895346,-1.4261186,-3.6077323,-2.9458318,-0.48682383,1.2195889,1.9487412,0.9019918,-0.14273463,-0.591126
0.08891553,-1.7371411,-3.7701237,-3.8255796,-1.3328214,1.0577551,2.2324998,1.6245303,0.4561307,-0.13654754
-1.4386436,-1.7468656,-3.5549963,-2.4794743,-0.9020429,0.8915926,1.7552747,1.5409703,-0.1811411,-0.6742888
0.09832632,-1.3161004,-3.1502347,-3.2169666,-1.261534,0.73074013,1.7224553,1.0969423,-0.37514043,-0.8742326
-0.7147722,-1.0700448,-2.9811046,-2.4308982,-1.0464844,0.95355237,1.4340167,1.1450803,-0.10947603,-0.50621116
-0.6468362,-0.6219209,-0.9609869,-1.4405298,-1.396542,0.59964496,-0.3418638,-2.7541816,-0.20151834,-0.088556044
-0.4951818,-1.5585079,-3.2765408,-3.2016876,-1.1863822,0.960152,2.1134875,1.1257147,-0.005755153,-0.33308363
-0.72488666,-1.304526,-2.3884768,-2.1671243,-1.0380523,1.2408724,1.5255761,1.3323318,0.27233946,-0.17254859
-0.78633064,-1.1806318,-2.476317,-2.7957191,-0.906729,1.0677719,1.482869,0.5705506,-0.13840201,-0.1866437
-0.39913535,-0.89387286,-3.4227529,-3.656718,-1.2730058,0.46385542,1.7258217,1.3965968,0.095387705,-0.12188861
-0.68674,-0.847446,-2.137926,-2.0763977,-0.71446294,1.5518122,1.7279547,0.42116156,-0.0114641925,-0.058551274
-0.9436478,-1.3827262,-3.6746454,-3.8349316,-1.1726066,0.71297085,2.1190562,0.70411104,-0.19851795,-0.8011418
-0.10178454,-1.5308012,-2.4641643,-2.5092099,-1.3944364,0.89906013,1.9528196,0.64518946,0.053382922,0.011860846
-0.7835323,-1.9163853,-3.9700282,-3.681756,-1.0845643,1.3690251,2.0121934,1.0516801,-0.17618656,-0.84656346
-0.82644886,-1.2476767,-3.3561656,-3.523426,-1.4482663,1.2843035,2.4382808,1.111839,-0.09606778,-0.26024145
-0.26970875,-1.6139686,-3.8370147,-3.3315063,-1.1830581,1.2977527,2.1427875,0.5172728,0.027529038,-0.42211944
-0.08614604,-1.3102636,-2.5594752,-2.5223045,-1.1558406,1.1865536,1.5828145,0.96881205,0.64801925,-0.79200846
-0.66070217,-1.6688635,-3.4678948,-2.8250842,-1.1973275,1.5065734,2.3202667,1.7927803,-0.054123398,-0.51177996
-0.508083,-1.6951686,-3.5629373,-3.3512573,-0.37436202,1.5038401,1.8915678,1.1912378,-0.13866292,-1.0203881
-0.3109977,-1.2741351,-3.3219163,-3.0441678,-0.7847863,0.9744527,1.3368573,1.3418652,-0.09353181,-0.42424038
-0.6131666,-1.457002,-3.4752302,-3.1364255,-0.7285495,1.5137377,1.8969586,1.362139,0.18206851,-0.12901124
-0.46350405,-1.7148436,-3.572535,-3.0271404,-0.76950735,1.2083921,1.9258424,0.85029995,0.16677967,-0.29947448
-0.85093164,-1.6176428,-3.7129416,-2.4218352,-0.45828933,1.0450156,1.3298293,0.767959,-0.1374968,-0.46534732
-0.5522673,-1.3213323,-3.5778606,-3.227058,-1.1565266,1.3580528,1.650433,0.8694206,-0.14558549,0.019491384
-0.53861034,-0.9439896,-3.0702324,-2.6405966,-0.55329776,0.75256145,1.1330358,0.5635948,-0.307715,-0.7276841
-0.47936392,-1.6067089,-3.4895627,-2.9975603,-1.1031513,0.83560973,1.5830739,0.7477099,-0.5859551,-0.69127506
-0.1604452,-1.1830791,-2.4798572,-2.4041886,-0.7260003,1.0479361,1.5977578,0.77857125,-0.15844272,-0.4758446
-0.6470234,-1.4581711,-2.5360022,-2.7562988,-1.3197309,0.26800537,1.1759536,0.4442433,-0.22001043,-0.35942155
-0.5951497,-1.2971945,-3.5978208,-3.7756896,-0.6500905,1.8136278,2.3973446,1.2014978,0.13596922,-0.7384894
-0.4481101,-1.3262677,-3.7721112,-2.8676505,-0.61290914,0.89894307,1.3024092,1.145909,-0.047141463,-1.2952893
-0.08836872,-0.8788621,-3.2588918,-3.4662864,-0.58070225,1.6013776,2.3435037,1.2382663,0.20899889,-0.8096838
-0.6089271,-0.50251323,-2.87875,-2.909233,-1.1255872,0.8496232,1.8792595,1.4055413,0.40458366,-0.26634237
-0.34453362,-1.7216194,-3.3828356,-3.5595422,-1.0131311,1.2568992,2.0606666,0.37956324,-0.044509795,-0.20849714
-0.16949108,-0.9073812,-3.1805625,-2.5091755,-1.4948909,0.98875564,1.4415947,0.9452367,-0.46492472,0.0020637908
-0.32602885,-0.9625314,-2.2380779,-2.2043583,-0.59916455,0.7564156,1.7359113,1.2132466,-0.54138106,-1.0968047
0.22002004,-0.6625572,-2.8639438,-2.5027063,-0.6952373,1.2623539,1.4327202,0.5621472,0.020397145,-0.07384945
-0.63304955,-1.2831336,-3.5652287,-2.5065246,-0.70527184,1.380156,2.5139534,1.233921,0.122380175,-0.22618127
-0.7489448,-1.6100397,-3.3646803,-3.3888838,-1.4842607,0.82657653,1.8452522,1.8913312,0.6446239,-0.947136
-0.23154129,-1.8347498,-3.5572627,-3.7656412,-1.4179006,0.9306642,2.0932689,1.2316561,-0.020593114,-0.65619546
-0.36829066,-1.526674,-3.4439197,-3.5665836,-1.419902,1.2500086,2.1518621,1.7926861,0.26099753,-0.95542544
0.046641678,-1.2060562,-3.4352036,-2.5042434,-0.62171715,0.90402436,2.2784731,0.5064057,-0.119904175,-0.6099987
-0.495615,-0.838504,-2.145896,-2.7906196,-0.9512867,1.3667171,1.941941,0.8261073,-0.24678387,-0.30237594
-0.33786753,-1.0975125,-3.6507568,-3.1889079,-1.0889448,1.4784135,2.4167616,1.1173631,0.0049180826,-0.38837716
-1.2229362,-1.2975677,-3.54836,-3.0815668,-0.5266085,1.3728094,1.5901824,1.1094201,0.0032530776,-0.56747764
-0.24720503,-0.75285506,-1.9322201,-1.9369681,-1.2795424,1.0751144,1.7747008,0.4817638,0.15404008,-0.018570308
-0.21240216,-0.9266816,-2.9659824,-2.4925277,-1.0302875,1.5477346,2.3566065,1.0731145,-0.14263913,-0.22231643
-0.85145205,-1.0521394,-2.045784,-1.9863498,-0.3431155,1.2591852,1.5494615,0.9370077,-0.24681722,-0.77034044
-0.63640934,-0.8382885,-2.5287497,-2.2676241,-0.8590076,1.6275893,1.8243394,1.194718,-0.2525784,-0.59655744
-0.7929326,-1.0217974,-3.5878322,-3.303528,-0.56169057,1.22234,1.5898541,1.1292746,0.04890299,-0.32159033
-0.6379967,-0.9962223,-2.217343,-3.4445386,-1.0797639,1.087586,1.9158765,0.8337479,-0.16377361,-0.72065985
-0.7085047,-1.334749,-2.3233001,-2.7967396,-0.9666649,0.8274887,2.037125,1.3032877,0.20995942,-0.067467555
-0.82538956,-1.2854484,-2.149953,-2.05068,-0.62690806,1.3997893,1.8379467,1.1392925,-0.046276484,-0.70916456
-0.9673119,-1.392432,-3.135362,-3.1655827,-0.6587164,0.64829683,1.8334439,1.0884293,-0.5155365,-0.61041266
-0.24913883,-1.3573712,-3.7572563,-3.0170808,-1.0813215,1.3690997,2.1792448,1.3476156,0.63176435,-0.4046948
-0.33322302,-1.3000052,-3.194566,-3.0214117,-1.3977249,1.0841155,1.7674079,1.0646588,-0.3371104,-0.13431107
0.015400258,-1.2228581,-3.0425584,-2.8612127,-1.152618,1.1530004,2.1159196,1.4359925,-0.01753947,-0.4357222
-1.0134712,-1.2921258,-3.8000453,-3.765756,-0.9037433,0.7962816,1.6571889,1.2160995,-0.08334411,-0.65356386
-0.25642464,-1.8158677,-3.094306,-2.9856164,-1.0672657,0.8929617,2.0161207,1.528147,0.2752273,-0.5063333
-0.99008256,-1.0690991,-3.239815,-2.8747356,-1.115777,1.2412051,2.1840968,1.1001164,-0.07366414,-0.14434394
-0.21487972,-0.5640085,-3.223295,-2.803193,-0.6162948,1.1575422,1.2616289,1.0758917,0.50403607,-0.39256537
-0.40636274,-0.93896216,-2.7623723,-2.8269973,-0.7877441,1.1082262,1.7250011,0.9844075,-0.08108554,0.1158651
-0.88123596,-0.5953298,-2.1999485,-2.6295128,-0.37803063,1.3812859,2.0584264,0.48898157,-0.16037455,-0.55545336
-0.0603268,-1.2527778,-3.233731,-3.1324177,-1.2724656,0.82930124,1.6324039,1.453022,0.010317648,-0.3726794
-0.5569116,-1.3473433,-3.1451662,-3.0702648,-1.5287852,0.67835367,1.4770628,1.4005479,0.23155253,-0.60582757
-0.65453166,-0.7149708,-2.544221,-1.9235748,-0.53073376,0.87672895,1.6924231,0.9929058,-0.20738024,-0.40898436
-0.45626587,-1.1155456,-3.111312,-2.9239035,-0.7456595,1.5036428,1.948923,0.9051055,-0.29791248,-1.0057528
-0.066518754,-1.1610501,-3.1947188,-2.3660705,-0.51905173,1.2364476,1.8529357,1.2757746,-0.3079547,-0.70926017
-0.34980536,-1.2026432,-2.7899785,-2.2557566,-1.3463838,0.5490635,1.8634006,0.9675931,-0.16194429,-0.072101876
-0.55787194,-1.0776597,-3.2036262,-3.0039222,-0.22755769,1.7432078,2.2815387,1.0579263,-0.21759859,-0.14600095
-0.6424198,-0.69321173,-2.8060296,-2.5009127,-0.75432795,0.9664677,1.0137479,0.82601476,-0.19781747,-0.9150974
-0.58982533,-0.8749394,-2.5622244,-2.722713,-1.0106336,1.0554029,1.6151559,1.2883288,-0.059802927,-0.360747
-0.712042,-0.6659461,-2.9445205,-2.8938384,-0.7153448,0.67352873,0.9897259,0.6398592,-0.051220015,-0.03523242
-0.1479508,-0.8611822,-3.1984208,-2.9852502,-1.1409972,0.44186604,2.0683215,1.0166727,-0.20117573,-0.35267347
-0.33389467,-0.93206847,-3.202098,-2.592295,-1.5255634,1.0675093,1.9251211,0.4744907,-0.4997173,0.064925954
-0.85214585,-1.164492,-3.4810567,-2.482152,-1.0567167,0.9331624,1.202476,0.50249094,-0.25509682,-0.73523384
-0.51516646,-1.5556903,-3.7455657,-3.0854504,-1.0138953,0.946037,1.446893,0.78804475,0.005717681,-0.4021687
-0.22728795,-2.59836,-3.5364292,-4.733634,-4.6491933,1.2791572,2.4095707,1.1742953,-0.07140317,-0.6730392
-0.19090782,-0.9429399,-3.406229,-3.0685656,-0.75232625,1.2837992,1.7957432,1.4657422,0.026681183,-0.36456802
-0.9245195,-0.92947984,-2.0766115,-2.3430831,-0.47913003,1.4060619,1.3769857,0.61774325,0.2801821,-0.5725693
-1.0867596,-1.1311549,-2.3639205,-2.2535722,-0.9638207,0.9200712,0.58571714,-0.629602,-0.42876583,-0.7485741
-0.115278676,-1.2082038,-2.8858006,-2.1506226,-1.079173,0.9844662,1.9174358,0.95465374,0.4198545,0.33694085
-1.028401,-1.012295,-3.1433597,-3.1117356,-0.6095605,1.2356431,1.9687668,0.8667225,0.055710692,-0.70906353
-0.43695349,-1.0593903,-3.3294983,-2.0409615,-0.83029467,0.8126217,1.3979574,0.71513736,-0.28394952,0.101744354
-0.36987695,-1.5836306,-2.542173,-2.5643299,-1.6623205,0.86815214,1.9627457,1.0514219,-0.24669541,-0.49816924
-0.01041245,-0.86173046,-2.4100623,-1.9323153,-0.9697074,0.6702245,1.1552167,0.7935164,-0.26312768,-0.5157335
-0.19229147,-1.4343202,-2.6755908,-2.710267,-0.90293634,1.0936832,1.7591336,0.68095964,0.14893101,-0.91536945
-1.3614028,-1.2209218,-3.7578416,-3.6965427,-1.306807,0.99465185,2.0097506,1.0415243,0.073053114,-0.6885319
-0.74232566,-1.0170095,-3.2573996,-2.6287584,-0.6261242,1.0421671,1.6309164,1.5325104,-0.40948784,-0.70487994
0.058205888,-0.77197194,-2.638312,-2.0848217,-0.8991931,0.9350272,1.0298132,1.0508775,0.11841428,-0.72854
-0.29128027,-1.0377765,-3.5958657,-2.5586216,-0.7148189,0.9475617,1.5326881,1.1448455,0.1687283,-0.46274087
-0.2782335,-1.0601635,-1.9601065,-2.087675,-0.8272246,0.6712692,1.5479472,0.49627158,0.30637237,0.007862633
-0.48087403,-0.5869967,-2.0645542,-2.4443955,-0.69104695,1.2891005,1.6683308,0.4857029,-0.12145385,-0.8468489
-0.13658379,-0.7791742,-2.2659242,-2.6436114,-1.1052716,0.8047138,1.3886781,0.25906178,0.20011379,-0.025619408
-0.015308944,-1.0389526,-2.607798,-1.937889,-1.1745536,0.55783963,1.3528525,1.0121136,-0.4988685,-0.20139948
-0.56108046,-1.6863555,-3.4548054,-2.5093324,-0.64331263,0.6787714,1.3300617,1.0525271,0.09928259,-0.4048987
-1.401468,-1.373017,-2.718937,-2.723549,-0.88102067,1.1227828,1.2402685,0.9191723,-0.14597628,-1.1189554
-0.23383136,-1.3605789,-2.6322854,-2.5176704,-1.2805784,1.0587318,1.7343166,0.2891215,-0.73571825,-0.6958543
-0.21033771,-1.2064323,-3.1260836,-3.2314386,-0.6711236,1.2278599,2.069983,1.2785627,-0.12573482,-0.78673893
-0.5933408,-0.6628173,-2.9638617,-3.1009188,-0.72647387,0.9361717,1.6848296,1.0972552,-0.15670864,-0.7508017
0.14477032,-1.3363178,-3.3177624,-3.1071384,-1.3139095,1.349178,1.7460032,1.4072012,0.17254756,-0.83701295
-0.4695139,-0.862209,-2.057541,-2.0019283,-0.71210307,0.70908237,1.2383697,0.6759621,0.5865847,-0.18602723
-1.080895,-0.55370617,-2.870496,-2.9260051,-1.5033587,0.5787688,2.2027435,1.4180895,0.05952809,-0.14672369
-1.0165178,-1.8861748,-3.7423525,-3.7210343,-1.1176574,1.4990923,1.7285366,0.9170199,0.120157465,-0.7346918
-0.26017138,-0.15187143,-2.324569,-2.74947,-0.57414305,0.7222468,1.4380211,0.85902286,0.2472061,-0.5485973
-0.2753811,-0.8191405,-2.7330167,-2.3587556,-0.3798363,1.0019938,1.7323865,0.97639114,-0.07998186,-0.6934646
-0.2911874,-0.69769245,-1.8742187,-1.8462715,-0.8094972,0.40795076,1.6555732,0.28888452,0.03755598,0.6751253
-0.14852504,-1.1406565,-3.0406754,-2.926768,-1.2371215,0.47081912,1.3155502,0.8383891,0.43315127,-0.8469904
-0.15628727,-1.3323979,-3.3258426,-2.9579325,-0.78847176,1.2213011,1.9644034,1.5717846,-0.05329274,-0.439
-0.15030023,-1.0162092,-2.9474435,-3.1669383,-0.9988514,1.5807068,2.3033707,1.1571195,-0.11767622,-0.15118408
0.19853511,-0.647913,-2.2427595,-2.317362,-0.774011,1.3559369,1.740877,1.1967717,-0.07188539,-0.24140315
-0.31555223,-1.0035605,-2.884491,-2.7969453,-1.7129884,-0.8748205,1.2118577,0.8920645,0.188311,-0.16371979
-0.46238816,-1.2758328,-2.3857565,-2.7303624,-0.9118671,1.2237155,1.9417175,1.29537,0.14585212,-0.94737494
-1.0792804,-0.68014264,-2.5029862,-2.8119426,-0.97719944,0.9896022,1.2860109,0.6065548,0.28567812,-0.11281061
-0.8638759,-1.4139692,-3.962351,-3.773492,-1.6132439,1.2351892,1.9661846,1.3525167,0.24131694,-0.052068997
-0.3143389,-3.3953087,-3.7241347,-2.8880768,-1.1948777,0.61184514,1.7800027,1.159516,0.18698205,-0.69163847
0.09101881,-1.2005483,-3.3798485,-2.946317,-1.1829844,1.1128482,2.0120506,1.3017672,-0.16467188,-0.2701594
-0.12679334,-0.9868133,-2.8827705,-2.6708353,-0.71290404,1.496871,2.2044408,1.0737303,-0.08159226,-0.47911638
-0.558211,-0.9631382,-1.8578634,-2.0094588,-0.47837782,1.1117184,1.2209966,0.7158619,-0.09460502,-0.43783784
-0.8867484,-1.0329576,-2.5419002,-2.6685417,-0.80153334,1.1850437,1.6404222,0.38744602,-0.13303038,-0.39907384
0.004429128,-1.1825176,-3.2565079,-2.46637,-0.58942956,1.1990743,1.7269512,1.4563979,-0.5610501,-0.9116882
-0.48277083,-0.9168756,-3.4542198,-3.1467607,-0.9475659,0.95707804,2.149453,1.3981253,-0.2855058,-0.4951196
-0.83293706,-2.8834739,-4.068721,-3.3232265,-0.70535666,1.5209464,2.257558,1.1049222,0.17505676,-0.6361811
-0.7412267,-1.0399312,-2.3755605,-2.4810517,-0.7899983,0.7412856,1.3065003,0.76014,-0.67964,-0.4685455
-1.0246124,-1.2569916,-3.884315,-3.0722425,-0.8892135,1.2215114,2.2684515,1.0990887,0.17238823,-0.6667586
-0.542389,-2.8158371,-4.1051707,-3.6649919,-1.474008,1.1078646,2.1206067,1.0573726,-0.12414383,-0.71278834
-0.80462235,-1.5460835,-3.5196786,-2.9827979,-1.2686827,0.96859324,1.9369122,1.6518424,0.08798789,-0.38529238
0.33917323,-0.8464414,-2.4069684,-2.3649964,-0.83618176,1.1777008,2.325458,0.7570771,0.0033908251,-0.1888906
-0.6095657,-1.0047684,-3.82729,-3.5963278,-0.74894786,1.833908,2.038622,0.7736571,0.10905586,-0.4393793
-0.24833298,-0.6163389,3.5314124,-0.26950184,-0.6576068,1.2791107,0.10360132,-0.76617944,-0.30885902,-0.36598402
-0.83165014,-1.6965185,-3.4582121,-3.024761,-1.0222056,1.5976242,1.8574195,1.057886,0.13285704,-0.8539564
-0.4581504,-1.1329716,-2.201986,-2.694038,-0.53511035,1.3981564,1.5655363,0.830703,-0.07260262,-0.96500576
-0.5380134,-1.2784698,-2.7956388,-2.7483284,-0.9673883,0.71872175,1.083533,1.2544122,0.06945177,-0.83640635
-0.4764856,-1.2360843,-3.1275134,-3.3278391,-0.9506761,0.8378673,1.487702,0.84534675,0.08280287,-0.11163734
-0.7660765,-1.403449,-2.6400495,-2.7735026,-0.7829665,0.76922005,1.4439707,0.5746242,-0.74803334,-0.8172414
0.011373943,-0.8870987,-2.3370683,-2.100333,-1.0682243,0.881217,1.1807013,0.3999627,-0.6734699,-0.27604568
0.056413718,-1.0470748,-2.8829465,-2.5032122,-0.6975346,1.2826272,1.886224,1.1361648,0.24691334,-0.37089732
-1.3299304,-1.1202916,-2.6794722,-3.570478,-1.4040799,0.58638746,1.7565252,1.085628,-0.05997374,-0.35851276
-0.023396242,-0.64079106,-1.930331,-1.8709037,-0.3291945,1.0429922,1.2371359,0.95545095,-0.21682929,-0.43129963
-0.22743973,-1.3695368,-3.0219543,-2.7416544,-0.53653336,1.273466,2.1390283,1.2195859,0.6004639,-0.8758496
-0.9357106,-0.49929848,-2.9324062,-3.4092035,-0.8486208,0.92608976,1.7969779,1.5641035,-0.015406644,-0.037243385
-0.7919821,-1.1982961,-3.4664893,-2.4672136,-0.5352795,0.8871568,1.6343712,1.0628338,-0.75469744,-0.5875714
0.07913374,-1.427018,-3.4980633,-2.8171191,-1.235353,0.9173773,2.014128,0.9189021,-0.9246719,-0.2890989
-0.35403916,-1.7602584,-3.8574915,-3.389497,-1.0474447,1.2677791,2.1193397,1.0803243,0.11550359,-1.091719
-1.0800933,-1.8398409,-3.7771745,-3.2776504,-1.4384288,0.997258,1.5341313,1.012662,0.5269382,-0.5821099
-0.04945695,-1.26882,-3.531084,-2.6599042,-0.8096885,0.86142004,1.5401757,1.1608602,0.010709308,-0.06089481
-0.9312415,-1.3421614,-3.5895405,-3.1286407,-1.5996385,1.0091611,1.7950948,1.312454,0.34868425,0.14539339
-0.8275165,-0.76555955,-2.4779446,-2.760171,-0.88108927,0.5573373,1.272672,0.4417522,-0.048403557,-0.46651343
-0.53798586,-1.4405679,-2.5667827,-2.5527985,-0.89808875,0.90119785,1.7308773,0.99233985,0.38345456,-0.73607314
-0.23694888,-1.7191796,-3.624378,-3.8735206,-1.3452792,0.40001118,2.3954003,1.6035959,-0.25180987,-0.65126073
-0.8165786,-0.4383586,-2.200615,-2.5974877,-1.1734686,0.55360734,1.0084466,0.5894201,-0.21775481,-0.3621821
-0.57715285,-1.2517798,-3.1975613,-3.089242,-0.983479,0.6553237,1.9437667,1.487904,0.37263453,-1.3032769
0.059881315,-1.1865858,-2.056828,-1.7337593,-0.7600081,0.9414585,1.5531092,0.52901536,0.024631554,-0.8052233
-0.32460654,-1.0405918,-2.1631725,-2.5615194,-1.2236276,0.7539283,1.442377,0.6403987,0.09209547,-0.25893882
-0.047455803,-0.8674925,-3.3681722,-2.76145,-0.86396617,0.74353296,1.8828906,0.99036235,0.13026728,-0.24222733
-0.13933131,-2.4719312,-3.8776553,-3.4095557,-0.86421496,0.8111221,2.288303,1.427989,0.020094581,-0.8229801
0.2781276,-0.69281244,-3.0312917,-2.7617106,-0.7588118,0.613071,0.8674139,0.5457871,-0.13539337,-0.17810225
-0.35995606,-0.5906259,-2.5688596,-2.613376,-1.0901979,1.2625953,1.3634193,0.2696391,0.08683036,-0.39120665
-0.6215164,-1.0006936,-2.6966047,-2.7170985,-1.0541477,1.3062129,2.3409493,1.0698568,-0.19730696,-0.82161444
-0.08445744,-0.61077267,-2.7827096,-3.199552,-0.7745134,1.0021961,1.4541172,1.2410009,0.47491688,-0.56433094
0.21291354,-0.8122363,-2.7137423,-2.69766,-1.1958435,1.6855543,2.475189,1.065969,-0.015868792,-0.1234351
-0.057572633,-1.0050889,-2.7847834,-2.3874125,-0.54513484,1.3384291,2.2284372,1.1922724,-0.18957466,-0.7103162
-0.26974297,-0.678896,-2.4059997,-2.158179,-0.82536626,1.3686075,1.6026618,0.66126955,0.44684905,0.26301304
-0.74665654,-1.1916207,-2.5450456,-2.909419,-1.0339308,1.6509731,2.2442296,1.6484803,0.15303463,-0.8009465
-1.2048696,-0.7846505,-3.6954818,-4.6240854,-1.1002094,0.8399926,2.1673934,1.7547,-0.344757,-0.14258187
-0.6705101,-1.4781371,-3.2587414,-3.0565126,-0.9406593,0.5143252,1.0555614,0.99945176,0.34090343,-0.61272895
-0.17349723,-0.617313,-2.8065479,-2.575574,-0.8915442,0.8697067,2.3331509,1.515835,0.14061245,-0.3991876
-0.40042517,-1.4596605,-3.8944812,-3.9554937,-1.555795,0.9791866,2.3647296,1.6711686,0.11422363,-0.80002105
-0.40460512,-0.50224257,-1.9836657,-2.0841784,-0.3964931,1.0818223,1.5585634,0.122789994,-0.5546912,-0.92015874
-0.77086395,-3.322079,-4.1051335,-4.1401663,-1.2295594,0.800836,2.2015207,1.4517361,0.1015349,-0.69395566
0.33517027,-0.9929634,-2.9956613,-2.9696653,-1.1839063,1.1421779,1.954977,1.6557952,0.0861524,-0.42035767
-1.1255382,-0.99994445,-3.2912245,-3.1914284,-0.6471122,0.9176011,1.6106186,0.9963519,0.005488703,-0.5415565
-0.33212784,-1.4664387,-2.4008272,-2.6932573,-0.7961002,1.1861098,2.0110772,1.2096562,0.101358876,-0.14833532
-0.03877898,-0.9985654,-3.0971856,-2.69167,-1.0721071,0.42257297,1.4756308,1.0586745,0.100921586,-0.77041703
-0.22323006,-1.0106184,-2.6239653,-2.1550915,-0.79509395,1.0916635,1.4820306,0.7389177,0.38794333,0.22774382
-0.1910078,-1.0583501,-2.9141192,-3.0863957,-1.2110953,0.9040816,2.2469249,1.5689235,-0.632374,-0.6842296
-0.8844786,-1.033211,-2.5109854,-1.9739277,-0.75999534,0.9215269,1.9281757,0.61322683,-0.5856524,-0.7086962
0.09265413,-1.1211228,-3.2509787,-3.2135518,-1.0314289,0.75058144,1.5158542,0.7915102,-0.2931844,-0.6012053
-0.87513417,-0.45025533,-2.0348835,-2.011261,-0.44875962,0.8162731,0.81928426,0.63584816,0.015492351,-0.5583526
-0.9396883,-1.9844869,-3.854517,-3.556371,-0.67809856,1.405518,2.3814626,1.0751063,-0.53859866,-1.2993109
-0.47389236,-1.2818525,-3.011121,-3.4811597,-1.3923095,0.8804636,1.3776149,1.3655986,-0.5279798,-1.5938447
-0.05496272,-1.2912911,-3.1098561,-2.7189322,-1.0534091,0.59810925,2.0972733,0.86483985,0.29954523,-0.3372085
-0.75980836,-1.5035001,-2.8190804,-3.190689,-1.2311755,0.86861414,1.7674056,1.1194319,-0.13506906,-0.8153465
0.12307549,-1.4825503,-3.6325417,-2.8669398,-0.6166262,1.4004889,2.236851,1.1742866,0.06188113,-0.30653873
-0.39408633,-0.21121477,-2.2927132,-2.504591,-0.60521424,1.1415831,1.1672246,0.4582947,-0.3804678,-0.12420471
-0.21969296,-0.1575212,-1.8112814,-2.249362,-0.93850553,1.3620684,1.3314781,0.70149946,0.28169447,-0.387533
-0.5227785,-1.6514263,-2.9649677,-2.430886,-1.0097038,0.71063983,-0.13049391,0.80663437,0.065897845,-0.41377822
-0.12967382,-0.75833887,-1.8873185,-2.2197661,-0.6411032,1.2351806,1.2711385,0.4691241,-0.060853396,-0.17161746
-0.9453577,-1.421061,-3.781426,-3.6870291,-1.3554864,1.0167252,2.5374248,1.5006434,0.07899332,-1.0288597
-0.72237045,-1.0745952,-2.9947677,-2.600016,-0.99198246,1.0173198,1.6460919,0.9458684,-0.30325654,-0.37568745
-0.5717353,-1.400691,-2.5928335,-2.682756,-0.6303232,0.8019568,1.7231525,1.1101213,-0.17632137,-1.4893047
-0.27714872,-0.5273829,-2.6444273,-2.4294233,-0.8848916,1.0215874,1.5148618,0.95040965,-0.5810398,-0.6142419
-1.0668166,-0.83906466,-2.3784153,-2.4300978,-0.55237687,1.2705663,1.1784179,0.98185,0.084337205,-0.47769773
-1.2843324,-1.3655176,-3.1894186,-3.0997097,-1.3440613,0.9400402,1.2433616,1.234994,-0.03083813,0.017711041
-0.494966,-1.7496315,-3.3325775,-3.6009288,-1.1594269,1.4787691,1.4474878,0.67767674,-0.010619223,-0.1141326
-0.010221519,-1.036177,-2.4199662,-2.0367968,-0.47089484,1.256257,0.6180673,1.0044914,0.27550825,-0.4888894
-0.29922795,-0.87980956,-2.9476986,-2.59919,-1.2111171,0.602273,1.5771711,0.89920956,-0.29942408,-0.4375172
-0.12199616,-0.8304845,-2.3094404,-2.2826016,-0.97212696,1.0737125,1.5652031,0.68643993,0.062273517,-0.23502597
-0.06306414,-1.2873769,-3.6624353,-3.308984,-1.5726937,0.8441195,1.7511489,1.4865359,0.35865784,-0.31018573
-0.51126397,-1.1203381,-2.0944884,-2.1144328,-1.1696018,0.69437706,2.030891,0.45115873,-0.12606733,-1.1169469
0.17367315,-0.9291129,-3.371672,-2.334762,-0.5092116,1.0398797,1.438535,0.7584495,0.38349223,-0.21834484
-0.44759384,-1.6033094,-3.7171607,-2.716422,-0.68632495,0.8236372,1.3139981,0.5699098,0.08870023,-0.4986594
-0.1857626,-0.8410204,-2.6923907,-2.7351754,-1.3208836,1.1932385,1.9452356,1.3520103,0.12905972,-0.71361655
-0.72136366,-1.1153818,-2.9327018,-2.7810335,-1.5194833,0.94757956,1.9631908,0.62024254,0.083931535,-0.23692328
-0.31100944,-1.6942691,-3.6808586,-3.8166718,-1.1171185,0.8279857,2.3102796,1.2664429,0.6472202,-0.527495
-0.5175651,-1.0714743,-1.4713416,-0.3581633,3.1960928,2.4901812,1.3111473,0.35655406,-0.35115856,-0.49459887
-0.7502894,-1.301887,-3.6878378,-2.7790399,-1.4514445,0.5397111,1.6323448,1.452125,-0.12656288,-0.065017916
-0.44392753,-0.6307166,-2.5987153,-2.8778708,-1.0511365,1.3112174,1.8400668,1.0073743,-0.19548284,-0.3841082
-0.31020913,-0.61390007,-2.0399368,-1.9315883,-0.8019005,0.8722516,0.73731846,0.39384082,-0.28429344,-0.4220121
-0.10417999,-0.70066303,-2.9434736,-3.2419112,-1.0172542,1.2122793,2.0103836,0.46931857,0.055107076,-0.017753521
-0.23658058,-1.2730461,-2.9506075,-2.2868505,-1.1709431,0.48456445,1.5942565,1.4583642,0.13767384,0.19579074
-0.4280849,-1.5449001,-3.0602615,-2.3925035,-0.86678934,1.4530137,1.9259081,1.1516111,-0.23300217,-1.2216585
-0.7929769,-1.0261345,-2.6111348,-2.6694248,-1.4057521,0.22076203,1.4672282,0.9179078,-0.2867768,-0.84802735
-0.17760755,-0.5973365,-2.2069,-2.6049232,-1.3078773,1.0954385,1.2806325,0.7114805,-0.054518975,-0.25471202
0.11312327,-1.0881021,-3.4807835,-3.0767238,-1.452078,0.70168686,2.0486825,1.1419828,0.1877909,-0.5110524
-0.88694304,-1.2244353,-3.0064912,-3.7699971,-1.240312,1.2921921,2.3506882,0.9515301,0.10061516,-0.8007614
-0.69672686,-1.8358998,-3.6915424,-3.8825843,-1.0539201,1.626554,2.3321018,1.3497214,0.10375051,-0.5431566
-0.30223444,-1.038581,-2.6277108,-2.7904959,-0.8793727,1.3271178,1.7536961,1.1431093,0.014445558,-0.60780674
-0.59520125,-1.0999213,-3.6117477,-3.507421,-1.3140686,0.8531183,1.8515568,1.2686373,0.2484974,-0.44746214
-0.49065024,-0.46250305,-2.3888407,-2.159238,-0.50585407,0.87422556,0.87813914,0.49698475,-0.09145789,-0.5859375
-0.3807665,-1.2929239,-2.5948155,-3.16489,-1.3555193,0.5640019,1.7551588,1.0133103,-0.24041007,-0.28192356
-0.07414079,-0.9065231,-2.1514819,-2.2588065,-0.9049772,0.8105198,1.0638864,0.45355487,0.027950222,-0.2698339
-0.36371833,-0.8532774,-2.8245587,-2.824519,-0.93647367,0.82148665,0.8137242,0.6480595,-0.3424765,-0.26909408
-0.38638577,-0.7452852,-2.7926846,-2.4358394,-0.5605909,0.72722226,1.2529614,0.88245976,-0.10546135,-0.78904325
-0.40594262,-0.685933,-2.0272028,-2.3885143,-0.82385087,0.9855389,0.8696336,0.22362491,-0.04404379,-0.010538638
-0.25642297,-1.1640856,-3.519489,-2.9370558,-1.2964742,1.322717,1.8963205,0.87453896,0.493678,-0.5099755
-0.63135535,-1.2890195,-3.334874,-3.3492377,-1.2622281,1.2231463,2.306571,1.31612,-0.1724423,-1.1760252
-0.4475663,-1.4131896,-3.436364,-3.24841,-1.3362576,1.123247,1.4850239,1.0273763,0.22855818,-0.55844975
-0.31419885,-0.90773594,-3.3624394,-3.2650142,-1.2184566,0.89325845,1.8351775,0.88163203,0.1315116,-0.62206167
-0.09150163,-0.9501462,-2.1723142,-2.60165,-1.2629863,0.682088,1.6341099,0.9095172,0.17847446,0.09864734
-0.89709204,-1.2150636,-2.2348087,-2.0532303,-0.6912291,1.0177088,1.3976051,0.49416915,0.1276229,0.0451062
-0.49057823,-0.9500919,-3.5191832,-3.102089,-1.3709382,1.424438,1.9258635,1.5710081,0.2032207,-0.56176627
-0.34859422,-0.86436355,-2.385767,-2.4927754,-0.74546653,1.2819828,1.2273115,0.76339,0.08082467,-0.6848153
-0.9269817,-1.2299967,-3.6609716,-3.8808434,-1.2650273,0.9295482,1.7538445,0.6504125,-0.29602394,-1.1351051
-1.0481886,-0.5334655,-2.060697,-2.4903522,-0.6084926,0.8359782,1.6249279,0.73365957,-0.44513112,-0.8893855
-0.52288187,-1.4433738,-3.1086574,-3.0331144,-0.69424194,0.7461529,2.2059631,1.1497805,-0.22537793,-0.36054558
-0.3830562,-1.3745397,-2.7194085,-2.854147,-0.98417306,1.54851,1.931527,1.1323061,0.40577617,-0.5320799
-1.0636625,-0.824624,-2.428642,-2.105925,-0.74009734,1.3819124,1.6749344,1.3792051,0.17536278,-0.49082935
-1.2016959,-1.2192398,-2.5135267,-2.9756885,-2.014994,1.0798322,1.6095973,0.9162615,0.06348057,-0.0075659095
-0.4957886,-1.2723364,-2.9569566,-2.9299636,-1.1960393,1.34557,2.5224633,1.752975,-0.26880082,-0.41455767
-0.615118,0.16192602,-2.7027695,-2.9029856,-1.0426257,0.7930577,0.9661998,0.63309586,0.2727392,-0.34973255
-0.8991258,-2.3925042,-3.934354,-4.0566654,-1.4600328,1.7392509,2.794032,1.6245114,-0.5538952,-1.0851557
-0.9637007,-3.4092329,-4.1707463,-3.6107242,-1.420388,1.482917,2.4814558,1.1962588,-0.14229879,-0.9534719
-1.0255436,-0.9730662,-2.6786501,-2.477129,-0.7881018,1.016193,1.1957003,0.42210582,0.037239823,-0.4631352
-1.3166933,-1.3390881,-3.6128047,-3.0220826,-0.78391975,0.89133877,1.6949385,1.3541571,-0.09144851,-1.0466533
-0.6194621,-0.6770262,-3.151064,-3.4270425,-1.4568825,1.3267189,1.6492536,1.0795964,0.5044268,-0.30149794
-0.769736,-1.1112959,-2.0837502,-2.319195,-0.498873,1.0890061,1.284245,0.7579296,-0.12714309,-0.689704
-0.54358745,-0.8461934,-2.6776261,-3.0899236,-1.2215015,1.2630209,2.0561469,1.0798755,0.20831643,-0.026318261
-1.0485286,-0.61484677,-2.715816,-2.900711,-1.0128092,0.6869012,1.2667724,0.7433209,-0.60347176,-0.6547319
-0.7089558,-1.0032798,-3.3143973,-2.7148833,-0.8948086,0.6370444,1.5416509,1.2853591,0.06551582,-0.62146723
0.060692523,-1.119989,-3.1682823,-2.6252844,-0.4400557,1.4103606,2.3155556,0.79297733,0.04514553,-0.6801786
-0.07154036,-0.66898936,-2.5520227,-1.761631,-0.7206092,1.1519539,1.6199938,0.94669396,0.24134038,-0.2565246
-0.9130647,-0.590918,-1.2697756,-1.7529877,-1.0093533,0.7656527,1.1898433,0.2774834,-0.14143346,0.010898308
-1.4284981,-1.3510908,-3.775533,-3.3302135,-1.6309891,0.97375655,2.0388298,1.0493718,-0.5894768,-0.4492283
-1.0934241,-1.4369836,-2.7551491,-2.7965653,-0.8269473,1.1504949,1.7889609,1.0392036,0.12050394,-0.7455347
0.11587318,-0.7378803,-2.6770144,-2.0422058,-0.80313885,0.73095006,1.3550223,0.57600975,-0.09224582,-0.48052
-0.22895376,-0.9310265,-2.787646,-2.415361,-0.79293954,1.4195745,1.8707931,1.1215535,-0.12182005,-0.2802308
-0.19538161,-1.4145135,-2.7446833,-2.763326,-0.91501456,1.2344675,2.2002037,1.4463712,0.032462988,0.24822181
-0.43794417,-0.67831147,-2.7574656,-3.0881608,-1.2355814,0.9316504,1.5112462,1.1263098,-0.06066751,-0.1888384
-0.79017615,-1.7746215,-3.8568494,-3.366897,-0.9437183,1.0237558,2.2233548,0.7527605,-0.5289407,-0.4196755
-1.5803574,-1.6336948,-3.8040557,-3.6518643,-0.8140512,0.97058964,1.7017913,1.2376802,0.024372056,-0.604636
-1.076774,-1.2139579,-2.5476725,-2.5675683,-0.7479916,0.66131634,1.7100149,1.1777585,0.25996202,-0.9617651
-0.34761387,-0.7098566,-2.1808472,-3.0796213,-1.0675678,0.59879327,0.90341395,0.8040561,0.019134613,-0.5495328
-0.87595236,-1.2603759,-3.533062,-3.303952,-1.2504861,0.76845115,1.722012,0.99555635,0.28475538,-0.12800491
-0.61277884,-0.9281876,-2.5949156,-2.7032561,-1.2387884,1.2483329,1.8456737,0.91339064,0.16203913,0.043682713
-0.1476698,-1.3571765,-3.5465775,-3.0264235,-1.2588689,0.5880636,1.763882,1.2852249,0.04401415,-0.55217075
-0.25649863,-0.701457,-2.6359792,-2.1339333,-1.0232121,0.49460018,1.2002863,1.0372785,0.21728623,-0.20823993
-0.2553872,-1.5198524,-2.9138308,-1.1552998,-0.61214375,0.88865674,1.751264,0.9283388,-2.443865,-0.9038708
-0.6887639,-1.0789956,-3.2496579,-3.1641674,-0.49969617,1.4343208,1.8353766,1.6101094,0.77838194,-0.2752469
-1.5470338,-1.4952477,-2.7616832,-3.0794063,-0.8460029,0.7981141,1.5612545,0.768089,0.036821045,-0.6438486
-0.2773253,-1.184355,-2.4897943,-2.5004566,-1.2416127,0.9954177,1.5685983,1.0983969,0.24624075,-0.44406506
-0.26518825,-1.0610136,-2.5635223,-2.3784208,-1.2023761,0.8916949,1.6223229,0.92182636,-0.14086094,-0.28734347
-0.48234093,-1.1740147,-2.6392524,-2.7575924,-0.5782763,1.2427299,2.1849146,0.86380434,-0.40071073,-1.2049364
-0.40095678,-0.11921,-2.218594,-2.0695686,-0.5997942,1.2583101,1.3840032,0.22709975,-0.38790143,-0.4731523
-0.4604232,-1.079323,-2.6186323,-2.518734,-0.8880986,0.52745086,0.9164857,0.73718053,-0.28544447,-0.21041742
-0.52362597,-0.89404535,-2.6320581,-2.943752,-0.8707065,0.59593374,1.6296003,1.4200214,-0.19098094,-0.4238433
-1.0432186,-1.0385188,-3.6259143,-2.6411502,-1.212937,1.0328169,1.6252198,0.64748335,-0.37740806,-0.9545806
-1.0618438,-0.97892696,-3.121647,-2.7456644,-0.9335387,1.0172021,1.2119789,0.9103227,-0.32745597,-0.6528277
-1.0192777,-0.7230143,-2.3586743,-3.123547,-1.0143052,0.75404143,2.122511,0.6561216,-0.3872705,-0.745921
-0.3586374,-1.4914371,-2.9869933,-2.5310445,-1.0631266,1.2869772,1.8770143,1.418546,0.33826077,-0.81444854
-0.14420041,-1.5058746,-3.2226567,-2.5087824,-0.774548,0.8951208,2.2661183,0.701595,-0.29493695,-1.0074402
0.14175838,-0.92132866,-2.8513293,-3.0453665,-1.213839,1.135763,1.7426116,0.76604754,-0.078630924,-0.42385083
-0.45202962,-0.76307327,-1.7214105,-1.7418674,-0.604668,0.6589763,1.0661405,0.63935876,-0.060881548,-0.052327514
-0.103656895,-1.2127532,-3.5182686,-3.4866018,-1.030184,0.98371446,2.2480972,1.2312902,-0.25993344,-0.72016144
-0.96340907,-1.1734526,-2.7382731,-2.6707966,-1.0028195,1.22674,1.0694424,0.9278092,0.11680924,-0.20562875
-0.48573303,-1.7191385,-3.9981275,-3.499257,-1.3232216,1.6268666,2.2699535,1.5121,0.11660421,-1.3091948
-0.8429753,-1.7410992,-3.177131,-2.8660266,-0.8704719,0.91637856,1.1579273,0.80100477,-0.8871368,-1.0778992
-0.51993626,-1.4946185,-2.7595975,-3.107877,-1.3636726,0.99975485,2.080353,1.6496723,-0.2149659,-0.7991567
-0.30200198,-0.8511919,-2.7083204,-3.1017191,-0.6368186,0.965079,2.0097656,1.1631104,0.107723944,-0.6988937
-0.07962269,-1.2685624,-2.9901428,-2.4074168,-0.76372594,1.1341208,1.7824332,0.9622102,-0.45785853,-0.7309075
-0.9420032,-1.656479,-3.8911958,-3.2818084,-1.3823726,1.3880327,2.3966043,1.2946802,-0.08001143,-1.3967652
-0.49231774,-1.6231332,-3.685151,-3.1402125,-1.0350382,1.1209512,1.797082,1.729817,0.4933602,-0.8272505
-0.27119148,0.15982136,-1.9771502,-1.7040882,-0.74920946,1.1400545,0.9096376,0.3767036,-0.35754997,-0.54048806
-0.26184747,0.945843,-1.0766398,-1.8316797,-0.49076325,1.239492,0.9979293,0.6201906,0.008941391,-0.224047
-0.1173759,-0.8066807,-2.492384,-2.6842601,-1.3749563,1.2502398,1.616822,0.9066771,-0.11040403,-0.64283884
0.40454167,-1.5846199,-2.4441555,-2.1885312,-1.2490433,0.62120247,1.2306134,0.88877356,-0.5218966,-0.24736328
-0.6892125,-1.1375779,-3.1152773,-3.4170635,-1.2852616,1.3613137,1.7418839,0.95204747,-0.06902597,-0.27691245
-0.60280615,-1.5772358,-3.701451,-3.000272,-1.5828751,1.5329425,1.9407932,1.2104895,0.28998044,-0.70710045
0.05069559,-1.4378568,-3.076672,-2.503478,-0.51410204,1.1392267,1.6876556,0.6968806,-0.700241,-0.9421948
-0.07922077,-1.1294401,-2.754023,-2.7433727,-0.9272248,1.0642884,1.7593076,1.4750271,0.040070098,-0.27403772
-0.40749043,-0.21507782,-2.1458635,-2.9398408,-0.97635096,1.0601469,1.3952259,0.5032786,-0.018148962,-0.024691008
-0.41556624,-1.0450361,-2.1899714,-3.126612,-0.83750176,1.1727502,1.3618832,1.0279541,-0.16109428,-0.38802615
-0.34212577,-1.2803196,-3.5550208,-3.5049515,-0.8418121,1.4392157,2.328436,1.1832198,-0.485575,-1.2325515
-0.6447574,-1.7188592,-3.7070963,-3.6793063,-0.7491283,1.6011364,2.334833,1.4062947,-0.64799875,-1.2673478
-0.55511713,-1.1201932,-2.9191658,-3.0235357,-0.51897204,1.5505614,2.0191927,1.0759631,-0.061583698,-0.8898433
-0.24759805,-1.5090444,-3.622464,-3.002874,-0.7902733,0.9974256,1.535232,1.1499698,0.14681561,-0.46810713
-0.61616266,-1.8873605,-3.6362286,-3.2058225,-0.69854736,1.2878888,2.2720604,1.2321923,-0.19390361,-1.2561829
-0.62841475,-1.1076576,-3.0811539,-2.4101222,-1.0216997,1.3181024,2.064273,0.93896556,-0.37186334,-0.39939666
-0.27241755,-0.8966891,-2.0019534,-2.184331,-0.7980157,0.5466945,1.5483826,0.5649897,-0.015160892,-0.06280213
0.44784364,-1.0423758,-3.4920294,-3.208055,-0.7190791,1.0507373,1.9009013,1.3460485,-0.06855885,-0.29823792
-0.72975266,-1.4820244,-3.4838817,-2.7780519,-1.6986544,1.4452089,1.6983356,0.74991405,0.30258307,0.2855477
-0.79894274,-1.1121228,-2.3787327,-2.7292902,-0.634302,0.77970046,1.2547104,0.76818305,-0.40503815,-1.1917889
-0.48991835,-1.372094,-3.119614,-3.6282344,-0.9708749,0.9774703,1.3169773,0.97059566,-0.028504005,-0.39666876
-0.1780859,-1.0993534,-2.4263628,-2.2267995,-0.89540684,0.9250366,1.5997652,0.82579994,0.43713048,-0.7507919
-1.0595566,-2.1328099,-5.3277373,-4.475659,-1.4250355,2.6968813,2.5052915,2.2063036,-0.081327945,-1.3184999
-0.36723733,-0.49515748,-2.0713906,-2.0197003,-1.0649788,0.7703561,1.0430193,0.5233424,-0.32029352,0.08216091
-0.2802227,-1.3420293,-3.2409444,-2.3705168,-1.2294768,0.8974468,1.9513974,0.9790436,-0.13379163,-0.2520764
-0.6025312,-1.6690662,-2.7891817,-2.533051,-0.8659225,0.76800907,1.1930971,0.56863004,0.022168564,-0.8929449
-0.3880909,-0.85706306,-2.4297082,-2.816107,-0.68140215,0.89728343,1.5227431,0.9850165,0.648235,-0.20337711
-0.4157913,-1.0418969,-3.302102,-2.6846259,-0.8396712,0.93358266,1.7735422,1.4236906,-0.07409994,-0.44030446
-0.899199,-1.1711359,-3.1500747,-2.8895047,-1.177342,0.54968435,1.4413173,0.5498938,0.05471794,-1.2336159
-0.862376,-1.5070051,-3.966024,-3.3048506,-1.007447,1.865951,2.354952,1.8533248,0.3636224,-0.6933759
-0.36650613,-0.8287567,-3.046751,-2.3664913,-0.5054917,0.9034307,1.6379697,1.3223811,-0.17903014,-0.8135369
-0.30183923,-1.2883891,-2.7343318,-2.8876922,-1.0035963,1.2037807,1.5291702,0.9284741,-0.008648273,-0.6008457
-0.48816684,-1.2232285,-3.610344,-2.5283546,-1.0923331,0.87296474,1.4461606,1.261218,0.3814481,-0.6097228
-0.9147166,-1.1887833,-2.609504,-3.0496554,-1.0556928,1.0991821,1.7810636,1.4673885,0.37578222,-0.6160358
-0.39116383,-1.4131073,-2.5370018,-3.3546479,-1.655388,0.70289165,1.792661,0.86328727,-0.26496077,-0.028437989
-0.37145177,-1.4073834,-3.0841796,-2.696403,-0.662558,1.6957905,1.8248518,1.5627048,0.01172133,-1.0954103
-0.8072947,-0.96871144,-2.8932984,-2.6149125,-0.9406092,0.93369675,1.8628957,1.2461913,-0.2351142,-0.786656
-1.3021321,-0.9957839,-2.8879158,-3.066287,-0.7481336,0.66278577,1.3211055,0.9114192,-0.440691,-1.3717694
-0.33256245,-0.8175577,-3.439351,-3.6435428,-1.1664102,1.2264409,1.8437308,1.2667317,0.032377586,-1.0964128
-0.3612777,-1.0569232,-2.4820209,-2.79204,-0.89634985,0.8212847,1.6263503,0.86619055,-0.12527093,-0.7525163
-0.5388897,-1.6747715,-3.0966733,-3.126946,-1.2390577,0.80615324,1.8998104,1.319337,-0.13569054,-0.27781516
-0.631019,-0.55516297,-2.2857184,-2.5150163,-1.3305969,0.73132867,1.9001595,0.5001638,-0.010813734,-0.062287033
-0.5932353,-1.897599,-3.4438627,-3.0869336,-1.1487129,0.3075859,1.538908,1.555649,0.12520589,-0.69349563
-1.1701488,-1.7120818,-3.8396466,-2.940082,-0.68016726,1.530764,2.0711668,0.73886997,-0.1773333,-0.83904505
-0.5926636,-0.65355307,-2.3455696,-2.9805057,-1.0980741,1.0536664,1.9886463,1.334618,-0.152316,-1.0620933
-0.541472,-0.98989105,-2.1075783,-2.0728536,-0.46824852,1.2303531,1.5418878,0.605604,-0.49942172,-0.9454359
-0.7047955,-1.5235227,-1.8123846,-1.8184594,-0.77847594,0.5452186,1.0246137,0.6628804,-0.5676673,-0.21230985
-0.9017598,-1.1509805,-3.1070027,-2.8655772,-0.82306385,0.84017956,1.2339894,0.2636813,-0.14509314,-0.90142864
-0.45308974,-0.8537543,-2.4094195,-2.4840448,-1.1120788,0.90320265,1.9774021,0.98246837,0.5629638,-0.551662
-0.34873098,-0.93430376,-2.8535693,-2.1599932,-0.6537948,1.3477452,2.1562366,0.6142742,-0.48513904,-0.07847211
-0.6220694,-1.2967385,-3.4057236,-3.2885149,-0.88025314,0.48823616,1.5166087,0.6277277,0.11316844,-1.1403397
-0.6322243,-0.88076645,-2.549897,-3.3690145,-1.4807867,0.49314973,1.8961418,1.317129,0.13955194,-0.28939614
-0.69874084,-1.0552557,-3.1805084,-2.597785,-0.76199317,1.5223625,1.908784,1.5184493,-0.18415964,-0.97987556
-0.6718552,-1.6074866,-3.5674157,-3.7363076,-0.8374191,1.2672933,2.2876883,1.1023476,-0.278384,-1.0349973
-0.9755922,-1.5397985,-3.7628295,-2.6112492,-0.5256391,1.2218785,1.6727358,1.2201419,0.09670842,-1.0089086
-1.4301376,-0.9718317,-3.3495028,-2.7290308,-0.5024294,1.0585221,1.8110842,1.0123221,-0.15740132,-0.9909373
-0.31771028,-1.2654274,-2.7428424,-2.8856332,-1.3612033,1.3343244,1.5334603,1.0002717,0.6381419,-0.18029642
-0.20256315,-1.2024152,-2.3846529,-2.3412821,-0.7075967,1.1784973,1.991867,1.1154321,-0.117440514,-0.78764665
-1.2298912,-1.804391,-4.0256333,-3.601875,-1.2162055,1.0685037,2.0907688,1.2349199,0.11894361,-0.5691967
-0.09513643,-1.3126357,-3.4722989,-2.3643756,-0.44823724,1.050009,1.4585627,0.800754,0.36207438,-0.64082813
-0.5382241,-0.92885196,-2.6470299,-3.1598408,-1.4446917,0.6605365,1.3859589,0.40871063,0.10811886,0.095865324
-0.75697786,-1.2171875,-3.59306,-3.6790295,-0.76645803,0.8542844,2.2995384,0.8959704,-0.20635627,-0.762005
-0.49032763,-1.9473611,-3.8642557,-3.886844,-1.2567497,1.413137,2.3637214,1.835897,0.061391708,-0.476257
-0.45440742,-1.1268535,-2.28332,-2.5305355,-0.5754301,1.0363322,1.0009356,0.35430774,-0.12086199,-0.1420539
-1.5913588,-1.4010954,-1.9554632,-2.3754625,-1.2697697,-1.2139667,0.78429425,0.67857337,0.26715946,-0.40649793
-0.48604828,-0.29269415,-2.7415113,-2.199462,-0.90521115,1.1017313,1.9645756,0.63786757,-0.16803427,-0.44606298
-0.16343522,-0.9417013,-2.5392983,-2.6660285,-0.6950341,1.0601678,1.8028481,1.0848591,0.08010884,-0.40706044
-0.21068409,-1.7451048,-3.569352,-3.2537067,-1.051211,1.1707045,1.8893356,1.5718324,0.3825886,-0.32341108
-1.2307252,-1.1327683,-3.217729,-3.2310643,-0.6980789,1.6573753,1.9754137,1.1601548,0.13417307,-0.65701896
-0.529172,-1.5129759,-3.5142803,-2.533748,-0.98810226,0.6695954,1.6754091,1.7152094,-0.13532837,-0.2552346
-0.53893244,-0.8983786,-2.0766299,-1.9588882,-0.8431667,1.1023384,1.3073838,0.943617,0.54332477,-0.47564167
-0.8558499,-0.80227196,-2.4331717,-2.3646843,-0.8455524,0.992848,1.3904204,0.352571,0.3634028,-0.75436693
-0.30890763,-0.30844203,-2.1158347,-2.4393158,-1.186712,0.7416438,1.3003987,1.3126279,-0.31036863,-0.31302544
-0.7325879,-1.241149,-2.7900646,-3.7944953,-1.5409392,0.82181656,1.4596741,0.77221364,-0.27451113,-0.6630609
-0.231866,-1.351608,-2.9714491,-2.6723166,-0.77510816,1.498711,2.0121076,0.9849196,-0.5263607,-1.2198652
-0.7219733,-0.74123096,-3.2336276,-3.116446,-1.3432109,0.6899925,1.3847252,0.8417574,0.27840224,-0.6014323
-0.4089183,-1.2757157,-2.3092551,-3.1350474,-1.042052,1.2678455,2.2573621,1.1314521,0.21056746,0.032716125
-0.9831726,-0.9987861,-3.594472,-3.6529198,-1.4950341,0.8530092,1.6264662,1.4451638,0.077275716,-0.6267335
-0.07505377,-1.0791632,-3.1570916,-2.799274,-1.2953968,1.1262329,1.6335261,0.64529127,-0.058552988,0.02671621
-0.5870564,-0.97243416,-1.872174,-2.20498,-1.2699372,0.81164956,1.9905657,0.8112358,0.19474399,0.49350625
-0.9708684,-0.936718,-3.091684,-2.7617354,-1.158386,1.3750926,1.6540474,1.0256919,-0.002392501,-0.19083734
-0.4476773,-1.1046627,-2.9401462,-3.0257387,-0.6683524,1.2198888,1.4909096,0.5283752,-0.5872126,-0.6746345
-0.49162686,-1.665955,-2.940237,-3.4557228,-1.4731272,0.9516982,2.1769125,1.6510018,0.073533334,-0.39132518
-0.9890502,-0.7171879,-2.1161048,-2.9076135,-0.28904933,1.3934633,1.7548813,1.0181699,0.029356845,-0.47272554
-0.023283344,-0.43363166,-2.694311,-2.5142002,-0.95415133,0.8181822,1.6790191,1.1981382,-0.2450642,-1.2182614
-0.41907442,-0.8498167,-2.8234289,-2.2381094,-0.48261052,1.0415919,2.1799674,1.2300086,0.112377726,-0.62822473
-0.83713937,-1.0493138,-2.7911158,-3.121181,-1.5948594,0.8242872,1.7397912,1.7425886,0.32806265,-0.32877633
-0.98840123,-1.3905101,-3.3734481,-3.6333897,-1.0516045,0.9456613,1.5337591,1.16854,-0.20038372,-0.68164736
0.110371724,-1.3131747,-3.006556,-2.0830495,-0.6479829,1.1555485,1.9239151,0.7091575,0.17269406,0.14478868
-0.57329184,-1.3345093,-3.2499077,-3.2329657,-0.5882858,0.79571146,1.7592124,0.9291039,-0.053775765,-0.74223137
-1.2451612,-1.5274837,-3.840092,-3.9063418,-1.0030205,1.2543352,2.402107,0.9169888,-0.26248217,-0.5163768
-1.2714809,-0.6875206,-2.9521937,-3.0092976,-0.881916,0.5130488,1.7958459,0.5047925,-0.22277378,0.012199468
-0.08797184,-1.4667236,-3.74062,-2.6538587,-1.0066035,1.0476156,2.3796384,1.7425641,-0.0063350513,-0.5402501
-0.7190715,-1.5220791,-3.916236,-4.028514,-1.4139684,0.87817425,1.9255021,1.5257847,-0.07486096,-0.68624383
-0.18860126,-1.3382747,-3.0658002,-2.9795759,-1.0718164,1.1237459,1.8253666,0.96025187,-0.09065014,-0.5405134
-0.36366883,-0.42848027,-1.8035852,-2.0472114,-0.6983742,1.0671769,1.9712963,0.4334292,-0.14095859,-0.27007058
-0.8589118,-1.0786288,-3.0733356,-2.9270024,-1.1504968,0.7938588,1.2843045,0.5338337,0.15587692,-0.68728065
-0.7569775,-1.1618431,-2.3169904,-2.608756,-0.6454026,0.93968713,1.7174509,0.7218038,-0.37726137,-1.314684
-0.72286224,-0.55153894,-2.5167975,-2.329609,-0.591128,0.9031795,1.192877,0.43527418,-0.007726598,-0.3522982
-0.53607094,-0.93728906,-3.287459,-3.0201423,-0.72433,1.2550067,1.7114396,1.3225182,-0.52381897,-0.9984132
-0.15107024,-1.2158952,-3.1586802,-2.4880743,-1.0971941,0.37803927,1.6206583,1.3005883,0.22600204,-0.6098006
-0.01398571,-0.6217019,-2.4142756,-1.9926643,-1.0353307,0.35428452,1.5562774,0.64002997,-0.32064947,0.03171009
-0.3631758,-1.5940225,-3.3355858,-3.408887,-0.8968232,1.1231251,1.7411059,1.6710675,0.21332192,-0.89286536
-0.9375483,-1.1816444,-3.3772893,-3.0712922,-1.3137532,0.9063028,1.5711409,0.9111332,-0.5899147,-0.5337202
-1.2749311,-1.6498299,-3.4374573,-2.8881664,-1.1642059,1.085952,1.3851929,0.49516118,-0.4609675,-0.53207856
-0.2710618,-1.2293756,-3.49636,-3.1458433,-0.9353214,1.0227741,1.4011636,0.88185614,0.43738762,-0.72510123
-0.5489518,-1.20804,-3.3569188,-3.5600643,-1.2094865,1.0640516,1.7263669,0.8116447,0.22308043,-0.3537775
-0.46223015,-1.0714577,-2.1430109,-2.366485,-1.0012025,0.29454198,1.2104199,0.6770141,0.48470688,-0.010799397
-0.5281247,-1.4287928,-3.7732701,-3.5144546,-1.1300648,0.7595295,2.500167,1.084325,-0.001543522,-0.5884724
-0.6716291,-1.200944,-3.5471923,-3.4205873,-1.1996406,0.75853896,1.2926725,0.7355673,-0.016355142,-0.88269705
0.3263802,-0.6020175,-2.4252505,-2.1455476,-0.99897426,0.9329409,1.635436,1.0264771,0.27025816,-0.0036589738
-0.7834158,-0.73584443,-2.4153075,-2.1445284,-0.42167827,1.1841706,1.5363395,0.918738,-0.04518115,-0.4838655
-0.88646346,-0.75319326,-3.1951916,-3.4100015,-0.9243391,1.0630083,1.3217828,0.39787772,-0.31036255,-0.56977534
-0.10057312,-0.85953563,-2.2207158,-2.9176135,-1.0502276,1.0662236,1.9320741,1.185679,0.46778542,-0.48233035
-0.09452416,-0.86199856,-2.816381,-2.188944,-0.39012802,0.91369385,1.0404104,1.0080596,0.23833627,-0.57957274
-0.25221565,-0.93916965,-2.5921643,-2.3255877,-1.16757,0.5437991,1.9904678,1.2723442,0.024602873,-0.6663142
-0.124117345,-0.8610537,-2.6915154,-2.816115,-1.0170234,0.35405296,1.7155974,1.1409023,0.44971836,-0.028197857
-1.0414007,-1.4174311,-2.46831,-2.4807262,-0.69321054,0.5371722,1.4125336,0.77336013,0.09645711,-0.5526905
-1.0799816,-0.9987933,-3.4937346,-3.4074917,-1.4927617,1.4398073,2.2391214,1.4173102,0.04177592,-0.561969
0.20310055,-0.47590375,-2.5404222,-2.5054152,-0.9663198,1.2009053,1.8786887,1.2969599,0.25718126,-0.35964268
-0.980897,-1.4874966,-2.606872,-2.5665712,-1.3114703,0.7823766,1.4501544,1.0168183,-0.3313979,-0.72130775
-0.9889112,-1.2015058,-3.0762203,-2.740328,-0.91953164,1.0371011,1.125327,0.9162021,-0.182125,-0.3694241
-0.15472177,-0.095936775,-1.9896958,-2.4291031,-0.6562266,0.65372443,1.1803242,0.31339118,-0.32113674,-0.2636681
-0.34844735,-0.14593658,-2.5189145,-2.2543318,-0.82992816,1.1581594,1.3480656,0.8808184,-0.056639623,-0.13306446
0.08188143,-1.240118,-3.2969286,-2.887729,-1.097958,1.3106077,2.2684612,1.2148719,-0.37485343,-0.29967684
-0.49818507,-1.0537632,-2.7331934,-2.6924055,-1.4903622,1.5391616,2.100561,1.4155676,-0.016030075,-0.22114936
-0.124098495,-0.5776974,-2.3384657,-2.457305,-0.84071213,1.3803842,1.0161684,0.9128476,0.49766168,0.11471944
-0.6306884,-1.0167503,-2.5891879,-2.453801,-1.3362483,0.6554284,1.5830235,0.6993803,-0.5394508,-0.08962535
0.09706957,-0.8311176,-2.7589161,-2.1577997,-0.73743135,1.1474417,1.854379,1.1567216,0.0312748,-0.20100003
0.31144276,-0.8346303,-2.9543464,-2.8522198,-0.8612358,1.2068063,1.620018,1.310215,-0.23874323,-0.8324224
-0.21278897,-1.4438345,-3.6636848,-3.375188,-1.188668,1.0858132,2.1653519,1.4860153,0.23548993,0.41991103
-0.5190222,-0.9947485,-3.0186684,-2.6245396,-1.0557303,0.9505689,1.5966805,0.660495,-0.19783647,-0.40629274
-0.82694685,-0.57080275,-2.4409235,-1.7648202,-0.8145781,0.33948493,0.87292916,0.46110156,0.30626097,-0.8436565
-0.3675042,-0.21977478,-2.4309957,-2.3070498,-1.4633137,0.3001147,1.0460712,0.6556227,-0.1162561,-0.108411774
-0.6374944,-0.4768196,-2.2888682,-1.8105352,-0.92216754,0.9261875,1.7622238,0.78575855,-0.13718429,-0.51860815
-0.4616941,-1.4946082,-3.7155735,-4.0785794,-1.6389325,0.97607744,2.2408001,1.9243432,0.24823852,-0.75505006
-0.55725867,-1.0786114,-3.698055,-3.709374,-1.522417,0.4514966,1.9258226,1.8514295,0.3100178,-0.107414715
-0.5207493,-0.05550931,-1.869065,-2.4484599,-1.1513988,0.8207714,1.4254127,0.4818023,0.0026302692,0.20964323
0.089331545,-1.3470819,-3.4859278,-3.1093009,-0.8632277,1.2006847,2.2010746,0.8968285,-0.20052628,-0.7331309
0.034933303,-1.1142511,-2.5612504,-2.783791,-0.95712876,0.39971575,1.495528,1.1724192,0.16882977,-0.72365785
-0.6171693,-1.3838627,-3.0852592,-3.0253515,-0.78186035,1.2176296,1.5619524,1.1560096,0.06583641,-0.8433414
-1.1185508,-1.4362646,-3.7460241,-3.335763,-0.7482617,0.93394566,1.9891723,1.2779683,-0.06973056,-0.22208408
-0.47638783,-0.97753865,-2.7290235,-2.9391217,-0.97343343,0.45057872,1.6827893,1.1074277,0.067842804,-0.21716891
-0.84488815,-1.2227887,-3.5512638,-3.0152924,-1.0628052,1.1265446,2.0665743,1.1314813,-0.08484965,-0.78072506
-0.9209446,-1.0702184,-2.5954564,-2.0449092,-0.65641725,1.197235,1.8732803,0.93465036,-0.18385245,-0.53850466
-0.347076,-1.0783178,-2.8211584,-2.907391,-0.8795719,1.0771183,1.850063,0.9418161,-0.85032135,-0.9535355
-0.69610953,-1.4511532,-3.6185431,-3.2257748,-1.2153629,1.1133312,1.8999236,1.0154127,0.23946086,-0.46945968
-0.08096492,-0.90419024,-1.907602,-1.6076065,-0.56578887,1.0137764,1.4752674,0.802952,-0.35967383,-0.49245504
0.051996157,-1.2972031,-3.61761,-2.410281,-0.6955072,0.9861862,1.681048,1.34209,-0.1384149,-0.07393226
-0.8533901,-1.5772734,-3.681115,-2.8849175,-1.0797198,1.0767273,2.2333283,1.0904325,-0.21736826,-0.20412092
-0.29502895,-0.4854749,-2.4815717,-2.5403602,-0.7017077,1.1692924,1.8188151,1.0741599,-0.059427246,-0.44340557
-0.625376,-2.4407926,-3.8249836,-3.662381,-1.2454185,1.174053,2.3965342,1.0316626,-0.07508168,-0.51268953
-0.21460404,-0.87771493,-3.1143823,-2.8258674,-0.48305392,1.1849552,2.009687,1.145539,-0.078031674,-0.343499
-0.36977288,-1.5655906,-3.2590425,-2.6414285,-0.5329902,1.1575792,1.8837367,1.1541982,-0.11870891,-0.5109812
-0.38654888,-1.3002818,-2.8397162,-2.857704,-1.249694,0.5786674,2.0062711,1.0492138,-0.016072575,-0.51683456
-0.85582274,-1.5180461,-3.4099598,-3.2531705,-1.2618256,1.3673097,1.7904179,0.92965263,0.037378695,-0.9663909
-0.17986667,-1.2116714,-3.1892176,-2.7942767,-1.2751772,0.8781491,2.258547,1.4181638,0.489201,-0.66968024
-0.356065,-1.0367677,-2.7383115,-3.067573,-1.4052471,1.219018,1.9727514,0.6469117,-0.58741647,0.12406854
-0.9160223,-0.81427115,-2.626619,-2.3044028,-0.8815379,0.99873865,1.2745327,0.64144033,-0.39347282,-0.36162725
-0.13022363,-0.8167186,-2.342334,-2.2529905,-0.3982054,1.3719784,1.5805174,1.0856674,-0.32542288,-0.51403666
-0.04760239,-0.79662985,-3.105991,-2.1844513,-0.87753206,1.1303664,1.5164744,0.53445077,-0.41697863,-0.19701287
-0.51602316,-1.4692013,-2.9503431,-2.6609187,-0.9420443,1.0085092,1.953836,1.0993916,-0.19624972,-0.7837138
-0.44276616,-1.2392731,-3.71034,-3.1843796,-1.5336608,0.5953153,2.2132664,1.382769,0.32303765,-0.46015865
-0.115460806,-1.2855343,-2.582911,-3.0297387,-1.5397382,0.5315035,1.7585735,1.2530055,-0.13985717,-0.17005901
0.26517555,-1.017241,-2.7679293,-3.2330585,-1.4619085,1.3421335,2.7422066,1.0855433,-0.046051305,0.094816506
-0.4462124,-0.7729192,-2.9028444,-2.7554953,-1.3127822,1.2306106,1.6778786,0.8887601,-0.0068587093,-0.3924704
-0.74394757,-0.93851984,-3.4767842,-2.9024823,-0.9979838,0.9647296,1.7230217,0.7842081,0.24366985,0.18595529
0.19208114,-0.9610673,-2.1654623,-2.1840832,-0.80968916,0.8011043,1.3108635,0.96423155,-0.08656478,-0.116479136
-0.50318015,-1.1091069,-2.9167671,-2.9476671,-0.6190188,0.5587102,1.8106009,0.9823425,0.0301749,-0.3713502
-0.19540249,-0.9701473,-3.0499644,-2.5140758,-0.9620709,1.1484985,1.514568,0.8667575,-0.014196476,-0.33357057
-0.16353711,-0.92498046,-3.097254,-3.0519102,-1.251781,0.9560272,1.5737517,0.98236954,0.18289909,-0.06689098
-0.12251063,-1.1029158,-3.2058733,-2.9542124,-1.2200338,1.0910532,1.8240758,1.2683251,-0.1513885,0.268421
-0.91832364,-2.1509037,-3.5760648,-3.31564,-1.2033675,1.4141061,2.2637417,1.2883263,-0.3112337,-0.41835153
-0.119755834,-1.0008475,-2.3752036,-2.5185435,-1.2741481,0.37425613,1.2686577,1.0801895,0.58493245,-0.0722421
-0.81421953,-1.0791405,-3.3960366,-2.51461,-1.120962,0.84591883,1.3303032,0.46265557,0.18205172,0.19212817
0.08006381,-0.49505705,-2.6752288,-2.635286,-1.1550454,1.1423588,1.5872259,0.54732746,-0.6179667,-0.3370599
-0.6455658,-0.8460142,-3.1553009,-3.4980888,-1.4022001,0.815362,1.7890847,1.3377135,0.65545154,-1.1372136
-0.3210085,-0.9953854,-2.924247,-2.8992662,-1.062614,0.8716512,1.2177703,0.9284862,0.19672264,-0.19004348
-0.6986392,-1.2458242,-2.9419143,-2.9888864,-1.4277503,1.0032141,1.6719567,0.9228056,-0.25933263,-0.77729285
0.099066086,-0.5812638,-1.8473905,-2.020066,-1.3695296,0.3537128,1.4862334,0.5855843,-0.12538487,-0.07197359
-0.17269067,-1.4041513,-3.6189663,-2.332068,-0.9308229,1.3430084,2.26537,1.0841292,-0.1439299,-0.7387541
-1.0863883,-0.4557704,-2.0934446,-2.4115262,-1.1391579,0.8617899,1.0203793,0.5751853,0.015424033,0.4018177
-0.18331127,-0.77863145,-2.5651476,-2.7134578,-0.94554174,0.9527513,1.3883619,0.6468714,-0.31459293,-0.52996945
-0.35379663,-1.483375,-3.394282,-2.8344693,-1.0739402,1.0182432,1.9466627,1.7036581,0.6740819,-0.7816947
-0.072950475,-0.73079187,-1.8450541,-2.2590127,-0.37153426,1.0036077,1.5398299,0.8075985,-0.113547996,-0.25921693
-0.4973813,-1.3333467,-2.8588467,-3.1160867,-1.4895586,0.5727028,1.9527185,1.0459398,-0.32355565,-0.9284519
-0.21463525,-0.72123444,-3.0152617,-2.9684932,-0.9929853,0.86449015,1.2844505,0.523386,-0.110381566,0.04599532
-0.7329959,-1.2077514,-3.301443,-3.131506,-1.133721,1.4009817,1.9151769,0.75035346,-0.0756882,-0.6989259
-0.62730515,-1.6114539,-3.581906,-2.6479945,-1.0595199,1.0634253,2.040911,1.0825721,-0.33817023,-1.2374669
-0.41918495,-1.5801222,-3.2408807,-2.6910396,-0.8658634,1.1253757,1.6687709,0.69668555,-0.024922635,-0.43062985
-0.45490587,-1.342265,-3.4896061,-2.4922628,-1.1961819,1.1615556,1.3485053,0.5118639,0.07788676,-0.06088364
-0.35366756,-1.1280849,-2.4538786,-2.4948714,-1.0805892,0.54260606,1.8089973,0.9929664,0.16378932,-0.61584836
-1.2427865,-1.0805063,-3.6105945,-3.172665,-1.0049217,0.9744158,1.2730923,1.1608615,-0.11856412,-0.55150896
-0.52748954,-0.6354456,-2.8987265,-3.4496741,-1.3239125,0.9884285,1.162367,1.4361414,0.42450354,-0.67617136
-0.22387046,-0.92421365,-2.8377626,-2.2224228,-0.72277474,0.5083269,1.8019178,1.1030596,-0.5819983,-0.51124656
-1.1661588,-1.2159152,-1.6435544,-2.2906523,-0.62807095,0.8951666,1.3416237,0.6557559,-0.0015981854,-0.53009063
-0.78753674,-1.1712302,-3.542011,-3.0639746,-1.3095977,1.257294,1.656684,1.5676816,-0.33630204,-1.2792155
-0.31540915,-1.8580519,-3.2230392,-2.9481847,-0.8089081,1.2933863,1.9254538,1.158816,-0.19236325,-1.4885645
-0.2823018,-1.1268067,-2.4357746,-2.9852571,-1.5826213,1.0715252,1.4844157,0.90614706,0.2551987,-0.07128865
-0.45863044,-1.4687089,-3.3173504,-3.190347,-0.73697233,1.1603968,2.0081325,0.9094109,-0.5338606,-0.38095433
-0.38628754,-1.5975133,-3.4112093,-3.191172,-0.94369376,1.7033695,1.8305123,1.1465707,-0.376851,-1.1388372
-0.31515804,-0.67655814,-2.1652336,-2.2053914,-0.6679193,1.060664,1.3595889,0.31618795,-0.12759477,0.1837724
-0.38393986,-0.8590886,-3.0238566,-2.7791374,-1.3184805,0.64738667,1.5412304,0.71335185,0.20582901,-0.47177315
0.13215905,-1.137805,-3.7291677,-3.367795,-1.0619575,1.4225389,2.4275231,1.460499,0.0980499,-0.78555506
-0.022630721,-1.1930611,-3.799652,-2.9760673,-1.3405511,1.1717017,2.1902544,1.3711773,-0.28446737,-0.46400607
-0.7034026,-1.2855016,-3.2980175,-3.2055354,-1.2894187,0.46948165,1.8073885,1.0064174,-0.5419645,-0.42537367
-0.37566254,-1.2534759,-3.010134,-2.2610707,-0.67602473,1.097281,1.7588707,0.7701987,-0.12139991,-0.7484767
-0.3619461,-0.7522273,-2.5030944,-2.6251717,-0.89004207,0.5311755,1.275759,0.7424963,0.41591224,0.26380977
-0.33931738,-1.6306292,-3.3595202,-3.4205413,-1.6628509,0.8524133,1.805036,0.8470688,-0.029372467,-0.53933066
-0.9795744,-1.3778665,-3.4507854,-3.2330942,-1.4876068,1.00361,1.437535,0.8593447,-0.076525316,-0.76472735
-0.8897056,-1.715316,-3.7567024,-3.7396703,-1.5423845,0.7445332,1.3287184,1.4660215,-0.2760209,-0.9732912
-0.4495379,-0.3614143,-2.1897633,-2.266011,-0.8304872,0.80012196,1.2720927,0.55737716,0.2881004,-0.7455376
-0.3292363,-1.798141,-1.433599,-0.9951883,-0.45150593,2.0389915,-2.5339336,0.40642327,-0.05033753,-0.73688674
-0.02538176,-1.0926925,-2.3532345,-2.6102536,-1.073743,1.3648497,1.5969415,1.2761886,0.29151538,-0.28937638
-0.760983,-0.7088567,-3.0466647,-3.4627237,-1.0507827,0.8607784,2.2359617,1.7489707,0.4183094,-0.10650935
-0.4957546,-1.1313838,-2.7267206,-3.0209997,-1.2533406,0.95212656,1.5738579,1.3072534,0.46184212,-0.70297474
0.19709283,-1.3460858,-2.8118052,-2.1092033,-0.44152847,1.5147455,1.5635346,0.90811616,0.05129692,-0.2913133
-0.45174763,-0.7230368,-2.2279146,-2.0705013,-0.6006081,1.1576828,1.6748687,0.49010545,0.4072207,-0.6738069
0.018308092,-0.90457356,-2.622764,-2.2878282,-0.82076544,1.4423201,1.4064326,0.7497212,0.20753725,-0.7088109
-1.0772383,-1.5376774,-3.7329726,-3.373027,-0.97194195,1.219076,1.6614906,1.1487837,-0.08192354,-0.9775266
-0.94924515,-1.0731848,-3.7879372,-3.1022573,-1.2759671,0.906988,1.9756185,1.4365904,0.2854298,-0.24480104
-0.750753,-1.2805945,-3.4208264,-3.0586467,-0.9557353,0.98886174,1.9842209,0.54097027,0.3027259,0.27758652
-0.42791632,-0.8155134,-2.9151418,-3.4061043,-1.7785794,1.114964,2.220862,1.081448,-0.21453068,-0.24098624
-0.20529947,-0.96133786,-2.340322,-1.9502282,-0.28065398,0.97204816,1.3743943,0.65638286,0.1754916,-0.72867775
-1.0543602,-1.0588183,-3.5623136,-2.9514008,-0.94466513,1.4697397,2.0911984,1.2638946,0.63794047,-0.29078957
-0.03189443,-0.67967826,-2.0956175,-2.6355991,-0.9142729,0.7131321,0.928136,0.93611616,0.2323872,-0.06985019
-0.66151184,-2.0219998,-3.477296,-3.0490084,-0.99096346,1.2961209,2.255643,1.0700352,-0.028779479,-1.1640812
-0.8103869,-1.1433684,-2.5438066,-2.413236,-0.75730944,0.90236765,1.1449772,0.54583913,-0.052462287,-0.27465335
-0.55241805,-1.0950469,-2.0591428,-2.372385,-0.96680444,0.46775684,1.1877035,1.0442634,-0.289004,-0.90125906
-0.83848184,-1.0878669,-2.8800902,-3.090522,-1.109484,0.9344275,1.7950432,1.1767266,-0.18372183,-0.4644559
-0.5707623,-1.269207,-3.7073343,-3.495018,-0.7806997,1.608707,1.853575,0.83052355,0.09947813,-0.4624123
0.05598456,-1.3040891,-2.80973,-2.9373937,-1.0424544,0.9810681,1.9472415,0.9184654,-0.12058061,-0.6015853
-1.1485705,-1.2159381,-3.0310707,-2.787934,-0.9517374,0.39051315,1.1070062,0.8672743,-0.14023468,-0.44116032
-1.0840194,-1.0197777,-3.0239155,-3.1485074,-1.3371791,0.99590504,1.9828151,1.5037043,-0.10660713,-0.6062862
-0.21206973,-1.2050273,-3.4727166,-2.6840534,-0.36452568,1.2345766,1.2089478,0.987945,-0.045026638,-0.63361853
-0.86168015,-0.2855383,-2.6909115,-2.397145,-0.7976687,1.5973855,1.2768173,0.82270044,0.2956679,-0.6290593
-0.6690943,-1.1342776,-2.5024962,-2.3312466,-0.86851454,0.964034,1.337683,0.8655142,-0.36882743,-0.8646349
-0.6611557,-1.4140954,-2.9348214,-2.8739407,-1.1419494,0.9397375,1.7152681,1.1335922,-0.02669455,-0.82703567
-0.053046603,-1.3427818,-2.797422,-2.8891451,-1.5027726,0.9835299,2.089411,1.3211968,0.5532927,-0.5814095
-1.017989,-0.29800004,-2.4567683,-2.1105347,-1.1835363,0.92087173,1.3865429,0.51809186,-0.91679305,-0.45960683
-0.24547371,-0.47265413,-1.7934961,-2.2704403,-0.78343916,0.56841487,1.5843604,0.9034315,-0.03196281,-0.013514533
-0.5880688,-0.6267745,-2.2690802,-2.4098668,-0.48746064,1.3480452,1.785848,1.1205671,0.098058954,-0.15724105
-0.38312542,-0.55272716,-3.2786317,-2.3898606,-0.53272074,1.6135981,1.695659,0.7476989,-0.060951833,-0.14701255
-0.26433703,-1.0905925,-2.440686,-2.0210211,-0.9332107,0.8061746,1.1189507,0.53413683,0.027414875,-0.9298906
-1.4095243,-1.1152223,-2.7169216,-2.3772135,-1.1018356,0.710992,1.7757826,0.72866255,-0.24083188,-0.3163083
-0.41501233,-1.1882421,-3.1568093,-2.7587664,-0.81422704,1.3184358,1.6803887,0.8356705,-0.020855915,-0.20155995
-0.4508975,-1.1839517,-3.5058725,-3.6059618,-1.2927059,0.56337094,1.6939101,1.5322162,0.4945486,-0.6792388
-0.09981943,-1.3897903,-3.5958366,-3.4774594,-0.9090169,1.3492444,2.1291769,1.3290787,0.23016681,-1.0277544
-0.37032637,-0.717916,-3.0531414,-2.8823946,-1.0702105,0.9249427,1.0846672,0.74810314,-0.22905612,-0.4095858
-0.6453953,-1.0074698,-2.9248433,-2.7353973,-0.96046835,0.58800924,1.417113,1.1614364,0.5478459,-0.33497772
-0.45667458,-1.2436018,-3.5787787,-3.450983,-0.77128726,1.4088603,2.2497895,1.9504676,0.24197915,-0.71899194
-0.42732003,-0.74442255,-2.883233,-2.5246725,-0.73583406,1.0207629,1.3778191,0.6635425,-0.84121495,-0.9301769
-1.0976139,-0.9460999,-3.3632247,-3.024652,-1.0629851,1.2945052,1.5549194,0.59725624,-0.20945498,-0.65110004
-0.33458954,-1.2963487,-3.712915,-2.6615057,-0.4246597,1.0534011,1.4266994,0.7705488,0.04193428,-0.8348189
-0.5669729,-1.1916313,-3.3727205,-3.355889,-0.7313998,1.6542374,2.4041743,0.6886453,-0.11976301,-0.42507446
0.27620175,-0.83189195,-2.2191684,-2.581552,-1.1853132,0.9145637,1.8590909,1.2784951,0.04193714,0.00052101456
-0.6723348,-0.74674195,-2.1967344,-2.057048,-0.42507085,1.1858766,1.1878483,0.47240376,-0.35956055,-0.9351549
-0.395882,-1.149735,-3.132149,-3.0772793,-1.5646844,0.86863494,2.2050803,1.3061693,-0.008371605,-0.8624837
-0.58872825,-0.93865395,-2.461238,-2.9754183,-1.0005908,1.5956331,1.7743268,1.0068376,0.7777356,0.024103578
-0.89305115,-1.4078268,-3.8343055,-3.8371162,-0.914408,1.3636588,2.320457,0.99913824,0.30964053,-0.3847785
-0.779912,-1.0381911,-2.322838,-2.359503,-1.0862002,0.7332678,1.2893922,0.46518746,-0.31183323,-0.14284736
-0.24184637,-0.46100464,-2.1506524,-1.8815943,-0.8311686,1.160268,2.0066133,0.944879,0.25483727,0.26910573
0.06398352,-1.18337,-3.561844,-2.680949,-0.9399286,0.99194324,1.2785357,0.57686484,-0.38853338,-0.49203774
0.09790673,-1.0466721,-3.1339116,-2.719695,-1.1856666,0.6412043,1.6834148,0.6417109,0.18706499,-0.2940692
0.20275313,-1.1153777,-2.2234664,-2.3729243,-0.63885224,0.83724314,1.6835524,0.7418834,0.36682507,-0.10851575
-0.04377903,-1.1172881,-2.231529,-1.6295815,-0.8177146,0.9676915,1.7404332,1.6565433,-1.4413056,-0.78338444
-0.14186707,-1.4721224,-3.2221875,-2.5112736,-1.225728,1.1686448,2.007199,1.079799,-0.034827337,-0.77721244
-0.43272886,-1.4083906,-3.680398,-3.2098129,-1.3050327,1.2434006,1.8628714,1.5166377,0.71401906,-0.7370778
-0.67878526,-0.6806763,-2.7373915,-2.536654,-0.49748006,0.41175944,1.6432443,0.886414,0.038549367,-0.7390242
-0.4304914,-0.8500078,-2.1098685,-1.6141953,-0.6303948,0.8940525,1.3746605,0.2755471,-0.43501812,-0.28646386
-0.4383021,-1.278853,-2.069202,-2.2565663,-0.8559965,1.3088175,1.3387468,0.79184324,-0.13531874,-0.5609143
-1.0454308,-1.1526483,-2.8521225,-3.0753117,-0.52842075,0.97292,2.1137617,1.0464697,0.4794373,-0.33883867
0.26779184,-0.6414966,-2.8300347,-2.3262231,-0.7781854,0.82455087,1.576036,1.2822466,-0.24836335,-0.26808587
-0.28390038,-1.1312643,-3.450797,-2.9889405,-1.0694152,0.5410744,2.3524787,1.6353726,0.3146485,-0.75821865
-0.6455521,-1.5606014,-2.8426616,-2.5843625,-0.9030205,0.79281986,1.4593154,0.94523686,0.012832742,-1.1181449
-0.71082675,-1.2392119,-2.4735982,-2.7221406,-0.66279763,0.9161002,1.4482316,1.477917,-0.5288995,-0.97141737
-0.5353561,-1.54532,-3.5786383,-3.2317953,-0.5603494,1.520178,1.914554,1.3327659,0.16963655,-0.770866
-0.5744265,-1.1607186,-2.9403365,-2.7402744,-0.6518278,0.6046825,0.95833313,0.8039282,-0.025413219,-0.50874734
-0.6193434,-1.1705127,-2.4504788,-2.871104,-0.53847414,1.0908363,1.3504648,0.7420453,0.24957192,-0.5295022
-1.0004624,-0.71029234,-2.9250352,-3.1451476,-1.0674145,1.1040535,1.3412237,0.91167307,0.5837902,-0.19843957
-0.474077,-1.3530552,-3.5690577,-3.7565439,-1.006462,1.1197194,2.1861598,1.34574,0.02218282,-0.38095132
-0.17749839,-0.9464216,-2.1288414,-2.438584,-0.38365895,1.2069254,1.6114209,0.51835096,-0.14401996,-0.6649679
-0.5106242,-1.3494483,-3.4243934,-2.9530735,-0.8987258,0.844141,1.7316964,1.3017483,-0.14141712,-0.5258386
-0.44687656,-1.3402692,-2.5433328,-2.8670082,-0.60825306,1.1310273,1.8874222,1.3160658,0.37300688,-1.4970114
-0.07194394,-1.109705,-2.5724661,-2.1979473,-0.86341435,0.9640588,2.0028741,0.9204709,-0.2953891,-0.6887112
-0.8591597,-1.3903402,-3.7940145,-3.6122615,-1.2204868,1.0751505,1.7902203,1.1125401,0.17072594,-0.52299774
-0.29168925,-0.5876409,-2.769818,-2.039916,-0.3784305,1.1535739,1.7678506,0.7754295,0.116737835,-0.8052418
-0.7000249,-0.6950574,-2.99947,-2.0242958,-1.0153146,0.6120593,0.9654417,0.37631366,-0.1706864,-0.4138414
-0.4563978,-1.2365149,-2.7332888,-1.8549656,-0.82313335,0.57015544,1.3409445,0.9903488,0.04913573,-0.74418247
-0.61364114,-1.4094671,-2.7510064,-3.211113,-0.9271688,0.88189745,1.441409,1.4795703,0.41360354,-0.53601587
-0.35655504,-1.5105777,-3.8469002,-3.8811255,-1.3091516,0.79093415,2.1104434,1.7187245,0.30583906,-0.35467443
-0.34595156,-1.6165571,-3.3420155,-2.5657,-0.8900516,1.2158993,1.9364947,1.3501252,0.12980068,-1.053138
-0.11222172,-1.252255,-2.6731827,-2.759115,-1.0215627,1.0670803,2.2504838,0.5302182,-0.26176062,-0.6279059
-0.28554806,-1.040088,-1.2302645,-0.218395,3.4182422,2.6373959,1.273799,0.28846046,-0.056073885,-0.38309303
-0.8622319,-0.9433987,-2.522641,-2.4516199,-1.2020746,0.60244316,1.5777272,1.3220347,0.10095999,-0.34040293
-0.72616905,-1.2879283,-3.1257474,-2.682106,-1.1561891,1.1765996,1.9223173,0.65768224,-0.030002806,-0.49143177
-1.12583,-1.1127815,-3.016744,-3.4469104,-0.7765336,0.9592187,1.1864552,1.3011007,-0.25005126,-1.4577295
-1.2343856,-1.6881846,-3.3781273,-3.3617873,-1.2337087,1.0665573,2.08918,1.3294472,0.29498932,-1.0887262
-1.2905773,-0.72686905,-2.659981,-3.4036996,-1.1755861,0.802006,1.6703614,1.529689,0.058764003,-0.20446523
-0.9362132,-0.81588775,-2.7057023,-2.944851,-1.3863505,1.0965161,2.268571,1.1189473,0.3991228,0.40445998
-0.010618946,-0.4825425,-2.9758644,-2.4842885,-1.4491384,0.58130807,1.0975405,0.7823199,0.05929341,-0.11326026
-0.26634791,-1.3249422,-3.1650403,-2.763504,-0.66631526,1.8113637,2.168372,0.9270982,0.2822563,-0.25904766
-1.1334349,-0.99277985,-2.525513,-2.8649342,-0.9548137,1.294859,1.6313008,0.59231913,-0.2549663,-0.897542
-0.30744007,-1.2143185,-2.0766435,-2.3771694,-0.5539105,1.3283527,1.4124347,0.8634883,0.38661167,-0.43729874
-0.79762024,-1.4348549,-2.406994,-3.143806,-1.0145161,0.96327764,1.4672736,0.9449681,-0.6048055,-0.9016341
-1.1759373,-0.78471184,-2.5985184,-3.032419,-0.8088296,0.43448475,1.4539394,0.8515847,0.00020317371,-0.36439165
-0.25990972,-1.1505387,-2.8546317,-2.661489,-0.59821594,0.98463786,1.3639072,1.067584,0.14812225,-0.55328226
-0.3119357,-1.0821658,-2.7646964,-2.6863902,-1.4120336,0.6778591,1.2161868,1.0670549,0.581462,-0.7302022
-0.5718542,-1.0771877,-2.4836164,-2.4474456,-0.9398855,0.4847171,1.431316,0.70453894,0.4077058,-0.06408223
-0.9083232,-1.184555,-2.5117767,-2.7634602,-1.0114833,0.4910396,1.2664105,1.1746312,-0.13023657,-0.7086206
-0.70095515,-1.344394,-3.8726306,-3.7828197,-1.3469241,0.85580623,2.0364704,1.8526547,0.058267422,-1.1000752
-0.41055864,-1.0400549,-3.0553255,-3.4120257,-1.0757817,1.0323552,1.7030221,0.90152204,0.113541335,-0.7121257
-0.5973799,-0.9984559,-2.7768972,-2.896328,-0.79499507,1.1049633,1.6273731,0.87358695,0.13508838,-0.37912837
-0.3846426,-0.9670237,-2.751987,-2.1986287,-0.9883825,0.71212286,1.0250326,1.1054265,0.35302785,0.21232927
-0.8222453,-0.25404233,-2.2485614,-3.2404072,-1.3575954,0.6384836,1.6050531,1.1462091,0.11638086,-0.0366005
-0.7874594,-0.5931847,-1.1941484,-1.5284225,-0.3630054,0.93586963,1.0264698,0.22576167,-0.2622565,-0.28165287
-0.7794336,-0.92836714,-2.5926867,-3.526772,-1.4173863,1.0808153,2.0474753,1.3227493,0.44895697,-0.5792043
-0.51287174,-1.6691592,-3.6418357,-3.086613,-1.2266555,1.2240052,2.1691923,1.5750246,0.58502823,-1.017378
-0.49249288,-0.69126314,-2.7256467,-2.1674166,-0.84936243,1.0427155,1.3076082,1.0471905,0.06628264,-0.32577908
-0.52137166,-1.6789727,-3.6210933,-3.948324,-1.2046473,1.6902648,2.2810123,1.404867,0.12560959,-0.7573709
-1.1597891,-1.3216351,-3.682853,-3.4460576,-1.811269,0.7476924,1.4961538,1.1941247,0.5444665,-0.3932281
0.05907618,-1.1846523,-3.0603137,-2.9686356,-1.1450462,0.7688388,1.8493882,1.3546714,0.21170637,-0.25060248
-0.35998854,-1.0391569,-3.1206868,-2.6683733,-1.2320676,1.4105935,2.0528226,0.9770928,-0.086907424,-0.5336484
0.044476084,-0.8683131,-2.9316397,-2.9247155,-1.0736477,1.204362,1.7185318,1.1554173,0.26142856,-0.18978441
-1.2641195,-1.2966338,-3.6885145,-3.0121295,-1.481034,0.73418105,1.671782,1.0826734,-0.20065159,-1.0332681
-0.05780902,-2.029382,-3.6133995,-3.0908673,-1.3404928,0.81831264,2.1250007,1.314523,-0.61044437,-0.75120866
-0.6974137,-1.1985685,-3.368757,-3.398467,-1.0940293,0.9959937,1.6078923,0.5723985,0.16636142,-0.20539871
-0.23717827,-1.1097692,-3.0869732,-2.7203317,-1.2511249,1.3433508,1.7935923,0.9828225,-0.4701613,-0.69068676
-0.63128304,-1.2495008,-2.646858,-3.117295,-1.530968,0.28746143,1.0499644,0.4605208,0.45638478,0.16682935
-1.0707177,-1.2471598,-2.6709466,-3.0563023,-1.391207,0.5212389,1.5894469,0.9266682,0.50619936,-0.20758907
-0.5852639,-1.1016797,-3.2045007,-3.6358347,-0.9685583,0.9488985,1.915068,1.0774511,-0.26722857,-0.09663545
-0.17280334,-1.0722507,-3.1909876,-2.369529,-1.1288433,0.77538395,2.2756896,1.2327996,0.09432023,-0.43023178
-0.6974689,-0.9710231,-2.8323905,-2.6336153,-0.7423655,0.51647687,1.5314417,1.1629671,0.1232809,-0.39759094
0.28157523,-0.64645755,-2.6169038,-2.5230987,-0.5738601,1.3123372,1.7699438,1.0887926,-0.2226393,-0.3526683
-0.2677405,-1.4623061,-3.34697,-2.9490075,-0.93443406,1.836912,2.0698638,1.1062616,0.20527522,-0.26426005
-0.45654064,-1.5770452,-2.6341543,-2.8365316,-0.99904585,1.0796008,1.5510576,0.8168013,-0.3659251,-0.71834445
-0.878839,-1.262615,-2.7765145,-3.5148315,-0.44849756,1.7287047,2.070975,1.2513006,-0.020390216,-1.3342614
-0.19617064,-1.055965,-2.3232973,-1.8423069,-0.52732414,0.8834251,1.2802179,0.9212225,-0.27651566,-0.9349596
-0.08416704,-0.5122706,-2.3522372,-2.5872965,-0.6269656,1.1963425,1.2187145,0.6860877,-0.30694658,-0.5848491
-0.1919415,-1.4229335,-2.9681702,-2.7552423,-1.0857269,0.40932253,1.416791,0.8042326,-0.123895995,-0.40362808
-0.7235728,-2.1437895,-3.8681054,-3.332351,-0.8672884,1.4080429,1.8371024,0.935787,-0.45934048,-1.2357591
-1.2661484,-0.9840174,-3.2387254,-2.95115,-0.96464723,0.90445924,1.8482667,0.81251746,-0.048511986,-0.4157356
-0.660323,-0.9708252,-2.7729526,-3.040929,-1.0966898,0.82312536,1.5950718,1.273736,0.61391497,-0.38021576
-1.0073744,-1.4380224,-3.3689113,-3.2321718,-1.5340976,1.4985378,2.1812966,1.2867643,-0.20141758,-0.8845625
-0.73299086,-0.7408339,-1.9160607,-2.3026898,-0.4652952,1.2485687,1.2250105,0.5010032,-0.18167756,-0.78365344
-0.8627854,-1.361446,-3.5336082,-3.423187,-0.87580496,1.3853338,1.9548633,1.5116205,-0.25429642,-0.9777269
-0.6211748,-0.6681045,-3.0614955,-2.7841494,-0.52868444,0.573622,1.2864281,0.98214746,-0.093566634,-0.72649133
-0.94563377,-1.4537432,-3.2213151,-2.9377291,-0.83183205,0.99285233,1.4978104,0.873683,-0.2735616,-0.47644034
-0.7402949,-1.0635598,-3.4375348,-3.2314527,-1.030849,1.2941488,2.324493,1.008141,-0.70850515,-0.82495123
-0.05642114,-1.037652,-3.1831012,-2.8398805,-1.2396185,0.455842,1.8134937,1.3778806,0.44195876,-0.23479821
-0.14208998,-0.6918025,-2.638679,-2.9015036,-1.170062,0.5675393,1.9983153,0.92389244,-0.20818102,-0.13011503
-0.3598653,-1.0230827,-2.1912742,-2.1416452,-0.9220906,0.5609696,1.7607933,1.504388,-0.2815453,-0.16027667
-0.88528764,-1.6486883,-3.6334221,-2.9792225,-1.5623422,0.465797,0.96322334,0.86144197,0.3608312,-0.14289948
-0.01493003,-1.813864,-3.5593796,-2.6732621,-0.9897256,1.2538415,1.6369997,0.93699145,0.016418291,-0.9742639
-0.26899225,-1.3230003,-3.4706397,-3.5682538,-1.4851744,0.84975034,2.2139163,1.2157679,-0.14815944,-0.7410521
0.017943494,-0.836034,-3.3151839,-2.7147655,-1.1965915,1.0630322,1.8633175,0.95061463,0.43384385,-0.7878166
-0.7837537,-1.1104652,-3.1970158,-2.179913,-1.1607306,1.1583706,1.8531371,0.9928076,-0.06605938,-0.6122703
0.11012359,-0.6860776,-1.8153427,-1.6865331,-0.54595065,1.4731137,1.3891109,0.3058593,-0.13389453,-0.5499509
-0.31997693,-0.79916215,-3.4501028,-2.5141919,-0.44334516,1.2076882,2.0704253,1.68566,0.005612569,-1.0360478
-0.6269182,-1.6954732,-3.594319,-3.2288308,-0.8887386,0.8816636,1.7219121,1.1428335,-0.21134712,-1.0425136
-0.6386029,-1.5865765,-2.340955,-1.658147,-0.88397914,0.7289562,1.6538703,1.3168185,0.21523882,-0.87731737
-0.012080552,-0.40325496,-2.1100912,-2.5019474,-1.2761184,1.3048135,1.8445795,1.1075022,-0.060696576,-0.28152907
-0.067390285,-0.48046997,-1.5842962,-1.8846531,-0.67124796,0.8324824,1.1675386,0.6453171,0.10230537,-0.13739721
-0.56779766,-1.5324938,-3.0568025,-2.3347797,-1.0061078,0.5639877,0.98153853,0.4241374,0.013406842,-0.43502557
-0.6631734,-0.74844456,-3.2554681,-3.717027,-1.3941504,1.3948867,2.3199687,1.4065365,-0.27207527,-0.15742064
-0.060758978,-0.79224813,-3.2060978,-2.4639728,-0.7070904,1.0611422,1.4462445,0.6277561,-0.39677393,-0.31358585
-0.20094775,-0.46690863,-2.9157915,-2.9877157,-0.49674565,1.1785135,1.237387,0.48426357,0.3691996,-0.18382701
-0.91165686,-0.8512189,-2.2950368,-2.5183136,-1.134386,1.1118866,1.6212466,0.91580576,0.30894265,0.056946393
-0.88117933,-1.077468,-2.615423,-3.0341754,-1.2146709,1.2292261,1.5689044,1.0367271,-0.14555821,-1.0603625
-0.58076674,-0.93685144,-2.5218053,-2.4018648,-0.8990794,0.5797131,1.0876706,0.9907507,-0.0035898832,-0.4861289
-0.41650477,-0.6084399,-2.2385595,-1.9931408,-0.3440288,1.125941,1.4772105,0.6317364,-0.15578358,-0.8898672
-1.0832798,-0.83034396,-2.4219694,-2.404008,-1.1256192,0.97956336,1.2493147,0.61299247,-0.920444,-0.75790226
-0.0066254265,-0.8836425,-2.6668403,-2.3463414,-1.1104739,0.98842657,1.5318754,1.3398855,-0.56064606,-0.4062022
-0.47689986,-1.4065945,-3.6572373,-3.929683,-1.5760775,0.974741,2.4255333,1.8546301,-0.081045955,-0.3944738
-0.2311523,-0.9937791,-2.784796,-2.1231966,-0.8929114,0.9692965,1.0564166,0.69976777,-0.3782621,-0.43384725
-0.30204415,-0.85602,-0.7777483,-1.7460403,-0.99625015,0.63458884,1.6503961,0.42706522,-0.3065354,-0.09557111
-0.6399445,-1.1105665,-2.9745393,-2.785363,-0.43708968,1.2392431,1.3656455,0.75668633,-0.16596411,-0.5007546
-0.87141913,-0.9912913,-2.857225,-2.2348225,-0.2949477,1.2859069,1.2767576,0.62318677,-0.4446122,-0.8016539
-0.42537275,-0.77459407,-2.5136876,-2.4560847,-0.371272,1.0458338,1.3869406,0.7602731,0.1922246,-0.94255555
-0.63924056,-0.95153,-3.4518716,-3.2937772,-0.9870468,1.5824257,1.8479774,1.067193,0.251819,-0.11621752
-0.76935923,-1.2087284,-3.5565777,-2.85217,-0.9532628,0.6646262,1.599626,0.89096504,-0.22110862,0.010221355
-0.66323537,-1.4779878,-3.8000352,-3.098235,-1.106599,1.2812562,1.7437595,1.0257356,-0.14922374,-0.5818325
-0.48986867,-1.2531344,-3.2332368,-2.8475428,-0.6678818,1.2192596,1.8341615,0.7626805,0.25715718,-0.8460822
-1.1609049,-0.5974721,-2.751244,-2.8233993,-0.7846778,0.7349523,1.1063552,0.57790786,-0.16446012,0.43721926
-0.4344113,-1.699005,-3.5306704,-3.0150762,-1.1854222,1.1858656,2.0799296,1.3616468,0.10856198,-0.8450437
-0.90257215,-1.1846594,-2.9495122,-2.5623229,-1.0182636,1.1072912,1.5638322,0.45761514,-0.13384214,-0.36656234
-0.12425578,-1.3531239,-3.3394158,-2.892307,-0.6285656,1.3711449,2.1400316,0.82161736,0.20338437,-0.6990039
-1.1460869,-1.3737779,-3.8811202,-3.7284775,-1.8526171,1.0506699,1.5689752,0.78221625,-0.36836684,-0.9019734
0.17977482,-1.0946522,-3.2904432,-3.2774005,-0.81041515,1.2633119,1.8148406,1.2887352,0.753032,-0.78898907
0.16947214,-0.35403433,-1.8632787,-2.0361524,-0.72017735,1.0725627,1.9913567,0.5646301,-0.3087362,-0.31333604
-1.3741018,-1.3366165,-3.112554,-3.5844839,-1.5298526,1.4733417,2.3633537,1.1841403,0.39627495,-0.21560803
-0.16328254,-1.2988873,-2.5573533,-2.8806527,-1.0232053,0.779927,2.4285545,0.7296374,-0.57162267,-0.5830451
-0.94662565,-1.3200934,-3.2382157,-2.7986016,-1.0353515,0.99641347,1.7311847,1.1633852,-0.6367116,-0.7121323
-0.6368832,-0.6510091,-1.6633888,-1.7857358,-0.9695686,0.8087798,1.3285818,0.083712,-0.71652806,-0.1662842
-0.040871825,-1.3143061,-3.0119717,-2.842011,-1.2247802,0.5813684,1.4396564,1.328822,0.2737252,-0.51199514
-0.6391656,-1.571887,-3.4268591,-2.773197,-0.98696995,1.257328,1.7045995,1.0709331,0.15087423,-0.5310279
-0.5050191,-1.3163202,-3.778885,-3.4822917,-1.0644485,1.3769016,2.0262213,1.2372509,0.19563651,0.21474436
-0.56507355,-0.9447702,-2.763559,-2.729989,-1.3835441,1.0990162,2.0372586,1.2996414,0.26480973,-0.012092206
-0.6290676,-1.5091043,-3.3691523,-3.3628483,-0.99332196,1.7167572,2.0286915,1.2522124,0.30011353,-0.13022332
-0.070848554,-0.8976686,-3.227038,-2.709349,-0.4601969,1.1670129,1.2899842,1.2627568,-0.076478735,-0.6567752
-0.4213549,-1.1060518,-3.0543666,-3.4359062,-1.0242627,1.2358783,2.1705074,0.71144414,-0.17545469,-0.6182525
-0.77352107,-0.6950992,-2.6211867,-3.1647108,-0.91762716,1.0776508,1.526648,0.978563,0.03381039,-0.14095986
-0.87335145,-1.2136674,-2.6658888,-2.457742,-1.0006697,1.0534897,1.0077255,0.9251252,-0.08485608,-0.4481119
-1.0141016,-0.986149,-3.5598066,-2.8559747,-0.5007395,1.6067495,1.5800716,0.93921936,-0.07002251,-0.58014023
-1.224518,-0.89654744,-2.403015,-3.5488856,-1.3373197,1.1564323,1.3401827,0.69664127,0.22538638,-0.5939654
-0.6374087,-0.6793432,-2.8851998,-2.8671172,-0.7687596,1.6044339,1.9356737,1.2394195,-0.06704335,-0.40882924
-0.95532936,-1.4522789,-3.072773,-2.8024592,-0.5644907,0.8685888,0.93568695,0.6237324,-0.1511845,-0.6349264
-0.12822784,-1.1066197,-3.4061885,-3.3520615,-0.84291106,1.2614248,1.5114915,0.6025798,0.043213617,-0.35709667
-0.7139329,-1.968824,-3.9569614,-3.6701972,-0.7332514,0.9753254,1.9383838,1.2858722,-0.09291616,-1.5148367
-0.77556515,-0.8931556,-1.7804627,-1.6788623,-0.65080774,1.0691266,1.7711257,0.83950293,-0.04986777,-0.4603692
-0.82878727,-1.1944546,-2.2225077,-2.870755,-0.95731235,1.0514374,1.630282,0.7984388,0.28529388,-0.17145462
-0.4230872,-1.7149936,-3.6058247,-3.1589115,-1.5052612,1.3008288,2.8106575,1.2994838,0.1309334,-0.85198045
-0.8355521,-2.017754,-3.58113,-3.1516697,-1.3927357,1.2689022,2.3190227,1.7860727,0.37567192,-0.45619154
-1.1330757,-1.3924525,-3.4380202,-3.3008635,-0.2926877,1.83395,2.1521192,1.0273846,-0.14648166,-0.9710827
-0.054292172,-0.933755,-3.2891097,-2.679961,-1.3265535,1.3047594,1.7526177,1.1334733,0.2756431,-0.09368731
-0.35787442,-1.1215112,-3.5954833,-2.649055,-1.0694473,1.4890898,2.1206343,1.3718925,-0.5897906,-1.2577904
0.16762322,-1.1306422,-2.905475,-2.5627654,-0.80742496,0.9628512,1.9421077,1.0583286,0.6731638,-0.38917148
-1.3561891,-1.2472563,-3.3695827,-3.0881245,-0.7069711,1.074624,1.7481942,1.3457927,0.5896669,-1.0844034
-1.071354,-1.1385947,-2.2433467,-2.5153186,-0.74850756,1.0922822,0.9311132,0.7962858,0.3519955,-0.24256736
-3.7590923,-1.5139507,-4.0112944,-3.2999241,-1.4624906,1.0180312,1.2721199,0.6671714,0.065042876,-0.3396963
-0.4763642,-1.6774925,-3.3710084,-2.868756,-0.62807965,0.7642382,1.5096698,1.1104984,0.2563212,-0.54678106
-0.29954186,-1.0623703,-2.6763968,-2.7393305,-0.93081474,0.9849112,2.3488839,1.2246791,-0.10560318,-0.47794542
-0.11153509,-1.4884497,-3.511703,-2.8384404,-1.4493848,0.8651269,1.4066156,1.0579069,-0.26134372,-0.54018444
-0.4219574,-0.91561514,-2.8087313,-2.9071407,-1.125188,0.7963216,1.6871583,1.6517417,-0.29891893,-0.6539038
-0.25572917,-1.1537685,-1.8763698,-2.180677,-1.2521013,1.022464,1.4012552,0.5974802,-0.09525673,-0.31599998
0.29329878,-0.67480904,-2.9460456,-2.8734965,-0.6787125,1.2515742,1.3116294,1.1629746,-0.04773332,-0.46132764
-0.2616755,-0.9457156,-2.0906744,-1.952051,-0.45517707,1.1438656,1.1147434,0.34344602,-0.25281227,-0.55525595
0.14913936,-0.8789557,-3.0978134,-2.4944391,-0.9237097,1.112777,1.6234703,1.0209433,-0.21306516,-0.4582141
-0.30014062,-1.353519,-3.7235062,-2.9818618,-0.9983825,1.2036804,2.5337052,1.3454386,0.09924248,-0.9367328
-0.56158113,-0.6872393,-2.3430464,-2.7272165,-1.1309772,0.40246272,1.2960594,0.52206725,0.16266742,0.38234237
-0.10867957,-1.5230683,-3.0933728,-2.5982552,-0.8888248,1.4153167,2.149467,1.1538917,0.07383984,-0.266075
-0.77715105,-0.3659683,-1.923796,-1.9067581,-0.8201094,0.85951275,0.6262453,0.43542287,-0.6931236,-0.35896167
-0.34238666,-1.0164329,-2.8949573,-2.1694124,-0.41744605,1.048284,1.1673605,1.114525,0.20776942,-0.77713394
-1.0728062,-0.7037944,-2.7866054,-2.6543324,-0.8394446,1.1427932,1.627875,0.6149868,0.09016205,-0.07570158
-0.62725776,-1.4190487,-2.6613417,-2.872044,-1.684931,0.6943809,1.9024284,1.4564296,0.30207583,-0.4490184
-0.54417646,-1.4957347,-3.26928,-3.2619207,-0.99659973,0.7561956,1.6485059,1.0769594,0.15858242,-1.0979313
-0.26634687,-0.78166807,-2.5337963,-3.0596235,-0.8483484,1.0036341,1.7802792,1.4237638,-0.42587695,-0.7832227
-1.0129973,-1.3681335,-3.4786696,-3.07012,-1.131864,1.0992371,1.9940519,1.4169508,0.00022257815,-0.6941061
-0.5757492,-0.82406664,-3.1552453,-2.672996,-0.59291214,1.305543,2.0299737,0.6945881,-0.061328392,-0.13320008
-1.6584032,-1.3418032,-3.2532141,-3.192174,-0.9418254,1.2464328,1.9164234,0.63369805,0.3185979,-0.3272017
-0.53694814,-1.2385625,-2.4217627,-2.3907888,-0.6452573,1.0704521,1.6174542,1.0420763,-0.548833,-0.56686676
-0.1278578,-1.5918785,-3.6423082,-3.105176,-0.9122522,1.5660226,2.2344527,1.5954868,-0.23378287,-0.553119
-0.35747448,-0.61792237,-2.2326787,-2.1488945,-0.50181305,0.9648448,1.5016594,1.0277827,-0.19502686,-0.8588413
-0.5427413,-0.95032334,-2.8925693,-2.7355623,-1.3182956,0.14554654,1.8594818,1.1639524,0.42065698,-0.42771322
-0.4419531,-1.0386239,-2.1057436,-2.5902417,-1.3483951,0.8250271,1.6818626,0.9587153,-0.126082,-0.40090528
-0.9190829,-1.2996829,-2.2265363,-2.4796486,-0.9078489,0.97995,1.6724031,0.7944586,0.06620101,-0.6661238
-0.54161245,-1.4721576,-3.640398,-3.1985953,-0.9834955,0.9957354,2.3132768,0.86239696,-0.3224646,-0.6652115
-0.6547001,-1.1912116,-2.839876,-2.8848279,-0.7959823,0.7623904,1.6311781,0.23850709,-0.11594612,-0.71522033
-0.33630246,-1.4695692,-3.6370716,-3.2907956,-1.2193284,1.0666335,2.3357062,2.0963557,0.4124192,-0.77873045
-1.1490918,-1.1177689,-2.4083977,-2.5867622,-0.88676083,0.7683726,1.1551684,0.47941473,-0.4513586,0.22471298
-0.7867214,-1.6013473,-3.0183642,-2.2989047,-0.6874959,1.3983499,1.483207,0.7309632,0.49415085,-0.4466607
-0.18401839,-1.2727195,-3.3425055,-2.8326335,-1.1022706,0.9835722,2.079729,1.1723496,0.16962492,-0.49704447
-0.9790564,-1.0986929,-3.3571155,-2.9448757,-1.5215564,1.2562591,1.7856532,1.0052011,-0.20033479,-0.28206852
-0.42538992,-0.88133675,-2.394149,-3.178125,-0.93464977,0.6507581,1.562706,1.1142808,0.24962911,0.17012106
-0.60038733,-0.2140463,-2.0885303,-2.9619818,-1.3965333,0.57141143,1.302392,0.30776146,-0.43521842,0.34941405
-0.48455334,-1.2205442,-2.9138389,-2.6769145,-0.85744506,1.1746572,1.8932089,0.55955,-0.018988995,-1.0660107
-0.42609188,-1.4301678,-3.183183,-3.210799,-0.9108923,0.9416934,2.0701575,1.8395329,0.043422963,-0.8978985
-0.42949647,-0.9083882,-2.619633,-2.8018317,-1.1617999,0.8785135,1.6034746,1.0819341,0.099416494,-0.048016116
-0.20402247,-1.6055952,-2.9262476,-2.2385406,-1.0191083,0.8810129,1.8104491,0.82941085,-0.22445104,-0.6297685
-0.532909,-0.58531135,-2.6483483,-2.5732975,-1.2053612,1.1925555,1.1330328,0.76311606,-0.15457806,-0.14673443
-0.30953845,-0.70304894,-2.2520194,-2.2765615,-1.4086971,0.6691759,1.6979766,1.1078016,0.06723853,-0.19533032
-0.19968073,-0.58630395,-2.3319743,-2.6017478,-1.4052116,1.0879036,1.9616628,1.3488342,0.24903537,-0.12601481
-0.037072476,-0.4495915,-2.7936275,-2.2624977,-0.5786153,1.4672345,1.3751416,1.2223135,0.124884225,-0.1835991
-0.3026301,-1.3186527,-2.8828614,-3.0198762,-0.864255,0.88923126,1.9627142,0.90016633,0.02255371,-0.71992713
-0.9288046,-1.3771502,-3.8597553,-4.0935965,-2.112476,1.0363264,2.214829,1.04597,0.2033214,-0.4773928
-0.47088155,-0.8106604,-2.4321544,-2.3411753,-1.0310981,0.8746537,0.92765063,0.2520627,-0.26586276,-0.37797004
-0.6596569,-1.0821621,-1.9734468,-1.9088914,-0.77167094,0.8809804,1.361513,1.1181378,0.20035677,-0.32484764
0.03517654,-0.2254241,-1.8568242,-2.5718799,-0.9332278,0.99050194,1.6016964,0.7091296,-0.17377023,-0.29195648
-1.2820085,-0.54588145,-2.1725192,-1.9865798,-0.9399969,0.5085803,0.4110739,-0.6640485,-1.005337,-0.09543666
-0.5597526,-1.257542,-2.5731468,-2.976785,-0.6933606,1.5396173,2.1713192,1.327135,-0.26621118,-0.48569968
-0.20247494,-1.9196146,-1.8405834,-1.4670419,-0.5507704,2.0982115,-2.2414463,0.6525652,0.3461995,-0.8481072
-0.43554962,-1.0846596,-3.107524,-2.4260004,-0.8719934,1.3970029,1.8223335,1.2791833,0.4678344,-0.21329108
-0.34689438,-0.7359111,-2.636799,-2.9133236,-0.60660696,0.7855363,1.0404152,1.0116549,0.46915957,-0.98103607
-0.36827797,-1.5829778,-3.9267464,-4.1381845,-1.2672606,1.3888803,2.327588,1.2316608,-0.067142904,-0.99053824
-0.573854,-1.5153475,-3.0959237,-3.2012038,-0.89776045,1.3467696,2.1056812,1.3547982,0.27055177,-0.7913274
-0.33646807,-0.56574494,-2.6051888,-2.7551606,-1.0076307,0.9099529,1.4916803,1.0975152,0.28104258,0.12217042
-0.40768725,-0.6051508,-3.026117,-2.999046,-1.1758311,0.4075682,1.0602262,0.42985424,-0.04150867,-0.26526833
-0.3172038,-1.1105689,-3.5713224,-3.5198443,-1.0710068,1.0085108,1.9692657,1.8271675,0.12827678,-0.17891294
-1.0765759,-0.5619538,-2.8787951,-3.1394582,-0.82585883,1.2427087,1.487853,0.54926246,-0.0724663,-0.6964066
-0.9599395,-1.4790407,-2.3909707,-2.0927067,-0.9520495,0.6858867,-0.36715683,1.0095551,-0.21272494,-0.76101995
-0.7620845,-1.3762358,-3.4234722,-3.7829325,-1.5220985,1.1110864,1.6993132,1.5327619,0.17691177,-0.7347161
-0.5073073,-0.7576227,-2.447127,-2.8205216,-0.7532905,0.9280709,1.258158,0.39661852,-0.13836083,-0.18756917
-0.63607347,-1.1846107,-3.6824553,-3.0844886,-1.1260283,1.4664954,2.3207242,1.434703,0.2936547,-0.6398338
-0.53710043,-0.63086224,-3.1683636,-2.5976675,-0.7080385,0.84752995,0.9247331,0.41824943,0.11487569,-0.94889593
-0.9803967,-1.6226848,-3.698507,-3.4606507,-1.3897396,1.34257,2.0041318,1.4676672,0.2121402,-0.6207715
-0.16962016,-1.3900439,-3.8273358,-2.9492574,-1.1896927,0.6507328,2.0866501,1.2835222,0.2741303,-0.41698763
-1.4170884,-1.527019,-3.6840231,-3.5817988,-1.2171856,0.38943478,1.5751576,1.0450838,0.26674196,-0.10112039
-0.5178898,-0.31140473,-0.61121774,-1.3473186,-0.9137055,0.9579329,1.6265314,0.020816121,-0.09088734,-0.055431042
-0.65695983,-1.7932227,-3.5899522,-3.4310036,-0.8481477,1.9494294,2.0102437,1.4360818,-0.1512478,-1.1129209
-0.42183182,-1.1257881,-2.9527862,-3.02607,-1.3691185,1.1681741,1.8499727,0.78547156,0.041616824,-0.21405776
-0.763986,-0.92149836,-2.8406954,-2.7774372,-0.81326574,0.82683516,1.4999994,0.48119676,-0.028665159,-0.34059164
-1.0618955,-1.0458573,-3.7264726,-3.24543,-1.1051096,0.6090003,1.6584576,1.318046,0.08244015,-0.08957718
-0.9826992,-1.1265372,-3.35028,-2.8369222,-0.87229246,1.3430188,1.4822404,0.94531,0.14280432,-0.7037127
-0.04187242,-1.1510174,-3.541851,-3.0931232,-0.52907205,1.481185,1.990663,1.3428272,-0.1213134,-0.89197904
-0.2545274,-0.980571,-2.7296257,-2.4664447,-0.43831712,0.70754254,1.5346158,1.1006217,-0.1418603,-0.49924943
-1.2835101,-0.6310286,-1.9587675,-1.9746447,-1.4785244,-2.0305932,0.03097084,0.4444314,0.60526025,-0.32142553
-0.7461007,-0.7951877,-3.3030453,-3.103799,-1.1906642,0.91980124,1.3283312,1.1649479,0.15172982,-0.40529138
-0.2114667,-0.6302115,-3.125181,-2.5544746,-1.0242862,1.2207482,0.9253509,0.48505872,-0.15081242,-0.2702819
-0.39101195,-0.76386076,-2.6161706,-2.430079,-0.96045107,0.10571138,1.2205583,0.9702845,0.16209312,-0.05118226
-0.24319722,-1.5039613,-3.573736,-3.375315,-1.2656882,1.5737678,2.3266485,1.4810462,0.10217113,-0.9048474
-0.715886,-1.4980621,-3.835297,-4.1507525,-1.4633445,1.8800068,2.0325212,1.2237133,-0.31445685,-0.9909545
-0.69178283,-0.48858505,-2.8375444,-2.7535605,-0.6605001,0.68051845,0.94517,0.7735167,0.1081607,-0.10358459
-0.21866472,-0.29780617,-1.8186116,-2.6072783,-0.921221,1.0336019,0.76304317,0.3716224,-0.01742044,0.3010355
-0.5643867,-1.1549352,-3.0579662,-3.0477471,-0.71859103,0.9969268,1.7084762,1.0326796,0.13047494,-0.20995504
-1.5285923,-1.6374075,-3.7812283,-4.2295394,-0.97153497,1.0090164,1.9643658,0.799457,-0.045014083,-0.75938886
-1.0912627,-0.8496264,-1.5401745,-1.9461396,-0.7134647,0.866631,1.2347882,0.25981912,-0.4899996,-0.5990527
-0.7015665,-0.93379587,-3.3637996,-3.9230077,-0.96311927,0.6904501,1.7581133,0.77878004,-0.0054226685,-0.5517619
-1.3647426,-1.5019863,-3.314762,-3.476543,-1.6162423,0.6672312,1.5775627,1.3359525,0.105589084,-0.6054465
0.039290797,-0.32979238,-2.4321263,-2.2053475,-1.0846059,0.85513383,1.4084088,0.48951662,0.4072966,0.6625419
-0.055305168,-1.0409507,-2.9174414,-2.157771,-0.47965822,1.0460951,1.6592922,0.32665697,-0.28374347,-0.41670462
-0.3417745,-0.4776318,-2.8424118,-3.0350342,-0.87737614,1.2856019,1.4808135,0.40667093,0.033639453,-0.1318884
-1.3041935,-1.6971475,-3.5342863,-3.0157413,-1.039389,1.3819546,1.9979119,1.137334,0.086635895,-0.59282446
-1.0887058,-1.2283828,-3.1339219,-2.8982089,-0.7021723,1.4392644,1.5789375,1.1237342,-0.07311264,-0.9052039
-0.33279106,-0.98194534,-2.8955433,-2.3494458,-0.3843645,1.1025734,1.5145315,0.35182735,-0.2725402,-0.433855
-0.5751203,-0.75287867,-2.701957,-1.9049814,-0.78263193,0.51357067,1.379643,0.18018042,-0.90437585,-0.0062852832
-1.2055273,-1.4223411,-2.3783586,-2.7739775,-1.0463914,1.2519126,1.8757813,1.0205103,-0.15190943,-1.16403
-0.6716657,-1.1144899,-3.2680216,-2.6856332,-0.674479,1.0118955,1.3568711,1.142296,0.10507166,-0.6368123
-0.3694052,-1.4905317,-3.626744,-2.7530699,-0.51413816,1.2691588,2.2202346,1.4010795,-0.0029880488,-1.0164995
-0.1380032,-1.4268984,-3.71099,-3.9012446,-1.1251757,1.7832882,2.5512486,1.4476566,0.18943979,-0.23073491
-1.0108328,-1.5557728,-3.5201354,-2.9760516,-1.4666299,0.78755635,1.699892,1.3481324,-0.10670793,-0.2321574
-0.69043475,-1.3731974,-3.2763627,-2.3120365,-0.56679875,1.1812143,1.9283012,0.6760474,-0.576595,-1.0326878
-0.9510714,-0.56967586,-2.3484073,-2.9656355,-1.3382548,0.58892864,1.4927009,0.787968,0.44157785,0.049599748
-0.7780211,-1.3786832,-3.6546645,-3.4922917,-0.7029867,1.5299033,1.5412823,0.9516042,-0.07540739,-0.2896954
-1.3824226,-1.0793196,-2.642676,-2.8365393,-0.7541559,0.9408777,1.6231651,0.7005445,-0.10337194,-1.1600562
-0.72689945,-0.73106164,-3.3244255,-3.2586427,-1.0124103,0.7251966,1.0776224,0.96427435,0.52968377,-0.5195935
-1.0248857,-1.3315017,-3.7829576,-3.0742228,-1.053945,0.5197823,1.0751297,1.0598402,0.2918716,-0.35797727
-0.9235069,-0.6467923,-2.3817725,-2.8306327,-0.6127241,0.7503847,1.3689744,0.588855,0.008772691,-0.5075433
-0.9658377,-1.3601611,-3.7062833,-3.6050568,-1.1599998,0.96400815,1.0575663,1.0773772,0.72579324,-0.94809926
-0.37886927,-0.79099035,-2.0158572,-1.8420715,-0.417741,1.3392606,1.4719838,0.7894482,-0.16998485,-0.10230848
-0.6774924,-0.9945133,-2.1859972,-1.8589033,-0.3924375,1.1457134,1.6314338,1.2578136,-0.15366216,-1.0471917
-0.11017933,-1.3264253,-3.6426342,-3.1580935,-1.1353165,0.98482656,1.8527709,1.0961822,0.22820845,-0.60782635
-0.67394596,-1.0963181,-3.7382019,-3.3604116,-0.8043758,1.2992909,1.7004491,0.5292494,-0.07375188,-0.6830365
-1.1262014,-1.4843136,-3.3405578,-2.667356,-1.1304072,1.6361248,2.1490316,1.4203497,0.08923558,-0.340555
-0.36653048,-0.2329732,-2.4203248,-2.1092067,-0.6401254,1.0064344,1.0698688,0.2567055,0.016121905,-0.25073165
0.037682697,-0.99155855,-2.1255267,-2.3028579,-0.9095052,0.5682542,1.2797987,0.9103003,0.1889185,-0.0049419533
-0.7171517,-0.983009,-2.9224398,-2.422248,-0.6235629,0.944463,1.6009053,1.0403373,-0.15053871,-1.1670798
-0.2119767,-0.6386428,-2.5158317,-2.5468607,-1.3138962,0.7536144,1.589146,0.8711757,0.4388148,-0.620251
-0.5406108,-1.635475,-3.6419618,-2.689275,-1.2235584,0.87229973,2.400113,1.8838618,0.007385274,-0.476955
-0.62812513,-0.96281075,-3.0131166,-2.2256281,-0.59673816,1.0577198,0.97468215,0.8496697,-0.14853299,-0.8945333
-0.05385587,-0.7783326,-2.6066692,-2.0931551,-0.5785884,0.93684775,1.9567846,1.074671,0.57401526,-0.50138754
-0.21459351,-1.3822514,-2.7017012,-2.6882424,-0.73110455,1.034511,1.4852715,0.7580685,0.16474497,-0.4397272
-0.2630715,-1.0062574,-3.351526,-3.1777246,-0.8195884,1.4750832,2.4180517,1.8051213,0.39996943,-0.17828779
-0.7771622,-1.2177333,-3.311513,-3.3765676,-1.2045808,0.83434296,1.6188251,1.507715,0.45804265,-0.44593713
-0.46860573,-1.5457051,-2.9647744,-2.959197,-0.9739232,0.88042504,1.7165991,0.9421013,0.37085688,0.17965195
0.10365948,-0.6650389,-2.8362088,-2.3983462,-0.99506444,1.0660944,1.7557551,1.115064,0.23591629,-0.5974027
-1.3916051,-1.5167708,-3.56207,-2.7397213,-0.91309386,0.68170905,1.6383468,1.0623924,0.008475811,-0.6142292
-0.26365596,-1.3823683,-3.0452812,-2.7992885,-0.7757201,0.7426746,1.5237235,1.1962729,-0.10385917,-0.9270757
-0.62407184,-0.33496386,-2.399973,-2.9168599,-1.6816888,0.5111173,1.1399248,0.4673608,0.28885925,1.1437052
-0.69062626,-1.3011806,-3.387233,-3.057986,-1.1934179,0.53837866,1.2391565,0.9446081,0.23223136,-0.40429297
-0.03430099,-1.3971065,-2.582157,-3.0972319,-1.0710151,1.3990431,1.6746154,1.8387322,0.1270586,-0.78912646
0.11196222,-0.8747718,-2.6227376,-2.8524988,-0.9169417,1.0413548,1.9369613,1.3679293,-0.11192925,-0.4822027
-0.22766808,-1.6234177,-3.8201997,-3.11835,-1.1772859,0.62391686,1.4772848,1.4243591,0.30887565,-0.029956572
-0.18554258,-0.899768,-3.0368838,-2.0232856,-0.4294035,0.90211624,2.2518399,0.8783489,-0.025063798,-0.7739549
-0.5348516,-0.67777205,-2.6241832,-2.364743,-1.1268731,0.1169587,1.1419625,0.8615601,-0.1179587,-0.3049705
-0.59337974,-1.0108056,-3.3738139,-3.7296965,-1.5163206,0.74401397,1.4639784,0.7013551,0.027297784,-0.1506006
-1.285641,-0.93865746,-2.9051378,-2.7167833,-1.1556977,0.76343346,0.70290446,0.52146786,0.093104444,-0.6429568
-0.7111021,-0.8352247,-3.35366,-2.6594298,-1.1633009,0.26052693,1.510843,0.92329174,-0.12559007,-0.65284526
-1.3900683,-1.0102097,-2.7508976,-2.610919,-0.63407874,0.544337,1.4476221,0.5315187,-0.27220312,-0.5287086
-0.9845028,-1.6742945,-3.469904,-2.9576387,-0.9403039,0.67459875,1.7302608,0.7944899,-0.2785395,-0.51139665
-0.4859036,-1.2948853,-2.7783866,-2.9145463,-1.5859202,0.6553512,1.6908709,0.8321492,0.093187295,-0.45606747
-0.6393965,-0.7180102,-2.1830862,-2.0854545,-0.73984265,0.4565244,1.1850855,0.33190575,-0.077703014,-0.9281746
-0.66357374,-1.438444,-3.821632,-4.00269,-1.2001932,0.80978715,1.7501817,1.5389369,-0.13644013,-0.2571355
-0.9739437,-0.8831849,-2.59351,-2.2826223,-0.5349848,0.9962347,1.415566,0.5697774,-0.077277035,-0.8026504
-0.30567667,-1.0462033,-3.0808237,-3.4076304,-1.4451965,1.2314407,1.9805943,1.149543,-0.19352491,-0.34225038
0.124396354,-1.7161268,-1.5345296,-1.3456686,-0.68000585,1.9199308,-2.2107208,0.6305875,0.055264644,-0.7360786
0.20024598,-0.9852083,-2.4522705,-2.5147622,-0.7130009,0.70032066,1.2585369,0.6971804,0.016001577,-0.50520575
-0.7869644,-1.1012534,-3.5241947,-3.3436213,-0.9908763,0.41991365,1.8720905,1.5975791,0.30521095,-0.83993596
-0.94415885,-1.3193097,-3.2455661,-3.01244,-1.0305657,1.6247348,2.341059,1.8326633,-0.53733194,-1.1048627
-1.4314297,-1.6743695,-3.8723629,-4.126062,-1.163708,1.1708214,2.3357592,1.504848,-0.17580272,-1.5804142
-0.55609024,-1.5011314,-3.3894053,-2.6977863,-1.2964647,1.3339276,1.9778888,0.84840715,-0.1295606,-1.0261333
-0.39182317,-1.565873,-3.537375,-3.8407595,-0.9899825,1.3062541,2.1834993,1.5721043,-0.027834771,-1.1216384
-0.15736601,-1.2242134,-3.1664267,-2.4367504,-0.9798174,1.1109003,2.237223,1.1407974,-0.052992128,-0.8298754
-0.39190164,-0.75703317,-1.9185917,-2.167004,-0.5850339,0.8013541,1.6890988,0.4881211,0.11390145,0.040399663
-1.0642574,-1.5637891,-3.688263,-3.3228998,-0.9549999,1.6486545,1.7620436,1.1490194,0.06046967,-0.37220806
-0.28218028,-0.6526869,-2.7263582,-2.1626048,-0.8417201,0.6433455,1.4471861,0.91366464,0.47257373,-0.42932543
-0.8301978,-1.7234854,-3.9795685,-4.0157886,-0.7206329,0.87717754,1.8597871,1.0013082,-0.25155813,-0.7092362
0.2223102,-1.360336,-3.678819,-3.5138698,-1.0548344,1.0754215,1.9584194,1.5181633,0.83559924,-0.24469547
-0.2480115,-0.98970544,-2.9685674,-2.2910495,-0.37300655,1.4315081,2.2851648,1.6763248,-0.21737024,-0.65403074
-0.39299154,-0.9775116,-3.0080063,-3.5217295,-1.1800439,0.91124797,2.0655162,1.0688194,-0.089947216,-0.8499983
-1.1143366,-0.8815333,-2.4397943,-2.6721425,-1.1216,-1.1624314,0.3430706,1.2085512,0.39662337,-0.8765994
-0.6322984,-1.7642941,-3.6204374,-3.5108423,-1.0708108,1.7645961,2.783723,1.9058342,0.1584508,-1.0910201
-0.8166951,-1.0576324,-3.2677894,-3.1925776,-1.182991,0.88271433,2.054097,1.2242095,-0.19743928,-0.98143923
-0.6548569,-0.6079088,-2.6608672,-2.5817106,-0.68079877,1.1932341,1.7681271,1.1908557,0.12687136,-0.09841373
-0.4968869,-1.8183328,-3.3607745,-2.6135044,-1.4673437,1.2197177,2.2438965,1.2662771,-0.06898901,-0.6544054
-0.5586218,-1.5963014,-3.2350378,-2.5762286,-1.3191948,0.7511678,2.2260401,1.7593082,0.3463509,-0.762545
-0.0468375,-0.6944386,-2.4249213,-2.1898549,-0.96832097,1.0209854,1.2415391,0.89210933,0.36408758,-0.0075900056
-0.50824034,-1.5777316,-3.9231436,-3.4482613,-1.4003184,0.96040136,2.3318443,1.3570367,0.16608226,-0.6596059
0.22217025,-1.5037645,-2.5434334,-2.8473952,-1.0279485,0.7769192,2.3097887,1.1692144,0.093953215,-0.53072906
-1.0115404,-0.5129153,-2.1131551,-2.9399962,-1.1523112,0.81032425,1.1623306,0.768815,0.30761707,-0.12962776
-0.26125073,-1.264804,-2.9180818,-2.7980554,-1.6523168,0.3534943,1.6219287,1.5673331,0.30359417,-0.5458557
-0.20317994,-0.52513045,-2.7752464,-2.3319018,-1.5659233,0.9596168,1.8248386,0.8244349,-0.38106704,-0.21748123
-0.84224254,-1.2356126,-3.681302,-3.433783,-1.0384921,1.3791809,1.7830762,1.1362175,-0.17599665,-0.37455913
-0.5076252,-1.4697402,-3.0427463,-3.0778635,-1.29151,0.74005294,1.787351,1.7937522,0.18852119,-0.6026176
-0.6853143,-1.8539994,-3.9373915,-2.886563,-1.2436929,0.7092717,2.0591273,0.8954547,-0.08845395,-0.68995154
-0.62162024,-0.99438494,-3.227229,-2.5237494,-0.9437407,0.4447017,1.4375014,0.8416207,0.32329777,-0.6884291
-0.39415333,-0.79419494,-0.6207264,-1.315396,-0.66154367,0.81044763,1.2706752,0.24453953,-0.6556427,-0.39005578
-0.7555925,-1.362588,-3.8157187,-3.3562794,-1.0595161,0.27602682,1.3123227,1.1670934,0.38275883,-0.59915584
-1.1529758,-0.7204235,-2.1571333,-2.589838,-0.6630055,1.003552,0.9395583,0.6071155,0.20303266,0.039701317
-0.6789566,-0.71778697,-2.3531184,-2.6778448,-1.1642438,0.4073968,0.75061655,0.73682463,0.049954437,0.101642676
-0.7929171,-0.6989552,-3.324072,-3.7541244,-1.2199205,1.3341341,2.0868878,0.6211992,-0.07511058,-0.4150292
-0.95145816,-0.6990123,-3.0224268,-2.5170848,-0.85553557,0.7248773,1.5551524,1.0435487,-0.1739063,-0.83078414
-1.2887771,-1.6170076,-3.7425194,-3.2482572,-1.5459268,0.9215921,1.6878272,1.2007668,0.35673252,-0.48381385
-0.1859486,-0.7604685,-2.850218,-2.850476,-1.3056537,0.5481469,1.5657891,0.369829,-0.088126905,0.022258863
-0.54398227,-1.4401664,-2.8049014,-3.463766,-1.2434034,1.4186215,1.9080561,1.1138375,0.029823866,-0.34558257
-0.320349,-1.5995467,-3.2813811,-2.8079412,-0.5646513,1.0416163,1.4768553,1.1449201,0.40343535,-0.4220032
-0.80889356,-0.6467679,-2.2299254,-2.3986442,-0.448466,1.1117979,1.445761,0.6984724,-0.531545,-0.72644025
-0.7344214,-1.1432272,-3.2038097,-2.8902938,-0.90595967,1.0758237,1.9863687,1.2697994,-0.24533665,-0.54144263
-0.052619092,-1.5779341,-3.725004,-2.910734,-0.91479397,1.0939764,2.2260456,1.656918,-0.11506367,-0.71638626
-1.2500802,-1.1466992,-2.7386906,-2.323596,-0.9745094,0.5981283,1.3026562,1.1002371,0.1527875,-1.0211623
-1.2601775,-1.1716727,-3.658388,-2.7164898,-0.7708447,1.167313,2.127312,0.8829295,-0.10892661,-0.8268326
-0.32101038,-0.4246678,-2.4753094,-2.6962605,-0.8757381,1.4286598,1.5412009,1.042705,-0.40818414,-0.1804133
-0.67102027,-1.2532821,-3.4688184,-3.1777503,-1.3734093,0.34714687,1.5288494,1.3803244,0.2781846,-0.5517556
-0.2827251,-1.5679475,-3.4997482,-3.0039113,-0.8773337,0.94295675,2.1861086,1.4937347,-0.023531895,-0.42024744
-0.61399144,-1.0757316,-2.9495082,-3.0114784,-0.3889165,1.1054974,2.060391,1.2833776,0.29453638,-1.1617146
-0.14065237,-1.2239467,-2.9330401,-3.0980792,-1.101463,0.85770833,1.4188093,1.1914926,0.30013385,-0.6233811
-0.30130827,-1.7641536,-3.6294541,-2.963586,-1.3282957,0.85094017,2.1033142,1.7942874,0.2949913,-0.91214293
-0.4254915,-0.5529294,-2.3357935,-2.0258336,-0.46104816,1.2617133,1.3357391,0.24166435,-0.023128929,-0.4108011
-0.01602365,-1.3232253,-3.226054,-2.272175,-0.8669295,1.1158901,1.8732417,0.64470756,0.03254354,-0.5665132
-0.7571731,-1.2640823,-3.4684987,-3.0802321,-1.2269093,1.1396888,2.0053587,0.8961658,0.11191308,0.009791882
-0.4378629,-1.0025041,-3.6610506,-3.752756,-1.3364319,0.60492575,1.584053,0.65188056,0.5439241,0.012463015
-0.92557216,-0.6013504,-3.0581846,-2.9614594,-0.8877543,1.1223879,2.0538585,1.4667481,0.032597836,-0.6272526
-0.42996302,-0.8939042,-2.4623106,-3.173268,-1.1859342,0.6226355,1.7918638,0.66610676,0.62078327,-0.9475377
0.03833062,-0.8414235,-2.4532607,-2.3122702,-0.5775436,1.1156778,1.3229865,1.2755789,-0.4041969,-0.4728823
-0.35801604,-1.5660336,-3.3629649,-2.8906636,-1.5397587,1.2223431,1.1634914,1.1427214,0.5382431,-0.624845
-0.3577706,-1.1312808,-2.5182567,-2.5495338,-1.0481732,0.624665,1.5234628,1.0709431,-0.16289991,-0.69261104
-0.0020024553,-1.1295905,-3.2708607,-2.9385772,-1.132869,0.88440347,1.6678723,0.68412125,-0.5035834,0.0012161336
-0.49276114,-1.2247374,-2.431771,-2.6223204,-0.956574,1.1530813,1.8964804,1.1264876,-0.20045783,-0.048748482
-0.5988958,-0.63644135,-2.2182686,-2.2358828,-1.086862,0.9223767,1.2119715,0.76598763,-0.13140558,-0.7765393
-1.031113,-0.36440915,-2.0981488,-1.6159581,-0.7641768,0.29648557,1.3286813,0.7856506,-0.27958587,-0.018110836
-0.5345914,-1.0160849,-2.8279707,-2.6031737,-0.7263683,1.3578193,2.1198251,1.6206433,0.027851785,-0.84681267
-0.36562452,-0.6995428,-2.8528051,-2.5838645,-0.996143,0.8649826,2.3667006,1.0139718,-0.083041005,-0.4875127
0.081687875,-1.2108155,-3.2998378,-2.745011,-0.7292547,0.54643136,1.6720104,1.6669916,-0.078788936,-0.75089437
-0.57253474,-1.3570529,-2.5913467,-2.1939807,-0.43283394,0.07466779,1.164774,0.8016152,-0.31468108,-1.4920093
0.1394814,-1.4794322,-3.6201205,-2.6867747,-0.8693668,0.8188611,1.7611104,0.8643154,-0.01703054,-0.041673083
-0.5985351,-1.4082327,-3.1813867,-3.042455,-1.040811,1.0527424,1.9404794,1.0995284,-0.2683482,-0.41533846
-0.6086754,-1.2616374,-3.0773048,-2.531961,-1.0539145,-0.06231292,0.9751481,0.9171077,0.20290734,-0.7543334
-0.56578875,-0.42598036,-2.055655,-2.0180826,-0.91261077,0.7805167,1.1629462,0.55591977,-0.31595683,-0.83945096
-0.7021457,-1.4808284,-3.2992136,-3.6598523,-1.1759654,0.7904198,1.2980925,0.9431165,0.17656592,-0.52065545
-0.10506393,-1.3185375,-2.917496,-2.2664359,-1.1378893,1.1239051,1.6675466,0.74933803,-0.41358617,-0.22282314
-0.2841633,-0.9211103,-2.5219097,-2.123913,-0.9720749,1.1782274,0.972974,0.54731,0.07624708,-0.33856443
-0.6361719,-1.4159126,-3.117453,-2.3523138,-0.87170607,1.6153839,1.9308282,0.8905665,-0.5204345,-1.4431483
-0.13295811,-0.99877506,-3.5264564,-2.611973,-1.0237366,0.9015908,1.6472088,0.98847955,0.23871058,-0.87779033
-0.2531005,-0.35377395,-2.669378,-2.6715841,-1.3867842,0.5691283,1.1697657,0.63496935,0.21033104,-0.6378372
-0.23573604,-1.3254917,-2.5460393,-2.2429278,-0.9254029,1.3459289,1.5566728,0.2666101,-0.2085652,-0.18895727
-0.2949725,-1.1148026,-2.993925,-2.661236,-1.113173,1.1169355,1.5419837,0.986709,0.1922183,-0.729726
-0.24146064,-1.4675024,-3.5868254,-3.075834,-0.6054747,1.5367453,2.3149836,1.380723,-0.103519596,-0.20198277
-1.015378,-1.3647901,-2.1646395,-2.4160838,-0.81941825,1.6076174,-0.2631777,0.7734685,0.31646407,-0.49653587
-0.29949233,-0.87161314,-2.727829,-2.6226172,-1.5504826,1.1430306,2.010845,0.86989236,0.21774149,-0.12428503
-0.65219855,-0.7116523,-2.8889067,-2.4194047,-1.1280123,0.5548614,1.5408223,0.9614733,-0.091628306,0.2423268
-0.18888547,-1.1251974,-2.3845575,-2.306088,-0.83396494,0.99447554,1.5510273,0.8237107,0.22043693,0.2112821
-0.5264434,-1.5578086,-2.6602228,-2.9054458,-1.0755124,1.5299116,1.9809616,1.1026782,0.07604563,-0.7014092
-1.3158679,-1.1501848,-2.176023,-2.6472342,-0.65877104,1.169549,1.1312598,0.39459544,-0.058149092,-0.2193859
-0.05648387,-1.1143541,-2.455602,-2.750525,-1.0324944,1.1439248,2.3111591,1.4481504,0.22475405,-0.41747162
-0.99725455,-1.5789609,-3.3146403,-3.318121,-1.0207005,1.0709945,1.7273531,1.7424132,0.22008765,-0.21495542
-0.46684718,-0.859233,-2.955502,-3.7067664,-0.7690331,1.3092443,1.688998,0.9830622,-0.022396566,-1.156091
-0.095241494,-1.2865927,-2.6109338,-2.3944647,-0.9411574,1.0007887,1.4521252,0.778213,-0.0283903,-1.073455
-0.7107534,-1.0119581,-3.488885,-3.1543574,-1.15806,1.046096,1.8069757,0.9091939,0.09558942,-0.5115673
-0.42196485,-0.3383801,-2.3560784,-2.3841014,-0.7771544,1.088352,1.4759359,0.88934726,-0.18539898,-0.49851528
-0.51506174,-0.33850837,-3.543348,-2.9426782,-0.7958197,1.3188599,1.9504578,1.4321289,-0.043253183,-0.85568136
-0.24543644,-1.0902619,-3.4726253,-2.6916547,-1.1467265,1.1616058,1.9435819,0.97336316,0.085384324,-0.023988243
-0.9884927,-0.6236877,-2.2802687,-2.3713458,-0.7190489,1.0398573,1.3485681,0.77123415,-0.5719602,-0.47313276
-0.19354261,-0.5171615,-3.1404388,-2.5845387,-0.9982698,1.121563,1.0238703,0.6400932,-0.1867797,-0.37808007
-0.51126164,-1.0916245,-2.2198403,-3.1708539,-1.0406038,0.60709894,1.955148,1.1641048,-0.032388482,-0.42148265
-0.5600257,-0.60183287,-2.1741307,-2.2741404,-0.7325844,1.1698508,1.655993,1.0819443,-0.15465076,-0.09923151
-0.48914927,-1.8138521,-3.600104,-2.8068779,-0.58353364,1.1096596,1.5396029,1.1803647,-0.43512645,-0.907047
-0.34664017,-1.8191818,-3.5122979,-2.7295609,-0.7057333,0.69043946,2.2785687,1.5051286,-0.4049572,-0.800441
-0.8051045,-1.4168426,-3.5830657,-3.166543,-0.9409093,1.7079076,2.4043665,1.220989,0.16637763,-0.7495624
-1.0436417,-1.0385652,-3.2053742,-3.0329473,-0.75597376,1.3483727,1.2595509,0.76360637,-0.046599068,-1.1657406
-0.3167648,-1.2854649,-3.2991464,-2.8256102,-0.7303376,1.2287389,2.5518918,1.7486241,0.5808396,-0.59466624
-0.72729474,-0.6439103,-2.3957512,-2.2479117,-0.631915,1.0580623,1.3445985,0.3548517,-0.2938798,-0.16674337
-0.70261025,-0.937218,-2.3506436,-2.657699,-1.2915486,0.9514352,1.2594827,0.7394815,-0.07014519,-0.49430704
-0.26619658,-1.7327996,-3.7271843,-3.878004,-0.81150204,1.7343068,2.251214,1.4103891,0.18874805,-0.56430304
-0.3457682,-1.0104668,-3.0345354,-2.9959657,-1.0042089,1.0655807,1.9758325,1.6375927,-0.33127388,-0.2919443
-0.5034712,-1.7789215,-3.0119023,-2.3704681,-1.0363365,1.0027578,2.3309488,1.247458,-0.12426884,-0.9072113
-0.5210461,-1.1341053,-2.2806435,-1.8632735,-1.0043998,0.73518246,1.4828799,0.96671253,-0.518963,-0.9561403
0.025424756,-0.9417619,-2.468495,-2.038754,-0.96541244,1.0640447,1.7473158,0.56186074,-0.5551276,-0.09473018
-0.2286828,-0.846172,-2.316594,-2.0811474,-0.68809813,1.0006585,0.85316384,0.7103991,0.10150135,-0.43051037
-0.57450515,-0.76572067,-3.221562,-2.7399414,-0.5282492,1.3385952,1.7495342,0.58958626,-0.37165633,-0.7122228
-0.011976137,-0.5277598,-3.2968063,-3.335472,-0.7958377,0.82514864,2.0636926,1.0554515,0.10077506,-0.18025158
-0.40993702,-1.1952583,-3.3385038,-2.6441991,-0.75519973,0.870428,1.5902371,1.0681226,-0.08017445,-0.71028334
-0.74977016,-1.5834733,-3.468466,-3.2150564,-1.1108804,0.76128525,1.7165484,0.6284191,-0.1385515,-0.7014489
-0.24464276,-1.6922704,-3.3832016,-2.8211823,-1.0373678,1.2554327,2.0154526,0.7645343,-0.063229196,-0.5600703
-0.8350826,-0.6290387,-2.8840768,-2.8949995,-1.1862049,0.89883405,1.9039361,1.1490127,-0.32938653,-0.14489964
-0.47066978,-1.0093918,-3.608482,-3.0466838,-0.76088744,0.90582764,1.8414081,0.9317405,0.09250934,0.07162487
-0.39411825,-0.9042069,-2.1529055,-2.5783503,-1.460109,0.7862898,0.93125755,0.54487514,-0.14672266,-0.39430532
-0.98730344,-1.2237965,-3.1101556,-3.2847807,-1.6154234,1.0316842,1.6055073,0.68554705,-0.3843277,-0.6001241
-1.1958052,-1.0921931,-2.681335,-2.6324143,-1.1207383,0.7417281,1.084802,0.73199505,0.27636853,0.1454348
-0.7263179,-1.5448068,-2.9849167,-3.210107,-1.1329885,1.1500778,1.8948964,1.2166464,0.24969767,-0.71340334
-0.8264288,-0.70244783,-2.801689,-2.4163926,-1.1415355,0.59782535,1.6263789,0.7753158,0.026615672,-0.5459773
-0.28399256,-1.9733487,-2.2399652,-1.6942074,-0.79372615,1.8333515,-1.9499723,0.75080866,-0.07484414,-0.92712295
0.13546251,-0.8246306,-2.1742628,-1.7566267,-0.46499166,1.1094373,1.5130582,0.71323663,-0.20506415,-0.22394615
-0.25076836,-1.2279154,-2.4228797,-2.090798,-0.731303,0.5113928,1.4307619,0.54143804,-0.076493844,-0.19488898
-0.30421278,-1.0030653,-2.530521,-2.6787267,-1.2904865,0.62261546,1.3162498,1.2800256,0.057229243,-0.622865
-0.7149472,-1.5081528,-3.4941316,-3.0623329,-0.9884608,1.0141219,1.7205461,0.9074322,0.21418649,-0.9139669
-0.25739262,-0.86446494,-2.253962,-2.3682566,-1.0413548,0.9781339,1.6049738,0.16953667,-0.014690745,0.33865047
-1.3226466,-1.0775818,-3.3270295,-3.4187913,-1.6532668,0.61119336,1.9548459,1.0375646,-0.22134627,-0.9753793
-0.61947805,-2.1937985,-4.0674596,-3.5582292,-1.5666113,0.9424381,2.3323014,1.2316936,-0.025993118,-0.65993005
-0.18224856,-1.3957884,-3.1027076,-3.297041,-0.7067403,1.1484456,1.9166642,1.4934292,0.027299764,-0.18795522
-0.6033604,-1.1738682,-2.8055592,-2.136686,-0.8851828,1.3214567,1.6051868,0.77131623,-0.30574313,-0.6584888
-0.21964605,-1.4504799,-2.1113734,-2.3590314,-0.6074083,0.97742164,1.9440916,1.0107737,0.058642387,-0.47109807
-0.46148247,-0.62110865,-2.9584231,-2.1421926,-0.55998445,1.4171509,1.8796961,1.1151044,0.09841106,-0.5399981
-0.69472706,-1.6245111,-3.6523871,-3.533042,-1.5692937,0.96843725,1.7687705,1.2615879,0.22938047,-1.0897145
-0.32760006,-1.5494335,-3.158067,-2.763602,-1.2860106,0.8229822,1.5677848,0.57567984,-0.4522452,-1.1591142
-0.67694825,-0.6861643,-2.648471,-2.5087276,-0.84797907,0.65360475,1.4726331,1.0180216,-0.5127937,-0.9427549
-0.99559075,-0.52128625,-2.4110334,-3.0271482,-0.9356164,0.56294405,1.1089889,0.6550757,-0.1506823,-0.45892292
-0.04404721,-2.2486646,-3.4943852,-2.298865,-0.8866771,1.2104882,2.205703,0.9329899,-0.6319736,-0.9353662
-0.6911109,-1.116604,-2.2838235,-2.1369793,-0.35364652,1.3620484,1.0955566,0.871206,0.08324716,-0.3568786
-0.82838005,-1.652842,-3.7440126,-3.5599966,-1.1995401,0.99211276,1.5644828,1.2392741,0.10268586,-0.76342565
-1.095576,-1.0899403,-3.1752489,-2.8405526,-0.91375756,1.0456283,1.6607355,0.5144911,-0.19479576,-0.064630516
-1.1246649,-1.6354191,-3.8351464,-3.6941183,-1.1385442,0.9075092,2.2541645,1.0921086,-0.07351759,-0.6209029
-1.0727462,-0.6846412,-2.6326513,-2.7892368,-0.7013642,1.1247023,1.4573562,1.1109308,-0.4447773,-0.68485415
-1.1823789,-1.4549646,-3.607361,-3.079297,-1.4302441,0.7179993,1.6326222,0.8760075,0.192884,-0.24339604
-0.5570374,-1.5516165,-3.8155332,-3.674274,-1.206474,1.6252998,1.7880055,1.0538921,-0.21337484,-0.7070464
-0.32929403,-1.0941421,-3.105984,-3.1977813,-1.4941593,0.71068865,1.8408047,1.4745152,0.5241167,-0.6205582
-1.0932833,-0.2203542,-1.7815653,-2.693962,-0.81580055,1.074808,1.0220503,0.67854834,-0.28095323,-0.5124007
0.2365095,-1.6986799,-3.373066,-2.6255054,-0.84079814,1.1694647,2.17081,1.2606876,-0.17430755,-0.82678086
-0.32791188,-0.3036897,-1.9062241,-2.211002,-0.614241,0.44818506,0.864341,0.41930497,0.020630183,-0.21793197
0.104878336,-0.64342874,-2.1065378,-2.2589362,-0.6310678,0.8683832,1.2028419,0.5612114,0.341246,0.13559565
-0.5419286,-1.4939947,-3.5695784,-2.7461872,-0.8259743,0.99952304,1.8887756,1.8329599,0.34288958,-0.41079092
-0.023727963,-1.5541711,-2.1837986,-2.0164542,-0.5463063,1.0850854,1.8392168,1.3204517,-0.008011802,-0.61088455
-0.9758675,-0.7959139,-2.919476,-2.40668,-0.8054131,1.4403067,1.2506484,0.7095971,0.0375453,-1.4093251
-0.52111095,-0.8013192,-2.4547417,-2.851107,-1.0291482,1.0372286,1.589584,0.74146473,-0.27264252,-0.45348832
-0.5821762,-1.3783692,-3.5621321,-3.6110823,-1.3577772,1.1040424,2.0430026,1.7663307,0.5045891,-0.52243197
-0.74079585,-1.2527412,-3.6042526,-3.1071246,-0.72280365,1.4209278,2.2293882,0.973996,0.082794875,-0.2007773
-0.7032037,-1.2221925,-3.439344,-2.798034,-1.168817,1.0995935,1.7758427,0.8252578,0.21360143,-0.018043425
-0.12779702,-1.1709182,-2.2804034,-2.1724293,-0.88555324,1.0975637,1.8973303,1.0416809,0.053204365,-0.07232074
-0.72973865,-1.2499002,-3.5184853,-3.141798,-0.55357546,1.581898,2.0688488,1.2470642,-0.025093641,-0.5117755
-0.4726996,-0.866255,-2.105249,-1.9373002,-0.85991263,0.08167579,0.78549343,0.6111838,-0.37363636,-0.184239
-0.94554144,-0.80711347,-2.674011,-2.9765866,-1.1656923,1.3234993,1.8193345,0.99351555,0.5204498,-0.41311702
-0.65002453,-1.0294085,-2.8797166,-2.9665937,-0.83654433,1.1367614,1.8887714,1.5173368,-0.16701522,-0.59363633
-0.46308875,-1.1380044,-2.4806666,-2.682552,-0.7058093,1.1162202,1.6663705,0.50725746,0.14223205,-0.2464055
0.11395839,-0.82049197,-2.537396,-2.5681164,-1.3135182,1.2210914,1.9153124,1.1584051,0.34855074,-0.19219574
-0.62599146,-1.2978647,-3.6672497,-3.4742785,-0.9244243,1.9099504,1.8591305,0.9768137,-0.021430638,-0.9506885
-0.016878188,-1.6864008,-3.7408745,-3.5748193,-1.0023841,1.4355445,2.5754988,1.8345972,0.11321579,-0.63304555
-0.4082382,-1.6169072,-3.693915,-3.7020044,-1.3026314,1.7275987,1.8076396,0.98908246,-0.26318926,-0.6881553
0.14045013,-1.6535304,-3.4442542,-2.6974258,-0.9215506,1.0455407,2.150205,1.4684563,-0.17590846,-0.7136432
-0.104056045,-1.0730994,-3.503931,-3.318109,-1.168441,1.0115476,1.3701069,0.68418425,0.14856648,-0.5528242
-0.654555,-0.7072138,-1.9359758,-1.966424,-1.0722046,1.0936677,1.6514504,0.69096833,-0.3585399,-0.4309374
0.16941795,-1.2467391,-3.2981057,-3.319064,-0.80653596,1.0296483,2.0066414,1.4160758,0.42080855,-0.5685739
-0.25376862,-1.876662,-3.835065,-3.8109105,-1.1317345,1.449344,2.3293598,1.4832096,-0.18472813,-0.955136
-0.28621116,-0.777382,-2.839213,-3.5091734,-1.3569721,1.171239,2.0511827,0.6676192,-0.092731595,-0.1638233
-0.5560958,-0.5530238,-2.419528,-2.0456355,-0.7137116,0.9533193,1.3174245,0.86817193,-0.020637961,-0.8220614
-0.71705914,-1.2624923,-3.6650262,-3.6064827,-1.0215893,1.3385513,2.2332435,1.0128537,0.1401871,-0.032359827
-0.18688914,-1.9391435,-3.2906828,-2.9220452,-1.1256227,1.0033062,1.9306647,1.1576102,-0.045802716,-0.5354291
0.0938561,-0.38400203,-2.6021225,-3.0104516,-1.1696397,0.73601216,1.1875292,0.52507657,-0.05359103,-0.3572991
0.020198377,-0.62944686,-2.5699894,-2.5646343,-0.936717,1.5488999,1.7828027,1.290273,0.41730776,-0.046750423
-0.50877273,-1.3471414,-2.5157125,-2.7587454,-0.8629887,0.62717855,1.3548759,1.0705967,-0.22878292,-0.4077947
-0.7538807,-0.63183904,-2.667431,-2.63476,-0.71658474,0.9636666,1.2400273,0.893277,-0.13947952,-1.1680479
-0.41968095,-0.5486162,-3.24879,-2.943708,-0.81487966,0.8886921,1.2620733,1.1473745,-0.1756657,-0.8206643
-0.04800421,-0.7557489,-2.0708678,-2.0809817,-1.4661256,0.9604034,1.746596,0.8985333,0.29654214,-0.114418074
-0.8468978,-0.6505817,-2.5727153,-2.9699755,-0.9750532,0.21802928,1.2855939,0.6960109,-0.8231583,-0.81563646
-0.7640563,-1.7895579,-3.7776763,-3.5715256,-1.2423629,1.0805198,2.0952382,0.6579871,-0.4136087,-0.19465059
-0.33236787,-1.5083003,-3.4994113,-2.421698,-1.2112185,1.1403322,2.1988485,1.2802371,-0.206051,-0.54371476
-0.23340265,-1.2166524,-2.132958,-2.5541983,-0.86864763,0.9644435,1.4798274,1.2623997,0.20666821,-0.60698867
0.103128,-0.52657944,-2.0982282,-2.7785118,-1.1510708,0.8967816,1.6239972,0.90017337,0.054722987,-0.18738411
-0.6806353,-2.014206,-3.5379927,-3.0624273,-1.2032591,1.1150273,1.7950915,0.999838,-0.100449026,-0.33652815
-0.52643365,-1.5922757,-3.689522,-3.164703,-1.2990981,1.8304594,2.5023062,1.5771518,0.011680583,-1.1878263
-0.49748772,-1.3208053,-2.9225476,-2.27314,-0.7797293,0.9487897,1.420512,0.9746783,0.062001728,-0.7340695
0.22733475,-0.59088784,-1.6800053,-1.925025,-0.50877213,0.9458786,1.2872905,0.5689201,0.1175331,-0.4870163
-1.2882091,-1.3774251,-3.3342946,-2.4665945,-0.5860347,1.1508372,1.5862902,0.71594024,-0.5638055,-1.2970847
-0.4611668,-1.5454211,-3.4285645,-3.3733602,-1.2994494,0.6645058,1.5103669,1.6696813,0.42412332,-0.26891875
-0.002785362,-1.0821694,-3.0253212,-2.5216193,-0.57246643,1.4376552,1.4064145,0.84607446,-0.3806981,-0.9550657
-0.42459235,-0.9256134,-2.8904977,-2.2710428,-0.9754259,1.0158336,1.5185822,0.7308993,-0.7703355,-0.08624896
-0.3473729,-1.2051125,-3.1234083,-3.140871,-0.9672349,1.2736014,1.8510907,1.6474587,-0.079671554,-0.7238469
-0.65063703,-0.8079072,-3.0848331,-3.1557488,-1.1527076,0.7532612,1.2652502,0.7664981,-0.08778729,-0.207706
-0.7779036,-1.1545144,-2.579635,-2.7284136,-0.6056628,0.93576443,1.6415359,0.4793601,-0.043250524,-0.030509248
-0.8827559,-1.6242903,-3.9188764,-3.4848716,-1.1624864,0.93996584,1.4885356,0.988211,0.18542828,-0.55863065
-0.19320466,-0.15531597,-1.9792078,-2.1746786,-0.5070622,0.8548574,1.4720887,0.80926925,-0.3236219,-0.8750968
-0.31978315,-1.080545,-2.7569635,-2.8260217,-0.8572219,1.0959847,1.5846748,0.7651064,0.006592415,-0.069859385
-0.022447562,-1.2231449,-3.5308297,-3.1446962,-0.8967565,1.7514681,1.9272345,0.58281374,-0.044262465,-0.4607197
-0.34291765,-1.3463292,-2.9095743,-1.9833881,-0.7457568,1.295215,1.9176646,0.5041301,0.04306623,-0.5062809
-0.49420947,-1.4371289,-3.2523603,-2.7997348,-1.2755526,0.77887493,1.409387,0.40255082,-0.098218784,-0.4454452
-0.23147938,-1.3669382,-3.1138904,-3.0263598,-1.0035201,0.56168026,1.6419694,0.93735373,-0.207157,-0.53609437
-0.8580167,-0.7581444,-3.443703,-2.5954895,-0.678555,1.6075734,1.2840987,1.0246212,-0.031878423,-0.7200743
-0.8660839,-0.81772,-3.055559,-2.5018995,-1.1428509,1.1311556,1.9919423,1.8498049,-0.25731987,-0.95661426
-0.651076,-0.46536675,-2.8136756,-2.5980418,-1.1556646,0.038972016,1.3672254,1.2782897,0.49452943,0.25520116
-3.7862089,-1.3700691,-2.7060158,-2.8741822,-0.9775221,1.3661268,0.70391154,0.5545912,0.39546195,-0.5096336
-0.57437426,-1.0745255,-2.3410323,-2.0691257,-0.98882145,0.6806426,0.7359862,0.5332964,-0.18318738,0.15808319
-0.8987131,-1.0531446,-3.4501486,-3.3387368,-0.8288342,1.4009306,1.2699686,0.9430522,0.13418743,-0.06930902
-1.2130728,-1.1527841,-2.7229683,-3.0923102,-1.4014717,0.8365213,1.4266567,1.0259409,-0.30998886,-0.6322047
-0.16737086,-1.0088636,-3.3627155,-3.1381621,-1.2248181,0.5850527,1.7984697,1.2586173,0.030972915,0.26498926
-0.5243616,-1.1164895,-3.4343753,-3.671041,-1.2117283,0.2828245,1.5797813,1.0840031,-0.36792508,-0.47532257
-0.47495386,-1.5609261,-3.8959339,-3.5603385,-1.0322495,0.77560705,1.7236971,1.1894857,0.10833815,-0.58948004
-0.73632413,-1.0993543,-2.115586,-2.300032,-1.1471831,0.9328515,1.7938608,0.88137335,-0.06680913,-0.7098219
-0.40095732,-1.285262,-3.13158,-2.7215507,-0.9634543,0.70543706,1.0412825,1.0824192,-0.27745014,-0.39209986
-0.8870415,-1.0632502,-2.9054475,-3.1550415,-0.6509013,0.90825886,1.7741828,0.72272855,0.051788267,-0.86571664
-0.28923133,-1.0252783,-3.1369605,-2.8767672,-0.9357217,0.74054533,1.7679075,1.4168051,-0.0033293872,-0.25127545
-0.42433664,-1.6080728,-3.608501,-2.9491498,-0.92880815,0.9287328,2.088821,1.0755277,-0.64242107,-0.72006994
-0.76934516,-1.3934548,-3.3545616,-2.960829,-1.2126465,0.8389483,1.1938431,1.1466576,0.33269855,-0.48010722
-0.18778549,-1.3206462,-2.7055793,-2.5527363,-1.3564376,0.89040476,1.614011,1.2418802,-0.11872023,-0.7456019
-0.76993996,-0.89759904,-3.4176788,-2.3973866,-0.8807838,0.99539584,1.775964,1.0338479,-0.48596725,-0.23714764
-0.27074727,-1.2957875,-3.0153484,-2.8217862,-0.9280143,2.5032532,1.9173988,0.82365,-0.41155624,-0.9282326
-0.769629,-1.3598717,-3.7832735,-3.2500021,-1.3278681,0.97439003,2.090868,1.654552,0.19208114,0.17503853
-0.82256216,-0.9050964,-2.8734741,-2.713567,-1.0281434,1.2914112,1.5152034,0.7811763,0.28347245,-0.22491618
-0.69732845,-0.80132914,-2.9948,-2.3365638,-1.5374856,0.7061879,2.3264709,0.80078804,-0.6063896,-0.8596957
-0.72884715,-1.1028003,-3.574614,-3.2020745,-0.8230168,1.41002,1.5443195,0.9497129,-0.01218555,-0.2567774
-0.48486724,-1.2335759,-3.2384796,-3.058108,-1.2306055,0.5955039,1.4003822,0.9041613,-0.2560096,-1.0303801
-0.40304628,-0.750828,-3.0213072,-2.8240297,-0.96437186,0.9390764,1.7570437,1.1325724,0.26508406,-0.5074273
-1.0878992,-1.0172662,-3.185893,-3.2495515,-1.5030947,0.9775836,1.2348596,1.0928787,-0.13510497,-0.7632893
-0.73802567,-1.435485,-2.3748097,-2.6159759,-1.2443091,0.604925,1.465711,0.8131365,-0.008071041,-0.40408644
-0.6798175,-1.140667,-3.6785328,-2.9414902,-0.71721935,1.2774376,2.144881,1.1702127,-0.07671574,-0.23126365
0.10460716,-1.5541426,-3.6207848,-2.6724658,-0.5518135,1.1416253,2.147604,1.430983,0.062129766,-0.454946
-0.10723793,-1.0673759,-3.5328226,-2.7097626,-1.0339662,1.41021,1.9291472,1.1767877,0.26884392,-0.58017445
-0.75314033,-1.1951387,-2.283044,-2.308108,-1.0504397,0.84046566,1.3163537,0.33010358,0.19549349,-0.2342665
0.08172231,-1.7066325,-2.4415157,-2.5684695,-0.8298476,0.89648354,1.5548136,0.97314155,-0.03445374,-0.15763798
-0.561603,-0.6692464,-3.2245827,-2.8744848,-0.7892037,0.70233846,1.8023398,1.6435596,-0.25316346,-0.119301364
-0.8041525,-1.348618,-2.6067083,-2.840279,-1.0084921,1.2751315,1.5275342,0.57359743,0.18807371,-1.2653972
-0.49910638,-1.3148224,-3.3880823,-3.2614307,-1.0752889,1.0424987,1.3141598,1.3862158,-0.03133022,-0.7475209
-0.4443992,-0.5408337,-2.527974,-2.2315276,-1.0795827,0.78664756,1.5211784,0.863015,-0.19362786,-0.13861714
-0.38474047,-1.209017,-2.3515148,-1.7435868,-0.866872,0.8085382,1.490515,0.68668956,-0.716969,0.0855844
-0.12870015,-1.3530544,-3.6240127,-3.6801019,-1.3330234,0.99022394,2.3976498,1.4339066,-0.1814838,-0.94792557
0.0780509,-1.0060617,-3.241672,-3.0462105,-1.4776217,1.5231148,2.3058958,1.5196071,0.15247458,-1.0793004
0.02517493,-1.1346015,-3.1747808,-2.9800315,-1.4376839,1.1031973,1.7532926,1.2399828,0.21941839,-0.04175439
-0.73764884,-1.3887025,-3.2190385,-3.4808466,-1.547016,1.0281323,1.776835,1.2145754,-0.18660505,-0.8823948
-0.34713575,-1.2983332,-3.1180935,-2.970158,-1.2158064,1.3720213,2.3574486,1.2903869,-0.18242365,-0.34404457
-0.5389605,-0.9321556,-3.5441816,-3.1875648,-0.85372066,0.9791041,2.4178107,1.0121942,-0.20999967,-0.35078415
-0.64479244,-0.5387518,-2.6271894,-2.7824028,-0.76471174,1.1004723,1.588148,1.0475472,-0.20375806,-0.07453055
0.19389711,-0.9647468,-3.4487004,-2.2367406,-0.86147714,0.5870116,1.3020674,0.8391253,-0.09148865,-0.26945865
-1.234773,-1.2566497,-2.2776213,-2.3445945,-1.2033299,1.0222349,1.1836504,0.7381358,-0.14123167,-0.26060352
-0.046054,-1.6528913,-2.5675364,-2.5578198,-0.94691986,1.3228801,2.186431,0.9055634,-0.127759,-0.6950111
0.19040038,-1.217587,-2.9101243,-2.7031353,-1.0829401,0.8551859,1.9118868,0.8385349,-0.1032253,0.35859573
-0.94820106,-1.4054085,-3.0478008,-2.985823,-0.5269477,1.097355,1.9076856,1.4292425,-0.15231317,-0.6207324
0.033000797,-1.0902551,-3.6391897,-3.8167474,-1.3713505,1.042722,1.9881481,1.5908654,0.29113728,-0.7420433
-0.03922887,-0.70433915,-3.1363056,-2.0399635,-1.1330354,0.8693891,2.0292783,0.64020306,0.0800955,-0.38590786
-0.022856975,-0.9958389,-2.9579575,-2.201742,-0.52431613,1.5337454,2.1164129,0.99225986,0.7193877,-0.15373674
-0.24863347,-0.6076367,-3.0978358,-2.9660172,-0.7967879,0.9811872,1.527987,1.0626651,0.59046394,-0.20661026
-0.21503289,-1.3872533,-2.8975248,-3.4846003,-1.0583677,0.5966832,1.7629231,1.2628899,-0.5591549,-1.2180536
-0.737623,-0.8263076,-3.318513,-2.900932,-0.5480325,0.6882751,1.2256238,0.51286656,-0.31316105,-0.1733714
-1.420675,-1.3894153,-3.75002,-2.9288316,-0.72880137,0.48905846,1.5140123,0.7875358,-0.34876025,-0.61908305
-0.44625124,-0.92549896,-3.4660447,-3.8753994,-1.232671,1.2706895,2.226184,1.2738435,0.12291012,-0.3093379
-0.6427739,-1.2484545,-3.1799002,-3.5904438,-1.2762345,0.8676691,1.9302095,0.899364,0.04685738,-0.4691201
-4.554649,-1.596987,-3.5486493,-2.552773,-1.0854276,1.3941971,0.8321701,0.6165825,-0.246552,-1.1152942
-0.30727795,-1.301219,-3.5392678,-2.4381254,-0.70330894,0.9544432,2.1019971,1.258454,0.0293103,-0.08079299
-1.2607076,-1.403023,-2.3776314,-2.4819133,-0.7146861,0.81823766,0.8880503,0.8398877,0.21721683,-0.74259204
-0.29986668,-1.7945945,-2.9264297,-3.2465503,-1.4052157,0.7540153,1.6497296,0.90412027,-0.14172967,-0.52175224
0.0031282553,-1.9286547,-3.6788652,-3.0686762,-0.53184384,0.96589065,1.9961759,1.593889,-0.11716965,-1.0571222
0.01211682,-1.0113102,-3.128526,-2.815751,-0.7757712,0.96212506,1.6749305,0.6719413,-0.13710977,0.15374778
-0.31329408,-1.1654303,-2.7257748,-2.3338082,-0.2977063,1.557751,2.3163457,1.2667806,-0.3051499,-0.9030747
0.115943156,-0.7244374,-1.9289362,-1.6927971,-0.6018078,0.80944425,1.8185287,0.62596965,-0.029819652,-0.2235078
-0.29308623,-1.5429261,-3.2551198,-2.716217,-0.78481966,0.7166386,1.3948187,0.70020187,0.016425688,-0.37061268
-0.5941824,-1.6674196,-3.6616025,-3.5112307,-1.4825417,0.84805405,2.1025739,1.5258126,-0.15200146,-0.70123494
-0.5208625,-0.56624144,-1.7778438,-2.1908076,-0.52321565,0.77194184,1.1276022,0.3522316,-0.19149083,0.11668006
-0.8261451,-0.81762844,-2.963947,-3.0419183,-1.0590724,0.48915973,1.4903444,0.85791725,-0.05583574,-0.86857873
-0.4835004,-0.6858953,-2.8452349,-3.0964458,-0.51612765,1.2554986,1.8951952,0.78999436,-0.27403763,-0.8565615
-0.8813792,-1.3669426,-3.1499305,-3.3429408,-1.5721885,0.80846745,1.6523975,1.1651874,-0.1633939,-0.7627783
-0.8765192,-1.4112858,-3.674706,-3.6311185,-1.1346672,1.3844242,1.4288497,0.8570535,-0.15660608,-0.29785866
-0.59210896,-1.3068432,-2.8803248,-2.5008936,-0.69878685,1.0254493,1.2446501,1.05049,-0.116814755,-1.1282111
-0.933033,-1.6594573,-3.8444147,-3.2718005,-1.1703906,1.4516631,1.6493453,0.9649746,-0.2633212,-0.7328863
-0.9034074,-2.0575674,-3.8093805,-3.4247386,-1.2594912,0.33668366,1.5145876,1.6614952,0.13684094,-0.8687879
-0.3308162,-1.4192,-3.3187947,-3.370691,-1.4908009,0.9289037,2.4520519,1.5297452,-0.42995122,-1.0457731
-0.7734655,-0.6651367,-2.04748,-1.691292,-0.7967538,0.65323305,0.99449444,0.2668637,-0.2853445,-0.2942697
-0.13940336,-0.8874156,-2.5897107,-2.642432,-0.916845,1.051781,1.6235272,0.69281566,0.07267588,-0.5500945
-0.837049,-1.4857001,-3.6065104,-4.0261893,-1.2210075,1.2082804,2.2447288,1.2622393,-0.10219421,-0.8573146
-0.39237508,-0.95050985,-3.4092689,-2.6278143,-0.55035275,1.053724,1.6919357,1.3316691,-0.041408226,-0.62569827
-0.37971467,-1.3999146,-2.9376047,-3.0267441,-0.8386623,1.3663098,2.1256044,0.65460354,-0.3172991,-0.9045874
-0.20912498,-0.91240555,-2.4011757,-2.5602317,-1.0605521,0.97346264,1.6592412,1.2980291,0.2773253,-0.45157278
-0.12353115,-0.9642156,-3.0335786,-2.4581676,-0.9535831,1.0988446,1.66089,1.0342308,0.18703263,-0.1025792
-0.14506425,-1.0424782,-3.14107,-2.716466,-1.151593,1.219862,1.3100215,1.1845975,0.020636916,-0.38361397
-1.0010942,-1.124014,-3.5382159,-3.2834737,-1.3466974,1.2078491,1.8566152,0.35912406,0.2051469,-0.70144707
0.08438482,-1.3304969,-3.0288758,-2.7290344,-0.4009649,1.6823705,1.7391205,0.9761029,0.15572451,-0.35434622
-0.673072,-1.7756914,-3.79765,-3.9633486,-1.3333256,0.9534374,2.1161087,1.1237744,0.33697236,-1.2693578
-0.06334334,-1.0770293,-3.4413664,-3.65452,-1.4701887,1.2752697,2.1919515,1.3493613,0.26579112,-0.40059096
-0.416584,-0.81203014,-2.6769502,-2.6192737,-0.896938,0.95586306,1.8362429,0.7961336,0.23617186,-0.5010261
-0.35563055,-0.73094237,-3.289765,-3.7042994,-0.94122744,1.0525166,2.1576867,1.3764576,0.15746878,-0.18279691
-0.6647614,-0.5742305,-1.5125363,-2.3490665,-1.7598139,0.27071455,0.054979395,-1.1536051,-0.077094056,-0.2654769
0.097855344,-0.9284664,-2.6969676,-2.113275,-0.89633584,0.9937438,1.4044787,0.61349654,0.07237174,-0.64209926
-0.30808714,-0.93354255,-2.6460643,-2.3466225,-1.1385292,0.88813776,1.3306321,1.4493065,0.3171369,-0.02222265
-1.2781473,-1.3121686,-2.6752815,-2.5541117,-1.4821403,0.14487307,1.6657302,0.8397199,-0.14000092,0.23001316
-0.854056,-1.2246851,-2.6735091,-3.0962794,-1.0354433,0.87967145,1.3301522,0.8247439,-0.11142989,-0.66089827
0.07425432,-1.211797,-2.8956122,-2.4526632,-0.6244727,1.0331259,1.4297156,0.7165044,0.15378737,-0.025042545
0.02439333,-1.3867953,-2.6423953,-2.1926281,-0.48436293,1.5932596,1.8790659,0.94508976,-0.2621468,-0.761553
-0.39135438,-2.0168083,-3.8238244,-3.9690967,-1.1318655,1.9169372,2.2113757,1.2281497,0.03595896,-0.83482695
-0.37786773,-1.2838746,-3.2211611,-3.011992,-1.1389081,0.94940674,1.6175311,0.7861823,-0.022903237,-0.22452986
-1.1895263,-1.710011,-3.7266006,-3.1589484,-1.3327916,1.3600336,1.8463452,1.3036494,-0.01123677,-0.86208165
-1.0966765,-1.1452885,-2.873079,-2.3737605,-1.0208567,0.81255686,1.1756295,0.8499873,-0.22819825,-0.4893444
-0.5424226,-1.0937711,-2.2465801,-2.7280772,-1.3512517,1.1242591,1.3644439,0.6937841,-0.12578174,-0.7210033
-0.44210246,-0.62210786,-2.5257344,-2.8079627,-0.8207891,1.0029632,1.7233291,0.7603422,-0.15734905,0.03498415
-0.6339209,-0.39057624,-1.7833035,-1.3617699,-0.3620095,0.8883153,1.1173934,0.288835,-0.66329026,-0.023269475
-0.8016335,-0.756844,-3.024166,-2.7132096,-1.0790828,0.8883657,1.3996799,0.7787181,0.0526851,-0.19124423
-0.51634353,-0.86327,-2.040023,-1.9296414,-0.5751102,0.4418087,0.86515296,0.7326163,0.18770166,-0.06327129
-0.8545477,-1.0239152,-2.6217842,-2.6905518,-0.5109216,1.6524078,1.6364083,0.4376308,0.09477351,-0.8895082
-0.86400604,-1.5559272,-3.118566,-2.46869,-0.7094867,1.2729154,1.4139464,0.60962826,-0.77143776,-0.66660005
-0.6921681,-0.9340062,-3.3439598,-3.7485461,-0.86524534,1.0884542,1.9874353,1.4886838,-0.1823823,-0.7929349
-0.73754716,-1.1402507,-3.646275,-3.2416096,-0.60844797,0.77430266,1.9754024,1.3015902,0.21342197,-0.33970955
-0.6023561,-1.2834393,-2.6204166,-2.2498293,-1.2771022,0.4748197,0.54620093,-0.50436866,-0.15785334,-0.3895321
-0.6407662,-1.0414381,-2.8708427,-3.0442426,-0.9408905,1.1325363,1.5385915,0.47594315,-0.3537232,-0.66226244
-0.9206635,-1.087382,-3.3071103,-2.926074,-0.54937917,1.342933,1.6916647,0.8332262,-0.8911528,-0.21972492
-0.9512132,-1.5397102,-3.466753,-2.9054594,-0.6772729,1.6556964,1.9478106,0.91173023,0.5232951,-0.68477315
-0.8504805,-1.238053,-3.1073775,-2.238575,-0.55802625,0.6307926,1.1079543,0.60932285,0.17333895,-0.50178456
-0.051180296,-1.673954,-3.8116632,-2.999521,-0.4361025,1.6123394,2.068374,1.6638666,0.26682878,-0.7591003
-0.49159345,-1.2439936,-2.2859676,-2.4983232,-0.63738424,1.2613096,1.4779098,0.9072088,-0.22356789,-1.2332493
-0.64203316,-1.1123148,-3.0180619,-3.2331717,-1.5414764,0.9318102,1.6004795,1.1561267,-0.3345152,-0.49153954
-0.58173406,-1.7791333,-3.5205503,-3.342798,-1.4909534,1.8768439,2.032577,0.8334989,0.3175567,-0.97915494
-1.474063,-1.1619976,-3.6212385,-3.177774,-1.067618,1.13756,1.1062233,0.4864916,-0.3562059,-0.57612264
0.18106878,-1.5754896,-3.2449307,-2.6377926,-1.0399354,0.7631918,2.0897026,1.2564809,0.16276622,-0.45880952
-0.7166131,-1.7324221,-3.1155725,-2.3088343,-0.7396572,1.240628,2.1163785,1.1755737,0.27603632,-1.1031272
-0.17022759,-1.0503368,-2.7454143,-3.2041004,-1.0630666,1.0463011,1.3061451,1.5752347,-0.22035664,-0.7106966
-0.7458036,-1.2967939,-3.3156588,-2.6193755,-0.60590774,1.2922454,2.059266,1.4667164,-0.6513874,-0.49439138
-0.24901904,-1.5986698,-2.497467,-2.2699952,-1.0267853,1.1445048,-0.6367384,0.84182715,0.071547195,-0.93503547
-0.183242,-0.13375008,-2.6396017,-2.6422405,-0.48826882,0.68963176,1.5383943,1.2033452,0.1763846,0.16815478
-0.33625397,-1.3700988,-3.2461886,-3.4352036,-1.5062368,0.46531004,1.8665245,1.4858285,0.45498347,-0.8281103
-0.71111566,-1.4167815,-2.9713256,-2.5172377,-0.8305004,1.2221276,1.3761675,1.0157642,-0.22914244,-0.23917209
-1.0413629,-0.930688,-3.4338982,-3.0695732,-0.65867907,0.95992035,1.2139015,0.72057414,-0.36646587,-1.5430694
-1.2126342,-0.9871875,-2.597403,-2.197719,-0.70837337,1.0314547,1.102992,0.7954264,-0.54560274,-0.10884283
-0.52248746,-1.0726693,-3.6349323,-3.5438354,-0.8907353,1.2039374,2.0518231,1.3873743,0.0090846745,-0.6987178
-1.2747717,-1.8095824,-3.9721215,-4.1251416,-1.5177435,1.262648,2.28633,1.328261,0.006073311,-0.01310396
-0.37564564,-1.2222813,-2.8061295,-3.0322974,-1.2211769,0.50560147,1.3936533,1.1773092,-0.056660935,-0.81316435
-0.39214596,-1.2444876,-3.7253592,-3.539405,-1.3376067,1.2452188,1.5373001,0.75906336,-0.087982886,-0.18677953
-0.74888843,-1.3665754,-3.1845102,-2.8970375,-0.64559937,1.5198014,1.9488916,1.0505419,-0.57106334,-1.0249275
-1.0824071,-1.4930145,-3.709689,-2.8518608,-0.491663,0.8736857,1.6510072,0.81862307,-0.18611835,-1.2693752
-0.6438818,-0.30824378,-2.1167574,-2.1655233,-0.7298837,1.0122954,0.86387986,0.5662362,-0.18839693,-0.05545667
0.20096289,-0.87412816,-2.31008,-2.3571408,-0.9671187,0.856538,1.5890713,1.0372984,0.38384774,-0.31162664
-1.0637,-1.5006604,-3.0835679,-3.0436978,-1.0425977,0.76307386,1.841509,1.0636033,0.04210192,-0.7912381
-1.0635973,-0.45322767,-2.0894344,-2.9847586,-1.000814,0.466462,0.8987522,0.26945993,0.011977688,-0.28779334
-0.6501811,-0.77040374,-2.6262293,-2.0598152,-0.7703506,0.4210466,1.0785457,1.1535696,-0.051747847,-0.40166008
-1.0922418,-1.0840034,-2.783845,-2.8196716,-0.7888827,1.2133157,1.4800941,0.6757728,-0.43990147,-0.99057287
-0.48845512,-0.58209455,-3.1057143,-2.9816296,-0.5847601,1.0327324,2.1415746,0.41855484,0.07636679,-0.6102102
-0.6086829,-0.37741536,-1.9948868,-1.7720845,-0.54264253,0.5478344,0.6800377,0.5047291,-0.45729265,-0.69854724
-0.542123,-1.5514094,-3.6747148,-2.7653255,-0.66447484,0.9126981,2.2243447,0.9540831,-0.07179569,-0.2828442
-0.2616371,-1.3924228,-3.2563696,-3.3859358,-1.1737702,1.4108359,1.541089,0.83030367,-0.26265544,-1.1162121
-0.6149017,-0.62962973,-2.0728233,-1.840239,-0.39210987,0.9123433,0.96967757,0.2966561,-0.41424826,0.15753853
-0.22768526,-0.760856,-2.477143,-2.429356,-0.7777818,0.66739523,1.5403775,1.2667253,0.18387239,-0.7712736
-0.8583658,-1.5071158,-3.4125123,-3.283668,-0.6239945,1.7999603,1.7100588,1.4751735,0.26930714,-0.862551
-1.0612189,-1.6318334,-3.6258776,-3.446353,-0.92423904,0.8836599,2.4026282,1.7901794,0.20186587,-0.71302897
-0.3879263,-0.1127187,-2.306608,-2.364013,-0.7364409,1.5504538,1.1006339,0.52132076,0.21450438,-0.13449776
-0.7238345,-0.5625077,-2.8053083,-3.3721132,-1.4163407,0.6636735,1.4646022,1.1769705,0.060554303,-1.1582512
-0.47130933,-0.8589418,-2.0491757,-2.2485414,-0.5675973,0.76367986,1.5281594,0.72853357,-0.6214935,-1.1155916
-0.1555341,-1.0983616,-3.4190662,-3.2904432,-1.2119486,1.2182903,2.0731235,1.1154596,0.04766013,-0.32947204
-1.05315,-0.579264,-1.8969619,-1.6845348,-0.55863446,0.71504426,0.81740254,0.5815451,-0.44121978,-0.14236425
-0.018198002,-0.45793986,-2.0062811,-2.1400356,-0.95323896,0.62470174,1.7310506,0.2082326,-0.25882846,-0.26404282
-0.2844003,-1.348971,-3.092189,-3.2207737,-1.244364,1.0516248,1.4798061,0.5335972,-0.26734212,-0.53339094
0.20897666,-1.372607,-2.406856,-2.7280958,-1.0954391,0.7595307,1.7637539,1.244137,0.16381115,-0.47415087
-0.5965151,-1.0150677,-2.952355,-3.4665775,-0.84562254,1.0026077,1.3764116,0.8719673,0.0592065,-0.18362278
-0.3262001,-0.70176226,-2.9251225,-2.2541583,-0.4922531,0.581906,1.5425017,1.2095838,0.17579485,-0.24537785
-0.23042457,-1.6079619,-3.7847033,-3.2224479,-1.3535043,0.59486395,1.93064,1.8250207,0.37438142,-0.13577127
-0.6453246,-1.197102,-2.9915094,-2.741715,-1.1818113,1.1607692,1.8462961,0.77509147,0.07560446,0.004864983
-0.8951627,-1.2418499,-2.202215,-2.1876843,-1.1270605,0.4194138,1.4291078,0.7599226,0.0039655543,-0.6460652
-0.42610875,-0.9711249,-3.1023338,-2.8485837,-0.7984192,0.9016218,1.494297,0.9053795,-0.4954912,-0.27251348
-0.05477427,-0.5028541,-1.9807168,-2.178506,-1.1208651,1.1023651,1.5472388,1.1227136,-0.005073728,-0.38485038
-1.0451833,-1.4616605,-3.6491168,-3.479726,-0.98643756,1.2583792,1.9170772,1.4986327,-0.34550706,-1.0190394
-1.2730323,-1.1527622,-3.2421172,-3.1592171,-1.3288049,0.8225609,2.2285876,1.3081393,0.078123234,-0.12496134
-0.60604537,-1.3217322,-2.7112799,-2.331232,-1.2658651,1.4775726,1.925538,1.5324693,0.003506877,-0.9384793
-0.31349182,-1.0351033,-3.120378,-3.1320393,-1.296098,1.6304823,2.4454842,1.337974,0.12699284,-0.5330201
0.18395847,-0.508887,-2.3596182,-1.8001301,-0.89115065,0.797445,1.1315548,0.52135307,-0.31053323,0.31081352
0.08199172,-1.3247795,-3.2646601,-2.9345465,-1.0734359,0.971828,1.305848,1.4582367,-0.11550249,-0.3608319
-0.9853617,-0.8949291,-3.2781084,-2.8257465,-1.2140146,1.2898649,1.8033464,1.071639,-0.27891615,-0.89978427
-0.49995318,-1.7115252,-3.2380548,-3.063479,-0.7603316,1.1108265,1.7222444,0.812313,-0.44972274,-1.0051268
-0.99645746,-1.4782326,-3.6579187,-2.4023037,-0.80794996,1.4435854,1.9610507,1.0682068,0.0032834713,-1.0968454
-0.57486206,-0.8721512,-3.554315,-3.139994,-0.488853,1.4473307,1.6266481,0.8864657,0.08148235,-0.85004944
-1.252047,-1.393464,-3.3299754,-3.1479058,-0.97017187,1.1159248,1.2882811,1.1330255,0.0055141607,-0.99604225
-0.5900768,-0.16106454,-2.0465925,-2.7137222,-1.150001,0.6264714,0.89835924,0.4017554,0.27741715,0.69610614
-0.60630715,-1.2407854,-2.2939072,-2.2235112,-1.3800038,0.96160305,1.6052349,0.65096253,-0.14869784,-0.52446324
-0.4080418,-0.91102254,-3.0145428,-2.8350706,-0.55788994,1.0092937,1.647893,0.80316234,-0.42392778,-0.96870327
-0.31650612,-1.8698148,-3.6646802,-3.108809,-1.5203372,0.9448632,2.2591302,1.6092803,0.4089864,-0.9666637
0.07784849,-1.3664082,-3.179898,-3.3454118,-1.4655557,0.5233418,2.080605,1.7536159,-0.03957228,-0.7367292
-0.5062918,-0.73487747,-3.2213469,-2.8438485,-0.9369401,0.6183518,1.570061,0.75667644,0.2031236,-0.526495
0.08151377,-1.47084,-2.611762,-3.050749,-0.91305256,0.8458758,2.1403966,1.1580763,-0.32773894,-0.28301913
0.05987977,-1.4553729,-1.8252915,-2.0374975,-0.7333371,1.7516241,-0.7562365,0.63219225,0.7384638,-0.3928965
-0.62997603,-0.8141477,-2.1868744,-2.8020353,-0.89491284,0.9577536,1.8165815,0.6783243,-0.003034,-0.10336057
-0.06755874,-0.981904,-3.3649483,-2.7774837,-1.2975017,1.4281703,2.1658955,1.2677369,0.034961287,-0.7295684
-0.14866439,-1.2368449,-3.5020676,-2.8421922,-0.7558043,0.7811979,1.7305804,0.85989076,-0.7577759,-0.8860924
-0.51721954,-1.8157222,-3.751155,-2.9927125,-0.8341396,1.6392646,2.2858527,0.8786612,-0.36298832,-0.56620157
-0.13474004,-1.3773224,-2.6943924,-3.0531998,-0.9230702,0.55637366,1.5859232,0.87881494,0.22644483,-0.5952894
-0.59424037,-1.1402808,-3.5373433,-2.845102,-0.79694396,0.5523279,1.2767413,1.2005557,0.016669389,-0.86282355
-0.32117644,-1.0578364,-2.3243215,-1.9238354,-0.5853051,0.8867659,1.6632915,0.8498012,0.20435458,-1.089554
-0.03642946,-1.2035028,-3.192192,-2.7048278,-1.2793303,0.85193455,1.5814587,0.8611105,-0.15535192,0.13963051
-0.5342099,-0.77304494,-2.8332696,-2.2148683,-1.0242565,1.5089958,2.1704543,0.75470847,-0.6306403,-0.18414593
-0.7424917,-1.0122569,-2.9251013,-2.6318524,-1.1778406,0.93695265,1.3958147,1.4121426,-0.5368861,-0.77577966
-0.40718725,-1.2158338,-3.0936825,-2.0962245,-0.5465706,1.0240387,1.8378166,0.9856785,0.20160563,-0.41807157
-0.712183,-1.3781408,-3.0932198,-3.1665282,-1.4740763,0.70492536,1.3126518,0.9036252,-0.39177555,-0.5726241
-0.43961853,-1.5501487,-3.3468893,-2.2847183,-0.83137745,0.8387306,1.4289644,0.41630027,-0.2504272,-1.5060654
-0.53892446,-1.2941158,-3.470828,-2.7352898,-0.9502842,0.94296104,1.9533184,0.68638974,0.35819358,0.19482341
-1.1997187,-2.6312397,-4.095357,-3.5339608,-1.2548617,0.70341986,1.8246611,0.9649767,0.15389715,-0.6405228
-0.4698277,-0.85121113,-2.1069365,-2.230104,-1.5685667,0.8931831,1.2960799,0.71918404,0.011944537,-0.14479564
2.0757623,-1.6410989,-2.3851597,-2.5584757,-0.77392673,1.3551102,2.2793355,1.4354943,0.06584415,-0.26288182
-0.99799895,-1.7171404,-3.8745868,-3.8498032,-0.8247564,1.8579714,2.3773918,1.9310958,0.018112982,-0.8771935
-0.53395504,-1.0165931,-2.372048,-2.289186,-0.7947722,0.75003254,1.8743143,0.72829837,-0.64756954,-0.6652296
-0.31276095,-1.1339053,-3.4703488,-2.8160038,-0.87033755,0.7899354,1.7076243,1.2732658,0.56336015,-0.4509275
-0.21827662,-1.4385681,-3.6069565,-3.142911,-0.9123734,1.1653987,1.7244856,0.955458,-0.36141345,-1.0096669
-0.47858545,-1.4440299,-3.540428,-3.5710018,-1.1340389,1.4591807,1.9032388,1.0911852,0.78171647,-0.33659005
-0.7524842,-0.9441329,-2.39473,-2.4830928,-0.4390765,1.3029808,1.962586,0.6533832,0.13962314,-0.499192
0.26254565,-0.753381,-2.7138906,-3.147237,-1.3474977,1.1421685,2.0183659,1.1655396,-0.42870948,-0.41981232
-0.07523,-0.8233335,-2.697771,-2.3245084,-0.7497251,1.0614817,1.8430793,1.1276699,0.14019588,0.12069817
-0.0017636352,-0.79709256,-2.7058303,-2.6115928,-0.29266816,1.4319174,2.2299535,1.14056,-0.29369384,-0.90223026
-0.8079849,-0.4016048,-3.1147933,-3.1178439,-0.9979463,1.5111973,1.6715754,0.5606904,0.09222679,-0.47278005
-0.49619827,-0.7343945,-3.1511924,-3.2645912,-1.1934309,0.5132349,1.6194803,0.8195986,-0.1620439,-0.3986923
-0.63857967,-1.2005854,-2.3257003,-2.477933,-1.2292963,0.43747354,0.89219064,0.64694166,-0.23074017,-0.34310538
-0.7270758,-0.75863516,-2.6111457,-2.5178845,-0.9412478,0.950181,1.1118846,0.8080905,-0.57734996,0.18956426
-0.37437052,-1.4090934,-3.8176665,-3.1671028,-0.31563556,1.789636,2.095846,1.3242048,0.19263762,-0.2629015
-1.0303937,-1.3922279,-3.239289,-3.0167453,-1.0946767,0.8355049,1.7717611,0.7840782,-0.398933,-0.24734364
-0.66615725,-0.86852884,-2.8585038,-2.5321434,-1.0778581,0.384423,1.8560191,0.9536473,-0.13705711,-0.47920877
-0.5160008,-1.0823956,-3.2926455,-2.7250512,-0.8276482,0.66025645,1.4884208,0.6332413,-0.39677554,-0.7440828
-0.6163577,-0.9609917,-3.018827,-2.3565676,-0.5062212,1.0138259,1.3435969,1.517548,0.11666684,-1.4329977
-0.63566786,-1.571664,-2.3971415,-2.3580682,-0.5044887,1.1909529,1.6968479,1.578191,-0.04266049,-0.94801325
-1.4438444,-1.1246434,-2.9398825,-2.4632926,-0.92447376,0.9635343,0.93034816,0.75224644,-0.2881068,-0.36968276
-1.5594494,-0.96668965,-3.2324493,-2.6098998,-0.9263969,0.76726085,1.4622952,0.99608976,-0.31305346,-0.9819268
-0.46037856,-0.8657646,-2.3265853,-2.1170967,-0.94768035,1.1855634,1.7357005,0.9282418,-0.1616384,-0.25962538
-0.31057653,0.3473021,-1.9889618,-2.1742208,-1.0676843,0.14824003,0.7761084,0.31190544,0.42077765,-0.41335452
-0.47966322,-0.9780567,-2.6000636,-2.8707576,-0.8967168,0.65576065,1.0591427,0.89683855,0.018216383,-0.20069925
-0.46152732,-1.0711733,-3.2807317,-3.223789,-0.8851547,1.3042712,2.000867,1.5103873,-0.07545398,-0.3918422
-0.66089904,-0.7714266,-3.2750647,-3.2040267,-1.2597247,1.1835924,1.4895469,1.1841308,0.04431035,-0.4443368
-0.592059,-0.90263855,-3.407655,-3.0806491,-0.9036367,1.1982714,1.917786,0.5260306,-0.62103564,-0.59622484
-1.6232498,-0.8956798,-2.8853486,-2.7866848,-0.84675443,0.570417,1.0959857,0.8459663,-0.3144533,0.12729557
-0.041361943,-0.9825811,-2.384713,-2.8869538,-1.3011453,1.045059,2.242663,1.6996142,0.4193036,0.13490605
-0.16181183,-0.8025359,-2.7776313,-2.63894,-0.62793237,1.2734497,1.7808691,0.7195018,-0.68013734,-0.2561545
-0.22881302,-0.77647156,-2.5879364,-2.3688273,-0.34958282,1.4515474,1.4315871,1.2098683,-0.48156896,-0.9454496
-1.0918081,-1.134916,-3.5926604,-3.408278,-1.2360127,1.2537739,1.3426745,0.85752213,-0.33260852,-0.8457959
-0.077546105,-0.79133034,-2.815673,-2.6283648,-1.0614631,0.8559657,1.809933,1.5557247,0.20897403,-0.09495939
-0.059279762,-1.0809568,-3.2493396,-2.9474607,-1.1537092,1.4299164,2.0440698,1.2369974,0.09096018,-0.54761237
-0.4200953,-0.6766593,-2.2891665,-2.789172,-1.334744,1.0746928,1.2853594,0.6217784,-0.19523685,-0.14241146
-1.0175449,-0.9270262,-2.300977,-2.5966306,-1.0117724,0.4396166,1.27151,0.8645206,-0.08839954,-0.3365557
-0.40634224,-0.61965185,-2.7903397,-3.186961,-0.71264833,1.4119937,1.986529,0.6215079,-0.27722058,-0.8124088
-0.32397422,-0.81655777,-1.6935788,-2.0590403,-0.7236342,0.991019,1.3412167,0.7401316,0.022532186,-0.013534659
-0.7365625,-1.2718784,-3.5962389,-3.7246788,-1.4768348,0.70995677,1.893998,1.3614641,0.30875143,-0.93098927
-0.5319583,-1.2802892,-2.7462282,-2.3284397,-1.3388721,0.8366573,1.5501729,0.6261449,-0.27140248,-0.75290865
0.14786889,-1.0447086,-2.4150956,-2.158505,-0.3788644,1.3330715,1.3024514,0.5850715,0.22903411,-0.7309116
-0.65413153,-0.35925162,-2.6454113,-2.1527092,-0.6966953,1.5390733,2.103714,1.1723475,-0.036152184,-0.38097328
-0.610226,-1.7411621,-3.4440582,-3.6976452,-0.9438955,1.3895913,1.8626816,1.038221,-0.21928233,-0.7311011
-0.5421142,-1.1632094,-2.9631472,-3.423156,-1.214812,1.1916037,2.1005824,1.3670267,0.14735727,-0.72958606
-0.36118108,-1.1409299,-1.9985509,-2.2725139,-1.0563905,1.0149442,1.315488,0.16996995,-0.47984734,-0.6677768
-0.24298115,-0.6101951,-1.8217139,-2.3100483,-0.9716176,1.2719553,1.5721481,0.8633587,0.44932944,0.122834556
-0.597179,-1.0414548,-3.7143865,-2.5413175,-0.37846377,0.8480448,1.1066546,0.95619565,0.37445477,-0.6244296
-0.5130673,-1.1230284,-2.8985233,-3.1984043,-1.4176232,0.8207149,1.5704305,1.0138383,0.35708034,-0.13056402
-0.75753945,-1.331769,-3.7007275,-3.2687473,-0.8493607,1.5165867,1.8431664,1.0267197,-0.27671754,-0.8965674
-0.111537054,-1.0052392,-3.0819535,-2.5177402,-0.479319,1.533098,1.7834568,1.0317947,-0.12647966,-0.6200541
-0.4400105,-1.0682443,-2.7130606,-3.385642,-1.0678091,1.1593896,2.2557364,1.7550315,0.41376206,-0.52808064
-0.4655504,-1.0561734,-3.33924,-3.500837,-1.3984156,1.2958995,1.8991035,1.208604,0.5107971,-0.8847252
-0.1015938,-1.7057912,-1.5083392,-1.107974,-0.5272933,1.841925,-2.359763,0.50545347,-0.16608404,-0.6914661
-0.42596048,-1.3135557,-2.6202092,-2.3878248,-1.107532,1.1933365,2.1011748,0.9629184,-0.17451914,-0.5752385
-0.8927097,-1.0964111,-2.5831378,-2.1975577,-0.9492329,0.8425169,1.464752,0.739849,-0.11551407,-0.22090982
2.1156511,-0.28053722,-1.7705665,-2.2706969,-0.78429705,1.2657393,2.3552876,1.3701688,0.30293486,-0.6850902
-0.2681678,-1.1471297,-3.4141283,-3.7000058,-0.9245781,1.5796264,2.0986574,1.1382715,-0.053017274,-0.2286784
-0.8410449,-0.760924,-2.2744167,-2.9319062,-1.2926751,1.1209238,1.3263386,0.7917337,-0.12719384,-0.19383757
-1.1485294,-0.7039857,-2.6053672,-2.8587072,-0.9548471,0.56198525,1.8038831,0.5841707,0.13997929,-0.5654705
-0.33153096,-1.3819664,-3.3752694,-3.0651774,-0.7869769,1.3518934,1.5816289,0.85275984,-0.12731814,-0.64544874
-0.95985126,-1.4760164,-3.2092502,-3.1986737,-1.0716377,1.0034317,2.2159784,1.4678212,-0.37721524,-1.6146019
-1.1839156,-0.6010682,-1.7645879,-2.8125865,-1.0766151,0.3921043,1.3269858,0.5696528,-0.035950866,-0.29668608
-1.4101187,-1.7867277,-3.821194,-3.2674534,-0.8175672,1.739099,1.81076,1.1906629,0.13507724,-1.1973393
-0.60310847,-0.932184,-3.4266224,-3.6120455,-1.3826903,0.70350194,2.3605392,2.0228038,-0.077570826,-0.8731474
-0.28475177,-1.9402206,-3.8201482,-3.6845887,-1.3073009,0.95004165,2.1924937,2.424257,0.13550979,-0.4677684
-0.24337812,-1.0681744,-3.53239,-3.4211314,-1.2913893,1.0473078,2.2358153,1.2751273,0.25267482,-0.22019926
-0.73609054,-1.4377964,-3.7049835,-3.488633,-1.0255827,1.6036634,2.1411095,1.2864962,-0.028964825,-0.9316559
-0.13870129,-1.4103062,-3.106695,-3.015194,-1.0978985,1.21167,1.966264,1.1096212,0.63706553,-0.43939024
-1.171556,-1.2233654,-3.670832,-2.7730677,-1.30633,0.880404,1.656891,1.219456,0.10085422,-0.47782543
-1.1390352,-1.1017166,-3.5907407,-3.344889,-0.9708352,1.1268547,1.5563014,1.2164513,0.19628347,-0.64949936
-0.6712697,-1.1381145,-2.5541496,-3.0426972,-1.5736349,1.0343336,2.2291858,1.2126533,0.23004031,-0.4686455
-1.2918022,-1.7122923,-3.4690652,-2.6580613,-1.1831532,0.85697013,2.2029998,1.4004499,0.061036613,-0.7936519
-1.444045,-1.9017456,-3.9711194,-3.887578,-1.2480145,1.2982208,1.9155018,0.9916649,0.06614767,-0.90947056
-0.50363296,-0.74304336,-2.8301237,-3.1976697,-1.4753436,1.0107489,2.0799782,1.1284553,-0.04108835,-0.6353704
-1.2118055,-0.8688203,-2.6295862,-2.982948,-0.9717307,0.76276577,1.0082965,0.67227507,-0.08456739,-0.035822526
-0.26701304,-1.7125278,-3.549419,-2.9352732,-1.1388066,0.66756797,1.5301578,0.86500293,0.16505761,-0.175441
-0.40745276,-1.7941784,-3.9258473,-3.033456,-1.131352,1.3762813,2.3480291,1.9495186,0.2000664,-0.5046636
-0.5277142,-0.8724048,-2.026206,-2.0417085,-0.5304971,1.0050937,1.364632,0.8119418,-0.21116026,-0.6200989
-0.13559447,-0.6155141,-2.3549397,-2.5088933,-0.5311443,0.9647126,1.732456,1.5139884,0.054715365,-0.7885479
-0.6122109,-0.9492523,-2.9644747,-2.5661347,-0.86702394,0.6819975,1.0645242,0.8860567,0.21367115,-0.70440555
-0.79920495,-0.5997335,-2.8850856,-2.6577737,-1.265023,0.9881542,1.8868597,0.46692055,-0.22700751,0.23584238
-1.1046833,-1.060578,-2.938924,-3.3298886,-0.6482884,0.90478635,1.9598564,1.8639599,-0.19378723,-0.6066444
-0.93931484,-0.7630843,-2.0781083,-3.1988802,-1.298843,1.0688922,1.336239,0.399123,0.11392197,-0.095534354
-0.8934628,-1.0445602,-3.4532819,-3.490318,-0.6976529,0.9151255,1.4136945,0.9654492,-0.26999748,-0.27396
-0.9155379,-1.4320709,-3.1851144,-3.084201,-0.8357591,0.8445133,1.5259694,0.6308077,0.1414398,-0.0354772
-0.19048586,-1.3104789,-3.1465726,-2.7664452,-0.85161275,1.3726124,1.9279592,0.9439101,0.29378754,-0.48261645
-0.10710342,-1.4646858,-3.4363685,-2.1703963,-0.5340734,1.0122347,2.0654263,1.0355057,-0.14473136,-0.61502665
-0.9827216,-0.725457,-3.201048,-3.5479665,-1.1150391,1.2175183,2.0497534,0.7574433,0.21397907,-0.08498125
-0.96585166,-1.617098,-3.9656055,-4.3058224,-1.113907,0.90208113,2.4150097,1.7181199,0.10975973,-1.3939873
-0.48591328,-1.2579942,-3.1915329,-3.4544706,-1.1577382,0.9888542,1.9595194,1.0524335,-0.5761626,-0.13228936
-0.49057582,-1.1670288,-3.5164783,-3.3583515,-1.2068193,0.74942744,1.607757,1.5548071,0.31773308,-0.06464543
-0.58596224,-1.6198037,-2.470064,-3.0925794,-1.3670733,1.0176182,1.4226162,0.5244025,0.08602304,-0.956406
-0.059824403,-0.8643016,-3.400897,-3.3541636,-1.0686351,0.58718944,0.8217066,0.8198057,-0.08242341,-0.11071758
-1.4009503,-1.5205826,-3.8996625,-3.914803,-1.1097358,0.8018274,2.3526826,1.2570261,0.037132323,-1.1261759
-0.30374366,-1.4760013,-3.6903398,-2.6399705,-0.935307,1.1743956,1.6859176,1.4519973,-0.12217964,-0.83804584
-0.36151442,-1.0269234,-2.2400968,-1.8068132,-0.3855396,0.71392274,1.4533106,1.1163919,0.20176011,-0.5754759
-0.14819676,-0.9410375,-2.5801542,-3.085737,-1.4913568,1.1835736,1.8612726,0.9623614,0.13903175,-0.19415154
-0.6703651,-0.6785534,-2.6343193,-2.2787125,-0.949988,1.2581022,1.27024,0.6599766,-0.13673334,0.007909886
-1.0693316,-1.3160585,-3.0697503,-3.514337,-1.2477025,1.0052885,1.7253301,0.7924694,0.118961714,-0.5937241
-0.46114764,-0.9253954,-2.995495,-3.1328423,-0.7714526,1.3347942,1.8349806,0.62582505,0.004225661,-0.899685
-1.1202748,-1.1338339,-2.6612773,-3.368074,-1.2856171,1.3247666,1.509975,0.9508477,-0.251984,-0.9566392
-0.34321436,-0.9614666,-2.5692549,-2.9503613,-0.3205106,1.6415869,2.2194257,0.9617576,-0.14269978,-0.9214142
-0.96008945,-0.7136323,-3.1060047,-3.589799,-1.2668108,1.2779806,2.1789372,1.3021244,0.121985525,-0.054456998
0.09793205,-1.5294074,-3.8009086,-3.6759257,-0.94794667,1.2606584,2.332477,1.4372364,-0.06619285,-0.06807729
-0.510392,-0.7433584,-2.7286747,-2.4715023,-1.0909317,0.45472312,1.17759,0.5665015,0.54609317,0.30628753
-1.3357052,-1.1094103,-3.154337,-2.5218923,-1.2106438,0.8989185,1.1025327,0.83126295,-0.52395767,-0.25323623
-0.59416753,-1.4218194,-2.7657452,-2.5415263,-1.5631797,1.0770215,2.0619776,1.0202527,-0.39460072,-0.65045416
-1.2186105,-2.538076,-4.9487042,-4.0660543,-1.8116224,1.3973848,2.1019313,1.3977271,-0.25511473,-0.9064917
-0.080715224,-1.6895568,-3.5030582,-2.5161636,-0.9002547,1.2542022,2.0577857,1.1164417,-0.07649256,-1.0607373
-0.37471724,-0.9556085,-2.0459893,-2.2431817,-0.7064611,1.1122347,1.1829033,0.8287171,0.069733135,-0.8001129
-0.8732104,-1.5906365,-3.5921738,-3.459653,-1.0096734,0.9934348,1.8339859,1.0035774,-0.3334522,-0.90563655
-0.19511083,-1.2944652,-3.4566424,-3.4976304,-1.1473596,1.1266997,2.1672335,1.6449661,0.43779838,-0.28832376
-0.4081838,-0.62452966,-2.361791,-2.618956,-0.96351635,0.5084751,1.116021,0.5293246,-0.018621111,0.27790222
-0.8557509,-1.7103199,-3.5432992,-2.6853309,-0.53659105,1.1767172,1.9015188,0.67070955,-0.26182696,-0.7680765
-0.25514463,-0.5217309,-2.759186,-2.6648204,-1.2349656,0.8785414,1.0493156,0.8535352,-0.69910276,-0.87816876
-0.3668142,-1.0912666,-2.2344368,-2.5783055,-0.9366025,0.5691984,1.3644348,0.78167695,-0.19028856,-0.19556977
-0.5485102,-1.0460486,-3.6663911,-2.9426825,-0.9094572,1.4441472,1.7078185,1.0913644,0.27670965,-0.25807124
-0.07622657,-1.2865049,-3.5270944,-3.1630547,-1.138635,1.1260417,2.0444863,1.5169066,0.14983103,-1.1248673
-0.67689204,-1.7714292,-3.8498862,-3.6659677,-1.5814584,1.4358739,1.7259549,0.9842704,0.05368375,-0.24775508
-0.8931384,-2.1785145,-2.9019163,-3.045126,-1.0677812,0.9705286,1.9021455,1.2260814,-0.028480222,-0.9603491
-0.96725035,-0.9043813,-3.2454286,-3.5124,-1.2919933,0.75760263,2.0505102,0.8376737,0.011991097,-0.4063999
-0.5069575,-1.8424053,-3.429731,-3.4253383,-1.354685,0.74197835,2.098169,1.3442078,0.20018741,-1.5299482
-0.6456102,-0.96486586,-2.8104873,-2.107373,-0.99748856,0.6131022,1.152663,0.31265938,0.086403295,-0.30154487
-0.5443847,-0.71045804,-3.4314754,-2.4168952,-1.556738,0.7198304,1.5556334,0.59125626,0.39569345,-0.077754006
-0.37466434,-0.064994484,-2.0628905,-2.1566734,-1.3595843,0.71203625,1.3348489,0.8119378,-0.52471554,-0.42819172
-0.28117582,-0.5975102,-1.5590943,-1.8610437,-0.9566461,0.77688175,1.233094,0.33731952,0.07789339,-0.08649635
-0.63687533,-0.6980592,-2.3591285,-2.4998088,-0.54965204,1.1646183,1.242071,0.35750642,-0.14768688,-0.6006776
-0.27246287,-0.28977627,-2.5256536,-2.541567,-0.87443155,1.2325296,1.6311241,1.1968887,0.15766458,-0.4884692
-0.8950305,-0.9948921,-3.2873545,-2.681661,-0.7866404,1.1728971,1.5838974,0.8632715,0.3317021,0.034589835
-0.20258139,-1.5339557,-3.2228565,-2.659507,-1.0388517,1.1108391,2.0365283,1.6274289,0.2723398,-0.75932115
-0.33127457,-1.4338053,-3.0175695,-2.0966468,-1.1969208,1.0709308,2.1901984,1.32157,-1.5894799,-0.5381576
-1.2436836,-1.5951465,-3.7745063,-3.1634686,-1.1091552,1.162581,2.1518753,1.1745645,0.0743988,-0.92647684
-0.29398414,-1.0333954,-2.7829008,-2.4331598,-0.5843159,1.1428828,1.7933619,1.0565829,-0.11009345,-0.62032497
-0.85397345,-0.4759542,-2.8831,-2.9414062,-1.3077095,0.921854,1.1997173,1.1141924,0.109620966,-0.3696352
-0.73542696,-1.2099756,-2.86801,-2.5533903,-1.0507797,1.0501868,1.6538231,0.8313646,-0.5114457,-0.6083776
-0.22521341,-1.4743484,-2.948378,-2.315561,-0.6261455,1.0946642,1.6970189,0.7898365,-0.6678638,-0.06533687
0.1808258,-1.2103412,-2.9141703,-2.6700604,-0.9254111,2.0257537,3.7296894,1.8564819,0.18199126,-0.72473305
-0.7456711,-0.55811614,-2.512895,-2.550833,-0.5457233,0.6847815,1.7289481,0.74189734,-0.29149193,-1.1834447
-0.77590287,-1.477355,-3.5880911,-3.7541144,-1.3564191,0.832338,2.0074224,0.8055916,-0.40392938,-0.83259445
-0.3356399,-1.1825922,-2.4995968,-2.854639,-0.7736869,0.5429478,0.8352801,0.682994,0.13644378,-0.23289828
-0.59368765,-1.1869614,-2.2552633,-3.0302422,-0.9638148,0.6186645,1.4827543,0.924126,0.14020523,-0.4360802
0.08991555,-0.81405896,-3.285924,-2.9949753,-0.5951382,1.2796161,2.1067638,1.3740894,-0.13225867,-0.5263552
-1.3639995,-0.87970114,-3.2615654,-2.9779513,-1.10538,0.6561209,1.4444184,0.9410734,-0.22893845,-0.14469628
-1.5041033,-0.74073493,-2.1251104,-2.1589484,-1.4781804,-1.5277884,0.33716643,0.88367724,-0.14091022,-0.6107732
-0.3608931,-1.1971481,-2.6087298,-1.9916118,-0.9421664,0.84335244,1.1917101,0.7348255,-0.21322402,-1.140353
-0.6637237,-0.033432845,-2.0683897,-2.3765967,-1.2723763,0.26395306,0.7497346,0.5803474,-0.05322114,-0.034370948
0.14654067,-0.41898227,-2.2571526,-2.3292234,-0.63130856,0.33395767,1.3255732,0.8899972,-0.069709465,-0.061460044
-1.0456976,-1.280303,-3.790355,-3.3451793,-1.076808,1.1658621,1.9320601,1.2547143,-0.025414323,-1.7113237
-0.849036,-1.1311637,-2.9988475,-2.6895037,-0.9048254,1.0426359,1.9734406,0.8589874,0.014411488,-1.0155828
-0.47763258,-1.0353928,-2.9939086,-3.0480964,-0.675263,0.9346246,1.6486888,0.77038085,-0.12699053,-0.6215983
-0.7198196,-1.2023555,-3.7976856,-3.8359566,-1.4042612,1.7341784,2.1934512,1.1352192,-0.062295116,-0.6911975
-0.9165144,-1.7563407,-3.798196,-3.128055,-0.7200864,1.727932,2.0221622,1.2892414,0.34749752,-1.2181743
-1.3608783,-0.98749125,-3.111355,-2.8238025,-0.71193606,0.8045859,2.166017,0.99326974,-0.5809344,-0.88986427
-0.603518,-0.5662764,-2.8942726,-2.7869334,-0.9977256,1.0202821,1.3613816,0.51206213,-0.018090416,0.13949378
-0.15485856,-0.8555647,-2.4098017,-1.9078848,-0.5820404,1.2224803,1.2981054,0.78849524,-0.056874424,0.01945895
0.12724084,-1.1740164,-2.4128332,-2.286738,-0.97646666,0.75198275,2.2729206,1.2115308,0.46902737,-0.054256868
-0.090927385,-1.2009257,-3.5283384,-3.3134317,-1.0899432,1.0587556,1.6497158,1.1217368,0.47288057,-0.35042188
-1.1519971,-0.6422811,-2.576172,-2.0206292,-1.3007599,0.52039653,1.150287,0.47626194,-0.13341123,-0.071846604
-0.20800598,-1.6700715,-3.6335742,-2.5522916,-0.5634395,1.3857418,2.4353755,1.3216192,-0.03708764,-1.040436
-1.3503305,-1.2464142,-3.2648675,-2.8696094,-1.5600084,0.79333836,1.5231531,0.95226705,-0.80593944,-0.85954255
-0.6348563,-0.706827,-1.8720742,-2.2435746,-1.1338459,0.72500265,1.455227,0.63208115,0.14538477,-0.025869673
-1.0599868,-1.7535394,-3.628037,-3.7284997,-1.5263894,1.1654211,1.9144491,1.2135984,0.049260188,-1.1729081
-0.017608974,-1.5683128,-2.2054007,-2.3091965,-1.1047045,0.9178018,1.18996,0.9245535,-0.18761611,-0.35679826
-0.4087867,-1.6389236,-2.5771036,-2.5887914,-0.7667335,1.5555302,2.4572673,1.3488368,-0.019443344,0.0065582595
-1.514959,-1.1074929,-3.6095514,-3.0454426,-0.86276895,1.335475,1.6859912,1.1127691,0.092490144,-0.6251976
-0.5152261,-1.2860701,-3.716138,-2.9345696,-1.0743648,0.7106215,2.209259,1.109094,0.19230129,-1.1926062
-0.41014433,-1.5040131,-3.408164,-2.703502,-0.55188715,1.5003632,2.3286989,1.0031091,-0.4196433,-1.3039771
-0.036937315,-1.1793339,-2.7503507,-2.414192,-0.9217227,0.988915,1.2446865,0.9289646,0.16916692,-0.21906568
-0.6021455,-1.4572293,-2.9799654,-2.417556,-1.0127325,1.2912992,1.9818128,1.370736,0.38877025,-0.92123026
-0.62074083,-0.8172111,-2.5822453,-3.0663776,-0.6085289,1.2674215,1.7283485,0.9920129,0.28738526,-0.4529622
-0.6336708,-0.76468545,-1.9220488,-1.6831528,-1.1492368,0.5150734,0.792791,0.28809386,-0.27179283,0.063817605
-0.7551059,-1.6686846,-3.700823,-3.7033443,-0.9879057,1.5422062,2.2776215,1.3380088,0.2877312,-0.7741493
-1.078978,-1.3812765,-3.9341588,-3.6164486,-1.5797253,1.34986,1.8383348,1.3796495,0.2944715,0.02238286
-1.119784,-1.4448355,-3.6717565,-3.8685117,-1.3236427,1.2475742,2.1394815,0.8898378,0.032286376,-0.4803387
-0.39132226,-1.6043128,-3.5116704,-2.8258545,-0.9413016,1.5703838,1.9973956,0.7259584,0.32371587,-0.0071328897
-0.41516513,-1.0957747,-2.8304532,-2.6282723,-0.44479296,1.4845822,1.5901209,1.0722454,-0.01869672,-0.45098245
-1.3772621,-1.0035964,-3.6896236,-3.138059,-1.3836133,0.47120878,1.3761686,0.81287056,-0.18574119,-0.5748147
-0.37319553,-0.8821599,-3.341094,-2.9712186,-1.2184467,0.87181044,2.072198,1.2061366,0.020378802,0.075600915
-0.13548382,-1.1324695,-3.8794906,-4.0115952,-1.50945,1.8685719,3.554366,1.2328193,-0.09542635,-0.35356772
-1.626977,-0.71285033,-2.295898,-3.364374,-1.2942867,0.8148579,1.7093202,0.6148704,0.13058208,0.03200803
0.0016736418,-1.3063719,-3.7166264,-2.7061894,-0.33906713,1.1488445,1.7963281,1.8400264,0.2127,-0.4365592
-1.0235759,-0.2231159,-1.9763566,-2.621978,-1.0976181,1.1938797,1.4239879,-0.0455246,-0.20022786,-0.016624063
-0.18538211,-1.3893851,-2.7121298,-2.728548,-1.1632358,1.3549314,1.9515587,0.5836556,-0.31971034,-0.80743855
0.09681825,-1.1737951,-2.9816477,-2.5264888,-0.42052713,1.5687515,1.6652299,1.1827359,0.3303691,-0.64297754
-0.54708517,-0.63360655,-2.4894547,-2.179436,-0.77512944,0.62959784,0.77433276,0.33777,0.10742955,0.2991291
-0.5280207,-0.39949483,-2.3888893,-2.1555345,-0.7013528,0.6372168,1.5447847,0.73389953,-0.105723456,-0.61250126
-0.63883406,-1.184333,-3.491005,-2.8030555,-1.1979456,0.9394626,1.1715221,0.800295,-0.2486773,-0.6238359
-0.022267366,-1.5616206,-3.3494577,-2.6246467,-0.5613333,1.1377916,1.5197119,1.1385107,-0.35293415,-0.23316634
-0.45696607,-1.8377626,-3.6833203,-2.8951902,-0.81379294,1.169448,1.9129301,1.5296514,0.23118901,-1.5509515
-0.10749743,-1.0624297,-2.8523867,-2.438217,-0.8307356,0.85053706,1.3638355,0.9499234,-0.72145,-0.5737731
-0.27276585,-1.2983009,-2.5014968,-2.9485445,-0.5100612,1.199176,1.9940481,0.74238807,-0.10865322,0.024593025
-0.04588426,-1.6718538,-3.4114733,-2.5409753,-0.88948196,1.1509051,2.113759,1.0653456,-0.42457542,-0.5961431
-0.6186552,-1.2045774,-3.3895001,-3.250001,-1.0454308,0.8377788,1.3787552,0.927589,-0.4515723,-1.1458273
-0.042068694,-1.0984726,-2.9428234,-3.0564218,-0.98376954,1.1604261,2.000969,0.8966669,0.18173654,-0.2428927
-0.6844216,-1.149666,-3.6249614,-3.4818022,-1.1902443,1.4664586,2.1917498,1.2056038,0.015225738,-0.9038331
-0.61846834,-1.0927662,-3.4798894,-3.4887397,-1.1097976,1.3152068,2.4759998,1.3394,0.0071643996,-0.9251556
0.026433155,-0.2828016,-2.1097956,-1.959513,-1.0477008,0.8071017,1.7550722,0.6293371,0.1420855,-0.32726434
-0.49171498,-1.5823666,-3.4351604,-3.7538798,-1.0523949,0.78949326,1.3810147,0.8147451,-0.008303279,-0.57913417
-0.024722293,-1.524938,-3.6188588,-3.00367,-1.3174181,0.7930045,2.107574,1.6173457,-0.20828907,-0.2172386
-0.32976255,-1.0182921,-3.0327163,-2.7640839,-1.2148376,1.0266167,1.8872498,1.2926514,-0.18013166,-0.33994952
-1.2139554,-1.3727373,-2.8488805,-2.9169617,-1.1640061,1.0613722,1.569642,0.70665383,-0.51304513,-0.8712809
-0.31301498,-1.8833767,-3.9611104,-3.7429955,-1.1218662,1.2280278,1.9048861,1.522412,-0.09954228,-0.14703554
-1.296646,-1.1096529,-3.413822,-2.7342281,-1.0433519,1.0784343,1.5340759,1.0376409,-0.7217018,-1.5458833
-0.39364192,-1.1230145,-3.5920565,-2.861103,-0.96485275,0.80576885,1.6015307,1.1054674,-0.2792948,-0.7703874
-0.20640962,-1.1967468,-2.7039936,-2.7140841,-0.38074332,1.2343345,1.5836744,0.8904466,0.06364962,-0.48254505
-0.020498822,-0.6806549,-2.5859013,-2.3556817,-1.0814451,0.3765375,1.3139184,0.89548516,0.20264646,0.048234385
-0.9104892,-0.41409808,-2.7853732,-2.8606102,-0.85819316,0.8132241,1.2906531,1.0186632,0.02560404,-0.03567464
0.007875733,-0.86526865,-2.822447,-3.0408223,-0.49286768,1.7893668,2.1909966,0.9756786,0.15419444,-0.7325056
-0.9801715,-1.3272119,-2.705411,-2.7946377,-1.4438808,1.3485284,1.5203236,1.0250617,-0.63014305,-0.8024327
-1.4768453,-0.93151706,-3.624158,-3.46226,-1.3322264,0.83915764,1.3644423,1.1764859,0.14715785,-0.14836876
-0.2407842,-0.6369384,-2.9969869,-3.0492105,-0.77575576,0.7135332,1.4324701,1.1400293,0.06859011,-0.8920019
-0.50120366,-0.83299834,-2.6963587,-2.3746817,-0.75246185,0.97032225,2.0616338,1.1588787,-0.15243651,-0.9789262
-0.548503,-1.5860913,-3.108934,-2.3546004,-0.97131574,0.86149275,2.2901585,0.8423289,-0.19319113,-0.37422484
-1.4812939,-1.5637323,-3.8481512,-3.8194096,-0.88538957,0.5533123,2.1272883,1.1773995,-0.12318665,-0.2590865
-1.1139619,-0.9060554,-2.8098497,-2.8632145,-0.77798563,1.5225272,1.6751353,0.7137061,0.29233897,-0.18264179
-0.52524334,-1.7877593,-3.9130456,-3.5380058,-1.6474023,0.9100456,2.334787,1.8118819,0.3350754,-0.85377884
-0.43048432,-1.4337729,-2.793966,-2.709103,-0.6524695,1.4297991,1.9048731,0.9649087,-0.18625209,-0.41490278
-0.05926188,-1.3679681,-3.384354,-2.822521,-1.2172486,1.3312451,2.3559113,1.933618,-0.14808154,-1.146525
-0.20057997,-1.694216,-3.691639,-3.3585324,-1.3857406,0.3262445,1.4901165,1.122831,0.074788935,-0.26421374
-0.8084019,-0.47437996,-2.04777,-2.3432364,-0.66793543,0.62508595,1.7053567,0.7796536,0.2707939,-0.70417184
-0.49239436,-1.2420518,-3.4993448,-3.184443,-1.1622344,1.2901478,2.1195154,1.2183312,-0.42788777,-0.8878507
-1.035552,-1.175917,-2.598697,-2.968025,-0.6430878,0.39451957,1.3582191,0.88842344,-0.4959283,-0.6790317
-0.6345298,-0.97716534,-3.2411094,-3.0935242,-0.95366234,0.95130056,1.757532,1.1397007,0.5361378,-0.20429912
-0.3087811,-2.4779372,-3.8236234,-3.3560262,-1.3814234,0.99298733,2.1457489,0.92428493,-0.06319349,-0.77357477
-0.53809166,-1.2903407,-2.2173455,-2.6729531,-0.5737367,1.556247,1.7285144,1.0089357,0.1379589,-0.55699974
-0.585296,-0.9440876,-3.2119715,-3.6927066,-1.4652536,0.99245286,2.0282512,1.3244787,-0.4081464,-0.9465268
0.08139215,-1.0401256,-3.3488579,-2.7772646,-0.74381685,1.0017309,2.1249359,0.54911,-0.34596187,-0.535662
-1.0440443,-0.89335024,-2.4646437,-2.6957035,-1.0455229,1.0992023,1.7719197,0.8605294,0.06351392,-0.18063146
-0.18605521,-0.8966612,-2.8745654,-2.7908401,-1.2868289,0.9397597,1.3538916,0.71592987,-0.024767917,-0.59422684
-0.38495165,-1.4337684,-3.3713176,-2.57912,-1.1207902,1.2915807,2.4038715,1.2730087,0.09355913,-0.9737078
-0.39864764,-1.5853276,-3.6038005,-2.3234632,-0.5423216,1.1439266,1.8333114,1.1039536,0.14599983,-1.429683
-0.94813764,-0.6688811,-2.5081582,-2.2835271,-1.0724192,0.8175518,0.98055065,0.6931064,-0.15843174,-0.683904
-0.6713561,-1.2157012,-3.0550187,-2.5369534,-1.2576314,0.79196286,2.4281914,0.79128116,-0.25592273,-0.8329496
-0.7962347,-0.8939139,-1.88691,-1.9664953,-0.7255047,0.46307987,1.7301718,0.70159006,0.033730987,-0.32076073
-0.14394824,-0.78446186,-2.7473893,-2.3841739,-0.4906368,1.8073608,1.4992449,0.91818726,-0.2775468,-0.59258026
-0.93038857,-1.137722,-2.382127,-2.7908008,-1.4480268,0.85660124,2.0090284,1.0651065,-0.9560539,-0.5683087
-0.9362405,-1.6319171,-3.323877,-2.4210074,-0.8891845,0.39159766,1.5041451,0.6884334,0.12686688,-0.32042825
-0.8783064,-0.510986,-2.7733705,-2.2686603,-1.0772765,0.26619378,1.0109141,0.53728175,0.015983699,0.3236388
-0.5479096,-1.0273083,-2.0620086,-1.9250133,-0.78351665,0.8788272,1.2318271,0.37353215,-0.4852618,-0.43337032
-0.155943,-0.83169734,-3.0903077,-2.9176679,-1.2495013,1.2573807,1.9769617,0.9434107,-0.493449,-0.5936748
-1.253817,-1.0167489,-2.3604834,-2.9746606,-0.9798219,1.1353103,2.1165185,0.54343015,-0.23585434,-0.8143446
-0.50758487,-0.42438108,-2.8424006,-2.8508358,-1.1795474,0.083324626,1.3968972,0.6697539,-0.17199622,0.15734631
-0.8724738,-1.0046753,-3.439823,-3.162945,-0.97360975,0.26847228,1.7033283,1.138658,0.023910252,-0.57221556
-0.2617896,-0.9084686,-3.2294552,-3.133793,-1.0566685,1.283664,2.2839634,1.3843031,0.042153824,-0.42576244
-1.2556903,-1.1586766,-3.0914903,-3.191729,-1.247461,0.83942425,2.0376806,0.86974597,0.21510026,-0.3475384
-0.5689706,-0.6890791,-2.1266572,-2.5284748,-0.89239246,0.41431746,1.1808572,0.918171,0.14463596,-0.663124
-0.11630025,-0.87842035,-2.7964199,-2.2158363,-1.105986,1.085701,1.8649665,1.1803527,0.35787395,-0.35395285
0.09039449,-0.9192448,-2.8946044,-2.3455698,-0.9875613,1.2736521,1.6650254,1.014613,-0.03554759,-0.3872306
-0.3497234,-1.1542528,-3.8011928,-3.8361301,-1.50474,1.2097152,2.1192327,1.4880147,0.09249907,-0.45324013
0.09897914,-0.9783706,-1.916147,-2.9301198,-0.89579445,0.91007036,2.3609197,3.198242,0.23952283,-0.34500563
-0.50955516,-2.062576,-3.96692,-3.956441,-1.3042618,0.84781045,1.9569013,1.4927595,-0.06192187,-0.97516423
-1.0789607,-0.63886875,-1.9009258,-2.468426,-0.8434729,0.8760519,1.0368494,0.45709085,0.2837614,-0.3506849
-0.52552027,-0.92456657,-2.621735,-2.8342254,-1.0520337,0.98340195,1.7930332,1.1372416,0.16212231,0.104219146
-0.32405323,-1.1871581,-3.2086196,-2.8042657,-0.9226471,1.1383057,1.6846079,1.1030362,-0.7700248,-0.28467846
-0.41870955,-1.664503,-3.0891814,-2.8427517,-0.9801021,0.5365592,1.9401274,1.6278034,0.094006196,-0.54669905
-0.38376895,-1.1708151,-3.0787325,-2.8089533,-0.29218334,1.5749295,1.6551031,1.136022,-0.34946516,-1.1666247
-0.9887869,-1.2494729,-3.5796573,-2.9291773,-0.36461025,1.9807388,1.5583622,0.83852875,0.21126701,-0.9064414
-0.6398031,-0.86671925,-2.5824857,-2.3280947,-0.97421324,0.4017062,1.2611916,0.7281445,0.06877894,-0.49171296
-0.65972954,-1.6494076,-3.8619473,-3.3508067,-0.39162198,1.4327571,1.7258828,1.171738,0.12058736,-1.4730071
0.022441387,-1.0051233,-3.1766713,-2.7088847,-0.80150545,1.0951831,2.2587814,1.1705661,-0.17063905,-0.13547957
-0.065537706,-1.1055452,-2.8160772,-2.5300994,-1.2468194,0.43731818,1.7112755,0.83207554,0.05448145,-0.76030505
-0.77712846,-0.9437794,-1.9986894,-1.8546528,-0.26922086,1.157369,0.81440353,0.63775396,-0.42870128,-0.44086477
-0.39229366,-0.63974833,-1.9125373,-2.0154016,-0.55169713,0.7932365,1.1822604,0.5766389,0.32520673,-0.6497419
-0.1509951,-1.1180941,-3.4056056,-2.5525858,-0.67169523,0.77038205,2.0600955,0.8623944,-0.0068819323,-0.58066756
-0.5309864,-1.0199289,-3.5304983,-3.2433715,-0.8789108,1.6831126,2.2030487,1.0138458,-0.21448712,-0.96636385
-0.024491146,-1.209132,-3.8470542,-3.745703,-1.3020104,1.6809589,2.510162,1.6600279,0.36966407,-0.35507768
-0.51192254,-1.5470686,-3.092619,-3.4099965,-1.1226064,1.3359638,2.037575,0.8067532,-0.16507727,-0.6831474
-0.21891867,-0.6962703,-2.2586272,-2.343695,-0.74139345,1.2536335,1.3856916,0.5706689,-0.03485051,-0.10172729
-0.3459962,-0.5170952,-2.5127409,-2.29632,-0.62620723,0.92602897,1.5467736,1.0205743,0.2331552,-0.53504306
-0.5888972,-1.3307701,-3.4862168,-3.7619722,-0.8963832,1.8637339,2.3077,1.6851104,0.3069925,-0.806955
-0.011733897,-1.1527921,-2.7135572,-2.8382816,-0.93285906,0.8687525,1.2775357,0.9455703,-0.37946036,-0.6035204
-0.9191856,-1.5553848,-3.9516525,-3.5085218,-1.20883,1.1722345,1.7575176,1.4461409,-0.08545742,-0.76394624
-0.39781258,-1.6711057,-2.9907293,-2.9958715,-1.0788076,0.51153314,1.1875855,1.0418651,-0.18832599,-0.5051189
0.12895353,-1.1153353,-2.9697018,-2.1734152,-0.59133595,0.7797888,1.3560942,1.803982,0.43615434,-0.392322
-0.69611067,-0.78616244,-3.4995046,-3.2671547,-1.1587043,0.6698496,1.1982332,0.72519696,-0.18123771,-0.5382537
-0.27690756,-0.21703842,-2.628253,-2.1724675,-0.3787276,1.2611549,1.9629973,1.4889355,-0.078038,-0.6512242
-0.79897064,-1.3169559,-3.5538492,-2.7355294,-0.41993695,1.3413879,1.1043504,1.1479768,0.033242512,-0.13658951
-0.5127662,-1.5762,-2.796888,-2.42016,-1.3602469,1.1820301,1.8221236,0.9526803,-0.01652022,-0.5911127
-0.9019584,-0.42427537,-3.0718362,-2.968388,-1.0349706,1.2833287,1.6569017,1.222897,0.062276036,-0.37347242
-0.98381555,-0.57095456,-3.1951578,-3.562336,-1.3759903,1.1896248,1.4776754,0.55375004,0.18212375,-0.2586087
-0.7749929,-0.9512979,-2.8170679,-2.9871783,-1.1531924,0.99885094,2.0579216,1.0849994,-0.2691943,-0.7164578
-0.660385,-1.1249921,-2.7453556,-3.2377346,-0.82144225,0.5652897,1.6059533,1.0398657,0.32650918,0.027519152
-0.46819127,-0.56091845,-2.6771786,-2.69904,-0.7493185,1.0730976,1.3797264,0.83989066,0.099371,-0.42293766
-0.4292886,-0.8091695,-2.4772105,-2.6338553,-0.77080345,1.2237185,1.3744328,0.9646042,-0.3109822,-0.60949415
-1.2569976,-1.1484841,-3.670524,-3.5942376,-1.3567294,1.0950056,1.8462722,0.62968373,0.09200038,-0.5040682
-0.36303708,-1.3421239,-3.1483386,-2.9999506,-1.5547521,1.0299232,2.3383377,0.9873119,-0.27585962,-0.7367078
-1.170793,-1.4841235,-2.5114133,-2.1661334,-0.98412377,0.6366022,1.3976691,1.2770431,-0.40539253,-0.9389569
-0.18149751,-0.9376469,-3.6152892,-3.1007903,-0.94833165,0.7973146,2.136601,1.320016,-0.03391914,-0.22960567
-0.6431633,-0.9435733,-2.8033025,-2.005235,-0.6510867,1.5323709,2.4741294,0.75136757,-0.36291495,-0.68214995
-0.18652336,-1.3940663,-2.8843927,-3.1727602,-1.5059266,0.7044637,1.7577854,0.9611409,-0.12548599,-1.0246466
-0.28646308,-1.0586277,-2.7954726,-3.214655,-1.5276248,1.4829552,2.3424954,1.3236634,0.16116202,-0.40112957
-0.90107906,-1.2003832,-3.4639251,-3.3576107,-0.9411725,0.7434873,1.7541417,1.5449516,-0.45627603,-1.0409143
-0.8820741,-0.97973377,-3.236189,-2.9504604,-0.85998,1.2421336,1.9879446,1.1079686,0.40869066,-0.4412698
-0.6132737,-1.2158957,-3.6968787,-3.1298668,-0.5797689,1.1260216,1.4067376,1.2487277,-0.06071913,-0.45240587
-1.4074106,-1.3893204,-2.425439,-2.8937929,-1.1295071,1.1016238,1.40968,0.54582125,0.18746983,-0.54963005
0.02108173,-0.89902854,-2.5063457,-1.8990068,-0.43740693,0.7635912,1.702662,0.59903866,-0.20383567,-0.11225476
-0.50004244,-1.2861466,-2.894003,-2.3609605,-0.71033585,0.9043876,1.6693603,1.2968055,-0.27888712,-1.14775
-0.66166216,-1.5811414,-3.4613578,-2.7659752,-0.8237071,0.77470225,1.8306099,1.5875908,0.07408512,-0.28443077
-0.56338567,-1.151106,-3.4956403,-2.4983869,-1.153274,0.77282673,1.6904439,0.6071906,-0.48092803,-0.95819753
-0.25071582,-0.8680553,-2.8275967,-2.9743018,-0.7121456,1.1992272,1.941932,0.8818227,-0.09301642,-0.20247447
-0.3852105,-0.84614724,-3.3010685,-2.5082607,-1.223144,0.8795529,1.0284654,0.37639114,0.37667015,-0.39329705
-0.53881574,-0.7421542,-2.8605437,-3.5013592,-1.3408027,0.6371406,1.4503088,0.7538685,0.21307385,-0.12704529
-0.638288,-0.790712,-2.9026892,-3.0631452,-1.5190744,0.7027941,2.3981361,0.40778247,-0.17243806,-0.7112124
-0.82798076,-1.1161339,-2.4036453,-1.7440636,-0.71536714,0.8232103,0.90358394,0.65874594,-0.6196966,-0.86297596
-0.16780922,-0.57404953,-3.513151,-3.4886916,-0.8413084,0.88035756,1.8687633,0.8536023,-0.028335765,0.03474472
-0.49371144,-1.2361937,-3.1393926,-2.7879722,-0.8045321,0.4633456,1.2702887,0.830642,-0.38913777,-0.3144784
-0.47731546,-1.4081243,-2.661138,-2.3405492,-1.4717119,0.4226552,1.5009184,0.9465513,0.1345826,-0.027092045
-0.15262102,-0.95184743,-3.3401296,-3.3448744,-0.96618205,0.796464,1.7233958,1.155404,0.13552739,-0.31131613
-0.9782788,-0.9357188,-3.1983151,-2.9251566,-1.0028836,0.3390629,1.2672099,1.1100757,0.14371648,-0.20289661
-0.8602132,-1.3006322,-3.7125182,-3.911829,-1.6482736,1.3440574,2.225784,1.4017545,0.42093208,-0.85658336
-0.4554551,-1.1077111,-2.6378644,-2.5898697,-0.55188864,0.628665,1.515414,0.7203821,-0.33070827,-0.7276054
-0.7313619,-0.7230095,-2.2538981,-2.6274915,-0.693614,0.9321126,1.6567266,0.83280313,-0.2742132,-0.16411623
-0.34569287,-1.084307,-3.3424551,-3.2407992,-1.4568633,0.49011213,1.6584529,0.9679991,0.039464727,-0.17739917
-0.49677232,-1.5788853,-2.477796,-2.3830216,-1.3635786,0.8191799,1.3734835,1.0295198,-0.53925467,-0.68509626
-1.3871974,-1.7307546,-3.8816726,-3.850147,-1.4050379,0.85262454,2.243005,1.813705,-0.24586482,-0.9716162
-1.1056577,-1.2267282,-3.6625583,-3.1327665,-0.66979474,0.63565576,1.4935313,0.9269494,-0.285558,-0.85934454
-0.033106048,-0.94268733,-2.4456942,-2.0334172,-0.57124627,0.6236372,1.3505198,0.9587375,-0.2662255,-0.6896667
-0.39722487,-0.96829194,-2.7859733,-2.7523363,-1.6291898,1.0066524,1.5664117,1.0471718,-0.30574217,-0.36324686
-0.19241343,-0.81319445,-2.3209136,-2.731995,-1.1050997,0.82061327,1.5572269,1.1227852,0.008407754,-0.12433776
-0.45373446,-0.49288568,-2.7665274,-3.0087862,-0.73976743,1.021152,1.6129515,1.3735511,0.2799545,-0.6182453
-0.80659884,-1.2204098,-3.696075,-3.2968292,-1.1967561,0.6856752,1.9526635,1.0707544,0.11191524,-0.543908
-0.010716965,-1.5354486,-3.3786342,-2.5192726,-0.4183467,1.9747735,2.4704173,1.8370923,0.1002623,-0.9153444
-0.32536364,-1.1135917,-2.9311488,-2.8517885,-0.6248735,1.328155,2.0199988,1.1415862,-0.35540533,-0.76504445
-0.35805357,-1.2271129,-3.4291732,-3.5481591,-1.2404233,0.39132416,2.0503826,0.97277343,0.16571383,0.10841031
-0.42462516,-1.4634967,-3.6817136,-3.8518984,-1.4540198,0.94631946,2.297066,1.2098507,-0.15418987,-0.9976552
-0.12506141,-0.70484906,-3.1551504,-2.583137,-0.8445817,0.98020065,1.9125618,0.89374226,0.23869154,0.3457607
-0.4872457,-1.5978262,-3.5192442,-2.9933836,-1.160636,0.7766837,1.9639313,1.4224254,0.3273022,-0.31007147
-0.013574724,-1.3475735,-3.1584759,-3.4157336,-1.2813871,0.74567246,2.3705323,1.506373,0.13538985,-0.839756
-0.33782333,-0.9249794,-3.21839,-2.7782407,-1.5348648,0.90721613,1.6526585,0.7880569,-0.2350006,-0.71716696
-0.43110982,-1.4447716,-2.9770598,-2.6683624,-1.1045842,0.70453405,1.3836019,1.1086338,0.47494385,-0.76957047
-0.612019,-2.1124825,-3.933881,-3.0551102,-0.77218235,1.6786414,2.1221707,0.89754796,-0.027083606,-1.1680943
-0.26964888,-0.9689974,-2.5356152,-2.4747958,-0.69239384,1.1876187,1.8830044,1.4986271,0.13948087,-0.36448342
-0.21181308,-1.5816891,-3.8422241,-3.4526782,-0.9821873,1.6853408,2.1200264,1.3131846,-0.01614945,-0.7942877
-0.7516534,-1.2575024,-3.4071596,-2.9405816,-0.9387442,1.5410347,1.356411,1.0414643,0.07295677,-0.638586
0.09900481,-0.6870275,-3.1666343,-2.8737085,-0.7878079,1.0846272,2.2265556,2.0215995,0.058029294,-0.40733743
-0.3234304,-1.3461714,-2.7832103,-2.344924,-1.0002935,0.94946843,1.6632986,0.77620244,-0.2642886,-1.0693045
-0.61376315,-1.4507575,-2.8705742,-3.035673,-1.1740319,1.3842977,1.7894703,0.78768694,0.10341234,-0.7609112
-0.5362965,-0.52377546,-2.6523545,-2.716074,-0.5703945,1.1833268,1.8895268,0.8221198,-0.32386547,-0.8551059
0.1638639,-0.026422713,-1.6777745,-1.6937343,-1.0114689,0.84855646,1.6590118,0.7705961,-0.3625681,0.08685522
-0.37858176,-0.97233254,-3.1354542,-2.7553809,-1.6273261,1.075323,1.8887967,0.70128006,0.119249046,-0.03336245
-0.20186847,-1.0762192,-2.9696643,-2.8735356,-0.7279484,0.94581306,1.3998806,0.906467,0.0645559,-0.9698035
-0.54403156,-1.1133796,-2.392293,-1.9429008,-0.57043827,0.865208,0.9049908,0.42591447,-0.30657384,-0.8155073
-0.29210111,-1.2433252,-2.942199,-2.7800622,-1.0718699,0.98204535,1.8006604,1.1049476,0.051179927,-0.5600968
-1.2441499,-1.6081165,-3.7532787,-3.1835496,-1.2007899,0.9370285,1.7253728,1.0319186,-0.4566205,-0.7561118
-0.61420625,-0.970841,-2.371949,-2.3703165,-0.8850451,0.77921194,2.0997577,1.5318245,-0.13572623,-0.94301933
-0.36775368,-0.858049,-3.0146341,-2.251121,-1.320058,0.66877455,2.0733945,1.0450943,-0.68693423,-0.1985603
-0.029858654,-0.17512055,-2.234422,-2.3986015,-0.5371336,1.3281766,1.7006538,1.1069701,-0.12587133,-0.3963091
0.19888559,-0.8731563,-2.821425,-3.1759255,-0.883912,1.353786,2.3039062,1.2449757,0.24369353,-0.7223325
-0.5438919,-1.336225,-2.9739041,-2.9172463,-1.0399911,0.8106283,1.451533,0.59222364,0.19706404,-0.655567
-0.7912195,-1.5168903,-3.385351,-3.1389074,-1.0905305,0.9893024,1.8619481,1.1377534,-0.1421134,-0.6599427
-1.5585715,-0.753644,-2.1398733,-2.6770623,-1.1152118,0.6006381,0.96107334,0.8645773,0.4282018,0.17172241
-0.98965836,-1.0517764,-3.0989337,-2.3884068,-1.0880584,0.85269815,0.98605025,0.9432619,-0.027288377,-0.3561443
-0.74894,-0.6003475,-3.238376,-3.3757727,-1.2383814,0.8380917,1.6293309,0.48164624,0.27314076,-0.06703197
-0.6751204,-1.4738158,-3.3340912,-2.286256,-0.19262767,1.3792014,1.4230796,1.079218,0.3774483,-0.9200098
-0.0967148,-0.5367915,-2.7176344,-2.6070378,-1.2674893,0.9622406,1.6887661,1.0039753,0.3182998,0.19281219
-0.03585851,-1.3185216,-3.2581794,-2.6818807,-0.48748052,1.367191,2.2153854,0.89656353,-0.20443586,-0.9729397
0.06087384,-0.21737604,-2.2364323,-2.9578102,-0.8630762,1.3717413,2.1196373,0.9426878,-0.15602882,-0.44407353
-0.8335079,-1.6232305,-3.804503,-3.8458323,-1.0989839,1.1154099,1.7852334,0.8975645,-0.017469255,-0.8178393
-0.49935204,-0.7594423,-2.6736465,-2.6431403,-0.8604442,0.9730962,2.1810124,0.9658511,-0.19077213,-0.689663
-0.37023965,-0.6696433,-3.3202589,-2.5135615,-1.0426365,1.157962,1.7485639,1.0566406,-0.07158584,-0.3335574
-0.74334145,-1.3435568,-2.6150627,-2.6492846,-1.0915133,0.74750376,1.4856076,0.9938574,0.16276419,-0.48189807
-1.2225226,-1.1886816,-3.1918206,-2.2024498,-0.9814741,1.137336,1.3497183,0.6111472,-0.7615942,-0.96851313
-0.93622625,-1.6726282,-3.8045151,-3.1726606,-1.3831985,1.0484794,1.6685673,0.90934634,0.122108795,-0.5831552
-0.52440053,-1.2080133,-2.9221232,-2.923518,-0.9650729,1.35557,1.9206454,0.9570154,-0.64498943,-0.9852269
-0.5181782,-0.9876871,-3.488895,-2.6956065,-0.74320596,1.1859938,1.122569,1.1453937,0.42733765,-0.8780314
-0.92523223,-1.4567571,-3.554308,-3.1485558,-1.1030641,1.3297601,1.6144443,0.7077472,-0.15778314,-0.26131725
-0.77428466,-0.9840023,-0.6650991,-1.2985184,-0.47064537,1.2548832,0.84583634,0.08533106,-0.0058594234,-0.28665993
-0.46148765,-0.82205784,-3.2984874,-2.61073,-0.69490147,0.62503946,1.2112253,0.7073283,-0.2371451,-0.41259098
-1.1146845,-1.41581,-3.645619,-2.7783628,-1.1547946,0.16321646,1.5290776,1.2679697,0.2726471,-0.0982926
-0.39175144,-1.3786869,-3.539097,-3.7372925,-1.4504095,1.3873491,2.3126087,1.9949645,0.26646468,-1.179847
-0.95266116,-1.43074,-2.2685328,-2.6556733,-0.67818767,1.0334142,1.7843829,1.8930111,-0.011502152,-1.1859531
-0.22228907,-0.51939666,-2.8080451,-3.0562732,-0.9431063,0.6886927,1.5683953,1.0871096,-0.8160283,-0.24550402
-1.1825159,-0.9430053,-2.5066254,-2.5703948,-1.5354491,0.8651404,1.0316261,0.5529949,-0.337673,-0.6138667
-0.389917,-0.7569978,-2.877391,-3.318812,-1.1401036,0.76464343,2.175894,1.2650155,0.37132737,-0.39259085
-0.47041458,-0.8750741,-2.455186,-2.5129435,-1.0266246,0.7334296,1.1719819,0.9042223,-0.04313809,-0.29195362
-0.21423092,-1.0208656,-2.014057,-1.7776,-0.9946009,1.2031682,1.8570714,0.6633519,-0.6269643,-0.1853523
-0.51122445,-0.9866444,-2.5296502,-2.6044831,-0.56628907,1.4049089,1.2590568,0.7439819,-0.056878593,-0.90702057
-0.58525604,-0.89132786,-3.520326,-2.4269812,-0.81434184,0.91274756,1.7421058,1.0729189,0.48842958,-0.32634997
-0.3859906,-0.93153155,-3.405368,-3.1163778,-0.60694253,1.7178793,2.2036953,0.85482264,-0.2561802,-0.04145549
-0.42384756,-1.080789,-3.2487857,-3.3351588,-1.5881251,1.0181098,1.3798075,1.0212371,0.069726884,-0.73003066
-0.1001547,-0.7043252,-2.9042222,-2.76836,-0.5842847,0.8905391,1.5897342,1.233426,-0.07828335,-0.091932096
-0.9977899,-0.92032593,-2.158514,-2.1255963,-0.49568254,1.023699,1.498122,0.95865726,0.3985777,-0.48605776
-1.0172255,-0.75291216,-3.3446348,-3.0410197,-1.3499937,1.1053797,1.5898547,0.60171914,0.014275388,0.0070666517
-0.6499113,-1.2493144,-1.8890681,-1.962878,-0.5950219,1.0199634,1.3341138,0.77468044,-0.122531705,-0.7337065
-0.1090634,-1.831893,-3.1732886,-2.741867,-1.2291709,0.7133936,1.8443228,1.0162147,-0.36093813,-0.93480414
-0.6973622,-0.99123365,-3.435994,-2.6051447,-0.8594288,0.9867923,1.760882,1.1401328,-0.1558165,-0.48863083
-0.4471905,-1.1742471,-3.0303943,-2.9101477,-1.0143895,0.42801487,1.0536817,0.8430171,0.0040907636,-0.7225644
-0.4156699,-0.9855565,-2.6758893,-2.5062094,-1.1558911,0.5352169,1.4861193,0.85681987,0.08552655,0.029402284
-0.7007966,-0.6461647,-2.300628,-2.2076015,-1.4549822,0.5155432,1.1392215,0.7576689,-0.4270858,-0.29582474
-0.57620347,-1.0979931,-2.8933818,-2.4948933,-1.0660709,1.6030716,1.6759416,0.42048,-0.25481477,-0.7239666
-0.353836,-1.4472225,-3.3379054,-2.6814713,-1.0133523,1.1341634,1.8127488,0.8730903,-0.016304996,-0.4146325
-0.44521186,-1.2316588,-3.341099,-3.050351,-1.3572844,1.2284458,1.3209314,1.1237881,-0.33450082,-0.015437114
-0.24067625,-1.2006505,-3.1294968,-3.138743,-1.4104103,1.270679,1.8256314,0.527925,-0.008203329,0.06705611
-1.2664748,-0.5834912,-2.2753575,-2.5419788,-0.89969206,1.030121,0.9500083,0.47829312,-0.46678412,-0.12839672
-1.2387621,-1.2994555,-2.8996253,-2.8911006,-1.0906451,1.113925,1.7106725,1.378941,-0.26573274,-0.47776157
-0.38729987,-0.93519837,-3.1605523,-2.5974176,-1.1405616,0.8270217,1.7327436,0.72981006,0.13151126,-0.48599377
-1.0109731,-0.8243048,-3.129274,-3.135592,-1.3604645,1.0414429,1.6790379,0.4127623,0.44432655,0.28470257
-0.5489721,-0.9195083,-3.0592988,-2.8160746,-0.85940534,1.6299448,1.4796218,1.2850341,-0.2192188,-0.66764915
-0.3235045,-0.4185083,-2.4024346,-2.4783227,-0.89728546,1.3541324,1.1143682,0.6941735,0.20263568,-0.09380787
0.23965554,-0.9641558,-2.3145351,-1.8982775,-0.4608667,1.1178071,1.8340483,1.102011,0.05215651,-0.1991031
-0.80495083,-0.69812006,-3.1569917,-2.7063081,-0.8777566,0.98121154,1.3071429,0.896799,-0.5923798,-0.83187383
-0.41793096,-1.9347149,-3.8810823,-3.2336478,-0.901856,1.4997365,2.2816236,1.6011746,0.19413161,-1.1258626
0.032485627,-1.3916051,-2.6994812,-2.3570347,-1.0249062,1.2868863,1.7111164,0.92548746,0.21915889,-0.6381402
-0.7783363,-0.83878285,-2.7280688,-2.1457856,-0.8372869,1.1207118,1.7573318,0.93923026,0.46413672,0.0036881731
-0.55739564,-1.1060543,-2.8681548,-3.303875,-1.4595854,0.9665628,2.088382,1.3736956,0.1261201,0.08339137
-1.0184604,-1.7530214,-3.7961967,-3.442609,-1.2576828,0.9765318,2.042211,0.7712658,-0.05058486,-0.39580315
-0.6740343,-1.6001735,-3.3684304,-2.8038437,-1.2292193,0.61164016,2.0464375,1.2402482,0.2569718,-0.84526575
-0.5627183,-1.813796,-2.8622625,-3.0278282,-0.9260795,1.0772697,2.1299012,0.9107233,-0.23043038,-0.7571112
-0.5900097,-1.2692238,-3.4080029,-2.6595209,-0.62058926,0.8500171,0.829016,0.8089926,-0.04042999,-0.8260213
-0.11359655,-1.4154823,-3.550876,-2.6962173,-1.1044873,0.9698626,1.7517151,1.1492301,0.13634837,-0.56778413
-0.707027,-1.4480243,-3.7966685,-3.8170907,-1.0936445,1.1542039,1.7274268,1.4580758,-0.033717312,-0.8025416
-0.668246,-1.4712706,-3.8304467,-3.7738562,-1.4124125,0.6941922,1.9950272,1.3541093,0.3460827,-0.25034657
-0.48853627,-0.74891055,-2.9837806,-2.5825279,-0.5667478,0.73825884,1.7747194,1.1690215,-0.42567044,-0.76228553
-0.7645618,-1.0109582,-1.9168315,-1.5625995,-0.71519417,0.5389774,1.0029755,0.7127509,-0.35679042,-0.7476339
-0.013936621,-0.71520066,-2.2074444,-2.0728643,-0.8374078,1.0638661,1.5976133,0.6558734,-0.11400658,0.21223013
-0.8890891,-1.2222025,-3.5731056,-3.1267755,-1.259621,1.2118042,1.4683336,0.71302986,-0.15238559,-0.90544075
-0.27275947,-1.0805175,-2.7976694,-2.4638515,-1.2127733,0.6786634,1.7454364,0.6539423,-0.3125749,-0.4041676
-0.80788857,-1.1175228,-3.575129,-3.146435,-0.9523046,0.774326,1.6586015,1.5957851,0.08630954,-0.7958679
-0.035427004,-0.58217967,-3.3251648,-3.290003,-0.77696866,1.282071,1.9836029,1.3936017,-0.1383021,-0.56069195
-0.33080894,-1.0172222,-2.242958,-2.5266447,-0.6056497,0.66157055,1.6318384,0.33077788,-0.20719936,-0.23224965
-0.7896917,-1.3836447,-3.2463326,-3.193901,-1.265431,1.2102407,2.292843,1.1623938,-0.31134728,-0.34483165
-0.20872276,-1.0744656,-3.5359476,-3.392544,-1.1944046,1.00078,1.8468206,0.38732865,0.30777058,-0.23928611
0.27845684,-1.2309968,-2.5404882,-1.8212641,-0.42105338,1.0220251,1.836067,1.0957458,-0.10771002,-0.5492582
-0.8376333,-1.5905905,-3.7770631,-4.075741,-1.1011248,1.2872099,2.5162034,1.2105064,-0.0029343967,-0.036449403
-1.0480297,-1.6163715,-3.8068323,-2.7156103,-0.9189697,1.0236008,1.9825095,1.0500326,-0.49165484,-0.8767008
-0.6941949,-1.1139078,-3.5745246,-3.8425667,-1.1359715,1.7840885,1.825371,0.93091244,-0.6003769,-0.43990862
-1.078276,-1.7931821,-3.8131285,-3.8914309,-1.4405937,0.74414176,1.8683399,0.7841686,0.17479256,-1.2565529
-0.438734,-0.3423036,-2.9846845,-2.0815375,-0.4231681,1.0079958,1.3489633,0.5797784,-0.15296948,-0.6807223
-0.52657765,-1.1938165,-3.3840249,-2.4942126,-0.9796347,0.32194558,1.128977,0.89831656,0.4651213,-0.6594531
-0.47736403,-1.4680489,-3.2458987,-3.1880403,-1.6691688,0.8327055,2.365426,1.8217276,0.21738489,-0.16907243
0.09694288,-1.3005065,-3.4410164,-2.7680893,-1.3067763,0.8642499,2.143568,1.8806419,-0.21923052,-0.5428024
-0.48700818,-1.4606332,-3.460702,-2.80977,-1.1891128,1.0658313,2.0023587,0.63945955,0.20552824,-0.78635335
-1.0560247,-1.3935848,-3.7794888,-3.0882542,-0.57827306,0.88844883,1.5395553,1.4485037,-0.089644715,-1.1861862
-0.53972375,-1.2361854,-2.9502375,-3.5424612,-1.4772336,0.52950114,1.6242453,1.2099203,0.22840762,-0.5943691
-0.76804036,-0.9695317,-2.8310165,-2.9539318,-0.6209962,1.1549398,1.6968993,0.8481486,-0.088276766,-1.0050933
-0.38010976,-1.892018,-3.05782,-2.5276136,-1.1529068,0.72312427,2.2218213,1.4479439,0.35325176,-0.16166803
-0.40801975,-0.8057123,-2.7597826,-2.6967385,-0.82304764,0.9479262,1.7078408,1.4841167,0.33773085,0.060314756
-0.4295241,-0.41522112,-2.7006383,-2.302155,-1.015241,0.99472964,1.1848632,0.53563744,0.02483403,-0.3240219
-1.1672285,-1.0629947,-3.4063647,-2.8226788,-1.2087436,0.5519595,1.2321894,0.6463787,0.005875476,-0.8510807
0.0030739265,-1.0472503,-1.4372092,-0.01880846,3.8196054,2.780571,1.375715,0.541402,-0.37657687,-0.34116003
-0.62291396,-0.66255784,-2.1343794,-3.0108447,-1.2758776,0.5756701,1.3310951,0.5314405,-0.05971019,-0.16539606
-0.55357856,-1.2408643,-3.4673657,-3.909776,-0.8652515,1.1023883,1.8151298,1.3140072,0.065952286,-0.42281547
-0.6490271,-0.8080434,-2.5924613,-2.149595,-0.25891152,1.622303,1.4748329,0.7790345,-0.08266549,-0.92771834
-0.76465654,-1.2464083,-3.743781,-3.3985963,-0.9485457,1.1772531,1.5845997,0.8190447,-0.15391509,-0.8882878
-0.36395976,-1.5731069,-2.6473222,-2.3547046,-0.6911452,1.3441108,2.2066875,0.9133355,-0.083372995,-1.0436136
-0.7643613,-0.37203735,-1.8382268,-1.8283031,-0.5438566,0.94149524,0.9045884,0.2803669,-0.38520223,-0.49636686
-0.17125468,-0.8954449,-2.527797,-1.7493083,-0.47823572,1.0154192,1.7291367,0.73165715,-0.08917761,-0.62137145
0.42006436,-1.2655144,-2.8761365,-2.3627613,-1.0945848,0.6886411,1.4346106,0.8028138,-0.14315729,-0.11150301
-0.44167167,-0.97953427,-2.6012194,-2.7243822,-1.6990685,0.9475457,1.1371562,0.6217025,0.033602454,-0.15195678
-0.48917395,-0.52641857,-2.5810413,-2.6166372,-1.429883,0.61215806,0.72107035,0.28886712,0.028282119,-0.10792422
-0.1239423,-0.54795444,-2.5981457,-2.9651036,-0.7840705,0.7438029,1.4356974,0.70325595,-0.3296267,-0.44221017
-0.4572311,-0.5845765,-2.5119128,-2.768198,-0.8552151,1.414271,1.680228,1.0061482,0.11423581,-0.41716382
0.07014407,-1.3730873,-3.0123541,-2.5254228,-1.0297807,1.4925878,1.8112786,0.90963,-0.28285366,-0.28957114
-0.6960753,-0.8812785,-3.238099,-2.9388578,-0.7598641,0.9895945,1.9373242,1.7003791,-0.33686954,-0.8175487
-0.53177774,-0.63074416,-2.1383202,-3.1240518,-1.1035469,0.68379563,1.2307758,0.85945624,0.14001547,0.19878559
-1.2542048,-1.9184052,-3.966467,-3.3547707,-1.2447482,0.82213414,2.040101,1.272488,-0.14859273,-0.9294598
-1.5223578,-1.4610819,-3.587975,-3.6174939,-1.1412069,1.1534413,1.3068038,0.94329774,-0.133651,-0.7365977
-0.47485718,-1.3045143,-3.4482856,-2.9404447,-1.2892971,0.7641559,1.7246505,0.90736914,0.0055133826,-0.26230475
-0.23690976,-1.3345301,-3.5601492,-2.9630823,-1.3033406,1.2519463,2.131852,0.9454785,-0.18308538,-0.13191448
-0.8733354,-0.98831815,-3.3008797,-2.5916781,-0.85628265,1.0117321,1.9348338,0.8681847,-0.09064271,0.027915964
-1.0466388,-0.95488304,-2.3092425,-2.227174,-1.3290147,0.60378516,1.2768104,0.3079521,-0.33590874,-0.32385808
-0.79311436,-1.5091943,-3.4807858,-3.1967485,-0.44200054,1.9114839,2.2925324,1.1162225,-0.5127624,-1.1582063
-0.24024141,-0.29388812,-2.60672,-2.4741685,-1.0261744,1.279328,1.6166575,0.7096567,0.46787933,-0.14136894
-0.5850786,-1.5841185,-3.9753036,-4.1528845,-1.7121067,1.2792689,2.3910067,1.258341,0.16665076,0.14184362
-0.119143575,-0.9327619,-3.2115726,-2.8750699,-0.9159664,1.1093137,2.062211,1.0632226,0.17570627,-0.5461588
-0.33816427,-1.9456933,-3.521876,-2.576462,-0.94704646,0.8511661,2.1737332,1.1475209,-0.122556485,-1.2915561
-0.42545456,-0.95115334,-3.1360443,-2.9207568,-0.84485704,0.61291564,1.1704065,1.0892401,0.5594199,-0.18505737
-0.16359209,-1.3649062,-3.748764,-3.1546721,-0.8649056,1.1292156,2.1578956,1.3483107,0.3421902,-0.32456276
-0.69891214,-1.6512165,-3.6416802,-3.2707713,-0.6391008,1.6712244,2.0618072,1.3552887,-0.018698975,-1.4920914
0.05747691,-0.7410465,-1.5315826,-1.9034718,-0.73965997,0.49135876,0.94849473,0.43941346,-0.30519512,-0.11489986
-0.3701274,-0.6918669,-2.2494938,-2.693875,-0.7769943,1.0552591,2.2528067,0.37383983,-0.17529589,-0.249505
-0.27881068,-0.7069588,-2.0457573,-2.085426,-0.69599986,0.682054,1.383756,0.39980006,-0.2041173,-0.09588445
-0.32028893,-1.3832448,-3.1477365,-2.6926193,-1.0697072,0.8137756,2.1861649,1.108065,0.18630134,-0.18622187
-0.36510125,-0.6344676,-2.1278841,-2.9329472,-1.0882708,0.9272561,1.2084236,0.90733695,0.30066267,-0.2754748
-1.1624284,-1.3831887,-3.2928238,-2.778323,-0.9065282,1.1495554,1.894512,1.5861647,-0.20058541,-1.2860024
-1.4082937,-1.2762012,-2.9879014,-3.0507073,-0.85954994,1.1705756,1.1693709,1.2668985,-0.07860789,-0.8976228
-0.6828131,-0.9166964,-2.0036604,-2.5738127,-1.3674134,0.5664948,1.4283831,1.0960963,0.06448345,-0.5138564
-0.5089975,-2.2092893,-3.871696,-3.0906525,-0.7198667,1.5244355,2.4412608,1.5493109,0.027460925,-0.31647435
-0.8979729,-0.62589586,-3.092345,-2.7261999,-1.0337701,0.6029131,1.5901655,0.8395413,-0.0030630925,-0.9078164
0.2829514,-0.8600843,-2.9605944,-2.6162388,-1.0817146,1.16211,1.483678,0.81775194,0.30862945,-0.4961802
-0.11770853,-0.63716817,-1.6182353,-2.1795902,-0.8003952,1.437999,2.4809124,0.94745,-0.024671743,-0.5010021
-0.7438448,-0.7440451,-3.080047,-2.403176,-0.8290415,1.3611068,1.3754647,1.103798,-0.34446117,-0.4878955
-0.38938576,-0.7288554,-2.9388208,-2.487657,-0.7776123,1.1932416,1.492465,0.5871321,-0.061471686,-0.12782346
0.004880758,-0.9531615,-3.5847912,-3.0163732,-1.5737722,1.1070541,1.8669903,1.0550158,-0.0031631838,-0.9308248
-0.47185963,-1.2597766,-3.1322212,-3.2488773,-1.3927852,0.991994,1.2974864,0.890303,0.036341675,-0.37985572
-0.16611104,-0.87317073,-3.2140763,-3.5712042,-1.4619225,0.724533,1.676212,1.174786,0.32862777,-0.027095146
-0.6733967,-1.3173358,-3.3927405,-3.182092,-0.69363064,1.1394241,1.318701,0.7168042,0.11931221,-0.96840805
-0.22450365,-1.4320014,-3.558716,-3.1821709,-0.9740589,1.7195379,2.0754395,1.3831367,0.13120039,-1.4452614
-0.5693933,-0.45383152,-2.493377,-2.3363562,-0.68617463,0.57367754,1.1963589,0.92012835,0.20784837,-0.6990031
-0.25611684,-1.4211946,-2.55609,-2.597297,-0.80640596,1.0142907,2.0457783,1.2072288,0.21603838,-0.6094737
0.086089015,-1.5012958,-3.131141,-3.017889,-1.1340078,0.62378913,1.6044267,1.2786076,-0.23167962,-0.5328588
-0.32747608,-0.7287456,-3.0574658,-2.2880306,-0.89506936,0.8950413,1.9012496,1.0350621,-0.21071921,-0.46380556
-1.0825961,-0.9215243,-3.0624697,-2.1597495,-0.76423746,1.0861465,2.1023016,0.9960835,0.357557,-0.51047236
-0.7537143,-0.9321639,-3.481429,-3.5662835,-1.4170307,1.3138365,2.003107,0.99206865,0.35718334,-1.1106607
-0.8541109,-1.8120085,-3.6693554,-3.1095986,-0.7578655,1.7926205,1.8598392,1.1819549,0.2927195,-0.91613835
-0.943795,-1.0510991,-2.5787323,-3.1859882,-1.0837601,0.57036966,1.2335826,0.79292595,-0.034686394,-0.40526477
-0.49702471,-0.7533391,-3.2380764,-2.974482,-0.9814507,1.2541275,1.553528,0.7102724,-0.3432958,-0.56120235
-1.0639513,-1.012733,-2.8324776,-2.2442155,-1.5145599,0.8458258,1.4434648,0.7647945,-1.6737995,-0.7748664
-0.48867303,-1.6332027,-3.2384605,-2.6764033,-0.8249546,1.6562302,1.8952117,1.0771897,0.53190815,-0.63618803
-0.57776105,-1.1630265,-2.9559805,-2.6976557,-1.0726328,0.77279025,1.9201274,0.5816039,-0.06107717,-0.43803206
-0.50409746,-1.089841,-2.9088552,-2.7914262,-1.3976623,0.29770878,1.5818306,1.3137761,0.016804399,-0.62527174
-0.6409494,-1.0255599,-2.4400654,-2.5836658,-0.55314714,0.8082081,0.8769059,1.1343122,-0.75721395,-0.5687817
-0.259583,-1.1794423,-2.92706,-2.2629678,-0.6404526,0.701964,1.4496634,0.93227655,-0.47420558,-0.47263762
-0.38933602,-1.4756207,-3.3675177,-2.8512447,-0.99432725,1.2559881,2.379162,1.718343,-0.023729065,-0.9284945
-1.1522349,-0.70294607,-2.6818569,-2.6324031,-1.0083253,1.164349,1.2414312,0.5500111,-0.066337734,-0.059185028
-0.46215653,-1.809557,-3.8088527,-3.2444444,-1.201063,0.8448719,1.8528303,0.9772034,0.7139024,-0.6916348
-0.66415983,-0.5718229,-2.0420675,-2.0932755,-0.6209248,0.26810142,1.2305046,0.38796574,0.38178453,-0.61860716
-0.3105796,-1.2031908,-3.1695714,-3.5312562,-1.4494866,1.204046,2.206883,1.207186,0.18899779,-0.1940487
0.05175726,-1.5409333,-2.2343867,-2.4334567,-1.186884,0.73872745,1.4843396,1.1061769,-0.25268322,-0.52606696
-0.2649506,-1.270099,-3.181199,-2.586181,-0.9820457,0.6443141,1.9818858,1.0322863,0.10609256,-0.210921
-0.392774,-0.6050512,-2.1889834,-2.364748,-1.1594316,-0.14010163,0.8509108,0.91603935,0.004976098,0.12161244
-0.47763267,-1.1623496,-2.4562638,-2.8220246,-1.1925347,0.5400068,1.0331898,1.2302967,0.22528738,-0.62521863
-0.80643314,-1.9379168,-3.8867567,-3.8792577,-1.5281397,1.2629734,2.1636603,1.6308849,-0.055486247,-1.0169895
-0.7584288,-1.5857557,-3.8381698,-3.771475,-0.73081565,1.0746539,2.295197,1.4315374,-0.11636515,-0.21342605
-0.13789386,-0.85442495,-2.468304,-1.7837887,-1.0408704,1.1510929,1.6133428,0.6130965,0.07693931,-0.11386287
0.007477396,-1.0153266,-2.7776926,-2.357108,-0.22988842,1.1747824,1.5819416,0.956533,-0.6453994,-0.5601371
-0.6890826,-1.0676682,-3.1324282,-2.6682975,-0.8185063,0.958176,1.6368781,1.2239318,-0.024868064,-0.32484427
-0.17754371,-0.44520205,-1.8637469,-2.0712101,-0.90349996,0.5584641,1.8632573,0.8214386,-0.17374693,0.0023537367
-0.77494663,-0.707124,-2.671269,-2.6122918,-1.0539408,1.2848841,1.8302348,1.0707625,-0.2734806,0.40791538
-0.32202193,-0.5912475,-2.7336125,-2.0788426,-0.57901365,0.82323164,1.3180246,0.51565266,-0.110124506,-0.12827452
-1.0743254,-1.5199778,-3.7039163,-3.1854925,-1.4100147,0.86068034,1.4670894,1.1708782,0.22502169,-0.10604435
-0.90711975,-1.1092111,-3.4192126,-3.3730965,-0.88335466,1.0704987,1.3495375,0.39292094,-0.46449655,-0.55794054
-0.84181225,-0.9641183,-2.4085536,-1.6329715,-0.645137,0.5556014,0.49274966,0.38609946,-1.101576,-0.20121738
-0.382408,-0.5781099,-2.5399818,-2.4907627,-0.87737906,1.1285145,1.7332466,0.5262286,-0.004255687,-0.49574974
-0.37635252,-0.98045015,-2.8552198,-2.500343,-0.95753723,0.8929143,1.7948308,1.1651744,0.5165787,-0.11289627
-0.079346634,-1.0959637,-1.6788222,-2.4142473,-0.7851649,0.9936628,2.1694548,0.8236993,-0.12642704,-0.34133315
-0.61162245,-1.7659136,-3.1869934,-3.6647105,-1.0356895,1.1745679,1.7611599,1.2460498,0.0878966,-1.1085314
-0.19854166,-0.906554,-2.896472,-2.8860555,-1.4075888,1.3961616,2.3470597,0.95366025,-0.36478055,-0.45532104
-0.59440476,-1.930604,-3.8844981,-3.6995728,-1.2042978,1.4034337,1.9985188,1.6473565,0.53749365,-0.5629774
-0.27572027,-0.8547127,-2.213625,-2.294201,-0.7162803,0.9032774,1.1741372,1.3136634,0.11735433,-0.7893191
-0.119136274,-1.2208192,-2.5505362,-2.1924875,-1.3929528,0.2590519,1.8924716,0.6799735,-0.28828552,-0.3625418
-0.7180358,-1.3366299,-3.2245743,-2.8211746,-1.5439372,0.95036393,2.1863425,0.9972156,-0.4281614,-0.30250415
-1.2563592,-1.3163066,-3.331392,-2.7027366,-1.1410259,0.7364228,0.89710736,0.9589736,0.037753616,-0.88815516
-1.0344936,-1.6677054,-3.8611357,-3.5985794,-1.1938145,0.9656091,2.0125628,1.3446296,0.08910747,-0.61611307
-0.19447544,-0.98672205,-3.1424093,-3.3464882,-1.5370607,0.8654426,1.7196584,0.38865665,-0.6527375,-0.034557007
-0.47389278,-1.3960251,-3.028745,-2.5534656,-1.1427363,0.9770437,2.2710795,1.7634834,-0.03082753,-0.81630874
-0.31943625,-1.025929,-2.3981469,-2.3409913,-0.74268246,1.0593405,2.0579336,0.6963256,-0.57327336,-0.64586765
-0.946737,-1.1426861,-2.4813595,-2.4885597,-1.1420684,-1.7131164,0.51095307,1.0777571,0.50049806,-1.0533233
-0.33574924,-0.987379,-3.4751153,-2.782411,-0.41027078,1.318573,2.1453702,1.5244945,0.40705714,-0.24893
-0.17237973,-0.51995176,-2.6050334,-2.7919805,-0.8004404,1.1302613,1.6695863,0.5359091,-0.08838911,-0.55008155
-0.9929689,-2.081261,-3.764524,-3.2906392,-0.7770817,1.4382212,1.9839255,1.5750924,0.11420834,-0.45271435
-0.1302103,-1.1900595,-3.084793,-3.1368442,-1.3123364,0.769312,1.5432559,0.9982655,0.2585683,-0.26785147
-0.17334728,-1.0616142,-2.2852554,-2.2376482,-1.2579155,0.653433,1.2916532,0.5955487,0.055077642,-0.053697746
-0.69389284,-1.6688641,-3.3383577,-3.896138,-1.3673682,0.8794683,2.0804918,1.557879,-0.08025323,-0.97949135
-0.7572679,-1.292575,-2.1680572,-2.7548287,-1.2746667,1.1457242,1.4954001,0.3650669,-0.08599595,-0.3325558
-0.11159191,-0.28729272,-2.4085143,-1.9039698,-0.6171322,1.6304239,1.8711907,0.61976725,-0.45244104,-1.1173135
-0.09594746,-1.4302628,-2.942295,-3.080323,-0.6043211,1.3922027,2.0486476,1.5079768,-0.26059744,-0.5451288
-0.5089122,-1.3684378,-3.4941378,-3.793543,-1.3046497,1.3643526,2.2350173,1.0949048,0.4053301,-0.66991335
-0.92506534,-1.3576226,-3.6393006,-2.7311502,-1.2702821,1.0441911,1.3977009,0.63908976,0.1482854,-0.32999104
-0.27053478,-0.49957564,-1.8963829,-2.3038173,-0.7455917,0.54762125,1.1433402,0.95455575,-0.18780574,-0.5473965
-0.19528893,-0.9591184,-3.073329,-2.6317852,-1.0162913,1.0185153,1.9281871,1.5318809,-0.37821874,-0.39166614
-1.2482257,-1.4549074,-2.3783414,-2.7180252,-1.3495256,0.5763896,1.2189926,0.8649285,-0.0611023,-0.78790915
-0.59667236,-1.2517972,-2.2853417,-2.9862857,-1.1214681,1.0163276,1.9223514,1.0768567,0.05296467,-0.60083055
-0.5377111,-0.008175609,-2.243895,-2.1533446,-1.0517716,0.449776,0.6948886,0.14782155,-0.18528408,0.5474119
-0.6386584,-1.2224394,-3.3974164,-2.7293239,-1.2295095,1.1707925,1.9078083,0.8428118,-0.53157,-0.3163702
-1.0862998,-0.48290947,-2.1276662,-2.5240831,-1.1422807,0.97637194,1.5092582,0.874521,0.05505906,-0.21842685
-0.5316886,-1.0741615,-2.5860913,-2.324816,-0.76731825,0.38919592,1.1672653,0.74997616,0.28194687,-0.56158656
-0.83711636,-1.0090237,-2.403914,-2.0891604,-0.6573109,1.0340184,1.8917066,0.78141993,0.42427355,-0.37928626
-1.1457992,-1.0665399,-3.761421,-3.2712688,-0.89440006,1.1611863,1.868903,1.0997375,0.059058506,-0.8182167
-1.1203123,-0.45483905,-3.2905192,-3.031034,-0.675001,1.5818301,1.6735398,1.3131112,-0.27950174,-1.4864975
-0.71938205,-0.92335135,-3.8364444,-3.804767,-0.71583366,1.6893073,2.0714557,0.9571573,0.07034053,-0.47051716
-0.31505927,-1.1965327,-3.0483623,-3.201334,-1.4607146,0.4831772,1.4181457,1.4615041,-0.115866,-0.63725156
-0.5012334,-0.95265967,-2.8804998,-3.3190143,-1.334414,1.3043323,2.2418993,1.2638478,-0.08324966,-0.2197061
0.15746175,-1.1365598,-2.4417772,-2.097678,-0.89737195,1.2513332,2.1627042,0.88833976,-0.325776,-0.6327503
-1.4662325,-1.186829,-2.873709,-2.2715962,-0.7872837,0.83509487,1.0976912,0.4107377,-0.074064955,-0.41300535
-0.6397887,-1.2125341,-2.9726875,-2.7426147,-1.2415999,0.7043701,1.6262026,1.2045784,-0.40758052,-0.9245061
-0.057050657,-1.2388186,-2.8414001,-2.697212,-1.2627591,0.6915385,1.9066007,0.8824918,0.42205974,-0.79257184
-0.47808647,-1.4213083,-3.6332395,-3.1148572,-1.4280643,0.83540285,2.2708204,1.82732,-0.21772902,-1.0117749
-0.26177442,-1.1074297,-2.4515607,-2.471826,-0.5233096,1.359938,1.9446814,0.35103735,-0.009915233,-0.12742157
-0.11017924,-0.6327596,-2.0994062,-2.0031197,-0.8784402,0.69364464,1.2199186,0.92222476,-0.2454934,-0.45172074
-0.08410479,-0.55119455,-2.8464668,-2.5461564,-0.7382651,1.0853791,1.7715713,1.4969392,0.2025203,-0.51976866
-1.0488186,-0.9499885,-2.9573796,-2.1607425,-0.93088317,0.86023927,1.6493106,0.57451886,-0.31087375,-0.65862423
-0.7627181,-1.4070762,-3.4186113,-2.966353,-0.90805143,0.31844366,1.4842211,1.0619155,0.2530953,-0.5447497
-0.7690777,-1.2428659,-2.8198147,-3.144493,-1.0752615,0.6813501,1.5733525,1.5233253,0.48452583,-0.5774945
-0.44518018,-1.1002214,-3.475114,-2.994627,-0.82393265,1.262152,1.360652,0.5882874,-0.1811433,-0.27134416
-0.71743023,-0.50187755,-2.6494503,-2.7135406,-0.8275104,0.995361,1.3448197,0.77265006,-0.22675015,-0.39810377
-0.78258866,-1.6858622,-3.3745184,-3.0396664,-0.84468013,0.9684253,1.6416723,1.061799,-0.8236713,-0.6382313
-1.1420484,-1.4180486,-3.7357838,-3.288741,-1.1287317,1.1486187,1.996612,1.4871495,-0.069772914,-0.27792546
-1.0458132,-1.5751737,-3.84416,-3.4203293,-0.91705835,1.7215031,1.5993888,0.7320845,0.10885296,-0.7412576
-0.25218865,-0.590696,-3.004241,-2.827522,-0.5983971,1.2411003,1.4530991,0.8008048,-0.1461833,-0.56163967
-0.7546146,-1.4371237,-3.2772627,-2.9020836,-1.4223057,0.61135924,1.5093964,1.2607464,-0.055351228,-0.1553417
-0.88732064,-1.2241181,-3.5729058,-3.5366707,-1.068061,1.0925938,1.8971387,0.7697274,0.10446421,0.27412817
-0.6809715,-0.94484925,-2.7611594,-2.9800246,-0.81549734,1.2221074,1.8211101,0.991293,0.0869303,-0.19181097
-0.40156245,-1.0054171,-2.7588243,-2.652417,-0.88260114,0.4483336,1.0945106,0.3356029,0.13535342,-0.26254728
-0.4413925,-1.2333457,-3.3907003,-3.1201708,-0.9918249,0.67139524,1.5870329,1.3169013,-0.19812664,-0.5868464
-0.5885967,-1.5515275,-3.9837658,-4.154974,-0.7371858,1.5338063,2.1337545,1.4687169,0.32941285,-0.5699317
-1.1660182,-0.84661835,-3.1588442,-3.3755174,-1.3641169,0.65219486,1.277639,0.53746957,-0.11982287,0.49451938
-0.115559414,-1.1634396,-2.8153403,-2.52405,-0.63114065,1.6079417,1.7617506,1.0125614,-0.08483592,-0.722283
-0.686566,-1.5218245,-3.6885014,-3.2900944,-0.6607852,1.1441038,2.1613927,1.3124102,-0.13886291,-0.77310073
-1.1530915,-1.4447135,-3.5192497,-3.1894536,-1.4028789,1.0015606,1.3367137,0.71365,-0.023439823,-0.60485846
-0.17024596,-1.2400239,-3.3389103,-3.2476833,-0.86785924,1.0501895,2.1436658,0.7893639,-0.4329747,-0.6517166
0.31062448,-0.8722489,-3.1103458,-2.5323987,-0.49500334,0.9246626,1.718492,1.5204915,-0.23831056,-0.82497466
-0.7004413,-1.2903249,-2.7377043,-2.841515,-0.75792694,1.3448929,1.5294507,1.1226082,-0.23729457,-0.77941966
-0.5609068,-0.6813998,-2.6939838,-2.3501997,-0.53073096,0.9586998,1.2569416,0.69212383,0.44071522,-0.14425494
-0.46561646,-1.1339511,-2.5567727,-2.3999436,-0.84653366,0.67517924,1.6777049,1.414956,0.08739876,-0.8369857
-0.84392226,-0.9174342,-3.6470532,-3.6885557,-0.7810559,0.7929593,1.7273676,1.3711469,-0.014955859,-0.76904166
-0.6159359,-1.7910773,-3.5272214,-3.7464125,-1.1740049,0.963769,1.5569733,0.9995669,-0.062291015,-1.1407669
-0.6394556,-1.5991123,-3.807586,-3.4895768,-1.4344918,1.6188701,2.3589253,1.3933458,-0.026603693,-0.7543649
-0.44930443,-1.1214509,-2.4179242,-2.3605065,-1.0533931,0.97922975,1.5536555,0.9563173,-0.03520868,-0.0026196227
-0.22049198,-1.025675,-2.7147913,-2.4118311,-0.75199485,1.0639123,1.509035,0.6741409,-0.39057434,-0.11347838
-0.096521236,-0.99366814,-3.5465739,-2.6890976,-0.49082297,1.2772424,1.9049395,0.96312493,-0.011927212,-1.1036259
-0.34708446,-0.7025557,-2.9258173,-2.6303647,-1.1002347,1.2650019,1.8093914,0.6611594,0.17027487,-0.12258472
-0.3987917,-1.0277572,-2.0223813,-2.22983,-0.54345936,1.4922557,1.685528,0.75899476,0.26812905,-0.7393292
-0.10404683,-0.99392897,-2.4982374,-2.041781,-0.6612473,1.1737998,1.6039555,0.59113616,-0.16473976,-0.3531439
-2.4067898,-1.2111611,-2.0281472,-2.3947678,-0.6835145,0.8831567,0.8313982,0.5225686,-0.20108601,-0.79481846
-0.61971414,-0.78648734,-3.0425985,-2.8506234,-0.7516327,1.7046596,2.089127,1.1451133,0.22280413,-1.007989
-0.008069057,-0.8546211,-3.4432454,-2.2008317,-0.8501194,1.1711459,1.4993358,1.1344084,0.15975763,-0.055279583
-0.40914166,-0.90114665,-3.3035965,-3.281038,-0.8103465,1.0305616,1.1947753,0.98782337,0.1883278,-0.21319269
-0.4784869,-1.0884993,-3.074213,-2.6473908,-0.8017728,1.0838553,1.2756445,1.2438402,-0.33295795,-0.4639371
0.4025317,-0.47269022,-1.9600071,-2.2330601,-0.78322905,0.5237726,0.8393368,0.7618561,0.035889305,-0.2817422
-1.03193,-1.2937075,-2.5567873,-3.429338,-0.9202572,1.90379,1.64609,1.1021624,1.652985,-0.4870734
-0.574351,-1.3254638,-3.5714402,-2.7685928,-1.1002223,0.921015,2.145352,1.2835877,-0.08079166,-0.6948751
-0.58431584,-1.0495067,-3.349359,-3.3852544,-0.9197147,0.9883161,2.0872366,0.9774347,-0.43600026,-0.78537
-0.7614672,-0.8797711,-1.672038,-2.180334,-1.0726193,0.5495097,0.87215245,0.11758241,-0.09238338,-0.54380363
-0.2095066,-1.2384851,-2.5869887,-2.3481672,-1.2477988,0.7029728,1.0470804,0.4130473,-0.12719615,-0.67153215
-0.35141394,-0.74813026,-2.712491,-2.8334064,-1.0692167,0.6812028,1.4859982,0.94463056,0.39555624,0.05091714
-0.32983813,-1.2881231,-2.9359581,-2.377848,-1.2125692,1.0168515,1.419277,1.092902,0.08249734,-0.22378626
0.11096599,-1.001688,-3.1918166,-3.2268152,-0.72391784,1.4021353,2.1406908,1.3168187,0.009307161,-0.6282238
-0.32205945,-1.162383,-3.51346,-2.8462408,-0.89994085,1.1341956,1.8911558,1.4381577,0.09757496,-0.8544267
-1.4869162,-1.3731508,-3.2059152,-3.3583465,-0.9180581,0.9462283,1.4153814,0.6881584,0.33409154,-0.81931454
-0.23721054,-1.2396228,-3.8129134,-3.5829368,-1.2843443,0.9997454,1.622722,1.4488015,0.14912154,-0.60080093
-0.23733224,-2.1713681,-3.5649996,-3.463348,-1.0600001,0.72823596,2.1649096,1.5051719,-0.004960738,-0.51467997
-0.81434965,-1.2733574,-3.7335322,-3.7367716,-1.270942,1.2464639,2.2443967,1.6159323,-0.37160248,-0.71247727
-0.27674612,-1.0632857,-3.4892604,-2.9776835,-0.8046232,1.4091425,1.718557,1.1743313,0.03668226,-0.9896107
-0.4804871,-1.559943,-3.3169405,-2.7088573,-0.71939164,1.4930944,2.235217,1.560057,0.2958519,-1.1508436
-0.6228222,-1.2996782,-2.6581647,-2.97489,-0.9554488,1.1183491,1.5509866,1.0620328,0.17685969,-0.5538383
-0.40640852,-0.6312164,-2.060738,-2.3392136,-0.6768422,1.3299501,1.046668,0.6444159,-0.067314066,-0.1519482
-1.2258693,-0.99093235,-3.121519,-3.133744,-0.98857635,1.4774356,1.9257874,1.4277757,-0.004696176,-1.391332
-0.94675297,-1.2148362,-2.8896096,-3.5602496,-1.1620748,0.8912606,1.8729479,1.3548801,0.16450125,-0.9525244
-0.605888,-1.1320227,-3.7916281,-3.6790195,-1.6792412,1.2599816,2.2496924,0.7659074,0.025048269,-0.39837986
-0.25045583,-0.59158045,-0.55612993,-1.1789206,-0.30831245,1.1500081,0.76178837,0.030261587,-0.1740139,-0.20700106
-1.0103259,-1.5728819,-3.4186025,-3.0306952,-1.0499144,1.5459713,2.2432747,1.3245019,-0.37537724,-0.89045644
-0.2605689,-0.4866664,-2.2607257,-2.122331,-0.64507294,1.125409,1.2142035,0.4103149,-0.39967027,-0.27425963
-0.4785404,-1.2609046,-2.418786,-2.197056,-0.8904394,1.0378336,1.7316831,1.2118427,0.042354744,0.41746914
-0.5572559,-0.9454919,-2.873277,-2.8333592,-0.5449148,0.74090266,1.3912549,1.1133243,-0.4198057,-1.6472018
-1.1818335,-1.0897733,-3.173393,-3.1136818,-0.65506214,1.4851041,1.713852,0.72198844,0.11764919,-0.80569357
-0.3638853,-1.1377747,-3.410256,-3.5621235,-1.5016714,0.8239112,1.7058264,0.7131217,0.04667776,-0.51034373
-0.3865339,-1.4220363,-3.6240897,-3.1040158,-0.73752743,1.6978753,2.2263997,1.357772,0.0011674268,-0.5949744
-0.5170474,-1.117494,-3.445412,-3.0171318,-1.0838263,0.9462613,1.914049,1.0228436,0.3526647,-0.3211835
-0.75681883,-0.4789665,-2.3776393,-2.375797,-0.6595008,0.5289963,0.7959214,0.32848272,0.20211498,-0.3905257
-0.99116045,-1.3165566,-3.7051287,-3.6438932,-0.5384928,1.3493013,1.8312894,0.6395844,-0.4300826,-1.5694814
-1.4739861,-1.0751262,-3.6261568,-3.1490257,-0.81554055,0.97164494,1.530504,1.110766,0.076290645,-0.6626916
-0.71281457,-0.70773363,-3.0258992,-3.0266516,-0.9516921,1.0407238,1.446834,1.0232168,-0.072077334,-0.42188144
-0.3404978,-1.1351409,-3.2752109,-2.2912452,-0.98771876,1.3114303,1.4638945,1.21436,-0.18992552,-0.64214873
-0.7384106,-1.5257275,-3.3606,-3.4175851,-1.1675162,0.7738255,1.4456378,1.1071936,-0.37988532,-0.572967
-0.30330047,-0.9260793,-3.5103116,-3.7772193,-0.97646385,1.0797415,1.6819992,1.2841225,0.12056422,-0.648162
-1.5977345,-1.6124333,-3.1427424,-2.8750994,-0.6506608,1.0105461,1.5339309,0.98043287,0.030872073,-1.4902732
-0.022942323,-0.81206244,-2.58055,-2.3972564,-1.2465256,1.0095261,1.5438032,0.7557013,0.2939502,0.03033324
-0.59849006,-1.3457766,-3.331751,-3.36788,-1.266132,0.7034228,1.9528626,1.4313527,0.19742417,-0.38927555
-0.5666364,-0.83152795,-3.1456046,-2.3693538,-0.7419264,1.1087799,1.7853363,1.3129897,-0.030320363,-0.66547775
-0.65433645,-1.5957063,-3.5395756,-3.0861568,-1.1808883,1.4295778,1.5830364,0.74667567,-0.06318784,-0.24252975
-0.85801756,-2.1937273,-4.022065,-3.9775438,-1.5920856,1.2172731,2.4932618,1.5270394,0.56008476,-0.78627074
-0.85271955,-1.2528096,-2.6888318,-2.6845987,-0.9192903,0.6613502,1.2866511,0.5478389,-0.115897976,-0.23514047
-0.15168561,-0.63481575,-1.4900912,-2.0865934,-0.6556913,0.4236687,1.0033925,0.24659932,-0.26365077,-0.46886945
-0.7376559,-1.3441263,-3.7152884,-4.044241,-1.2972467,0.42869478,1.78207,1.5269713,-0.1401084,-0.21099725
-1.0073858,-1.4376801,-3.8465028,-3.699724,-0.8332192,1.1774341,1.8929845,0.8782544,-0.019020237,-1.2458318
-0.40728006,-1.4191113,-3.3988419,-3.0258842,-1.0784477,1.319654,1.6690493,1.33314,0.2577775,-0.44125807
-0.4366279,-0.9715814,-3.4249027,-2.8337343,-1.2306608,1.1663808,1.9316331,1.0890104,-0.31624356,-0.55126315
-0.031144023,-0.8444217,-1.9904782,-1.7034498,-1.144537,0.85665834,1.6793319,0.5595363,0.04160459,-0.4604384
-1.2846504,-1.5311712,-3.4961088,-3.3051991,-0.67300445,1.587556,1.6247842,1.5945281,0.13931447,-1.2286069
0.09112682,-1.0496432,-3.161608,-2.5252786,-0.9747983,0.7910946,1.7766917,1.629503,0.10617519,-0.4144054
-0.44761744,-0.400539,-2.4869528,-2.6565902,-0.5273139,0.6390671,0.88884085,0.96295595,0.31835815,-0.40352228
-0.6644818,-1.1669542,-2.9126735,-3.4576428,-1.2075316,0.88427055,1.8528056,1.1578535,-0.15194404,-0.83120525
-0.34082213,-2.0937505,-3.506627,-2.8936899,-1.2674261,0.7448856,1.8867503,0.9710596,-0.22208919,-0.9301697
-0.2685668,-1.383497,-2.9508722,-3.1321952,-1.2420515,0.99101585,1.6150117,1.6051837,0.4482803,-0.45492774
-0.23630892,-0.760692,-1.9677647,-2.0601614,-1.2934232,0.8932793,1.4633046,0.37923706,-0.10749456,-0.54808503
-1.3587388,-0.738603,-3.0660758,-3.0653405,-1.0739361,0.6747256,1.2321327,0.6121815,0.2286016,-0.6815432
-0.9451941,-1.2405638,-3.5144148,-3.5329037,-1.1965659,0.7673587,1.7805306,1.1566111,0.26202002,-0.086319976
0.1973761,-0.8148759,-1.9667207,-2.6197455,-0.8834321,0.9224626,1.393449,1.1350083,0.25980577,-0.1313702
-0.72454596,-1.5861808,-3.6222951,-2.3879452,-0.7014627,0.8776848,1.5098374,1.5319722,-0.35162067,-0.73401505
-0.8450873,-0.85275775,-2.1347466,-2.318027,-0.73349804,0.8242685,1.4857098,1.0580009,0.15393682,-0.6607559
-1.0895993,-1.675657,-3.7086277,-3.0526679,-0.6811868,1.6443408,1.7863536,0.9093977,-0.44580767,-0.7408468
-0.59412974,-0.8230824,-2.8737407,-3.1333258,-1.1556352,0.89840245,1.6412456,0.8475727,-0.17857207,-0.8773065
-0.5395868,-1.5220642,-3.0836692,-2.6310155,-0.9993557,1.3621442,1.6787181,0.619229,-0.36587414,-0.37550578
-0.4270546,-0.762859,-2.573497,-2.7237432,-0.53502816,1.1527369,1.4082098,0.6335401,0.30521807,-0.6615859
-0.020513762,-1.1125101,-3.403164,-2.6782894,-0.9849736,0.6990974,1.502147,1.5428203,-0.13290128,-0.9788217
-0.41262096,-1.3218466,-3.3774326,-2.5731578,-1.3895489,1.0525674,1.9792802,1.4479808,0.5556025,-0.17406555
0.37998432,-1.4121448,-3.4947476,-3.7172983,-1.1252322,0.9379537,2.171798,1.0637902,0.35262328,-0.30464983
-0.32149816,-0.8328596,-1.8186365,-2.3261793,-0.7646869,1.2524275,1.8283403,0.6922873,-0.28296775,-0.34297687
-0.7397187,-0.8320665,-2.5398166,-2.0680835,-0.9115337,1.0349218,1.4479095,0.769973,0.003416304,-0.065719515
-0.13348688,-0.48783696,-2.653257,-2.9479816,-1.2500123,0.866191,1.7948304,1.0414705,0.18122552,0.021605007
0.14276746,-0.4900657,-2.2565725,-2.074774,-0.53589094,0.85770464,1.6639091,0.9620353,0.17563394,-0.2685941
0.04251418,-0.86214685,-2.536501,-2.314602,-0.7398413,1.0766495,1.215726,0.9731142,0.27278766,-0.102854274
-0.018859273,-1.0663657,-2.9302278,-3.1684332,-0.8167668,0.8902786,1.6569233,0.9080243,-0.18871798,-0.4220783
-0.7626335,-1.7017776,-3.3925257,-3.338096,-1.2810929,0.8502551,1.6569402,1.5683641,0.16488041,-1.3375797
-0.46330568,-0.9038966,-2.6828396,-3.4587538,-1.4590708,0.70903444,1.6585678,1.0720773,0.2714787,-0.36846283
-0.88716805,-1.3564401,-3.3851125,-3.2794564,-1.4179223,0.78459173,1.4332111,1.319719,0.54994863,-0.8076502
-0.85579664,-0.7049913,-2.511315,-2.0175583,-1.0185934,0.21441324,1.0011419,0.6604827,-0.24505323,0.21957968
-0.59412813,-1.4266332,-3.51533,-3.4857006,-0.973722,1.2841206,2.3504016,1.5168899,-0.22676696,-0.952983
0.07391105,-0.75051194,-3.494594,-2.6507938,-0.54098237,1.6070572,1.8681095,1.0256212,-0.18877387,-0.09609829
-0.09685227,-1.0075665,-3.0166748,-3.4231188,-1.0892391,0.99841934,1.9759432,1.4119484,-0.7160053,-0.43330675
-1.2762122,-1.1885628,-2.317006,-2.8390317,-0.64049876,1.0641601,1.7047219,1.0522377,0.028226819,-0.6998747
-0.6957405,-1.5948354,-3.1678102,-2.8536835,-1.3116056,1.2392173,1.9811621,0.67260003,0.009383987,-0.5940755
-0.13337316,-0.47316483,-3.0737076,-2.8468616,-0.71382815,1.6561625,2.10751,1.072821,-0.22132087,-0.67102194
-0.79216456,-2.735301,-4.1411,-3.7570066,-1.0603734,1.2198783,2.2350843,1.6587847,-0.054834556,-1.0387706
-0.20659122,-1.2570765,-3.0439973,-2.628823,-0.71354324,0.75936335,1.4288712,0.74656135,-0.5148049,-1.0638771
-0.30923602,-1.4363463,-3.6876667,-2.7841897,-0.45171928,0.9924149,1.8741604,1.2119622,0.17192146,-1.0270752
-0.572426,-1.3447077,-3.2144208,-3.1731656,-1.1666262,0.6741015,1.9417094,1.3125957,0.29354417,-0.49165833
-0.49188787,-1.7648048,-3.6124456,-3.0989795,-0.768218,1.7595474,2.2103326,1.1118928,0.10633985,-0.5547483
-0.86681926,-1.2140621,-3.311816,-2.3970351,-1.0686095,1.1087712,1.6013725,0.7553708,-0.101778924,-0.157548
-0.5699705,-1.094454,-2.7201197,-3.0784929,-0.65962434,0.74324894,2.083205,1.5192283,-0.31552124,-1.0989935
-0.041520394,-0.7801218,-2.7933912,-2.3972037,-0.80243266,0.69113564,1.2463287,1.0644631,-0.008260028,-0.30199835
-0.512632,-1.257482,-3.6920574,-3.7880375,-1.2338985,0.887113,1.6350747,0.7118929,0.50581336,-0.7992991
-1.1569226,-0.059781946,-1.992157,-1.9261593,-0.75059074,0.70214975,1.1909955,0.3510142,0.10274141,-0.19437112
-0.27118054,-1.0819553,-1.8129147,-2.2662632,-0.6290618,1.1909245,1.2274456,0.7237824,0.14365858,-0.3608032
-0.8009415,-1.46533,-2.6545901,-3.1178885,-1.3416219,1.0068828,1.6004349,1.7700822,0.17219149,-0.7823448
0.3279088,-1.0302287,-3.3789914,-3.2999609,-1.3002993,1.5640628,2.320958,1.4042999,0.13002597,-0.29464486
-0.43468413,-0.98680574,-3.0061033,-2.8825188,-1.2805545,0.51294714,1.0983623,1.1200364,0.16292608,0.09530926
-1.180599,-1.6515619,-3.7918942,-3.617505,-0.98486036,0.92488253,2.039367,1.4381692,-0.022160262,-0.63973194
-1.4424826,-1.067654,-2.753503,-3.526537,-1.5722294,1.2806078,0.9540106,0.64513737,0.035922643,-0.31298277
-1.0195351,-1.0527736,-2.6000655,-2.7797096,-1.247589,0.97832173,1.3507682,1.1373069,-0.04725824,-0.9576294
0.15171605,-0.829479,-2.215179,-2.433307,-0.88407683,0.59055537,1.3873763,0.4768677,0.16843583,-0.77415246
-0.96019363,-0.8470676,-2.5497081,-2.3736794,-0.84326196,1.0925109,1.235987,0.8988039,0.06227274,-0.2323992
-0.5266907,-0.7630546,-2.859078,-3.3123817,-1.1727661,0.8102956,1.1113406,0.73531616,0.1489621,-0.33050534
0.1032194,-1.0037415,-2.8552806,-2.9199553,-1.1226511,1.2064099,1.596791,1.1552298,0.19069177,-0.0146269305
-0.76549643,-1.2936984,-3.2681134,-3.1038299,-1.1666,1.1782598,2.1576738,0.6936794,0.27278352,-0.2992679
-0.8797902,-1.2439201,-3.1263688,-3.6560109,-1.2089903,1.006858,1.7469469,1.3001378,0.03332016,-0.7627629
0.02369879,-1.4091625,-3.0486972,-2.7152917,-0.5148006,1.2567447,1.8776237,0.9422093,0.1028957,-0.60635686
-0.19634838,-1.1648678,-3.4085445,-2.4196775,-0.8341409,1.0743629,2.4042673,1.5303472,-0.15664688,-1.2312037
-0.42576805,-1.3799908,-3.1076655,-1.9971875,-0.3689305,1.2999172,1.3196706,0.85690105,0.11557508,-0.53856575
-0.7574083,-0.7607516,-3.2444549,-3.8059154,-0.9212743,1.2643839,2.026952,0.7099071,0.255616,-0.1926001
-0.93298715,-0.8458049,-2.4825096,-2.841788,-1.5192955,0.70932496,1.3697228,0.5594785,-0.4848344,-0.13561888
-0.4363048,-0.916692,-2.9178646,-3.0569408,-1.3092332,0.4581814,1.794788,1.2038451,0.56093234,-0.5428037
-0.28029105,-1.3810115,-2.5027816,-2.2222703,-0.98138326,1.1619623,1.4614177,0.66405964,-0.3400436,-0.77088106
-0.62999976,-1.1388283,-2.8004527,-3.0388095,-0.79911,1.4844004,2.233262,1.0037986,-0.028686048,-0.7328344
-0.8386015,-1.3033407,-3.6344857,-3.917588,-1.3715625,1.1143142,1.7522932,0.97568417,-0.20051293,-0.70467854
0.1318867,-1.2702321,-2.0350564,-0.3687079,3.4041862,2.695335,1.5912535,0.926773,-0.21452954,-0.46745965
-0.16677089,-1.0467716,-3.3027124,-2.7672975,-1.1908008,0.9558852,1.2816957,0.9336915,0.34883758,-0.075522184
-0.3353195,-1.4890854,-3.068384,-3.0292861,-0.8509444,0.8769163,2.1778662,1.1702875,0.12888321,-1.0722449
-0.24801852,-1.1763045,-2.4549537,-2.2549608,-0.9382755,1.2991828,1.6733434,0.6670162,0.008512541,0.048819285
-0.8256612,-3.0485744,-4.1022496,-4.093395,-1.0747812,1.5903909,2.4571142,2.0389116,-0.029328842,-0.7610037
-1.4890487,-1.5416816,-3.5742402,-3.6815958,-1.4809119,0.8417547,1.5864472,0.5012387,-0.08893779,-0.7616938
-0.2693786,-1.2560229,-2.3856776,-1.1618811,-0.93733084,0.9573545,1.457474,0.7853668,-2.392891,-0.5171077
-0.18768544,-0.89427197,-2.4130747,-2.5089607,-0.31816414,1.1266271,1.2324098,0.9947153,-0.49686068,-0.71586114
-0.47926548,-0.99515146,-2.2645245,-2.291352,-0.6214366,1.4744071,1.1856804,0.882867,-0.30195656,-0.29940858
-0.47246933,-0.91563666,-2.3353474,-2.797396,-0.71476716,0.69981515,1.3117279,0.7796377,0.07386888,-0.3522408
-0.5154322,-1.1901702,-3.403947,-3.6420329,-1.0801384,0.8683339,2.1494792,1.6543725,0.39231363,-0.10774108
-1.2214408,-0.88261384,-2.418508,-2.4844575,-0.95283526,0.63383615,1.3497193,0.73040646,0.19834255,-0.2941443
-0.70900494,-1.0427979,-2.737233,-2.4558654,-1.0349063,1.1852627,1.9214464,0.9420527,-0.32203364,-0.7914247
-1.1186498,-1.414603,-3.2523506,-2.9995787,-0.77593213,0.931523,1.7768399,0.9073425,0.16996397,-0.1394515
-0.22618876,-1.8782728,-3.3353002,-2.5702727,-1.1237991,1.0717635,1.6652318,0.7650656,0.14054598,-0.8430396
-0.5767876,-0.7177399,-3.139965,-2.5493233,-0.36861065,1.3366374,2.4134164,1.3389848,0.0026564621,-0.4952863
-0.8356868,-1.5274855,-3.7350307,-3.8163147,-1.2013079,1.7892158,2.3390527,1.5572901,0.36210546,-0.8667208
-1.0326761,-1.2881098,-2.6211843,-3.0351949,-1.2063149,0.7661454,1.5189991,0.5754522,-0.2779233,-0.94771993
-0.15974176,-0.9108015,-3.444936,-3.122726,-0.8848079,1.1663514,1.9735228,1.4189453,-0.0042057615,-0.8322152
-0.37249544,-0.9464603,-2.2488441,-2.7633653,-0.8807609,1.0422629,1.8286933,0.79674834,0.0710016,-0.5992704
-0.43438226,-1.2119926,-2.2875278,-2.082425,-0.54815793,1.2703164,1.7430806,1.0680414,-0.067152746,-0.32667947
-0.30258545,-1.4043267,-2.9025567,-2.5101173,-0.7878606,1.166249,1.9164155,1.2303121,-0.3854434,-0.12379927
0.04476162,-1.0717801,-2.2011275,-2.3022127,-0.77919036,1.027022,0.8844579,0.7455381,0.3584408,-0.18746856
-0.23507199,-1.2050385,-3.5869663,-3.238998,-1.197179,0.83732855,1.9510363,1.6451576,-0.023940202,-0.17116378
-0.70136267,-1.3299949,-3.114897,-2.3488781,-0.5611795,0.9287083,0.98754716,0.5038413,-0.18783358,-0.39460415
-0.23645309,-1.0357192,-2.4813266,-3.0366442,-0.80338246,0.7454097,1.8295857,1.4996443,0.41772002,-0.819355
-0.9209698,-1.6895609,-3.2836637,-2.8852818,-1.2750825,0.4317267,1.4068769,0.85434353,-0.21032275,-0.7458826
-0.57308954,-1.3283166,-3.1223602,-1.951982,-0.6630026,0.7802773,1.4616787,0.98261625,-0.12365753,-0.16787003
-0.84977996,-1.0605477,-2.467174,-2.5853968,-0.90619874,0.46574295,1.4084314,1.4024698,-0.05049243,-0.55490965
-0.5824797,-1.1976,-2.6052496,-2.5327532,-0.81590176,0.35738218,1.3729354,0.9240619,-0.8759047,-0.6175152
-0.5753214,-1.4512125,-3.2951546,-2.753446,-0.7555917,1.434788,1.6848674,0.7224237,-0.39379475,-0.54557794
-1.0038462,-0.40845057,-3.2309973,-3.0182817,-0.9499436,1.2850724,1.5663646,0.52277714,-0.45288387,-0.53706145
-0.8327516,-1.7659465,-3.9196641,-3.5068994,-1.3506021,1.1204097,2.1371164,1.1514345,-0.013725785,-1.1340362
-0.1920917,-1.2247157,-2.223685,-2.9869084,-0.89063054,1.0003271,1.5471886,0.81844676,0.30812752,-0.37242028
-0.54647803,-1.4381667,-3.0673323,-2.345637,-0.5923126,1.2544961,2.1864984,1.3509749,-0.50333196,-0.9937961
0.12300135,-1.4250766,-3.368402,-2.6618295,-1.2260804,0.99395764,1.3158287,0.6403278,-0.16261931,-0.6401529
-1.1924505,-1.6492127,-3.30353,-3.0468342,-0.74279374,0.91352165,1.9140235,1.1021299,-0.011130484,-1.064408
-0.068387106,-1.0386951,-3.0643609,-2.8309686,-0.30257782,1.5979246,2.078269,1.2683858,0.23261012,-0.8670157
-0.4945611,-1.6869991,-3.0136313,-2.9615037,-0.8631965,1.057145,1.9907168,1.2981728,-0.08732962,-0.89599407
-0.5003145,-1.1016929,-3.337295,-3.1721394,-0.73830175,1.1601553,1.8188932,1.2371578,-0.34687626,-0.624576
-0.618798,-1.3496041,-3.25027,-2.7585795,-1.1183443,1.2123953,2.0021348,1.9598618,0.17183407,-0.49771073
-0.4278969,-0.5351818,-2.009088,-2.0516245,-0.6072196,0.6139067,1.1818246,0.5945035,-0.38040742,-0.1357283
-0.5482669,-0.8096438,-2.8266988,-3.2012062,-1.2595048,0.90542716,1.3822225,0.8620874,0.13770011,-0.40102282
-0.6185226,-0.7524089,-1.7350202,-2.5210388,-1.2141371,0.6700344,1.2124474,0.8130191,0.10052384,-0.26220915
-0.66405106,-1.7700893,-3.361392,-2.9066534,-1.2286919,1.3218573,1.7312323,1.550739,-0.24243946,-1.2473768
0.023046168,-0.8639164,-2.395959,-2.473382,-0.7608179,1.0132307,1.6959382,0.78483987,-0.74602777,-0.64526176
-0.610928,-1.240408,-2.9795685,-2.7028694,-1.3807933,1.0822881,1.1403576,0.42269126,0.263213,-0.13375777
-0.12860043,-1.1643502,-3.4761677,-2.6525068,-0.7543146,1.559713,1.9711667,1.0445307,0.23339349,-0.43613186
-1.15965,-0.8423888,-2.3001966,-2.5417202,-0.91956425,0.54142404,1.6212482,1.0466741,-0.20696369,-0.69544625
-0.9549942,-0.97648513,-3.560476,-3.5568254,-1.2072266,1.2008512,1.9655528,1.0617687,0.022943383,-0.17760818
-0.04263878,-0.592581,-2.514787,-2.4280577,-1.4044744,0.5010774,1.0316238,1.0598316,0.28992948,0.39262438
-0.44804287,-1.0314821,-2.3359754,-1.8910989,-0.9161032,0.865967,0.915326,0.5136137,0.09265022,-0.60183895
-0.6093376,-1.1385932,-3.6947868,-4.199216,-1.697799,1.1068017,2.3974142,1.9592319,0.08705541,-0.48766264
-0.48660037,-1.3988848,-3.3566103,-3.6794953,-0.7120054,1.1167873,2.2519522,1.4299809,-0.1726958,-0.7507116
-0.8257236,-0.674859,-1.8360862,-2.1178052,-0.5122983,0.75026757,1.0958939,0.58271027,-0.2443625,-0.52700853
-0.87273455,-1.8296555,-3.1923997,-3.0473685,-0.6701445,0.7802407,1.7903104,1.0337881,-0.3143241,-0.4813653
-0.056888103,-1.1944808,-2.7530906,-2.5581794,-1.4958687,0.7280605,2.2040298,1.3667624,-0.40018383,-0.8082742
-0.81140417,-0.9276729,-3.2078316,-2.985159,-1.3646106,1.2042826,1.9742429,1.2111174,0.42399743,-0.17570318
-0.022006527,-0.50162727,-2.2170563,-1.9000843,-0.89308864,0.3583417,1.1276296,1.0861084,0.082583025,0.07442012
-0.571276,-1.052987,-2.4367745,-2.3638024,-0.7525296,1.3359426,1.5214535,0.8370072,-0.37340504,-0.47531888
-0.2684977,-1.4670849,-3.5817282,-3.181864,-0.98418325,1.003176,2.2445621,1.5017724,0.6077767,-0.57715106
-0.8907709,-1.4904442,-3.3840744,-2.9237778,-1.0443499,1.209279,1.9587759,1.1862622,0.081866056,-0.66052043
-1.2775922,-3.5075257,-4.163914,-3.8716872,-1.4910699,0.9779887,2.3340015,1.2106415,0.057570744,-0.29559752
-0.34411833,-1.4672669,-2.75823,-3.0934606,-0.5173012,1.3855464,2.3058355,1.3216763,-0.10855868,-1.0289432
-1.0579194,-0.9535343,-3.367677,-3.1824737,-1.1186993,1.1231548,1.857941,0.7845131,0.054246493,-0.9284344
-0.7432733,-1.3837348,-3.2413006,-3.0413904,-0.68725187,1.5863662,2.030107,0.7015562,-0.22884703,-0.9085841
-0.5031302,-1.0432614,-2.7971845,-2.6664534,-0.8489289,1.1161017,2.0785594,0.7071898,-0.19341029,-0.43964586
-0.51329494,-1.0826972,-2.7382278,-2.949523,-1.3785164,0.9080114,1.0375926,0.51492333,-0.27037522,-0.43100205
-0.943163,-1.451493,-3.6120167,-3.5139675,-1.0203806,1.4513026,1.5243983,1.0377789,-0.21761791,-0.16375917
-0.5367732,-0.9050164,-2.4447618,-2.2888372,-0.46738037,0.975912,0.9429774,0.8337147,0.07827844,-0.61009324
-0.5705239,-0.6212682,-0.530106,-1.1577731,-0.595004,0.99727714,1.2279408,0.2267894,-0.14670411,-0.17641547
-0.8852521,-1.3210256,-2.4307587,-2.0900755,-0.7423956,0.73222125,1.4740036,0.8147921,0.14837137,0.056049652
-0.47843686,-1.03295,-2.4032362,-2.4706044,-0.9929438,1.2025038,2.2128408,1.6036977,0.27882305,-0.12292596
-0.5005526,-0.93814933,-2.0424142,-1.6311697,-0.53744876,0.09395818,0.7478164,0.47826192,0.2410011,-0.45328417
-0.39662623,-0.7454953,-2.2035875,-2.5977523,-0.5459159,0.5989389,1.0272695,0.40276417,0.36203694,0.2437778
-4.4962497,-1.3169689,-2.3142564,-1.7178727,-0.89241296,0.7809127,0.640796,0.46118796,-0.8420267,-1.0170178
-0.90278417,-0.84093744,-2.3871555,-3.0333662,-0.8120693,1.1810861,2.2242224,0.9165601,-0.052190244,-0.49539602
-0.3156224,-1.3025529,-3.5157075,-3.27877,-1.0095519,1.5797876,2.1913528,1.1801924,0.20308162,-0.5490932
-1.0461149,-1.1206344,-3.1764405,-2.8150976,-1.0712494,0.61050737,1.2876705,0.76191145,-0.05081494,-0.35729787
-0.18194288,-1.3177167,-2.4549303,-2.2039387,-0.6355392,1.1008438,1.3847493,1.1557932,0.14669774,-0.29589155
-0.8277492,-0.79267967,-2.8704083,-2.4408906,-0.50866586,1.346097,1.9101663,0.83112943,-0.6471812,-0.6440319
-0.814014,-0.6738756,-2.4839413,-3.3218515,-0.9908015,0.6951546,1.4022002,1.1873548,0.41186756,-0.54233956
-0.024167119,-0.6457902,-2.3166392,-2.3398993,-0.32505742,1.3340096,1.2781106,1.2183356,0.022661312,-0.18259117
-0.5333217,-1.0539808,-3.3299055,-3.533833,-0.8638683,1.8339919,1.2780656,0.33129972,-0.24178559,-0.8229565
-0.36076766,-0.2161092,-2.5451028,-2.5532525,-0.7417167,1.057316,1.493122,0.41748017,-0.16021886,0.018956177
-0.87948334,-1.6969794,-3.9073265,-3.811114,-1.4456159,0.9998137,2.1674488,1.6131799,0.2081924,-0.80796903
-0.58267194,-1.7550764,-3.4548016,-3.2396252,-1.4468298,1.0784421,2.372568,1.2855685,-0.58807665,-0.6291528
-0.87423265,-1.093208,-3.0890918,-3.3610768,-1.2874777,1.1436393,1.5720102,0.55459887,-0.23592164,-0.0532991
-1.0132849,-1.67676,-3.9934952,-3.2710922,-1.5166821,0.8837797,2.0136194,1.1796515,-0.53224146,-0.5049533
-0.30932608,-1.5046365,-2.9956822,-2.4965327,-1.0221413,1.2201079,1.6553566,0.8973929,0.20080233,-0.099609286
-0.7020009,-1.3573284,-4.158165,-3.2727242,-1.3150502,1.4449189,2.0175538,1.3373817,-0.5154106,-0.45323122
-0.62627935,-0.47823822,-3.122428,-2.6111634,-0.903902,0.5628853,1.2273012,0.8470966,-0.067818284,-1.3773199
-0.80466086,-1.0740365,-3.45741,-2.35069,-0.95948845,1.0237485,1.4376318,0.57273453,-0.10289167,-0.6613132
-0.2805533,-0.87351364,-2.4759045,-2.9565728,-1.0659035,1.5891695,2.037396,1.5081195,0.16364342,-0.21379773
-0.57722974,-1.0320207,-3.2744014,-3.4646955,-1.6529117,0.56063664,1.168884,1.2178205,0.27640763,-0.3060981
-0.2348382,-1.3867754,-3.3546643,-2.5740674,-1.1765016,0.995665,0.991441,1.2166437,0.54375815,-0.5015044
-0.13989939,-0.58502644,-2.0886421,-2.449678,-1.0576133,0.74580055,1.3770142,0.9279909,-0.23809524,-0.30975428
-0.39819995,-0.80351067,-2.9870212,-3.3509715,-1.2787734,1.2445443,1.6967945,1.0767051,0.10707515,0.24389918
0.087312534,-0.68378454,-3.1720614,-2.9492695,-0.85598564,0.8533283,1.338437,0.91804373,0.14652279,0.059662405
0.061058305,-1.2547603,-2.6401396,-2.5415888,-0.35858458,1.308334,1.9254742,1.0594988,0.09000563,0.02616027
-0.74412084,-1.2125006,-2.862565,-2.841302,-0.8665319,1.0738701,1.4726988,1.031224,0.064037584,-0.44964322
-0.35087016,-0.6541066,-3.2796936,-2.360471,-1.1193699,1.3625536,2.0179698,0.638429,0.007771863,0.13666593
-1.0931368,-1.7307165,-3.580936,-3.644356,-1.1228644,1.2607881,2.071148,1.5350246,-0.097018816,-0.98639816
-0.5117721,-0.71929944,-2.0867882,-2.020765,-0.6119987,0.59140545,1.4809842,1.1176491,0.49309826,-0.23750854
-0.18982714,-1.531875,-3.4879587,-2.545318,-0.7448419,1.2297853,2.4037929,1.3571329,-0.07246443,-0.8032073
-1.2792609,-0.94281393,-2.0284374,-1.9487187,-0.39713156,0.93752635,1.3603799,0.53260845,-0.60050917,-0.8102746
-0.66420406,-0.76820755,-2.9877818,-2.4252055,-0.7461748,1.3794938,1.3337654,0.47413242,-0.27565598,-0.49105355
-1.1612915,-1.4239769,-3.7027023,-3.2237365,-1.0081922,0.9957264,1.394372,0.802108,-0.0057112314,-0.5634337
-0.35481688,-1.315363,-3.5270832,-3.7170856,-1.3516023,1.0205433,2.3860686,1.4336617,-0.29014102,-0.7943647
0.07044813,-1.2852719,-3.5990717,-2.3595355,-0.873986,1.1217111,1.4680501,0.6632206,-0.096272625,0.21803452
-0.20183322,-1.4189979,-3.374979,-2.858691,-1.4727684,1.1448764,1.7315236,1.0744663,-0.0049929987,-0.56540734
-0.34681574,-1.229708,-3.4764233,-3.4655588,-1.5205451,1.0779052,2.219165,1.2479788,-0.11581345,-0.14938006
-0.3145866,-0.75347936,-1.9531475,-3.1216574,-1.0402043,0.74932784,1.4094281,0.9286295,0.0036577138,-0.4243368
-0.20115066,-1.1965653,-2.9956446,-2.5951395,-0.5217375,1.0777841,1.7293456,0.8485726,-0.1850958,-0.08818276
-0.7484507,-0.9946368,-2.737911,-2.8658695,-1.2669826,0.41356322,1.347295,1.1758268,-0.19079432,-0.7072817
-0.38613465,-1.2885748,-2.4029434,-2.1058195,-1.2079856,0.9356921,1.6895823,0.773859,0.00802811,-0.37253928
-0.39873338,-0.8813619,-3.0669062,-2.36379,-0.80626494,0.6232314,1.4892632,0.8865467,-0.28320718,-0.55353737
-0.54133916,-0.7740417,-2.555266,-3.0296829,-1.0270001,0.9103333,1.3537068,0.35152203,-0.09991648,-0.75034225
-1.1880128,-1.3036531,-2.2784662,-2.7429395,-1.1399492,1.0620269,1.5028739,0.7633717,-0.13533473,-1.0750974
-0.27766213,-1.412312,-2.8278296,-2.564323,-1.1636436,1.2197397,2.2071865,0.6829547,-0.29971108,-0.82069653
-0.23844388,-1.4527506,-2.8360686,-3.1101403,-0.56767875,1.427723,1.8237556,0.7851919,0.13054085,-1.0757633
-0.6054531,-0.7013396,-2.3651018,-2.3726118,-1.0376585,0.999716,1.6802591,0.675565,0.31861326,0.25015587
-0.9089166,-0.5093138,-2.3487616,-2.275627,-1.0350902,0.5887867,0.89613956,0.514567,-0.27928478,-0.6259792
-0.80903774,-0.9050936,-2.5566685,-2.6491654,-0.8984333,0.7802904,1.1016347,0.6134019,-0.7152024,-0.5973765
-1.2049176,-1.0289352,-2.0505805,-2.2187688,-0.97675395,0.89926493,1.37447,0.22152144,-0.35841352,-0.32555428
0.21372366,-0.83278596,-2.945356,-2.9530063,-0.8400338,1.051064,1.6188941,1.0801908,0.68076134,-0.28476882
-0.33978683,-1.0662172,-2.4195127,-2.8340557,-0.94236946,1.5132945,1.6860232,1.328655,0.1343542,-0.26599103
-0.4374906,-1.5750867,-3.4575071,-2.9683034,-1.4508023,0.91294456,2.0391502,1.35507,0.12024085,-0.45423168
-0.30573952,-0.97507745,-2.5885158,-2.4461184,-0.87276065,0.70572424,1.2264218,0.8973346,0.0824775,-0.46622768
-0.3936047,-1.2066028,-2.5075278,-2.522513,-0.5637407,1.3239897,1.6103272,0.6993584,-0.14266533,-0.647378
-0.8386893,-0.74534094,-3.387247,-2.9353957,-0.74659073,0.7021148,1.3011948,1.0192844,-0.03489626,-0.1575539
-0.4927406,-1.5581765,-2.9427974,-2.7082276,-0.52426046,0.63092977,1.0472171,0.80351764,-0.14463751,-0.47179177
-0.6353019,-0.55385923,-2.203461,-2.7620857,-0.8564605,0.8527803,1.378319,1.0696452,-0.1879955,-0.43794778
-0.82734567,-1.3276516,-3.45278,-3.3090503,-1.4208825,0.25053543,1.4607009,1.2690043,-0.060095433,-0.20111553
-0.96922624,-0.87542814,-2.4082615,-2.193115,-0.30610955,0.97042465,1.4224126,0.7330736,0.13861693,-0.3011443
-0.6128485,-0.87549025,-2.3679461,-3.3825283,-0.59287566,0.9195868,1.1810694,0.35198298,-0.24904913,-0.40546504
-0.47324613,-0.48547927,-2.7390928,-2.1299858,-0.77037054,1.1814884,1.5150745,1.1597066,-0.0049959547,-0.827986
-0.10501331,-0.82426643,-3.096129,-3.4276156,-0.87985367,1.1545664,2.144399,1.3337543,-0.18796104,-0.39983538
-0.06382985,-1.5044111,-2.8586745,-2.7744663,-0.4925926,1.6169647,1.962839,1.2730389,0.1547981,-0.8309861
-0.9136372,-0.83087283,-3.057294,-2.2483392,-1.027287,0.9361088,1.5581937,0.70394355,0.38319257,-0.5592425
-1.1778458,-0.5680058,-2.3856056,-2.5316937,-0.566615,0.8727714,1.464885,0.6457817,-0.50529003,-0.23376231
-0.3215691,-1.2005637,-2.883747,-2.3805907,-0.5431328,1.2555746,1.5464289,1.0621824,-0.51878744,-0.47863534
-0.21673995,-1.4299684,-3.7214186,-3.8275592,-1.3178536,1.3291361,1.9453826,1.1493801,0.15365209,-0.9644796
-0.8063293,-0.79903126,-2.9103563,-3.2008843,-1.0604322,1.3805298,1.5813638,0.96265066,0.5703144,-0.85593283
-0.3062434,-0.8003121,-3.3296518,-3.222916,-1.1823207,0.9522146,1.9574628,1.5159571,0.44274905,-0.15169668
-0.2931383,-0.9331674,-1.7845738,-2.565505,-0.88227576,1.0511423,1.3191464,0.46196645,-0.18771285,-0.7678211
-1.1201962,-2.0283937,-3.841873,-3.206834,-1.1296463,1.3383573,1.8025684,0.83932924,-0.35331678,-1.253092
-0.93586534,-1.6936445,-2.708298,-2.4673283,-0.9798658,1.4567025,2.015877,0.49540725,-0.036064696,-0.606384
-1.0234146,-0.67325974,-3.2956054,-3.5052087,-0.7242159,1.0425813,1.4304422,1.0475618,-0.022620467,-0.67314494
-0.4493446,-1.0708221,-2.4239435,-2.817212,-0.68057287,1.6898459,2.2137105,0.807516,-0.16866256,-0.39288083
-0.32555112,-1.7513049,-3.786696,-3.541851,-1.1791176,1.6933684,2.3256571,0.98191875,0.1715422,-0.9496654
-0.38606063,-1.3987215,-3.602375,-2.7601802,-0.6569015,0.47299927,1.9258493,1.1571476,-0.24558847,-0.6589734
-0.12665865,-1.381821,-3.0530255,-2.7308779,-1.1315445,1.7767775,2.289214,1.4389634,-0.13686188,-0.13437164
-0.83824784,-1.3015053,-3.2986588,-3.1694202,-1.4297837,1.2980224,1.6993369,0.95506376,0.10682155,-0.68416756
-0.6154142,-1.5775138,-3.7902792,-4.0231485,-1.0053589,0.7324341,2.2666907,1.3181517,0.18155682,-0.21002878
-1.3415778,-1.0485919,-2.2926335,-2.661659,-0.8348454,1.0915995,0.87794447,0.99972075,0.04749666,-0.48402855
-0.55146426,-0.9256554,-2.7470887,-2.0449152,-0.825042,0.77882594,1.49044,1.2684643,-0.028922578,-0.29379347
0.0010557433,-0.71654445,-2.4221349,-2.176321,-0.89426315,0.3612422,1.3907462,1.3554635,0.45253846,-0.10696162
-0.7917869,-1.766783,-3.5198932,-3.047172,-1.0609887,0.6645479,1.4384785,0.970393,0.0019580582,-1.0530591
-0.50259477,-1.0877163,-2.2596188,-2.7790482,-0.91493386,1.2644314,1.6667142,1.0733839,-0.22643238,-0.73039573
-0.20342565,-1.0396994,-3.1776392,-2.6172912,-1.0064319,1.6700258,2.0611732,1.3499855,0.22946468,-0.19349703
-0.5821401,-1.1350232,-2.9027367,-2.1544025,-0.63363713,0.899609,1.4861141,1.091917,0.2863249,-0.30323237
-0.5000666,-1.3726649,-2.7557824,-2.571299,-0.9001067,0.5546402,1.057607,0.91188633,0.02311511,-0.66103166
-0.503672,-1.1342533,-2.9352582,-2.4048824,-0.997222,1.1595296,2.0731323,1.3956256,-0.6115503,-0.41391048
-0.045951243,-0.96989334,-2.6878095,-2.36991,-0.48750505,0.9104921,1.5064967,1.088922,0.30852816,-0.47986236
-1.0486007,-1.3819873,-3.3711057,-3.0868506,-0.43623623,1.5028404,1.3877368,1.0555536,-0.098218456,-0.83169097
-0.2554781,-1.3861606,-3.0363808,-3.1101892,-1.026891,1.0363393,1.4930936,1.2633108,0.38995868,-0.75314814
0.43717554,-0.34904477,-1.7704271,-2.3900895,-0.9471958,0.8663867,1.3095831,0.75904924,-0.22303672,-0.06098252
-0.28635857,-2.0175235,-3.551147,-3.386351,-1.0385857,1.1164156,1.6740952,1.2973992,-0.13564229,-0.8172025
-0.28827184,-1.0000829,-2.8598518,-3.3686264,-1.5345453,0.990356,1.416285,0.6046627,0.00073903013,-0.45936367
-0.39573276,-1.1618587,-3.494691,-2.931454,-1.2128923,0.998419,1.767917,0.67432386,-0.36043254,-0.17631316
-0.18764064,-1.8081582,-3.6303775,-2.6188054,-0.52430767,1.1617373,1.5892484,1.1436082,-0.3526573,-1.1069022
-0.31902137,-0.9138353,-2.7530537,-2.5509236,-1.3870233,0.6641169,1.2552788,0.99382174,-0.55158824,-0.9451276
-1.0823566,-0.92057985,-2.863262,-2.4704344,-1.0871787,0.520696,1.865906,0.9859188,-0.20035866,-0.7462684
-0.016849175,-0.448937,-2.6202343,-2.57818,-0.65099734,0.7201449,1.4110957,0.5444991,-0.05123252,0.21902777
-0.7017608,-0.3511235,-2.2756095,-2.3460426,-1.2916193,0.90881026,1.478386,1.358837,-0.20693195,-0.83594275
-0.61796415,-0.7672452,-2.494329,-2.646561,-1.4634043,0.9566037,1.7565726,0.5941944,-0.14738876,-0.47435775
-0.12595724,-0.9376166,-2.3841727,-2.7278898,-0.85467374,1.3207322,1.4071689,1.2085967,0.03514389,-0.17792049
-0.8629384,-0.89423203,-3.2454457,-3.3827472,-1.0973425,0.65326816,1.6926184,1.419772,-0.11253278,-0.95975345
-0.84980774,-0.86238587,-2.7889488,-2.7462966,-0.9123515,0.52953905,1.0007567,0.9862053,0.17357147,-0.27738315
-0.57072634,-1.7344923,-3.7311263,-3.3638551,-1.4698145,0.9336003,1.6562278,1.0002636,-0.40572068,-0.55802053
-1.2080708,-1.5357357,-3.7905452,-3.8386905,-1.4870964,0.8784783,1.6535003,1.2006153,-0.018479474,-1.2042564
-0.56669796,-1.1167842,-3.2642171,-2.916226,-0.79735446,0.7920591,1.9976829,0.8305278,0.08118654,-0.6051445
-0.190153,-1.1687744,-3.6344047,-3.6943264,-1.4202083,0.94486135,2.0278556,0.7988254,-0.25741732,-0.30519402
-0.24779983,-0.84564704,-2.8580096,-3.2253847,-0.90018094,1.0171784,2.0136771,0.5482487,0.21442023,-0.20389868
-0.42655623,-0.27055895,-2.7658617,-2.3256423,-1.0373255,0.4631411,1.283417,0.4429196,-0.034835316,-0.013648869
-0.62487906,-1.2957494,-3.3154972,-2.7939732,-0.67339313,1.7937336,2.350748,1.4896832,0.17141528,-0.68572855
-0.3544634,-1.1919637,-3.4006681,-3.9128022,-1.233531,0.90592617,1.9327695,1.7084522,0.374828,-0.24231833
-0.6346917,-1.1030474,-2.2050047,-2.6294417,-0.22866195,1.6094892,1.838487,1.2803162,-0.13284205,-0.49951336
-0.27027294,-1.6591934,-3.6682703,-3.4561594,-1.258565,0.9159406,1.962109,0.9527776,0.08811815,-0.5652939
-0.8326376,-1.9388803,-3.9351187,-3.1415203,-1.0227761,1.327334,2.0989413,1.3648186,-0.5377634,-0.72924554
-0.32790935,-0.66241366,-2.8142447,-2.4778526,-0.97506124,0.13203472,1.3406473,0.67906034,0.001477332,-0.2419404
-0.94789815,-0.5916305,-2.2819948,-2.2444577,-0.718165,0.90746874,1.2402321,0.9752349,0.098529086,-0.35548344
-0.7085098,-1.0923978,-2.2206213,-2.9344928,-1.0043839,0.90101683,1.5754577,0.66573226,0.4192309,-0.14915437
-0.32815662,-1.3157616,-3.2255027,-2.1881216,-1.0973979,0.89709514,1.2330263,1.0367714,0.0450635,-0.20873806
-0.45404428,-1.5113368,-3.818205,-2.8808513,-1.0071348,1.1627772,2.1165903,1.1025444,-0.062159956,-0.3519959
-0.56182075,-1.5042993,-3.504269,-2.865425,-0.62579817,1.0290732,1.3753633,1.0437342,-0.61290205,-0.84752846
-0.19731568,-1.1414331,-2.4473808,-2.5921338,-1.4327178,0.7627091,1.170983,0.92006856,-0.16852312,-0.60609204
-0.6519393,-1.0604889,-3.450678,-2.8844092,-1.307609,0.7873497,1.3385248,0.78171986,0.1822685,-0.6693059
-0.42200202,-0.9211805,-3.466522,-2.979749,-0.8358974,1.5314226,1.5985056,1.0975407,-0.10830668,-0.85708964
-0.9577032,-1.4116136,-2.754179,-2.691341,-1.1621293,0.79774016,2.1634312,1.2858299,-0.60732454,-0.4017466
-0.9435709,-1.0649362,-3.0876553,-3.4463432,-1.2548862,0.8490525,1.6131462,1.3794881,-0.23657972,-0.6098305
-0.42678908,-0.7725327,-3.128926,-3.1436965,-1.1750134,1.0295779,1.4583333,1.5627573,0.13070105,-0.5625137
-0.39696518,-1.1161631,-2.4322429,-2.6462088,-0.5716048,1.1758952,1.7874407,1.273757,-0.6184066,-0.87392324
-0.7283967,-1.7615548,-3.7418509,-3.3259158,-1.2612834,0.92836267,1.5917084,1.2855365,-0.13488698,-0.3595989
0.02543085,-0.8332125,-2.174047,-2.460104,-0.85921454,1.0195961,1.3205853,0.50710547,0.103172176,-0.17274858
-0.3636808,-0.4508717,-3.0651507,-2.9374075,-1.3202971,1.2385974,2.0783665,0.89529574,-0.27444384,-0.7339674
-0.15821949,-0.9255427,-2.5949671,-2.4243355,-0.84956145,1.1962152,1.4504699,0.64399755,-0.26636013,-0.7822618
-0.46747467,-0.9128885,-2.0112407,-2.0025535,-0.91547704,0.9245829,1.0701195,0.7284891,-0.12713867,-0.44974852
-0.40202978,-1.279494,-3.7058263,-3.9182253,-1.1090888,0.93374217,2.4126759,1.981873,-0.03285004,-1.2050258
0.0064716064,-1.4241724,-2.6698675,-2.6861055,-1.1562814,1.2191005,1.7464406,0.5031842,-0.17120959,-0.5443865
-1.04015,-1.2421707,-2.7687716,-2.9539328,-1.1197168,0.94807786,1.2911886,0.69134736,-0.25670287,-0.7148537
-1.0874809,-1.1912258,-3.116236,-2.4875982,-0.43387225,0.90645546,1.417189,0.7935747,-0.45709684,-0.38548636
-1.2268319,-1.5758166,-3.9615958,-3.7169504,-1.4137851,1.0679294,1.8350998,1.3233426,0.07496802,-0.7811565
-1.1617727,-0.84316915,-2.6550083,-2.9203246,-0.8046844,0.89107496,0.95119345,0.89396137,-0.448793,-0.67166466
-0.50849366,-2.6904101,-3.532026,-3.6029255,-0.9483095,0.88519734,2.0875084,1.281118,-0.0058790757,-0.15761337
-0.33591813,-1.3830515,-2.5612102,-2.8331373,-0.5539435,1.3262681,1.671847,1.1155272,-0.40942296,-0.6171042
-0.20183899,-1.2436432,-2.9530692,-2.8088372,-1.3857113,0.31665564,1.5045134,0.8416645,-0.25890884,-1.0847336
-0.30677792,-1.0577129,-1.8724309,-2.1778677,-0.8548587,1.075455,1.3475952,0.6939925,-0.038199402,-0.31094304
-0.34041917,-1.5414741,-3.2955394,-2.527296,-1.0261518,1.2430062,1.4074835,1.2379949,-0.122665346,-0.6516163
0.088054426,-1.5461335,-3.14499,-3.2391489,-1.2211615,0.9524216,2.0358076,1.011156,0.5342489,-1.1363366
-0.94601935,-1.334899,-3.4611452,-2.726199,-0.8691978,1.225013,1.8295811,1.0206984,-0.5487405,-0.63298374
-1.4344323,-1.4500244,-3.649384,-3.0038788,-1.0028805,0.64314604,1.6850506,1.2022034,-0.37742683,0.1731455
-0.32417697,-1.2176629,-3.5381103,-3.0606503,-1.1701248,1.4386711,2.293692,1.1612343,0.32631552,-0.961836
-0.16124597,-1.2975335,-3.2289777,-2.2410417,-0.83370477,1.1212596,2.2342377,0.94581884,-0.46289867,-0.35209352
-0.24612014,-1.5711887,-3.6450624,-3.732854,-1.245774,0.9389238,2.4281785,1.4746438,-0.21895048,-0.8068517
-0.789861,-0.91156566,-3.0445926,-3.3310876,-0.91839373,1.3191581,1.7593416,0.887017,0.17802832,-0.42635944
-1.022665,-1.1667159,-2.3868203,-2.6160674,-1.505502,-2.0215344,0.4373457,1.1327186,0.50007176,-0.13960734
-1.8795264,-0.876482,-1.9241251,-2.7664273,-2.7588503,-3.4589987,-0.25725722,0.86493003,0.6748003,-0.32687247
-0.12975542,-0.8194535,-2.4870162,-2.1579409,-0.5201295,1.0847354,1.2290566,0.78638536,-0.13162884,-0.70012695
0.08562381,-0.2483987,-2.7501142,-2.6812668,-0.32640055,0.9361604,1.3789213,1.1673229,0.26324168,-0.14598759
-0.3197131,-1.5523704,-3.579156,-2.5355468,-1.2225261,1.3648828,1.6754388,0.59624976,-0.04433531,-0.3728015
-0.23847659,-0.62335056,-2.7400079,-2.382439,-1.066016,0.6242009,1.3718573,0.8532243,0.022631569,-0.6155587
-0.5512556,-1.5519303,-2.567089,-2.2483401,-1.2650163,0.92283905,1.5312173,0.9338749,-0.19512676,-0.27815568
-1.1123841,-1.0675014,-3.426384,-2.6608598,-0.99567014,1.1056511,1.4709904,0.8958527,0.010599465,-0.44963342
-0.22357967,-1.4044231,-2.7078555,-2.4881165,-1.7692337,0.7853863,2.1274297,1.7001921,0.08916667,-0.620373
-0.34432852,-0.9160325,-2.7688677,-2.9909425,-0.5110122,1.294803,2.4673672,1.1827772,-0.019372381,-0.18905213
-0.64973634,-1.5085841,-3.5503008,-2.9172096,-1.0633653,1.4535129,2.192671,1.0703661,0.20882097,-0.47415185
-0.19151708,-1.0360152,-2.9102967,-2.3320324,-0.6143251,0.86470056,1.24254,0.68724954,-0.2529119,-0.4643353
-0.600995,-0.8305947,-3.0443947,-2.8413272,-0.49096337,0.97191006,2.1276095,0.9100043,0.1987943,0.14325744
-0.588935,-1.3001021,-3.520657,-3.1027236,-1.3051075,0.5254036,1.766329,0.9250059,-0.25566617,0.068435796
-0.27484882,-1.2347969,-2.7677042,-3.0078478,-1.2075621,1.0953007,1.6231544,0.7280471,-0.40652162,-0.3791642
-0.2531847,-1.4703896,-2.5411716,-2.3702834,-1.078522,0.7364533,1.8020045,1.4166917,0.27551478,-0.624525
-0.2922467,-0.9070712,-1.8219712,-1.9923698,-0.4136769,0.8459426,0.98452175,0.45497066,-0.1421834,-0.17878038
-0.77402407,-0.7588425,-2.8300776,-2.5644934,-0.6035082,0.64540637,2.2844894,1.0559361,-0.5151112,-0.84109116
-0.4024433,-0.954235,-3.6533127,-2.7936106,-0.7713329,0.862433,1.8421034,1.3353838,-0.18622878,-0.69593126
-1.1240739,-0.6233273,-2.9308794,-3.654959,-0.5885489,1.2170447,1.8245913,0.8166398,-0.09106455,-0.48466185
-0.5998603,-0.80397993,-3.533985,-3.1902573,-1.2895769,1.22563,2.2847543,1.2829363,-0.06491379,-0.27009797
-0.8730615,-1.8033103,-3.614571,-3.5464225,-1.0611359,1.3900204,2.0947742,0.88452226,-0.025670074,-0.30016688
-0.12502241,-0.8232963,-3.0730333,-3.2455344,-0.631775,1.1327103,2.3856564,1.2543256,-0.2863847,-1.1972126
-1.5496948,-0.98214173,-2.096567,-2.9421234,-1.069541,0.81942636,1.005858,0.6690291,-0.018800085,-0.4857902
-0.18537168,-0.3375938,-2.7179601,-3.0810723,-0.9732002,0.46496266,1.3078161,0.94310164,0.27590802,0.04257566
-0.19042361,-0.59347075,-2.6924424,-2.8651555,-1.0999243,0.8494637,1.3898547,0.71863306,0.15432188,-0.11120993
0.000871619,-1.3880672,-3.1034086,-2.2261765,-1.0679094,1.137441,1.9419413,1.1605086,-0.16275927,-0.2555587
-0.5930124,-0.97876865,-2.924486,-3.131609,-1.1312433,1.2456403,1.6844977,1.2573682,0.21945927,-0.9566725
-0.76083034,-1.4080205,-3.3906555,-2.388058,-0.8310932,1.2932413,1.7640449,0.85554135,0.23554353,-0.48627907
-0.5302118,-0.718404,-2.65715,-1.8316841,-0.40702724,1.0622401,1.1215872,0.824226,-0.55900675,-0.8645457
-0.3657899,-2.7818484,-3.585666,-2.9074275,-0.8067908,1.0475739,2.2760515,1.6299697,0.0076442068,-0.5629361
-0.73483753,-0.9256461,-1.3929183,-2.4193666,-1.2079645,0.65504605,1.3459556,0.68492675,0.09763759,-0.21424697
-0.5368897,-1.1258248,-3.2496238,-2.699433,-0.8581738,1.1947858,1.5368241,1.2124884,0.40006775,-0.20838262
-0.5950049,-1.135641,-2.0423179,-2.318294,-0.9014634,0.940789,1.1883103,1.0723048,-0.040182162,-0.013825721
-0.40830857,-1.2376522,-2.6450994,-2.5651171,-0.6422522,1.4002031,1.3134785,1.1007931,-0.44541952,-1.1600664
-1.0240154,-0.9051897,-3.3167408,-3.5188606,-1.2634423,1.1703639,1.8698415,1.5646111,0.43880543,-0.5645081
-0.4570681,-0.66269064,-2.6324863,-2.5913048,-0.33806074,0.9879571,1.1293886,0.95324504,0.25526357,-0.5466978
-0.2998279,-0.99800086,-2.336221,-2.2063222,-0.73163146,1.3711327,1.4509933,0.5817484,-0.3249975,-0.4157127
-0.60329133,-1.4794911,-2.9602609,-2.5606234,-0.66671467,1.4741212,1.4865797,0.5357562,-0.28709716,-0.8334875
-0.4743118,-1.5686723,-3.8445535,-2.9396074,-1.1843053,1.2995938,1.9207231,1.1641568,-0.020121679,-0.91323805
-0.5139691,-0.86445934,-2.9686997,-2.6878588,-0.562697,1.0761235,1.6184069,0.87020785,-0.33833817,-0.33009696
-0.59961146,-2.1539755,-3.783552,-3.2354834,-0.58224106,1.4324261,2.3373117,1.0341349,0.22947223,0.096782215
-0.6314452,-1.3776886,-2.9989994,-2.9000266,-0.9761812,1.831669,2.0330892,1.0134317,-0.048856862,-0.54414874
-0.28102228,-1.566687,-3.2371101,-2.7901673,-1.352893,1.0995201,1.751955,1.026182,0.10536001,-0.55038935
-0.28180927,-1.949399,-3.2168338,-2.4702072,-1.605106,0.99792016,1.428876,0.53477657,-0.28451332,-0.28047153
-0.65255326,-1.705509,-2.8849185,-2.4277923,-0.9915553,1.1449504,1.8331823,0.73902494,-0.29838037,-1.3267138
-0.7970378,-1.1355244,-2.6366878,-2.2944539,-1.4388852,0.9387765,1.5485756,1.0284485,0.1688093,0.107556276
-0.27438906,-0.86695915,-2.5871513,-2.317094,-1.1168474,1.1743157,1.6355269,0.82941866,0.06312121,-0.37050223
-0.4448489,-1.5627601,-3.7684488,-3.4972222,-1.2686534,1.172144,2.3910732,1.0371181,0.555015,-0.433712
-0.9434045,-1.4614109,-3.511938,-2.784894,-1.2757467,1.1949668,2.0419614,1.1108154,0.37214252,-0.44146526
-0.34034547,-0.6291823,-3.1868398,-2.8861797,-1.269177,0.830737,1.7715855,1.6271646,0.13903263,0.10930346
-0.7529876,-0.9285245,-2.0059464,-2.3485556,-0.86241144,0.9232191,1.4715328,0.68847144,-0.106508136,-0.24053437
-0.40248656,-0.8578165,-3.2041018,-3.2598295,-1.1267985,0.65101534,1.401461,0.6225538,-0.16252512,-0.84587514
-0.44159538,-0.98647237,-2.54323,-2.3995109,-0.7796945,1.1468205,1.4993271,1.0530326,-0.14423081,-0.43470803
-0.15752298,-1.2517133,-3.5000305,-2.803358,-1.0788327,1.0741674,2.2205327,0.6614596,0.3112671,-0.06891289
-1.4585744,-0.89953125,-2.755655,-2.954799,-1.2708126,0.81777406,0.7743577,0.7768447,-0.025786579,-0.2255314
-0.64222234,-1.3531522,-3.1983776,-3.2378886,-1.1406623,1.1873556,1.9172317,1.4356318,0.5180594,-0.2694014
-0.61317664,-0.96542287,-2.7892385,-3.2022495,-0.76109296,1.2201624,1.5069144,1.3156823,0.029227095,-0.80673236
-0.3637175,-0.98190826,-2.9820716,-2.7661264,-1.0725242,1.6595166,1.6478691,0.8775198,-0.09265081,-0.19485061
-0.41932854,-0.8187389,-3.6415493,-3.413278,-1.2764541,1.2564397,1.754516,0.94227934,-0.02439025,-0.27732405
-0.9033174,-1.1455052,-2.2095523,-2.4810326,-0.8682948,0.6544135,0.32312274,-0.58136827,-0.37166294,-0.24383752
-0.33593974,-0.48565096,-2.6920607,-2.264738,-0.6048994,1.2641176,1.1877038,0.7113439,0.19820216,-0.14326702
0.16298245,-1.0844946,-2.458051,-2.0772965,-0.66877,0.8925088,1.8920938,1.0738112,0.34093854,-0.10708792
-0.62541646,-1.6120056,-3.8332143,-3.6201587,-1.195665,0.98625827,2.213958,1.8515518,0.17016277,-0.9336025
-0.443227,-0.9428248,-1.9843224,-2.02724,-1.1079001,0.756544,0.98193085,0.27250513,-0.3214319,-0.4259795
-0.6618256,-1.4122216,-3.128551,-3.7050185,-1.4904876,1.5527333,2.2408593,1.3687652,-0.16179894,-0.90761566
-0.6377972,-1.0971482,-3.3654006,-2.8800805,-1.1608356,1.0944866,2.1311357,1.1418467,-0.021776246,-0.4259472
-0.32322255,-0.10145373,-2.0351934,-2.9256883,-1.2945616,1.2848313,1.189732,0.562743,0.5918124,-0.41745222
-0.26302373,-2.3087623,-3.824448,-3.316487,-1.1245748,1.6251088,2.2721205,1.5516598,0.26985493,-1.3451535
-0.185633,-1.0882881,-3.2496984,-2.3197176,-0.76306075,1.1654944,1.5636379,0.8457823,-0.49307102,-0.12183112
-0.47191757,-1.2416362,-3.4453814,-3.2464256,-1.0470146,0.95276946,1.7252078,1.178814,-0.43338823,-0.60348713
-0.54142207,-1.1434731,-3.3565109,-3.46401,-0.65404713,1.0712255,2.1138742,1.1861988,0.4518046,-0.62339836
-0.66732925,-0.94112456,-3.2664433,-3.7614932,-1.1398193,0.74529314,2.1109006,1.6002998,-0.20786008,-0.306149
-0.30248022,-0.7856585,-0.61497414,-1.4459182,-0.7921194,0.8331615,0.9819146,0.23286252,-0.12572023,-0.12008634
0.35190386,-0.7648796,-2.3181162,-1.8733145,-0.56873745,1.1029453,1.7090291,0.9447624,-0.45847365,-0.26163688
-0.576466,-0.5254888,-2.6682563,-2.4533863,-0.8019721,0.5651432,1.6154797,0.62161237,-0.18558617,-0.49068686
-0.94334626,-1.085908,-2.555469,-2.7394063,-1.0490942,0.63187987,1.6987313,1.1627668,-0.12413459,-0.47479075
-0.5609115,-0.89475155,-2.9659371,-2.117758,-0.8935131,1.3816673,1.4558878,0.25590548,-0.27625367,-0.17386928
-0.53514206,-1.1425999,-2.4479148,-2.691702,-0.7964789,0.76723254,1.2924876,0.7386135,0.10225175,-0.048332684
-0.31538492,-0.7749394,-2.0665128,-1.8351758,-0.7056802,0.9153264,1.7111789,1.168323,0.5071735,-0.7220804
-0.730446,-1.1433208,-3.3673582,-3.4398954,-0.940771,0.81019425,1.5988528,1.4597454,0.24459921,-0.42803392
-0.46599182,-1.014253,-3.4885592,-2.8242579,-0.7682866,1.5470786,2.1492062,0.95608026,-0.077023864,-0.8701665
-0.88164777,-1.3066763,-3.674178,-2.9134784,-1.0253894,1.2682078,1.44098,0.5230999,-0.09510064,-0.32447335
-0.93186736,-1.1077348,-2.794249,-2.7326653,-0.8336249,1.3214289,2.249137,1.1372362,-0.1442556,-0.8134266
-0.25439113,-1.5630441,-3.5890589,-3.1620035,-1.2290144,1.2408994,2.4124086,1.2846694,-0.17438038,-0.5385569
0.06430014,-0.99388313,-2.2361214,-2.8477883,-0.80557233,1.072999,1.9205829,1.1303775,-0.38845825,-0.42241824
-0.10723203,-1.0726144,-3.5803359,-3.435169,-0.9949884,0.8478804,2.2485993,1.3696047,0.118904606,-0.43046725
-0.15788434,-1.4227095,-3.0423217,-2.62504,-1.2125465,1.4309515,1.9170923,1.37801,0.13272789,-0.7042065
-0.683377,-0.9561838,-2.437508,-2.269483,-0.79692113,1.1003112,1.8671509,0.99881953,-0.024978727,-0.74559414
-1.5836452,-1.6757591,-3.7304988,-3.8528411,-1.4057058,1.1672533,1.7147881,0.83167267,0.15109076,-0.50284785
-0.55521727,-1.8243005,-3.6673458,-3.12943,-0.804377,0.98408765,1.6644417,0.9908209,-0.1120872,-1.3143538
-1.6093816,-1.5797669,-3.8236222,-4.0079145,-1.2866772,0.8277094,1.9423013,1.0653301,-0.16872446,-1.4674984
-0.7863732,-0.8805822,-2.4633362,-2.4818106,-0.6868718,0.83184975,1.4211121,0.54102576,-0.5212653,-1.0723946
-0.42861494,-1.1473681,-2.5804677,-2.944923,-0.94690967,1.7080619,2.2125893,1.1749129,-0.0074200095,-0.77136976
-0.7658876,-1.4350829,-2.779839,-2.6400552,-1.0877421,1.2327753,1.4283577,1.2073319,-0.22820668,-1.1235479
-0.4867005,-0.97992975,-2.5955112,-2.1913593,-0.55674404,0.78081864,1.2209784,0.61183614,-0.55783105,-0.92031634
-0.012652689,-1.6987445,-3.0096443,-3.3154552,-1.4051255,1.1575719,2.2670305,1.299113,0.15663077,-1.181094
-0.34708065,-1.1650385,-3.1872814,-3.0843313,-0.69123363,1.7281692,2.2347083,1.4515667,0.34779847,-0.5407499
-0.5170616,-1.2854533,-3.2241585,-2.665241,-0.6558432,2.0720978,2.486431,0.8512989,-0.20306714,-1.3847735
-0.5255351,-1.6807022,-3.7818036,-3.0810363,-1.2978452,1.2362938,2.3546455,1.4444833,-0.087955914,-1.013893
-1.2902279,-0.7218331,-2.798994,-3.1237953,-0.431334,1.3368428,1.614807,0.7217716,-0.3514241,-1.0290734
-0.18024294,-2.8505692,-4.032575,-3.9371762,-1.2323736,1.3353565,2.6283891,1.6025838,0.14472666,-0.7507584
-0.3884636,-1.0078037,-2.2242577,-1.9825591,-1.1358306,0.4686943,1.6024737,0.23020887,-0.028529532,-0.005195231
-0.5633646,-0.7669133,-2.689878,-2.4878635,-1.7019107,0.9622849,2.059864,1.360519,0.16049656,-0.14416951
-0.6361274,-1.0844958,-3.0770164,-2.658568,-0.8970801,1.0088184,2.0153546,1.7437973,-0.014413793,-0.5694237
-0.3476557,-1.5087483,-3.2769272,-3.43409,-0.8998506,1.6984556,2.2557504,1.4273497,-0.16095862,-1.4534646
-0.3851232,-1.129031,-2.565301,-2.7059402,-0.44917464,1.5295367,1.8838106,1.3713902,0.050944626,-0.96442705
-0.04523952,-0.9531396,-3.3712382,-2.7250857,-1.1640618,0.8665229,1.8450091,1.3120587,0.5526835,-0.106244296
-0.13574511,-1.1900665,-3.5397341,-2.9187799,-1.0127752,1.6317353,2.190792,1.1731681,-0.09179638,-0.8474929
-0.7305185,-0.93958545,-3.0915864,-2.8000402,-1.4959818,0.83781916,1.8102267,1.1563979,-0.2708105,-0.60522115
-0.7278485,-1.3023113,-2.5779948,-2.094439,-0.70154315,1.4898351,1.7551435,0.78338796,-0.13439164,-0.4977679
-0.010413656,-1.1294911,-3.4191377,-3.0125277,-1.119484,0.92491204,1.6057986,2.0075064,0.41096145,-0.10837443
-0.6217169,-0.6197063,-2.278841,-2.5158887,-0.8209419,1.3387439,1.843991,0.43231452,-0.13638203,0.12901656
-1.2035784,-0.93782514,-3.103206,-3.2185128,-0.9154485,1.4363755,2.2485814,1.1206346,-0.20326978,-0.91777295
-1.2013485,-0.94758904,-2.6936467,-2.4727004,-0.34491888,0.7900828,0.92501634,0.42260662,-0.06884067,-0.37787598
-0.87244713,-0.89875954,-2.460319,-2.4636211,-0.9940897,0.7134439,1.0985285,0.4024994,-0.48286712,-0.35996538
-0.75448924,-0.7826604,-2.5048523,-3.0587704,-1.4323168,1.1476701,1.873127,0.7480854,-0.18757555,-0.6708961
-0.48765334,-1.1379682,-2.0090492,-2.251866,-1.1107326,0.6231994,1.1479212,1.1735848,0.28262934,-0.530764
-0.19231822,-1.7499816,-2.6804452,-2.4137754,-0.758401,1.0222613,1.5169976,1.5682206,0.02735205,-1.0268368
-0.28581735,-0.3097912,-1.975176,-2.0707045,-0.9304023,0.88776153,1.7545079,0.56222004,-0.17064635,-0.10639633
-0.6787539,-0.8529488,-2.4832006,-2.5980017,-0.82960385,1.5094997,1.4173764,0.39602092,-0.00189865,-0.3008376
-1.2080445,-1.6509662,-3.5633793,-3.8932042,-0.87243444,1.2077795,1.426212,1.3619561,-0.30995488,-1.2475362
-0.4145766,-1.0102918,-2.9465663,-3.2595806,-1.6507316,1.361489,1.7054458,0.90930045,0.20155767,-0.5813438
-0.6983529,-0.1282883,-1.8896625,-1.7765657,-0.6256117,0.95959395,1.5644909,0.04655737,0.01923049,-0.26230866
-0.6750414,-1.1088144,-3.2781472,-3.367211,-1.011182,0.8997198,2.0490203,1.4428111,0.06360449,-0.156297
-1.2151419,-1.5515382,-3.8527133,-3.7599828,-0.9204332,1.4343572,1.8779505,1.0332028,-0.2119741,-1.1668873
0.34794697,-1.0687494,-2.017307,-1.986066,-0.88351274,0.79612243,1.4132502,0.6442902,-0.4659798,-0.2010779
-0.46606123,-1.3455023,-2.8872354,-3.0831122,-0.84864104,1.2554322,1.5802168,0.9680352,0.18742383,-0.8036038
-0.34669745,-0.76969326,-2.011987,-2.5424573,-0.94339937,1.0620358,1.7665268,0.9037519,0.26058438,-0.44407505
-0.019518994,-1.257066,-3.0241518,-1.901513,-0.47750562,1.2854804,1.6338402,1.0646309,-0.12280317,-0.06118085
-1.5911849,-1.2074254,-3.840909,-3.7486777,-0.61873424,0.9550791,1.7674327,1.0625294,-0.2289204,-0.8731151
-0.19342896,-1.5080473,-3.0578437,-2.3872766,-0.38153479,1.3920207,2.166881,1.3224738,-0.112240076,-1.296535
-0.49131247,-0.9530574,-3.2463698,-3.1951015,-1.0800399,1.2007343,1.7272435,0.5209017,-0.04329501,-0.3013139
-0.6290412,-0.72288984,-2.9490206,-2.9582467,-1.3496823,0.9358532,1.7056605,0.6786159,0.36693603,-0.288993
-1.3020468,-0.70660067,-2.47018,-1.9350216,-0.4639115,0.7710818,1.3902295,1.1110833,-0.0539607,-0.30013356
-1.0361662,-0.8761129,-2.5276377,-3.3594499,-1.5162609,0.92182267,1.749123,1.0895662,0.1439743,-0.1957617
-0.18098444,-1.2711897,-2.965899,-2.4631524,-0.5997254,1.2262293,1.5444022,0.6276302,-0.32412824,-0.2579527
-0.15016195,-0.90846187,-3.0582397,-2.530766,-0.5808523,0.8918054,1.5515862,1.5368891,0.1389188,-0.43084356
-0.35274076,-1.5159171,-3.7492073,-3.432433,-0.7676917,0.8426489,1.8014667,0.7762505,0.22069776,-0.5911341
-0.63887453,-1.3571626,-2.0691113,-2.6217496,-0.9703132,0.9261638,0.8238957,0.76835334,-0.053655624,-0.60868734
0.18109338,-0.5122534,-2.5180347,-1.9777254,-0.39485013,1.1742902,1.3229461,0.8070709,-0.2748147,-0.42322347
-0.668914,-1.2312255,-2.6725633,-2.9498212,-1.1615045,1.0064895,1.576481,0.74836475,-0.29749724,-0.6968223
-0.678794,-1.2410995,-3.2425091,-2.9855728,-1.1659973,0.6826803,1.3775651,1.0010402,-0.15794528,-0.19621241
-0.5407834,-1.4423052,-3.2892194,-2.3930151,-0.894779,0.81463015,1.654682,0.69345915,-0.59465367,-0.042459223
-0.48597032,-0.6277588,-3.0031624,-3.0638254,-0.91328746,1.3031746,1.8865143,1.045186,-0.32173386,-0.803524
-0.28393546,-0.89854383,-2.3553402,-2.469701,-0.88260096,1.2807541,1.4282973,0.5633603,0.03176749,-0.6175643
-1.1688303,-1.2143447,-3.4164326,-3.2316256,-1.7635249,0.7799093,1.1510316,0.9998212,0.53447497,-0.0555406
-0.6410815,-1.1156324,-3.2401454,-2.3495207,-0.7467048,0.9850723,1.5335306,0.8244365,0.049968988,-0.45204744
-0.549925,-0.38894832,-1.5599959,-2.031716,-0.6078866,0.9906749,1.4446429,0.28410026,-0.6997906,-0.3955239
0.026194828,-0.83142406,-2.829607,-2.54908,-0.76168317,1.0713807,1.9036282,0.98349315,0.23249856,-0.31351954
-0.41705143,-1.0677933,-2.952588,-2.5325835,-1.3464713,1.1476675,1.6541663,0.8817605,0.2719319,-0.15814075
-0.432517,-0.5360138,-3.3022227,-3.4150236,-0.86550325,1.1313608,1.5011636,1.2279606,0.40091702,-0.37759036
-0.17559588,-0.7645131,-2.3431902,-2.1174667,-0.2779825,1.187224,1.6414689,1.1459392,0.045446638,-1.2226099
0.18032053,-0.2584123,-2.7636523,-2.5393949,-0.60586965,0.7347528,1.1720546,0.7719542,0.22431515,0.68355864
0.3840196,-1.4863534,-3.5999746,-2.5228136,-0.88583106,1.3487598,2.3264947,1.346079,-0.20350178,-0.43068314
0.21715838,-0.9614471,-3.096192,-2.1243112,-0.76273996,0.8885944,1.8315196,0.5441149,0.31992322,-0.07241383
-0.65474504,-1.137375,-3.5102646,-3.4357145,-0.6393529,1.246606,2.0535135,1.6072304,0.15514815,-0.81461215
-0.39270508,-1.6626021,-3.5497131,-2.8656168,-0.66408634,1.4165226,1.5002282,0.90360594,0.1896828,-1.0151534
-0.67909414,-0.70394814,-2.748926,-2.8542094,-0.9177177,0.80583215,1.5626677,0.70120287,0.03672777,-0.13122326
-0.15267617,-0.40970144,-2.3443186,-2.4984431,-0.92725253,0.97706014,1.4884859,0.73886824,0.15879658,-0.085186884
-0.4773097,-0.680222,-2.7878342,-2.7280743,-0.7592314,0.48403358,1.3001442,0.6305347,0.00095392147,-0.2772414
-0.6286116,-0.9338709,-2.371411,-2.4987233,-0.4064296,1.542338,1.5156158,1.1520008,-0.3342986,-1.2841552
-0.2069176,-0.24430314,-1.8042103,-2.4564557,-0.68616694,0.9907443,1.9977281,0.7925155,0.42095858,-0.27444893
-0.85244393,-0.89708877,-3.2586772,-2.9167664,-0.9787225,1.2630746,1.6670659,0.79900444,-0.10949605,-0.6446349
-1.1353083,-1.9996558,-4.0594935,-3.9375951,-0.8247251,1.0166335,2.0575378,1.6836332,0.3923358,-1.1147841
-0.28431857,-1.5851071,-3.510257,-2.9985871,-0.83255714,1.1961409,1.9767213,1.461116,-0.14914845,-0.99828005
-0.5666994,-1.1058776,-2.382441,-2.8210752,-1.0773005,0.9958269,1.7537729,0.6102508,-0.71906894,-0.42766735
0.22459313,-0.96254736,-2.5137901,-2.084804,-0.4141535,0.85806674,1.7908326,1.1352422,-0.7594892,-0.25108626
-1.4597263,-1.5926445,-3.6390908,-3.6225219,-1.1053195,0.85269076,1.1778482,0.94809085,-0.23111145,-0.5583725
-0.15522727,-1.0983762,-2.7563276,-3.0966074,-1.1843866,0.9291036,1.8328872,1.3120451,0.7010237,-0.59964716
-0.28271088,-1.6188227,-3.238066,-3.412403,-1.1778231,1.1614383,1.9689977,1.7198238,0.20679843,-0.8031213
-0.14328295,-0.7154359,-2.0667946,-2.077371,-0.59459895,0.73283803,0.7361704,0.31075963,0.014980524,-0.3221632
-0.083950534,-0.12688684,-2.7784922,-2.7317696,-0.8072239,1.1799865,1.3367472,0.82607645,-0.05909286,-0.1168553
-0.05912287,-0.47613376,-2.4029002,-2.10231,-0.77088743,0.7511607,1.2671582,0.7739684,0.06715179,-0.30429888
-0.4406882,-0.7600607,-3.6524487,-3.7692275,-1.0324295,1.7182636,2.304116,1.3844395,-0.10678252,-0.71840537
-0.08516203,-0.93090236,-2.7478666,-2.7537014,-1.2842833,1.356128,2.364652,1.6059597,-0.03358655,-0.6038735
-0.44487935,-1.4529544,-2.227001,-2.149731,-0.9810125,1.1318362,1.3461447,0.9196521,-0.12446731,-0.44416976
-0.4209805,-1.5033833,-3.2930083,-3.39349,-0.7958154,1.4135005,2.111823,1.027875,0.16959856,0.002805304
0.018600337,-0.41735876,-2.8917243,-3.7614627,-1.510206,1.1198883,1.7116047,0.803242,0.033027194,-0.4021602
-0.6466009,-0.8366752,-2.145031,-2.878141,-0.85254645,0.8793854,1.1507155,0.36719245,0.21456392,-0.16029161
-0.4281966,-0.99075615,-3.2159345,-2.938518,-1.1011885,0.59513724,1.4174054,0.65254205,0.37756094,-0.041998126
-0.4618164,-1.000883,-2.9327958,-2.3891866,-1.3316896,0.9800723,1.542081,0.8648443,-0.16227365,-0.08225676
-0.12698182,-0.8788856,-3.1311846,-2.8691165,-0.47678536,1.1246278,1.5633268,0.8546185,0.2762619,-0.8719237
-0.60330814,-1.0883456,-3.4552906,-2.824026,-1.2253311,1.4548924,1.4484714,1.0844365,0.11309671,-0.87010896
-0.7223319,-1.142528,-3.3036592,-3.2319627,-1.1178086,0.358625,1.714796,0.96661294,-0.12028069,-0.46536767
-0.5772278,-1.064675,-3.4561243,-2.8532352,-0.72853845,0.92083234,1.7436516,1.3679762,-0.54715854,-0.3928942
-0.2487522,-1.2496125,-3.3939688,-3.9668975,-0.78616756,1.0598667,2.4031944,1.9807177,0.22775152,-0.73485714
-0.641713,-1.6695921,-3.747645,-2.7196217,-0.64641714,1.5425421,1.8101624,1.3666974,-0.094617866,-0.6332395
-1.2430426,-1.1732932,-3.4549742,-3.1874263,-0.98919976,1.6699215,2.2243457,1.1316916,-0.11676099,-1.5822325
-1.5140109,-1.6336555,-3.3315454,-3.2993855,-1.102435,1.051928,1.9513264,1.1837176,-0.23862985,-0.94961625
0.30946797,-0.5231242,-2.6554193,-2.848621,-0.42614245,1.3251044,2.0207794,1.1282742,0.1439078,-0.116406925
-1.9928226,-1.2510805,-1.9829082,-2.6877155,-3.4256945,-3.3334477,0.036240116,0.7061643,-0.08497262,-0.41996244
-0.5647414,-1.1260871,-1.972168,-1.9542115,-0.6849091,1.1145016,-0.2520467,0.6705816,0.1280965,-0.54155666
-0.42921638,-1.2763827,-1.6813295,-1.4243047,-0.4072881,0.44037214,1.0830064,0.63914084,-0.77210635,-0.7876668
-0.04510479,-1.2337058,-3.1411986,-2.7805655,-0.8359572,0.90063196,1.6124389,1.2575258,-0.022569226,-0.93947536
-0.3478,-0.7950719,-3.0184052,-2.6239412,-0.5392054,1.0419201,1.6311102,0.84131706,0.104636274,0.016721345
-0.017746903,-1.315008,-2.043749,-2.091726,-0.8474518,0.82728726,0.99116164,0.8200354,0.106174596,-0.09579354
-0.5346556,-1.1489775,-3.8334503,-3.9495635,-1.1347932,1.5515751,2.4233558,1.1253653,0.22401382,-0.7589697
-0.6216738,-0.93928385,-2.582906,-2.2710478,-0.4482553,1.0062226,1.6877851,1.3222164,-0.35388607,-0.09269332
-0.5654977,-0.7697612,-2.3127234,-3.0040689,-0.8514386,0.5108743,1.576507,1.0295892,0.386059,0.03129647
-0.065257825,-1.0914191,-3.6527004,-2.9912179,-0.79974204,1.4583542,2.2053773,0.8636111,-0.29765207,-0.924693
-0.3741493,-1.2023332,-2.6041818,-2.360061,-0.7947187,1.3943357,2.165848,1.5531054,-0.5203194,-0.7273543
-0.22400743,-0.67747486,-2.2736197,-2.0525954,-0.7898341,0.90223646,0.82693726,0.41089404,-0.0020568059,-0.5690171
-0.53872746,-1.2149184,-3.1742508,-2.4473257,-0.80652374,1.5276444,2.0216482,1.067827,0.20856082,-0.58464515
-0.47332755,-0.84606135,-2.2882144,-2.740156,-0.7013713,1.3279452,1.3197865,0.4725385,0.25134632,-0.099936865
-0.21687517,-1.0827098,-3.4785953,-2.670218,-0.5375404,1.188406,1.8442059,1.0827292,0.21522099,-0.8230043
-0.4206968,-1.1768401,-3.3803215,-3.7199805,-0.8193658,1.5460705,1.8870549,1.2111079,0.091016375,-0.69514006
-0.8746275,-0.8576799,-2.3261495,-2.30966,-1.3317922,-1.1068021,0.2759259,0.5018682,0.5828889,-0.228186
-0.57319,-0.6531714,-3.2658398,-3.0205138,-1.1981419,1.3085283,1.3857994,1.0493777,0.23038611,0.2558035
-0.6698838,-1.1388904,-3.1706822,-2.4952543,-1.0423274,0.46686807,1.3655545,0.57215625,-0.13204652,-0.37478563
-0.69710547,-1.1120898,-2.6579309,-2.509109,-1.0116286,0.9137352,1.469357,1.010537,-0.20992844,-0.88880116
-0.4003419,-1.9963919,-3.8399394,-3.3291929,-0.96609974,1.5774639,2.2622654,1.0646303,0.013435482,-0.88043904
-0.6455696,-0.5517384,-1.8001791,-2.063361,-0.9842667,0.5690848,1.3041033,0.5822026,-0.30545762,-0.1281116
-0.95318115,-0.71890604,-3.2338405,-2.579901,-0.96642166,0.71040994,1.3724389,1.0803268,-0.15819493,-0.18999922
-0.31036466,-1.1236466,-3.1710424,-3.7419713,-1.3314521,1.6656084,2.333972,1.8909459,0.31295475,-0.57957405
-0.53294724,-0.8764535,-3.4647636,-3.7972658,-1.7029878,1.107649,2.005876,1.4713025,0.027770448,-0.8578379
-0.8046849,-1.9093074,-3.774559,-3.6783059,-1.0827656,1.9391732,2.5030358,1.3515741,0.3838907,-0.7069259
-1.2435027,-1.3694596,-3.7816303,-2.8917644,-0.9969346,1.0459479,1.7904094,0.58879226,-0.064358145,-0.1732833
-0.772785,-0.58327174,-2.5130231,-2.3843045,-1.0950656,0.94622225,1.6432852,0.89770234,-0.50511223,-0.9331796
-0.71422595,-1.3507544,-3.3231437,-3.1041243,-0.66385144,0.6810025,1.5189525,1.0605614,-0.4346669,-0.8221435
-0.76042914,-1.0696921,-3.3112395,-3.4107802,-1.4550885,0.48100224,1.4779946,1.1810857,-0.103037864,-0.44117233
-0.783885,-0.98365104,-3.6007915,-3.032405,-0.4744624,1.0064229,1.5185126,1.1088011,-0.39797065,-0.7105603
-0.89175177,-0.9729279,-2.6958044,-2.3928084,-0.86950845,0.9544033,1.2351633,0.73997176,0.3188707,0.06234837
-1.400262,-0.64809495,-2.6590602,-3.0414722,-1.1951811,0.80287623,1.2929187,0.7336127,-0.1262822,-1.0387621
-1.2392285,-1.7239373,-3.9409738,-3.2450788,-1.2561507,1.401646,2.2173443,1.348717,0.21520443,-0.66732424
-0.4488008,-1.4794534,-3.7435286,-3.24952,-1.0929952,1.181992,1.6606219,1.1620312,0.22952548,-0.6656938
-1.1980162,-0.9531002,-3.9100125,-6.2711887,-1.2711893,1.0858591,2.0642426,1.3742273,-0.56891334,-0.28455117
-0.3205192,-1.2599018,-2.6362858,-2.0738387,-0.5704956,0.9974007,1.2314501,0.9343817,0.1321406,-0.4725496
-0.3676972,-1.1371498,-2.812348,-2.9801433,-1.0413969,1.4867681,2.1934283,0.62133634,-0.052812047,-0.8937589
-1.308558,-0.9423581,-3.1022487,-3.378881,-1.4419621,0.92938495,1.2181836,0.7220284,-0.23942752,-0.70861757
-0.82165587,-0.84979546,-2.2719572,-3.1056762,-1.2147441,0.87684727,1.9591508,1.1341009,0.5829051,-0.5062718
-0.43303043,-1.0576079,-2.5806255,-2.2673287,-1.0848486,0.93451357,1.7250582,1.0461569,0.029038087,-0.58357245
-0.549864,-0.99429065,-3.477824,-3.1420224,-0.77199817,0.9876155,1.2442589,1.312092,0.6788604,-0.55558866
-0.29584807,-1.3485904,-3.703205,-3.7035868,-1.3507776,0.4897169,2.2238104,1.4066284,0.16528535,-0.5330376
-0.6101637,-0.38663867,-2.6535919,-2.719843,-0.6990787,1.0748663,1.4827793,0.5559948,-0.5825358,-0.69190425
-0.119931616,-0.88165283,-2.0577219,-2.480794,-1.6355215,1.0603608,1.4724152,0.50914484,-0.122510634,-0.18951707
-1.155854,-1.638536,-3.8622496,-3.6600466,-1.1305383,1.185435,1.6672786,0.8994175,-0.3794818,-0.8335284
-0.8923649,-0.54389757,-2.4800858,-2.287616,-0.9759496,0.93202424,1.2803973,0.9361705,0.15132882,-0.76582104
-1.0222738,-1.7684925,-3.4977963,-2.991087,-0.9368231,1.0078452,1.4310714,0.900869,-0.15452862,-1.0528405
-1.5599099,-0.66812545,-1.9918202,-1.8480402,-1.6533033,-2.102842,0.0021908942,0.5777575,0.24125007,-0.30825314
-0.8195675,-2.0504537,-3.6170619,-3.954906,-1.4870994,1.2683518,2.231889,1.570732,0.06718551,-1.4748998
-1.052734,-1.5972339,-3.3452876,-3.2389565,-1.3760635,0.8060364,1.5029095,0.7777295,-0.5604534,-1.2393174
-0.59361434,-1.4037201,-2.772757,-2.645882,-1.1849711,1.1898887,2.0333862,0.9730001,0.09371233,-1.0394892
-1.1065415,-0.60109013,-2.875595,-3.0199773,-0.7055373,1.3420451,1.8698153,0.66171193,-0.30543533,-0.90450037
-1.1931984,-1.2790539,-3.3234446,-3.4881997,-0.8688072,0.9105823,1.326398,0.5802458,-0.33107495,-0.39323646
-0.6877574,-0.7558648,-3.0867405,-3.5263417,-0.9109003,0.82420814,1.4535211,0.79355115,-0.08576486,-0.80578494
-1.0830059,-1.0584115,-3.3542295,-2.422803,-0.6149154,1.0661527,0.96032715,0.9538582,-0.033243686,-0.1120907
0.04356352,-0.93634325,-2.763965,-2.745908,-0.7780465,0.6353063,2.0880408,1.2090693,0.30456135,-0.36573842
-0.02897113,-1.4369371,-3.404229,-3.2906106,-0.9414769,0.7365218,1.8761561,1.5028411,0.45302442,-0.94759226
-0.3241753,-0.8742593,-2.8731928,-2.5599465,-1.3466265,1.2499722,2.2119806,0.9605165,-0.25472924,-0.6675295
-1.1968467,-1.0167488,-2.3897438,-2.6257613,-1.1493402,0.4426611,0.8127442,0.7072425,0.0077927667,-0.4515043
-0.6712628,-0.86002636,-2.9277108,-2.9450524,-0.9325816,0.64446664,1.8566633,1.1790305,0.30443883,0.18879642
-0.8932545,-1.0570871,-2.356436,-2.6274621,-1.1848887,0.50203496,1.6415824,1.2507582,-0.33708093,-0.75875103
-0.4587421,-1.3477186,-3.4784496,-2.9284978,-0.743491,0.6326668,1.5222675,0.9406548,0.04678505,-0.7790414
-0.70506734,-1.5039061,-2.6467128,-2.6573277,-0.58550966,1.1468494,2.0003245,0.4414193,0.08301033,-1.0238693
-0.8135066,-1.3430811,-2.923589,-3.5925796,-1.0151341,1.3661354,1.6969019,1.2759556,0.25399524,-0.60514325
-0.9774484,-1.2499107,-3.4206278,-3.4633195,-1.2246186,0.927287,1.8999648,0.6509501,0.14194451,-0.09448076
-0.7736854,-1.2607118,-2.894035,-3.232351,-1.296785,1.0251007,1.2695478,0.96868885,-0.47175112,-0.8655849
-0.6579666,-0.78866166,-3.314222,-3.1489391,-1.1068566,0.8085867,1.8367208,1.1040715,0.24929604,-0.40738335
-1.8989817,-0.6589292,-2.4245882,-2.9203796,-1.657715,-1.9591161,0.350381,1.1110833,0.37076914,-0.3857867
-0.33109507,-1.0922992,-3.0570357,-3.047644,-0.8488229,1.2414404,1.7805834,0.96807027,-0.4127282,-0.6549666
-1.0851629,-1.122846,-3.403859,-2.9058287,-0.71241534,0.3477453,1.6017945,1.2098571,-0.26665425,-0.9570208
-0.39272004,-1.4939106,-3.2352698,-3.4034712,-1.6606381,0.7394798,1.6021444,1.2624586,0.03668323,-0.56337225
-1.006864,-0.7524805,-3.440059,-3.8066268,-1.0707295,1.0121531,2.1062567,0.9255008,0.054736197,-0.6209572
-0.18284047,-1.2233648,-2.2317317,-2.5839095,-0.8460846,0.9820202,1.4729191,1.1426493,0.05752946,-0.7896193
-0.31786987,-0.19866183,-2.0781415,-2.0439909,-0.7079323,1.4924766,2.1400552,0.67625403,-0.37000045,-0.8947798
-0.3869748,-0.7364234,-2.4067638,-2.3482,-0.66672695,1.2289305,1.6631905,0.4780653,-0.44454286,-0.5869996
-0.38791305,-0.8519371,-2.4679408,-2.7145305,-1.3960744,0.58680713,0.8380109,0.7345321,-0.39428595,-0.51999056
-1.2032009,-1.1161996,-3.4611726,-3.5226338,-1.0916259,1.3522485,1.839543,0.654192,-0.23308149,-0.23713814
-1.1694574,-1.6665375,-3.860398,-3.6823957,-1.0323204,1.4151263,1.9790534,0.9612995,-0.6521413,-0.44530106
-0.24256831,-1.2684907,-3.20745,-2.8861606,-1.0213565,1.2028934,2.199564,1.375377,0.1656438,-0.15581723
-0.7510599,-0.9426404,-2.3382826,-2.7132413,-0.9304339,1.2510536,1.9554808,1.3572024,-0.5310585,-0.48181126
-0.52185524,-1.001396,-2.2588747,-2.2227366,-0.966477,0.98729724,1.7568262,0.6790423,-0.14527181,-0.42899677
-1.1191326,-1.6765053,-3.6437824,-3.3223765,-1.4114722,1.6381927,1.7413052,0.98731834,-0.2764295,-0.54388314
-0.4501242,-0.90217096,-1.6217675,-2.358186,-0.65082437,0.8366785,1.2024568,0.5835822,-0.27571708,-0.17034644
-0.061076872,-0.7849677,-2.550514,-2.6156838,-1.0812093,0.84783,1.193092,0.5466774,-0.13254884,0.23018375
-0.74101526,-1.567412,-3.664744,-2.7680898,-0.69792557,1.1820534,1.7979269,1.2643679,0.18643749,-1.1719823
-0.42239848,-3.5346096,-4.1554837,-3.2283733,-0.86323905,0.94814175,2.2013972,1.5647914,-0.052578326,-0.8973115
-0.60878974,-1.2143952,-3.046148,-2.3136604,-0.45961446,0.85806966,1.8286889,0.788274,-0.20482032,-0.7771687
-0.19550675,-1.3183854,-3.3954132,-2.7651842,-0.98514044,1.0579318,1.7972828,1.1761386,0.23694044,-0.5655497
-0.3033671,-1.1392058,-2.5524712,-2.9173193,-0.7269253,1.1350911,1.9506153,1.5184312,-0.12245547,-0.3663677
-0.4940305,-0.9861096,-2.8768966,-2.4427576,-0.35367322,1.8123235,1.9595705,0.56432575,-0.1399953,-1.1933475
-0.82893807,-0.8336142,-2.4555216,-2.6406357,-1.2417235,1.1408577,2.1414943,1.2929274,-0.045275196,-0.86732286
0.14441685,-1.2339835,-3.2046845,-2.8089993,-1.4752696,1.4018873,1.9480903,1.2927421,0.5502007,0.09124611
-0.72187394,-0.68135846,-2.9263437,-3.0242894,-1.1098689,0.9984917,1.039093,0.98919034,-0.32704335,-0.10961925
-0.53392386,-0.52428925,-2.292887,-2.3737464,-0.736017,0.86313754,1.3483087,0.83788794,-0.18801105,-0.091492765
-0.37502727,-1.3087691,-3.5135167,-3.0628304,-0.66685677,1.4283108,1.4983569,0.97113156,-0.10992443,-0.4608341
-0.97128767,-0.7893373,-3.2090008,-3.3040638,-0.31555852,1.6277701,1.8760054,0.9669866,-0.25913104,-0.45852855
-0.478653,-2.0789683,-3.6621225,-3.5806956,-0.9982285,1.2390782,2.047727,1.1728641,-0.4395007,-1.0802077
-0.9141872,-0.9843596,-2.3639045,-2.3675358,-0.7126112,1.0481508,0.88535386,0.8969388,0.19995691,-0.1863023
-1.2116934,-0.7206028,-3.1166184,-3.0357606,-0.6847898,1.062968,1.297542,0.9190783,0.02476511,-0.32214972
-0.3035524,-1.2261573,-3.1566918,-2.5396605,-0.44390127,1.6550827,1.8560305,0.669922,-0.07428962,-0.5161278
-0.6257425,-1.2387496,-3.685837,-3.5898395,-0.8207979,1.4224689,2.0393507,1.4466603,-0.25425562,-0.7088045
-0.29984677,-1.1363419,-3.034504,-3.0450945,-0.7305624,0.98853105,1.9683467,1.8386269,-0.44805694,-0.99562013
-0.32750693,-1.5656812,-3.3603232,-3.579488,-1.5494671,0.46390596,2.0923553,1.3623345,0.12851797,-0.8171691
0.070072696,-1.0047731,-3.3656151,-3.48736,-1.0737041,1.2341373,2.2695897,1.2871948,-0.039481085,-0.26810345
-0.015194356,-0.7746477,-3.6969156,-2.903461,-0.60842687,1.0620939,1.5771388,1.2471565,0.13723825,-0.25839207
-0.35309678,-1.2377788,-3.0012476,-3.4609873,-1.1337442,0.5007972,1.48758,0.9514771,-0.18458569,-0.6698344
-0.20884919,-2.0285728,-3.851234,-3.627649,-1.1537653,1.2124798,2.4347878,2.5008204,0.275234,-0.9419249
-0.3563467,-0.81622183,-2.3057199,-2.938524,-1.1102024,1.0261616,1.7342244,1.022741,0.73893964,-0.34160742
0.12049153,-0.5866684,-2.1739311,-2.3579755,-0.7797969,0.7166043,1.4169426,0.97756505,-0.0571743,0.2578683
-0.32723036,-1.1907369,-3.0502615,-2.684236,-0.7147475,0.53496796,1.2498143,0.70005774,-0.43964273,-0.72513837
-1.0747999,-1.4265802,-3.8506033,-3.1631815,-1.2982703,0.9899553,1.9249042,0.9105818,0.029465435,-0.2864066
0.002048248,-0.96648026,-3.0971484,-2.6972752,-0.6275574,1.7334107,2.6130009,1.8523232,0.27610606,-0.8270612
-0.9191922,-1.4542952,-2.789492,-2.6962473,-0.72526616,0.75993145,1.779829,1.0436339,-0.2061366,-0.7654034
-0.4279689,-0.61462533,-2.370247,-2.1005077,-0.7508592,1.5511516,1.2121325,0.41988248,-0.40134132,-0.97066975
-0.29895392,-1.1910329,-3.2408414,-2.2100503,-0.79337555,1.2972468,1.5244694,0.9572757,-0.8276067,-0.808135
-1.0793886,-1.3513054,-3.7136128,-3.0133212,-0.756758,1.1311342,2.1774368,1.1369387,-0.1502193,-0.3729219
-0.48400027,-1.541205,-2.676694,-2.7332833,-1.0947518,1.1075703,1.7945669,1.2285285,-0.078489065,-0.66119003
0.004040393,-1.2414902,-2.3358731,-3.365075,-1.3465214,1.0807091,2.3045251,1.2704891,-0.17808452,-0.4557197
-1.2471712,-1.1258969,-3.38898,-3.0719187,-1.27316,0.4893028,1.0887696,1.071138,0.32345253,-0.05506315
-0.21655081,-0.79718506,-2.9505503,-3.0905285,-1.3771234,0.5801785,1.1287099,0.45451716,0.4290723,0.34473222
-0.28332183,-0.60681075,-2.3908584,-2.5572157,-0.9048944,1.4358094,1.7379347,1.1587533,-0.1073816,-0.6347585
-0.5123012,-1.1823219,-3.498678,-3.0517094,-1.2283949,0.8170103,1.5656596,0.79513735,0.3480162,-0.06883746
0.25981945,-0.4461072,-1.9263439,-1.7706399,-0.88671124,0.5305897,1.6404454,0.363331,0.24845593,-0.17369197
-0.30143812,-1.4515871,-3.726239,-2.8693871,-1.360244,1.2238854,1.7208802,0.97389257,0.37990707,-0.11639169
0.11749913,-0.6180159,-1.8890538,-2.2186384,-1.0528702,0.79032576,1.3981869,0.6671071,0.08950681,-0.70767456
-0.13989097,-1.2708757,-3.103685,-3.2550554,-1.0244348,1.1458766,2.2090576,1.5009604,-0.5309678,-1.083932
-1.3370556,-1.265595,-3.6140392,-3.3344321,-0.54306984,1.370638,1.9826994,1.1973947,0.10119818,-0.59670687
-1.6192745,-1.9448508,-3.8768015,-2.8018613,-0.5869427,0.9023231,2.0361717,1.1525203,0.06702192,-0.58887976
-0.34672445,-1.6902733,-3.1626124,-3.1238828,-0.7979567,1.209815,2.083904,1.1987236,-0.070021324,-0.7859747
-0.5878408,-1.3199704,-3.275701,-3.3493907,-1.3141936,0.47069573,1.6939392,0.9752408,0.27305922,-0.034418717
-0.14616977,-0.7613305,-2.8961031,-3.6763525,-1.350697,0.9407427,1.4079932,1.0758502,0.17126977,-0.12319412
-0.32061934,-1.6476023,-3.7619646,-3.9635108,-1.4127722,1.2310344,2.444168,1.3853602,-0.09581995,-0.52491015
-0.80778545,-0.72144616,-2.529508,-1.9598756,-0.3375801,0.9485654,1.5486662,1.1085658,-0.358644,-0.3635776
-0.85387814,-0.99166304,-2.7988698,-3.1321003,-1.4461352,0.9477834,2.1405175,0.73035437,-0.20135044,0.20316544
-0.91348106,-0.7516761,-3.4221103,-3.1270053,-1.0609596,0.7619617,1.3748727,0.62262386,0.40076444,-0.46411356
-0.06256817,-1.0152496,-3.0015604,-2.4427516,-0.7487096,0.98590416,1.6041954,0.94366693,-0.31017485,-0.21039222
-0.36998662,-1.0245701,-3.4987116,-2.8436441,-0.68432534,0.78748596,1.7383312,1.0125517,-0.037911773,-0.052597493
-0.33617795,-1.1247376,-3.3996131,-2.75167,-1.1127745,1.0674714,1.8791568,0.6560728,-0.23940846,-0.59389555
-0.257422,-1.100633,-3.075076,-2.4073372,-0.78558034,0.37524635,1.2242972,0.5862428,0.5629469,-0.068727404
-0.67974484,-1.4269876,-3.7186768,-2.7478476,-1.1149011,1.4926171,1.7204409,1.121306,0.5060167,-0.5927579
-0.2536215,-1.179199,-3.3612247,-3.315699,-1.1093924,1.234015,2.1550112,0.93402123,0.010788262,-0.58824426
-0.15262696,-1.5921732,-2.3824244,-1.9188815,-0.73629755,0.83534515,1.5747933,1.2065277,-0.4337423,-0.53583217
-0.5257618,-0.9516791,-3.5480368,-2.8233466,-1.0309128,0.32571977,1.4819646,0.8277234,-0.53935635,-0.50457835
-0.009553166,-0.5143167,-2.9897172,-2.679437,-0.61839706,1.6903274,1.7291895,1.1796602,-0.07428598,-0.46479556
-0.6813381,-1.1554723,-3.584673,-3.187312,-0.79209375,0.6233977,1.7500949,1.0709645,0.117261074,-0.34999517
-0.21011788,-1.3802056,-2.540425,-2.4955153,-0.83420044,1.4449083,1.8756301,1.1955322,0.2648837,-0.37214062
-0.5018121,-1.1006029,-3.458517,-2.877882,-0.92789465,0.7087306,1.6299998,1.0930314,-0.05687205,-0.36146143
-0.67978865,-0.9382728,-2.6501014,-2.704878,-0.96114725,0.72812617,1.332859,0.92691106,-0.12344145,-0.7358508
-0.57502097,-0.70014304,-3.0989134,-2.6823957,-0.6495701,0.6172476,1.7634069,0.69755095,-0.6303497,-1.0416137
-0.5757124,-1.7382404,-3.7618089,-3.323021,-1.4441911,0.77298343,1.9048451,0.68685627,0.09656232,-0.23780239
-0.26909968,-1.0441928,-3.4511983,-3.2020686,-1.5367899,1.2293916,2.137596,1.3499479,0.34099033,-0.4732445
-0.40670025,-1.7163423,-3.5911865,-3.3178122,-1.2759337,1.5404513,2.4568741,1.3513502,-0.3088427,-0.6267467
0.07076951,-0.9316142,-3.0715997,-2.9919786,-0.48543635,1.4048251,2.065674,1.4825084,0.3797352,-0.33943498
-1.1807855,-1.4014604,-3.0411413,-3.4925017,-0.9520886,0.9321521,1.6197062,1.1307367,-0.5829269,-0.5379114
0.019455511,-1.2023236,-3.291441,-3.641778,-1.2295401,1.5324888,2.1083076,0.7611425,0.07161254,-0.065055594
-0.40637603,-1.1820364,-3.0940847,-2.5953186,-1.1982486,0.15383665,1.0514954,0.7389428,0.20531997,-0.2182228
-0.21790148,-1.4405489,-3.738307,-3.0779455,-1.2847545,1.3777488,2.0403316,1.7548895,0.14304556,-0.40264046
-1.0288258,-0.99475646,-3.1363502,-3.2541335,-1.2533063,1.2791145,1.9149406,1.3508413,0.22399467,-0.752496
-0.5027669,-1.4848518,-3.6231346,-2.4426723,-0.9350887,0.59785557,1.9064459,1.4355404,-0.02717263,-0.70448947
-0.008818466,-1.5210041,-3.591117,-3.2083287,-0.65340173,1.2308115,2.1401284,1.4942139,0.07823154,-0.70536214
0.094496734,-0.9825537,-2.2125597,-2.5402775,-0.4913085,0.9235466,1.7806722,0.6354091,-0.17002286,-0.48893654
-0.7429333,-1.5295856,-3.3430285,-3.243532,-0.821738,1.0450641,1.5334946,0.536281,0.17322706,-0.47121674
-0.51038706,-1.1487323,-2.9067428,-3.5786164,-1.3619485,1.3045466,2.045025,1.4375867,0.12500368,-0.63316894
-1.3395306,-0.90923715,-2.8981144,-3.2371094,-1.4192209,0.9590023,1.5958908,0.7209352,-0.13752225,-0.2809297
-0.7015622,-1.6786853,-3.3999,-2.7324524,-1.2302378,0.7049318,1.6129884,1.489626,-0.0657484,-0.3410044
-0.8255678,-1.7218262,-3.7098358,-2.2378798,-0.67411125,0.822426,1.2391523,0.9178108,-0.3939179,-0.47758126
-1.11246,-1.1957213,-2.8479867,-2.4289713,-0.831498,0.84895474,0.8597404,0.71145964,-0.42246804,-0.7349472
-0.25513244,-0.69430125,-0.5071423,-1.1332293,-0.4648021,0.7459623,1.0928012,0.11247957,-0.19797304,-0.17900558
-0.63507634,-2.1588604,-3.6298537,-3.2181215,-1.0185821,1.2883483,1.8937155,1.0218245,0.15592794,-0.6967867
-0.774395,-1.0780237,-3.2139482,-2.9412074,-1.2499316,1.0758225,1.0773566,0.6460536,-0.15889898,-0.1104193
-0.5466007,-0.7965757,-3.6650584,-3.702758,-1.1632658,0.7093205,1.5853226,0.92832357,0.19038458,-0.42030007
-0.8069255,-0.5352846,-3.2158108,-2.4575255,-1.0455135,1.0966954,2.108881,1.1165712,-0.037757427,-0.24621077
-0.37572247,-0.70093805,-3.4168382,-2.8256178,-1.5131565,0.67739874,1.8738757,1.429499,0.36566657,-0.31066483
-0.30381906,-0.7244997,-2.3924546,-2.7197206,-1.0346038,0.7463899,1.2170334,0.76003724,0.043231424,-1.0262487
0.19668083,-1.4948235,-3.3425064,-3.3039606,-0.8247851,0.9518361,2.4518347,1.5014434,0.020440482,-0.54385936
-0.80946034,-1.0178708,-3.4978123,-3.5902884,-0.9621124,0.86597997,2.2143526,1.2569162,0.31755644,-0.3902583
-0.2703339,-1.8992757,-3.2620995,-2.4693217,-1.2290767,1.3117492,2.1348958,0.82034546,-0.27410796,-1.1213592
-0.678656,-1.541779,-3.3939636,-2.531717,-1.06791,0.3740844,1.3449247,0.75090575,-0.24111181,-0.35567704
-0.65753716,-1.3168715,-3.626064,-3.342297,-1.2035149,0.8953239,1.7834282,1.1913834,0.46248728,-0.26858452
-0.45612982,-0.18868345,-2.6036577,-2.2957933,-0.70574945,0.9268035,1.3999625,0.6545298,0.012457891,-0.6121109
-1.4426688,-1.2152725,-2.400978,-2.8569868,-2.063671,-1.9361802,0.7608674,1.4465976,0.8939977,-0.40408963
-0.53500605,-0.61988294,-2.8498917,-2.4165177,-0.946409,1.2351512,2.3589747,1.134988,-0.07079494,-0.69792235
-1.3277969,-1.5845027,-3.8166385,-3.1721969,-0.8689379,0.89475924,1.5226685,1.2574307,-0.098220356,-0.59109575
-0.32036567,-0.22419138,-2.0873787,-2.720312,-1.2177579,0.47901398,1.6602845,0.6258862,0.19450888,-0.11614225
-0.67560107,-0.5537537,-2.4152193,-2.9141183,-1.2160946,0.5604007,1.1608918,0.60047716,-0.2826672,-0.5500593
-0.2003177,-0.8074983,-3.0466473,-3.3161829,-1.4267256,0.7941062,1.5627613,1.5047876,0.31166732,-0.06405543
-0.26581776,-1.0749915,-3.187437,-2.8383756,-1.0666562,0.8498348,2.2511454,1.2791206,0.07854276,-0.84029937
-0.7437766,-0.33108544,-2.5591838,-2.3304863,-0.53101724,1.3186517,1.1526136,0.9748983,0.16313545,-0.4792498
-0.27540714,-1.3813708,-3.157583,-2.6272125,-0.76087415,1.4805577,2.0660148,1.2195634,-0.08324833,-0.38311657
0.21623123,-0.98692924,-2.8574355,-3.3781292,-1.6245707,0.8296279,2.243362,0.9279806,-0.06490547,-0.58106726
-0.5862856,-0.90336233,-3.1111426,-3.0627036,-0.79472613,1.3238138,2.241347,1.0259881,-0.07397583,-0.5067855
-0.027538536,-1.3820628,-3.0423322,-3.036384,-0.99215,1.434332,1.5238456,1.643177,0.17352459,-0.8972827
-0.16155806,-0.57859355,-1.8288125,-2.0124397,-0.4691691,1.0115578,1.4710164,0.80132693,0.31668496,-0.44911987
-0.3915099,-0.6176427,-2.4087706,-2.848572,-1.3204055,0.68755805,1.6511297,0.6722049,-0.42939067,0.14088713
-0.54904413,-0.5392665,-2.3145523,-2.395595,-0.8910122,0.56303525,1.0551064,0.67975396,-0.011811591,0.46306717
-0.6549092,-0.73697877,-2.8075993,-2.6204543,-0.9567043,1.4579613,2.2900357,1.4607314,-0.41289574,-0.63846606
-1.0365885,-1.0334269,-3.3323529,-2.5393481,-0.7958884,1.2922341,1.7587191,1.3494917,0.02753833,-0.06115835
-1.1873488,-1.0264001,-3.7688766,-2.9543033,-0.93626523,1.3179102,1.7938331,0.7357622,-0.44711655,-0.4179537
-0.80549467,-1.1526899,-3.3655503,-3.0951948,-0.8114816,0.7106347,1.7942849,1.0542998,-0.37890798,-0.45201933
-1.2739396,-1.2409202,-2.959147,-3.521792,-1.2461245,0.9645701,2.083922,1.4743266,-0.13519293,-1.2480563
-0.1444029,-0.7438075,-2.8269804,-2.9945168,-0.7068544,1.140921,1.5095787,1.1984831,-0.01871587,-0.38978934
-0.35353163,-1.1260309,-3.0136821,-2.3097663,-0.9684133,0.94983757,2.21522,1.6035296,0.4913755,-0.35882765
-0.28101814,-1.469708,-2.9315817,-3.0160732,-0.88774884,0.81395125,2.36331,1.0821868,-0.4015153,-0.87492394
-0.1810147,-1.1784656,-3.0996525,-2.3781307,-1.090412,1.1696348,1.089701,0.79697865,-0.034704216,-0.5191885
-1.1867694,-0.78195405,-3.8009012,-4.192925,-1.4409823,0.6909301,1.7092499,1.1934465,0.18572591,0.036765352
-0.71694237,-1.3769315,-3.7926304,-2.4892395,-0.94706357,0.996931,1.4743395,1.003811,0.084757626,-0.9768152
-0.19429594,-0.8459738,-2.694568,-2.2708924,-0.15827191,1.2956955,1.7181535,0.681219,0.19405194,-0.6941089
-0.5484904,-2.0075161,-3.628126,-3.5474024,-1.0304778,0.34145647,1.6047068,1.0112689,-0.14634733,-1.3842247
-1.0883919,-1.6035794,-3.8092322,-3.0187356,-1.0090739,1.3236073,1.8553644,0.9793025,0.116631255,-0.42164108
-0.5800144,-0.41046727,-2.670773,-2.1199284,-1.1294299,0.16555125,0.9829624,0.609936,0.29930225,-0.02175803
-0.59281796,-1.1067442,-3.0934973,-3.5218008,-1.2351035,1.1545471,2.2846882,1.3065172,-0.19715811,-0.3496643
-1.1266967,-1.8135601,-3.2448025,-2.8547685,-1.508084,0.7838659,1.5118964,0.7113376,-0.13287833,-0.6733935
-0.8358797,-1.1041813,-2.8823195,-2.437292,-1.1142619,0.76163405,1.3617439,1.131077,-0.25194597,-0.26169896
-0.46053487,-1.0665641,-3.3374653,-3.5207012,-1.1926368,0.9641753,1.801362,1.3391598,-0.2685023,-0.6481325
-0.31633943,-1.4002725,-3.734742,-3.3583105,-0.68316877,0.90193236,1.6058165,0.85503554,-0.15894027,-0.2902038
-0.5297401,-1.1305505,-3.1308427,-3.3193831,-0.94785154,0.91276616,1.737035,1.5375516,-0.28658915,-0.7060863
-0.59206706,-1.0289841,-3.6709187,-3.6854255,-1.0723016,0.9481519,1.319682,1.1085637,-0.06619771,-0.95676225
-0.002070436,-1.2134156,-3.4236894,-3.2559128,-1.3815941,0.7793705,2.3062408,1.9309274,0.34567028,-0.68467176
-0.5594439,-1.2626367,-3.0429194,-2.7308686,-0.8303285,1.2299615,1.6470459,0.9237693,0.049746305,-0.37867394
-0.58401114,-1.5177302,-3.6522043,-3.5818753,-1.3484143,1.054091,1.4747869,1.1041552,-0.112159215,-0.8004802
-0.33653924,-1.6228497,-3.0380476,-3.337849,-1.3153162,1.3417141,1.7599322,1.1255704,0.16863173,-1.0369099
-0.53302306,-1.1579173,-3.4812045,-3.0287666,-1.2737274,1.3650527,2.449946,1.0327208,-0.3061972,-0.06691175
-0.9611289,-1.1187519,-3.1793807,-2.4986577,-0.8445868,0.789801,1.3429997,0.5407205,-0.24635898,-0.27995378
-0.9047999,-1.0731989,-3.441222,-3.6139321,-0.9788089,1.5608486,2.4540486,1.1621599,-0.14612815,-0.215969
-0.502105,-1.0554245,-2.6023602,-2.0068386,-1.0729562,0.8982031,1.4066154,0.97794485,-0.43771526,-0.6235784
-0.9227012,-0.7175631,-2.000786,-2.4534771,-0.82328355,0.70855373,1.553056,0.9532609,-0.12312886,-0.15981522
-0.532376,-0.71597785,-2.2126448,-2.0162342,-1.1182945,1.04689,1.033626,0.67490476,0.15881346,0.029764839
-1.2737226,-1.3887688,-2.3550062,-2.344542,-1.5831372,-1.2282794,0.7644619,0.9129664,0.58348024,-0.32081625
-0.13441288,-0.98186123,-3.1929166,-2.6406362,-1.1719282,1.0003641,1.7246742,1.1351962,-0.044536937,-0.11168127
-0.66415983,-0.8855973,-2.0958602,-2.48063,-1.0457463,0.86968344,1.152346,0.4963405,0.16466928,-0.06297995
-0.9623093,-1.169024,-2.8431818,-2.7249932,-0.8015066,1.129791,1.2466468,0.79322964,-0.21662563,-0.25798222
-0.16528471,-1.1136794,-3.557908,-3.3335316,-0.83231914,1.4041233,1.7193189,0.9271489,-0.4308014,-0.85623235
-0.47126752,-0.7397688,-2.1758842,-2.5838366,-0.49786818,1.0194851,1.518931,1.0220189,-0.023127697,-0.18051481
0.18469086,-1.3029307,-2.8141446,-2.797267,-0.9688381,1.2255014,2.1971343,1.045376,-0.027792107,-0.59074926
0.11249037,-0.7556585,-3.0814822,-2.3558247,-1.3533454,0.55706906,2.0067213,1.2160933,-0.103634804,-0.06426319
-0.1647944,-1.0323243,-3.5750813,-3.6370966,-1.163355,1.1483873,1.772147,0.8914469,-0.3013059,-0.48176885
-1.0310725,-1.1544399,-3.538016,-3.1227973,-0.7187849,1.2354754,1.9827139,1.2220633,-0.28188536,-0.18303156
-0.12600876,-1.1190165,-3.851722,-3.7843363,-1.166914,0.97036475,2.3255572,1.3779691,0.18895207,-0.2734668
-0.4909665,-1.2124906,-3.583566,-3.3735914,-0.5333198,1.0383567,1.6006917,0.7715686,0.30132753,-0.6059826
-1.146805,-1.6167532,-3.707475,-3.0475738,-1.0308125,1.360037,1.8566396,0.88374114,0.021941708,-0.60729975
-0.44686082,-1.0573283,-3.703016,-3.0655608,-1.0331459,1.0668718,1.3815086,1.2638613,-0.4092159,-0.39189285
-0.18452023,-1.2070453,-2.8458307,-2.4067192,-1.1657221,0.6011752,1.6259528,0.7671861,0.2743669,-0.2197352
-0.31645727,-1.362295,-2.8325799,-2.2976584,-0.5449661,1.1988267,1.8155257,0.75135595,-0.48716712,-0.873775
-0.22185291,-1.3569584,-2.3053565,-2.2199214,-0.83288825,0.92320967,1.7757759,0.32255992,-0.24470553,-0.5320014
-0.20928466,-0.56368196,-1.8070607,-2.0497494,-0.84392637,0.5481907,1.3687502,0.51134294,-0.084433556,0.010280111
-0.68305004,-1.468845,-2.974215,-3.0007558,-1.3309052,1.0332853,1.8577576,0.8223067,0.095961444,-0.68104994
-0.72204894,-0.9641719,-2.457846,-2.9040427,-0.7366675,1.0255281,1.6749507,0.7404118,-0.3622694,-0.58621734
-1.3203763,-1.349746,-3.6751385,-2.5809298,-1.0085664,1.2029477,1.3144674,0.962115,-0.13398747,-1.1540794
-0.3426115,-0.1300048,-2.4134843,-2.2983048,-0.3801867,1.363792,1.22521,0.91086257,0.028726399,-0.6821139
-0.5198927,-0.8734011,-3.2133687,-3.0681207,-0.29296035,1.4098892,1.7358315,0.91653734,-0.23683384,-0.73577034
-0.4187186,-1.013307,-2.822264,-2.7435637,-1.18039,0.8226161,1.8024478,1.7893568,0.2257014,-0.61961055
-1.3094966,-1.6343908,-3.3814814,-2.85835,-1.2065755,0.95177704,2.0428617,1.1291372,-0.2604403,-0.61490285
-0.8844004,-1.4256513,-3.3285327,-2.7184231,-0.7051403,0.6132903,1.2515258,1.3126917,0.457716,-0.80452925
-1.3155712,-1.0861752,-3.619034,-3.713595,-1.1140579,0.57884526,1.7070771,1.6359465,0.0503847,-0.7465368
-0.4394018,-1.1921258,-2.7652152,-2.780646,-0.9380152,0.5507848,1.2320846,0.8158153,-0.113120586,-0.49701473
-0.549418,-1.1780368,-2.3872004,-2.9241326,-0.85289115,1.1831217,1.9529328,1.0094728,-0.12805995,-0.1681867
-0.13780555,-1.475328,-2.8254995,-2.279408,-0.8480351,0.87917626,1.3975292,0.8679988,-0.05638129,-0.7358092
-0.72207606,-1.6592114,-3.53068,-2.7325294,-1.0166562,1.2883676,1.7512227,1.3107224,-0.39388114,-1.0634928
-1.8597245,-1.6645929,-3.9459984,-3.2199874,-1.1608219,1.0468043,1.7402109,0.9056334,-0.401211,-0.87401164
-0.58950025,-1.1745896,-3.713546,-3.521363,-0.93878895,1.4393058,2.15753,1.0345324,-0.37078902,-0.8183616
-1.4936577,-1.5337838,-3.668152,-3.5672507,-1.1844729,0.69454926,1.3077484,0.96129316,0.010600922,-0.60924906
-0.5131918,-2.1166008,-3.831849,-3.5487463,-1.0855033,1.6558551,1.8327912,1.1464928,0.16367489,-0.48428822
-0.4443241,-0.6126317,-2.4594157,-2.3132236,-0.7766478,0.86029917,1.005788,0.80619615,-0.25978914,-0.15898214
-0.6055967,-0.5431926,-3.2738228,-2.8560307,-1.5479091,0.6812017,1.4875917,0.6464999,-0.4126664,-0.67517716
-0.24844767,-0.3783677,-2.2626503,-2.659021,-0.86971796,0.9359489,0.7805283,0.5642004,-0.30566543,-0.12841097
-0.7474998,-1.6148574,-3.2578712,-3.0093591,-1.4906296,0.8408769,1.9867545,1.1914169,0.5556068,-0.9353341
-0.39975217,-1.084928,-2.6784678,-2.4511952,-0.7652955,0.9466298,1.4515661,0.90147144,0.344831,-0.42799166
-0.056333955,-1.4665394,-3.385713,-2.2032623,-1.3282056,1.038988,1.5742041,1.4334724,-0.104840465,-0.5818419
-0.7293345,-0.7673496,-2.4738166,-2.0491884,-0.63927746,1.0520267,1.2042664,0.7546133,0.5030815,-0.24097447
-0.7801144,-1.2164093,-3.3601513,-3.201952,-0.8307447,1.238817,1.6222883,1.2463458,0.013338135,-0.7178355
-0.34383518,-1.4731203,-3.3640566,-3.0175688,-0.9377248,0.6895273,2.031524,1.2994968,-0.26561263,-1.0415909
-0.053826544,-1.36536,-3.639146,-3.2061577,-0.5938513,1.4362297,1.7048517,1.0321181,0.0061549735,-0.4534162
-0.7657678,-0.44612545,-2.6536734,-2.426187,-0.9413718,1.3121545,2.063359,1.0427859,0.12732163,-0.6416271
-0.46620336,-0.948379,-2.7570624,-2.0907636,-1.1336735,0.7491978,1.7447938,0.7402701,0.53658307,-0.4658475
-0.44601813,-1.7542545,-3.8633997,-3.4585526,-0.7509483,1.1540629,2.2989392,1.7214953,-0.05524709,-0.6486325
-0.5579182,-0.44998932,-3.2385406,-2.4853992,-0.69360995,1.097902,1.7441882,1.1492339,0.21184057,-0.31549877
-0.65027064,-0.13471949,-2.0578158,-2.3427978,-1.0087208,0.7037826,1.2618035,0.65334886,0.4717235,0.0098632835
-0.7202354,-0.9673849,-2.6142886,-2.5842152,-0.99020934,0.95179474,1.6590841,1.0474691,0.09553113,-0.5379685
-0.4952402,-1.1444802,-2.8727067,-3.033279,-1.2011831,0.68832344,2.0716841,1.1300318,0.35607287,-0.69929266
-0.31431943,-1.318771,-3.5011997,-3.1034956,-0.9170037,1.2837986,1.4425977,1.3686925,0.32099655,-0.6629432
-0.73055595,-1.6197819,-3.354897,-3.2832773,-1.2058542,1.2062069,1.6768728,0.7387532,-0.26292372,-0.94951326
-0.89146507,-1.1670849,-3.3146927,-2.1066325,-0.7164113,0.98773813,2.0232685,1.0533806,-0.6591982,-0.5828676
-0.489154,-1.395918,-2.569468,-2.8050127,-1.0377234,1.0613731,2.2342443,1.0972204,-0.19420876,-0.03459261
-0.0018131793,-1.0134512,-3.2443337,-3.5282826,-1.0311048,0.7800838,2.0446591,1.1861653,0.27625132,-0.29374585
-0.8114938,-1.5414157,-3.8104255,-3.615738,-1.3390391,1.089008,1.6729677,0.59710747,0.17656241,-0.1838318
-0.111909345,-1.3040347,-3.0611537,-2.8888478,-1.2143474,0.96602076,1.7573369,0.8088463,-0.22339053,-1.2514528
-0.519594,-0.82175833,-2.9551868,-2.1212645,-0.3077628,1.4751761,2.2367256,1.0904816,-0.1197788,-0.31143525
-0.5209646,-0.9003027,-3.234885,-3.1212041,-1.2213573,1.1372811,1.6843313,1.4293727,0.228489,0.33717626
-0.7828768,-1.0200428,-3.1415124,-2.5911078,-0.4830401,1.4401577,1.7410723,1.107375,-0.0067918333,-0.42660788
-0.29531175,-1.0957133,-2.4613185,-2.732541,-1.0456463,0.9024679,2.243036,0.8837379,-0.5423178,-0.8867039
-0.9869507,-1.6342741,-2.536585,-2.8328533,-1.3715914,0.8718688,1.6766856,0.78056604,-0.1560321,-0.69181585
-0.7114212,-1.4808903,-3.228732,-3.3913307,-1.5786755,1.0890781,2.316897,1.9042476,0.4452222,-1.0611272
-0.27739897,-1.0105397,-2.7788544,-3.0311067,-1.190495,0.8151833,2.1509051,0.72493607,-0.3483671,-0.85965705
-0.27951992,-0.48279732,-2.4846666,-3.1603775,-1.0099149,0.9614956,2.129183,1.6776054,0.33319888,-0.5650668
-0.7197134,-1.1156384,-2.4419851,-2.9391005,-1.0172207,0.9721088,1.612808,0.54641354,-0.32178503,-0.20235236
-0.86628574,-1.2842932,-3.1623867,-2.983919,-0.8064395,1.5141287,1.8801957,1.5256732,0.06553919,-0.21091707
-0.3626029,-0.3517132,-2.690825,-2.9668355,-1.0105237,1.398645,1.4089314,1.1222247,0.056426562,-0.18414615
-1.0634071,-1.3821377,-1.9745775,-2.6584501,-1.0799745,0.6396705,1.5713022,0.43272486,-0.164441,-0.54807407
-0.530785,-0.90701544,-3.202673,-2.86976,-1.1882161,0.7443086,1.3006201,0.92130286,0.006128851,-0.4570549
-0.1798017,-1.0651228,-2.5219011,-2.3087518,-0.6099709,1.0636492,1.907028,1.3771279,0.13696626,-0.63328296
-0.29541507,-0.95824933,-1.8643674,-2.0585616,-1.0075014,1.2382768,1.9874034,0.9768171,0.08450078,-0.081477396
-0.84260297,-0.7903246,-2.5142126,-2.0206904,-0.48087686,1.2346123,1.3624543,0.81748056,-0.2839803,-0.35056362
-0.55937445,-1.2855078,-3.1839585,-2.8969412,-0.77045,1.0343071,2.1541693,1.0313922,0.18529361,-0.70779765
-0.075287774,-0.38390705,-2.782454,-2.5236788,-0.9249364,0.99093616,1.9050286,1.495349,-0.2890406,-0.3780132
-0.43791196,-1.6855074,-3.4410374,-2.9719543,-1.2567154,0.98256946,1.5026201,0.8093201,-0.6258268,-0.54338455
-1.4775585,-1.1553125,-2.955047,-3.248238,-1.2238666,1.1181715,2.012053,0.5278448,-0.16055807,-0.16607776
-0.725047,-0.7568609,-2.8090706,-2.5655057,-1.4637635,0.94784516,1.6830685,0.516366,0.4181877,-0.123673
-0.2587566,-1.2997059,-3.1941054,-2.6212184,-1.084741,1.4866209,2.008716,0.6927319,-0.27925158,-1.1634393
-0.013427111,-0.79882693,-2.7506623,-2.9104927,-0.95947826,1.0343703,2.061131,0.89232934,0.35713696,0.098524876
-1.0352801,-1.18018,-3.57783,-3.11102,-1.2371024,0.8380028,1.738103,0.902493,-0.14627229,-0.19390327
-0.35234004,-1.2873696,-3.5415876,-3.4036708,-0.73129845,1.5221878,1.7731458,1.0254877,-0.115092516,-0.64428157
-1.3291018,-1.4605218,-3.8423061,-4.125794,-0.9026018,1.5555001,1.7537947,1.1103094,0.06596767,-0.73293304
-0.3880946,-0.81119573,-2.3765042,-2.5385058,-0.52072823,1.273305,1.3324692,0.8102633,-0.56199044,-0.44128293
-1.3379786,-1.0541408,-2.687498,-2.8898964,-1.111564,1.1654978,1.230469,1.0914419,0.265795,-1.2277526
-0.80651075,-1.6193651,-3.7448685,-3.5224967,-1.2262553,1.364944,1.7944312,1.068912,-0.10859407,-0.60857975
-0.36874288,-1.0652852,-3.053946,-2.801579,-0.6867425,0.97502804,1.4163882,0.5196851,0.26673993,-0.7710035
-0.6186964,-1.3030857,-3.1063955,-2.7429068,-1.0643934,1.0330249,1.4710867,0.9118072,0.20671248,-0.24047914
-0.5249456,-0.95027167,-3.5062695,-2.8040018,-1.0349073,1.7909716,1.5342041,0.76413655,-0.21989536,-0.4634117
-0.4598166,-1.1977085,-2.6365466,-2.8660724,-1.090024,0.6830729,1.279811,0.8877785,0.11458264,-0.43641582
-0.84001845,-1.043228,-3.2457411,-2.7171514,-1.1531496,0.9414561,1.6162707,0.87527966,-0.2580576,-0.9551847
-0.9573602,-1.0011438,-3.4685032,-3.339416,-1.1164329,0.3976492,1.4809282,1.1527483,0.2229378,-0.78994155
-0.59057647,-0.84851795,-2.4029021,-2.4003694,-0.9616917,1.6868594,1.6371669,0.62446475,0.13863936,-0.17308824
-0.5979704,-0.85932654,-2.72835,-3.0409818,-0.966657,1.2051817,1.6723311,0.6853773,-0.22018892,-0.21139942
-0.977246,-1.6859707,-4.031219,-3.666014,-0.8147999,1.4422953,1.9976788,1.4159299,-0.04166705,-1.1867224
-0.3802494,-1.2511321,-2.529192,-2.606409,-0.58809114,0.9021435,1.4486445,0.9652693,0.10312919,-0.9762639
-0.6749804,-1.380076,-3.871243,-3.7471101,-0.7157051,2.0198903,2.3522677,1.5295211,0.3687645,-1.0467764
-0.52170885,-1.0830373,-2.6615915,-3.120968,-0.8682986,0.5755033,1.5236306,0.9555088,0.0855075,-0.019817047
-0.67404,-1.2047889,-2.1166918,-2.5474632,-0.850605,0.7386316,1.6838735,0.9767335,-0.5803702,-0.17818113
-0.73656887,-0.764641,-2.4229245,-1.9297063,-0.8968834,0.94089603,1.3425899,0.73318416,0.06401765,-0.23570016
-0.22040965,-1.8473349,-2.782629,-2.8901033,-0.9303144,1.0921861,1.5224416,0.8379712,-0.15799122,-0.39777634
-0.8765827,-1.6597288,-3.816532,-3.693143,-1.1764103,1.3283676,1.903842,0.737093,-0.48485136,-1.336421
-0.35407573,-1.6815292,-2.1395855,-2.1607332,-1.060414,1.2493081,-0.6213441,0.8618701,-0.1005691,-0.8788246
-0.5346194,-0.7583043,-3.3071885,-3.2076495,-0.557623,1.3675663,1.8576852,1.1838379,-0.30134037,-1.422819
-0.72320473,-1.6583506,-3.4966385,-2.8134794,-1.0120192,1.4311268,2.0393045,1.2581283,0.1597717,-0.94307077
-1.0199841,-1.1441987,-3.3844278,-2.4331603,-0.88117105,1.159916,2.010454,1.1940162,-0.21710706,-0.4119427
-0.14843713,-1.5364885,-3.5294619,-3.5173783,-1.1369141,1.0458544,2.0516472,1.14355,0.027333297,-1.152482
-0.8307773,-1.3986396,-3.181505,-2.4786723,-1.0030594,1.5437499,1.8879462,0.5399905,-0.15389659,-0.40507388
0.02431168,-1.2366738,-3.0944183,-2.70431,-0.66513866,1.0202507,2.064756,1.0824611,0.053179022,-0.9526818
-0.81928235,-0.9974711,-2.152761,-2.201389,-1.4719863,0.56953925,1.3662716,0.44267923,-0.6309249,-1.0314047
-0.46050447,-0.82234013,-3.0422747,-2.7998905,-1.0108494,0.9087901,1.9790787,0.8403118,-0.22979145,-0.8203182
-0.33476695,-1.1228663,-2.7057376,-3.0945144,-1.7076842,0.81768477,1.9774537,1.2142,-0.12713525,-0.793735
-0.4259001,-0.7397221,-2.6444938,-2.5554876,-1.1899753,1.6459032,1.5205251,0.8373679,-0.06663143,-0.2230018
-1.5570601,-0.7961298,-3.7232316,-2.831707,-0.58337295,1.1658019,1.3827392,0.95463425,-0.16557975,-0.21920471
-0.5882191,-0.6410557,-2.416604,-2.6139724,-1.0776265,1.60716,1.8323357,0.58133835,-0.14952545,-0.70968425
-0.29129237,-0.76652616,-3.4613185,-2.573459,-1.2590467,1.4988384,2.2309787,1.1611325,0.26888418,-0.41309014
-0.87387943,-0.5501783,-1.9238759,-1.8200878,-0.5441851,0.9873226,1.4274664,0.6173259,-0.0034335093,0.2649305
-0.5525595,-1.5423152,-3.7567296,-3.691941,-1.4002236,1.4606187,2.1280446,1.3916845,0.11637396,-0.9260483
-0.24586077,-1.6225786,-3.5076866,-2.5798109,-0.5845961,1.6620419,2.0607126,1.5568405,-0.08840218,-1.0685841
-0.67252326,-0.43143612,-1.8934399,-1.7728163,-0.4723693,0.8024147,0.78704894,0.3718473,-0.13324592,-0.5728205
0.27108228,-0.89960915,-2.5143044,-2.6605253,-0.8565654,1.4581704,1.7649552,1.3508774,0.7490119,0.109101035
-0.15059847,-0.6840448,-1.7442933,-2.7380955,-0.72985905,0.7752278,1.105879,0.9786598,0.34421563,-0.24071427
-0.22342604,-0.53788644,-2.276539,-3.0838912,-1.1858493,0.60728776,1.740584,0.6206552,0.08701978,0.58861935
-0.50524205,-1.4559195,-2.9225667,-2.3632982,-1.1575891,0.20632158,1.125406,0.82409525,-0.18926668,-0.23965186
-0.39915982,-0.63786715,-2.806232,-3.111854,-1.1087065,1.504722,2.170147,1.6747634,-0.014045767,-0.6558797
-0.6062422,-0.5269799,-2.934209,-3.1626303,-0.44266284,1.3100408,2.1860974,1.0104532,0.119841225,-0.7172515
-0.19291362,-0.46819702,-2.5765705,-2.1596189,-0.7555265,0.963432,2.199981,1.0360557,0.14774454,-0.12882568
-0.44446722,-0.61754626,-2.091525,-2.8841586,-0.91744614,0.8368048,1.9441595,1.0906416,0.04506449,-0.16959094
-0.1032894,-0.95513076,-2.3500745,-2.9618888,-1.1062828,0.68398535,1.7250552,0.8444451,-0.14666757,-0.5236682
-0.7405554,-1.042134,-2.794736,-1.77649,-0.89516723,0.9967965,1.2119421,0.36468887,-1.1307497,-0.4009851
-0.14912696,-0.71737075,-2.3936946,-2.857577,-1.1552091,1.0525572,1.1804953,1.194595,0.56666833,-0.24253914
-0.7843569,-1.514099,-3.674095,-3.6484995,-1.4296033,0.9077274,2.0567687,0.9895628,0.00045673954,0.08316145
-0.86894,-1.6726711,-3.3331838,-2.681702,-0.7657777,0.6767933,1.4743981,1.6001018,-0.022901576,-0.9737739
-0.32684803,-2.4833455,-3.6355991,-2.7682962,-0.61773044,0.9102148,2.0083761,1.3368897,-0.10585826,-0.5139273
-0.27561828,-1.1861885,-2.7699654,-2.660697,-1.0329701,0.76050097,1.8629187,0.7532151,-0.21441352,-0.41301036
-0.57125974,-0.82389545,-2.45793,-2.110227,-0.85006094,0.50352806,1.4040087,0.76400197,0.1079591,0.2585547
-0.9298691,-1.1219288,-2.3556163,-2.9385111,-0.81585604,0.6059821,1.1954786,1.0581424,0.02790915,-1.2014642
-0.8210247,-0.8187639,-2.434765,-2.4097226,-0.42346883,1.1718068,1.8331394,1.3006028,0.031119522,-0.6166026
-0.019715127,-1.2482274,-2.139745,-2.485906,-1.1765501,0.70558035,1.1732198,1.0065165,0.030244356,-0.5126132
-1.0345176,-1.0231249,-2.3833034,-2.7256062,-0.68968654,1.6988541,2.0200527,0.42363507,-0.33839032,-0.988838
-1.2500094,-1.3750541,-3.8013248,-3.4895954,-1.4921293,0.8224479,1.76726,1.4579508,0.15125513,-0.7766682
-1.0514648,-1.3233261,-3.566642,-2.7201777,-1.0251951,1.4466043,1.5267961,0.8606712,-0.20801312,-0.71924245
-0.50313455,-1.3091805,-2.855694,-2.176274,-1.0993217,0.6879329,1.3498206,0.67366713,0.23814669,-0.2357601
-0.81441385,-1.5604563,-3.790743,-3.171698,-0.81266344,0.78043616,1.8498272,1.1869175,-0.1098401,-1.0718715
-0.2895528,-0.5894388,-2.7015955,-2.107248,-0.6678465,1.1291943,1.2499573,0.3627134,0.042987198,-0.68595046
0.087664016,-1.2886183,-3.1351056,-3.5908122,-1.4029244,1.0427628,2.256944,1.0552578,0.03476081,-0.46967927
0.14446707,-1.1226963,-2.376777,-2.1979358,-1.0747677,1.248502,1.2124308,0.80629224,-0.10820335,-0.2319191
-1.0311872,-1.074961,-3.4153202,-2.9844074,-0.58369434,1.1550454,1.8550894,1.2068248,0.0030247504,-0.4679899
-0.07072171,-1.2143855,-2.8447397,-2.4522505,-0.6811451,1.3083696,2.1955094,0.61475414,0.01989765,-0.72166985
-0.14825042,-0.6519753,-1.9024906,-1.6052336,-1.3752921,0.7235961,1.0232509,0.43837523,-0.47850788,-0.17490861
-0.21247433,-1.460869,-3.1589062,-3.5312123,-1.616115,1.0695968,1.8118306,1.3673023,0.1723345,-0.9540751
-0.74855393,-1.1144857,-3.1790316,-3.0247104,-1.0603292,1.8405312,1.8970821,1.0675561,-0.20578256,-0.51927674
-1.0343703,-1.2416854,-3.7211576,-3.571006,-0.8760122,1.2468094,2.196966,1.4770721,-0.07316704,-0.64757824
-0.7603757,-0.7916688,-2.8903642,-2.3491309,-1.0535399,0.6772126,1.0108194,0.87057334,-0.010484622,-0.86843
0.007138096,-0.90431094,-2.2940533,-2.6649995,-1.1618887,0.8743166,1.1074271,0.7477811,0.10274102,-0.22494945
-0.9633655,-0.7965722,-2.7414775,-2.4053538,-1.4975541,0.9772451,1.2662021,0.8226843,0.5912175,0.34986
-0.42675796,-0.90945756,-2.635599,-2.5494037,-1.0035532,0.6008796,1.9081057,1.4260044,0.22873792,-0.74745923
-1.1763479,-1.0498506,-3.234761,-2.9310668,-0.814863,1.7519373,1.6302472,1.0688475,-0.08202802,-0.9359485
-0.8805015,-1.41484,-3.4829643,-3.3057265,-1.1060126,1.4325802,1.9523323,0.86233276,-0.3499362,-0.83938456
-0.7347288,-0.70140266,-3.1648781,-3.5392933,-1.4374789,0.42474753,1.1310605,0.55457115,0.09354363,0.16629484
-0.28313506,-1.3213376,-3.8048105,-3.5268602,-1.7576859,0.9820119,1.7241871,1.2549912,0.5641521,-0.12862875
-0.9727687,-1.1958607,-1.9139057,-1.9980452,-0.5162628,0.81133246,1.3192456,0.81029147,0.32213148,-1.1977136
-0.9844178,-1.093585,-2.641884,-3.092955,-0.9308688,0.85542995,1.47013,1.0379764,-0.6016839,-0.47508004
-0.13194133,-0.72082955,-2.5388634,-2.471183,-1.0787853,0.794869,1.1971396,0.96240693,-0.17057574,-0.53747475
-0.42930606,-1.2149007,-3.586016,-2.870948,-0.5781583,1.2320969,1.3708644,0.81082004,0.26435027,-0.53118914
0.0019969612,-1.5370309,-2.9685082,-3.3495688,-1.1392255,0.9350852,2.1804714,1.5416327,-0.55971014,-0.41129363
-0.21589428,-1.2831097,-3.3693066,-2.969668,-0.66462106,1.2152599,1.6278683,1.5370398,-0.08097519,-1.2211938
-0.43696886,-1.1483555,-3.330491,-2.8585272,-0.8000419,0.64690834,1.6481428,0.93223685,-0.5985261,-0.9082313
-0.14019577,-0.46437854,-2.1822932,-2.3132842,-0.49618167,1.571481,1.1843395,0.5979279,0.19973283,-0.251335
-0.42527905,-1.002102,-2.2065213,-1.7276294,-0.41166678,0.8944405,1.701959,0.58375734,-0.22181629,-0.717394
-0.30572033,-0.90311456,-2.6846437,-2.2357469,-0.6694396,1.1920168,1.5645912,1.0615261,-0.19571127,-1.094293
-0.6395963,-1.2538959,-2.7233567,-2.0571108,-0.93552953,0.9182211,1.9325731,0.8678074,-0.4431503,-0.14151488
-0.5911981,-1.7871106,-3.3636334,-2.8064377,-1.2544959,1.504928,2.108663,1.7112337,-0.042704165,-0.13620149
-0.08511086,-1.0658352,-1.1970341,0.07922255,3.8916059,2.7712123,1.0833335,0.31227514,-0.46216166,-0.4322568
-0.91376597,-1.595337,-3.6711555,-3.2060306,-1.0501918,1.2173994,1.4144939,0.48090842,-0.045287684,-0.730401
-0.43780512,-1.2165773,-3.308521,-3.386512,-1.2084119,1.7467456,2.1549575,0.86144054,-0.26259235,-0.46381035
-0.77176803,-0.6443721,-2.9602904,-3.076216,-1.2611117,0.9064992,1.6558416,1.3492839,0.19500889,-0.63884425
-0.9205212,-1.2135383,-3.7238023,-3.6192412,-1.3674518,1.1904273,1.8874613,1.662231,-0.23756482,-0.83845437
-0.20719811,-1.7689724,-3.6654747,-3.2656703,-1.4518452,0.95572937,2.2614992,1.7087159,0.06939002,-0.42090932
-0.5377521,-1.1671166,-2.476042,-2.6279137,-1.242998,0.5192162,1.5984887,0.88503826,0.22129044,-0.6028283
-0.32072806,-0.66173583,-2.573851,-2.564517,-1.5339543,0.48519027,1.5058774,0.9617788,-0.3025808,-0.026050445
0.06983462,-0.82440317,-2.5602107,-2.8691669,-0.7768512,1.4274418,1.9483973,1.247227,0.046054613,-0.96669155
-0.2488299,-0.88711506,-2.661685,-3.3671741,-1.0624977,1.6657324,1.7565553,1.1216357,0.23624034,-0.089879036
-0.44751638,-0.14899245,-2.4770548,-2.7141194,-0.61908185,1.0843453,1.1132257,0.7056939,0.13210644,-0.35733083
-0.3553445,-0.6758561,-3.3316767,-2.408149,-0.6727653,0.9531127,1.9092563,1.0903305,-0.046343423,-0.6559808
-0.7457571,-1.5650831,-2.1669242,-2.7073402,-1.0947928,0.96703994,2.1051576,1.3771803,-0.08028472,-1.0455673
-0.55054235,-0.90967405,-2.8332448,-3.102453,-1.3433039,0.6669667,1.4049062,0.61171526,0.30450594,-0.16873324
-0.72280973,-1.1386217,-3.4133518,-3.51846,-1.1911675,1.0039722,2.145167,1.4170086,0.3085499,-0.23627667
-0.17081816,-1.2801468,-2.2791314,-2.0058317,-0.83685446,0.5930692,1.2341623,0.50854105,-0.7977251,-0.26616845
-0.8930373,-0.98853606,-2.6530426,-2.2266986,-1.0426986,1.2253275,1.2476703,0.55994004,-0.37966102,-0.45560127
-0.48435774,-0.5215633,-2.7822897,-2.5424616,-0.8584798,0.6418131,1.7118505,1.1838665,0.09202154,0.011307482
-0.54666424,-1.5089198,-2.9803107,-3.1770554,-0.9319615,1.3528489,2.0258934,1.7192241,0.16737941,-0.6432431
-0.92476124,-1.2037816,-2.644825,-2.8260858,-0.84141946,1.2058812,1.3622018,1.0936517,-0.5887506,-0.5684971
-0.09458689,-1.0517609,-3.4008033,-3.0469737,-0.9062712,1.4158962,1.8562982,1.2550457,-0.02479208,-0.49674428
-1.046315,-1.1008083,-3.0860898,-3.42082,-1.2704605,0.7717002,1.6231328,1.1438911,-0.06327066,-0.028434873
-0.67983973,-1.2205039,-3.0314581,-3.4689825,-1.438035,0.8847562,1.9056921,1.0848694,0.14895391,-0.47126457
-0.5031434,-1.0985451,-2.373108,-2.3510942,-0.9288746,0.9200381,1.8950206,0.9822532,0.07492085,-0.07225287
-0.92057383,-1.2051007,-2.9187016,-2.6793633,-1.0525249,0.82941747,1.3561257,1.0650104,0.3948899,0.299554
-0.42296267,-0.9592947,-1.7098011,-2.2055812,-1.2169937,0.5317948,1.2650465,0.3550114,0.39871612,0.4271924
-0.6111854,-1.2843484,-2.7747142,-3.1627338,-1.2365847,0.4165598,1.2593025,1.0984912,-0.22857597,-0.9582108
0.16518614,-1.5251883,-2.9074063,-2.598574,-0.6729968,0.97628164,2.0257025,1.1270275,-0.06406174,-0.17519741
-0.59232014,-1.5371957,-3.5170593,-3.183139,-0.97506195,1.6087904,2.3268178,1.2090939,-0.110886954,-0.91241103
-0.085619,-1.5032963,-3.1253011,-2.1245148,-0.8753061,1.6303884,2.2795205,1.1449746,-0.6011343,-0.7743642
0.2934169,-1.1145614,-3.452313,-2.481126,-0.9456181,1.1312742,1.7066559,0.7402944,-0.90825224,-0.9199425
-0.4021969,-0.10185588,-1.4230889,-2.19318,-1.161147,0.68466437,1.6782693,0.592575,-0.27490228,-0.5412054
-1.3675593,-1.5392069,-3.4059818,-3.5156345,-1.0453283,1.009645,2.1356006,1.3626865,-0.14980051,-0.49215922
-0.51857543,-0.3661029,-2.2298088,-2.915416,-0.57872415,1.5443146,1.5782015,1.0803535,0.23547955,-0.51976687
-0.2378917,-1.2021658,-2.7062032,-2.866799,-1.2581117,0.95596915,1.6168898,1.4133339,-0.103606954,-0.6581995
-0.11404402,-0.55541927,-2.3391712,-2.9638493,-1.2009926,0.9654273,1.5248824,1.4367577,-0.049241897,0.0773354
-0.42659864,-0.9623484,-2.5789468,-2.5892782,-0.38043594,0.6754312,1.6222494,1.1020355,-0.17196856,-0.589168
-0.44968405,-1.4628786,-3.0364816,-2.887497,-1.7212328,0.74324775,2.028369,1.8967611,0.0012499946,-0.7824458
-0.56007177,-0.8490988,-2.1145258,-2.5427165,-0.7019184,0.44012037,1.5497894,0.88919073,-0.4248003,-0.53158253
-0.5941639,-1.0423772,-0.63486904,-1.442248,-0.5528415,1.3164805,0.8825424,0.3469662,0.21273102,-0.25869474
-0.7754111,-1.4554448,-3.6098366,-2.9712906,-0.7628553,0.62574637,1.5495074,0.88429934,-0.05819512,-0.60810864
-0.24114162,-1.2077024,-3.2779357,-2.8310273,-1.2088753,0.97753644,2.0492213,0.9865439,-0.50925285,-0.79471105
-0.27800465,-1.417057,-3.0523791,-2.9418194,-1.2265354,1.437482,1.664264,0.94415706,-0.30758667,-0.7080143
-1.1272131,-0.7645335,-2.450473,-2.3697734,-0.94235617,0.56492096,0.65194875,0.43388462,0.17339572,-0.24693137
-1.2401263,-1.7336328,-3.8142538,-3.6105397,-1.0848498,1.3464735,2.0706582,1.1615436,0.0838542,0.02115484
-0.1986161,-0.5717046,-2.8085277,-2.4360003,-0.7106818,0.6228093,1.1856323,0.5101098,0.22253184,-0.735289
-0.106040254,-1.0349537,-2.8570232,-2.284238,-0.8757102,1.052375,1.8482829,0.74468166,-0.38544556,-0.51947385
-0.94073385,-1.600466,-3.8226445,-3.047098,-1.2778243,1.5522847,2.2684405,1.4782712,0.31458744,-0.37729272
-0.5637852,-0.6774784,-2.8148885,-2.9343925,-1.285661,1.1100633,1.7147676,1.3707219,0.15613672,-0.5041883
-0.49354905,-0.23471868,-2.6829393,-2.5148742,-1.0887036,0.26163876,0.89759535,0.5569711,0.18832737,0.045226786
-0.7820012,-0.9463547,-2.453476,-2.3674734,-1.0557098,0.81632745,1.0379897,0.5659257,-0.50889796,-0.8538464
-0.13739003,-0.712675,-2.3640103,-2.2101686,-1.1666911,0.58066666,1.3085666,0.30512372,-0.306925,-0.47952834
-0.34916505,-0.49272412,-1.7963964,-2.0797203,-0.8025433,0.9437339,1.0749373,0.43435147,0.21517946,1.1712419
-1.1143861,-1.0163159,-2.6770744,-3.0281694,-1.3984268,0.87691176,2.201998,1.7137083,-0.33173665,-0.6774392
-0.9989829,-1.0741632,-2.6576688,-2.8448377,-1.3101431,0.17788868,1.4233748,1.2002447,0.1571612,-0.57750624
-0.559915,-1.7278533,-3.0612056,-2.8828835,-1.0440751,1.2782912,2.2110913,1.3423109,0.29189652,-1.059945
-0.8407248,-1.3401611,-3.1495993,-2.625161,-0.9156599,0.68591017,1.3418518,1.2317215,0.3650982,-0.674383
-0.1262673,-0.91046333,-1.9851295,-2.2521808,-0.72018546,0.5519424,1.3521023,0.98205036,-0.5833442,-0.06871115
-0.73329747,-0.83347017,-3.6449788,-3.2905445,-0.7203264,1.1288553,2.0886996,0.9317856,-0.23139665,-0.9581145
-0.87208986,-0.9366423,-3.501921,-2.7741354,-0.58742565,0.6210765,1.346143,1.1193017,0.13085915,-0.64762044
-0.2758745,-0.65436894,-2.7204783,-2.9747314,-0.92300755,0.94102126,1.9335347,1.1530579,0.5954603,0.06545373
-0.30170804,-1.6124245,-3.4957905,-2.7558365,-1.0299474,0.9514026,2.2389345,0.7148389,-0.11044482,-0.8755386
-0.7474198,-1.0572965,-3.3740745,-2.79002,-0.640849,1.1780275,1.5683969,0.87986624,-0.2211468,-0.6061832
-0.31774315,-1.530231,-3.8175056,-3.6768801,-1.2710801,1.1619638,1.811624,1.4818227,0.16986276,-0.60162175
-0.35012844,-0.7129231,-2.6667807,-2.5337486,-1.1103917,0.775542,1.6469665,1.5346472,0.17875104,-0.5713126
0.07588913,-2.1290727,-3.8395593,-2.8779087,-0.88263845,1.6108737,2.1890423,1.1886874,0.16885899,-0.69096714
-0.4799087,-1.3521415,-2.962886,-2.0992913,-1.0299747,0.7634966,1.7809684,0.79168683,0.23446673,-0.2973193
-1.3280563,-1.3018874,-2.7806947,-3.0815651,-0.8649216,1.1864907,1.8236938,1.0786667,-0.00042605595,-0.8946653
-0.7105404,-0.38546067,-2.4803624,-2.8150272,-0.39044812,0.8345094,1.3255017,0.94462776,-0.3299694,-0.62968826
-0.8033712,-0.72417086,-1.5791584,-2.3111165,-0.89704955,1.0126048,0.6243851,0.35753158,0.352924,-0.16084282
-0.1426443,-0.9540337,-2.9429247,-2.719944,-0.67475486,0.9624829,1.3310429,0.7889046,-0.17987075,-0.9016838
-2.1830728,-0.92944884,-3.0673738,-2.6100562,-1.1293879,1.214806,1.4228206,0.8594681,0.09513218,-0.65269566
-1.3394712,-1.8364199,-3.9545794,-3.650473,-0.6324246,1.0352294,2.3616655,1.2778552,-0.2943025,-1.354786
-0.15477026,-0.7316814,-3.7083507,-3.4401944,-0.98397475,1.3555918,2.0342257,1.2332976,-0.09864794,-0.7800165
-0.037936192,-1.3155859,-3.0057204,-2.5014904,-0.85488576,1.1503884,1.5948781,1.0146997,0.012253466,-0.742757
0.28928483,-1.2315112,-3.1060684,-2.5872147,-0.75002354,1.3363835,2.2757998,0.9197121,0.03341086,-0.40467337
-0.72649115,-0.75093216,-2.2285953,-2.9847798,-1.1581045,0.95225275,0.87501335,0.7142802,0.3493628,-0.011899501
-0.37798527,-1.7782426,-3.8810391,-3.5590045,-0.85604143,0.78790724,2.047859,1.3615675,0.005637899,-0.4199842
-0.19138108,-0.2906702,-1.8389598,-1.8622317,-1.0551271,0.7888672,1.0510768,0.31122726,-0.50506836,-0.00229132
-0.40675735,-0.8871692,-2.2074401,-3.0833032,-1.2264884,0.8421444,1.6868117,0.47551334,-0.008672535,-0.17836398
-0.99010617,-1.8416755,-3.4614744,-3.1913328,-1.4549057,1.2313807,1.2721187,0.98959994,-0.095457695,-0.9363967
-0.8312154,-1.4190332,-3.3226635,-3.357459,-1.3637168,0.6303624,1.9553343,1.0102426,0.025160976,-0.17904525
-0.8494941,-0.6997877,-2.2097507,-2.3505988,-0.41645792,1.5021789,1.4299123,0.28932735,-0.26750013,-0.8491872
-0.46952698,-0.79186004,-2.8663728,-3.143155,-1.2986046,0.47359845,1.6308738,0.79577374,0.35806882,-0.15795568
-0.42775568,-1.4554887,-3.546105,-2.8259182,-1.0073901,1.0218081,1.8195517,1.5974149,0.5579127,-0.6496941
-0.8313781,-0.7837184,-2.4254336,-2.7197316,-1.4741122,1.183267,1.4052842,0.3547471,-0.29766217,-0.5210553
-0.26444376,-0.45567197,-3.150675,-2.5681682,-0.7910212,1.1255312,1.7741567,1.035293,-0.18066695,-0.46869385
-0.5372061,-1.2308562,-3.6222482,-3.4599054,-0.7176358,1.0985001,1.7340425,0.6352506,0.14939238,-0.068018414
-0.599979,-0.6589314,-2.5405118,-2.2905827,-0.9258257,0.871357,1.501051,0.98918056,0.041362107,-0.18511415
-0.7359839,-1.3789622,-3.2090714,-3.179502,-1.5851243,0.83623916,1.6370105,0.7952568,-0.3103418,-1.5387919
-0.6883576,-0.5995971,-2.128374,-1.87079,-0.69382334,0.5174707,0.90430576,0.8347724,-0.14614025,0.07067384
-0.6450985,-0.66900986,-2.938362,-2.7462094,-0.8981753,1.6440939,1.8442882,1.2925273,0.40404877,-0.41433528
-0.6920359,-1.776654,-3.0951505,-3.1092901,-0.76044434,1.2934353,2.0688703,1.2843944,0.18671678,-0.74553025
0.03666577,-1.023482,-2.558151,-2.2084768,-1.0278447,0.59225816,1.218354,1.2647862,0.49685913,0.076784916
-1.0677096,-0.8840511,-2.5672905,-2.4493418,-0.99026376,1.2065607,1.5124477,0.97736645,-0.5679096,-0.97829556
-0.37374035,-0.9319159,-2.9613545,-2.6258597,-0.86644334,0.9096056,1.3761647,0.5449768,-0.11218089,-0.5343523
-0.87283015,-1.0508107,-2.566314,-2.5745976,-0.6915752,1.4890462,1.3062842,0.3923662,-0.17148674,-0.48430285
-1.312573,-1.049163,-3.314507,-3.26576,-0.8812521,0.9748265,1.4792204,1.0586895,0.20356922,-0.5196269
-0.4359418,-0.58485484,-3.119109,-2.7575254,-1.2487649,0.94833183,2.0052629,1.275943,0.30658954,-0.23698914
-0.9991874,-1.2200024,-2.079005,-2.3861086,-0.5910232,0.8819419,1.6691585,0.90446746,0.07214814,-0.5326436
-0.58424836,-1.0013827,-2.3843708,-2.7702665,-1.3091038,1.0727632,2.3880866,1.1711187,-0.21182029,-0.32220164
-0.64215475,0.059882138,-2.2966106,-2.5011678,-1.0612605,0.4530457,1.333899,1.0696651,0.61594015,-0.29728958
-0.79172736,-0.64824307,-2.3586519,-2.7416956,-1.2958379,0.99898136,1.3325962,0.25454068,0.15777765,-0.43808228
-0.6965601,-1.6324759,-3.9673188,-3.9334812,-1.2127626,0.96829146,2.2274933,1.396384,0.35770974,-0.3738547
-1.0587946,-1.3701836,-3.5876749,-3.764607,-1.3834774,0.8686657,1.6403829,1.5344731,-0.33432177,-0.7550943
-0.6969288,-1.221048,-3.5016842,-2.9987557,-0.68025,1.0196083,1.6344527,1.4592403,0.45048708,-0.7766013
-0.42910323,-1.1670231,-2.1302328,-2.1623597,-0.7112964,0.63467956,1.1482509,0.557458,-0.009028053,-0.2236485
-0.9904621,-1.8761737,-5.1076827,-4.604132,-1.6298982,2.2323134,2.41516,1.9585104,-0.12744297,-1.0982634
-0.11290448,-0.6002991,-2.3218567,-2.833083,-0.6735375,1.248365,1.8616656,0.8664621,-0.19455011,-0.39505064
-0.8083419,-0.9902238,-2.6332984,-1.981133,-0.76968956,1.0832205,1.1759334,0.9302922,-0.03871916,-0.25747943
-0.75099903,-0.80932844,-2.9089243,-3.5085158,-1.4771603,0.6454375,1.9472325,1.1046695,0.052145977,-0.28249574
-0.5237049,-1.0065788,-3.500202,-3.522682,-1.2535151,1.0855976,2.0387628,1.3608733,0.10925737,-0.92560446
-0.67808867,-0.9819601,-2.289394,-2.6981025,-1.0368781,0.7474767,1.2011383,0.7225402,-0.16877204,-0.3256155
0.06338579,-1.0760761,-3.3289227,-2.6525824,-0.50353885,1.5521591,2.6006932,1.521006,0.053569373,-0.6712423
-0.34239504,-1.3607347,-2.4383943,-2.503366,-0.9512475,0.89915556,1.5905795,0.99468875,0.039591577,-0.042015545
-0.76458746,-0.7519807,-3.418624,-2.421353,-1.0283353,0.76779974,1.4957944,0.3011136,0.050788287,0.23436047
-0.65401447,-2.8045404,-4.0289145,-3.549073,-1.3213997,0.9765629,2.1274538,1.8090913,0.07942906,-1.3531423
-0.28577718,-0.90347016,-2.3365715,-2.4065447,-0.42374784,0.8194028,1.7077011,1.0447158,-0.015328134,0.12098453
0.06585808,-0.7680041,-2.3195813,-2.731499,-0.8942897,1.0031004,1.7240533,1.4893774,0.19781688,-0.16929969
-0.8590037,-1.0351331,-3.3819876,-3.6168754,-0.86239624,1.1103221,1.6489474,1.7385063,0.12878607,-0.3862767
-0.27832428,-1.2397482,-2.9516685,-2.6314614,-0.86728346,1.3911604,2.2091014,0.81994295,-0.2408918,-0.6121863
-1.4548223,-1.6417316,-3.4298275,-2.8270552,-1.1317798,0.6207413,1.1091213,0.86571795,0.17008987,-0.34420907
-0.7138429,-1.1088374,-2.5615983,-2.9722168,-0.8409248,1.1909666,1.943133,0.9963616,-0.09527804,-0.6491955
-0.41760084,-0.7860197,-2.8190472,-2.2880805,-1.3395425,1.3079995,1.5208707,1.0879081,0.17684883,-0.5731974
-0.79139143,-0.9488225,-2.939246,-2.9652257,-1.1097082,1.2165828,1.5005612,1.7707887,0.017789852,-0.16504006
-0.4262833,-1.0658882,-3.3784978,-2.9399884,-0.7821153,0.9209993,1.7741663,1.2879376,0.104257226,-1.0689557
-0.2523928,-0.1370012,-2.4878473,-2.8598418,-1.3186647,0.7160641,1.3001473,0.79831684,0.12325408,0.40353787
-0.16113234,-0.80317044,-3.1397994,-3.459608,-1.490515,0.70452994,1.449698,0.60965294,0.36710736,-0.05472592
-0.2574774,-1.5845423,-3.5085502,-2.7320585,-0.9763256,1.2278597,2.2939923,1.1782656,-0.6048251,-0.68556106
0.13824742,-1.014601,-3.1474302,-2.6489475,-1.2079928,1.0562683,2.3069453,1.0163171,-0.24697259,-0.28835738
-0.4102306,-1.6050458,-2.8991818,-3.2229352,-0.82718784,1.2117689,2.1187153,1.2198126,0.04955683,-0.39443514
-0.25168812,-1.001053,-3.1300385,-3.3856,-1.1125911,0.37963343,1.7359239,1.6358519,0.27178887,-0.25156993
-0.25190496,-0.64175355,-1.9563841,-2.3583446,-1.1246208,1.1195871,1.4673502,0.5335393,-0.058528066,-0.49625173
-0.18587327,-0.6312743,-2.322358,-2.8209264,-0.9611968,0.7757617,1.430828,0.6885586,-0.111589566,0.2486943
-1.4653863,-1.6842525,-3.5276937,-3.3302789,-1.0495046,1.1021326,2.1265855,1.4867042,-0.045405887,-1.2865001
-0.39613992,-1.0657496,-2.1828809,-2.197342,-0.50963837,1.19282,1.7592903,1.0912874,0.0052065183,-1.3169497
-0.24611436,-1.1550199,-3.0616338,-2.955832,-1.0891218,1.2089815,1.8749176,0.33785793,-0.47130692,-0.44371626
-0.18883583,-0.37411606,-1.6765041,-1.8943273,-0.20117271,1.244567,1.9937773,0.6069218,0.2253131,-0.23388009
-0.257748,-1.2310761,-3.1695378,-2.6978073,-0.8305058,1.3646536,1.8685863,0.68772155,-0.25839505,-0.36701113
-0.23796439,-1.6963449,-3.2567348,-2.4217207,-0.7222004,1.1144716,1.5773492,0.51395875,-0.10042702,-0.43840295
0.4489052,-0.93116564,-3.0462143,-2.6296132,-0.81704205,1.7759426,1.846631,1.068062,0.3654691,-0.5680411
-0.69221294,-0.7362091,-2.9310174,-2.471909,-1.0068251,1.4723533,1.7901611,1.0434301,0.24684553,-0.30392304
-0.9473744,-1.251918,-3.647475,-2.8090029,-0.6895838,1.4594657,1.7875357,1.0722294,-0.13410722,-0.9226037
-0.63086516,-1.4771153,-3.7420328,-3.3652906,-1.4526153,1.4690791,2.3538656,1.2014643,-0.1525466,-0.5314624
-0.968005,-0.6134515,-3.3756032,-2.5443113,-0.75753856,1.0976326,1.5371404,1.0803951,0.12287734,0.020035155
-0.44925845,-1.1422663,-2.52023,-2.6225834,-1.6756114,1.0097755,2.2506473,1.0433112,-0.6328918,-0.17295387
-0.43879956,-0.9824158,-2.2207673,-3.1052022,-1.5402604,0.49764192,1.912864,0.83041143,0.099390656,-0.18553695
-0.5657715,-1.237352,-2.9660914,-2.7258582,-1.3111161,0.60513455,1.3390799,0.9023318,0.28526443,-0.57831395
-0.8126452,-0.79982895,-3.4861717,-3.0791566,-0.9011534,1.240251,1.5738581,1.1557811,-0.11562606,-0.5336688
-0.17992139,-0.60229784,-2.4998286,-2.0927656,-0.4770628,1.5296514,1.6614373,0.8856208,-0.35089546,-0.5653984
-1.2062931,-1.5981888,-2.8694696,-3.2144432,-1.1447235,0.8400196,2.0543907,0.682104,-0.30481368,-0.90908086
-0.8281156,-0.6274548,-2.615373,-2.725936,-0.7425718,1.1299608,1.1924293,0.4216529,-0.2289489,-0.34014404
-0.9090826,-1.7843642,-3.711219,-3.1006792,-0.786878,1.3305155,1.9526532,1.1614037,0.044188406,-0.87823033
-1.0637081,-1.2912267,-2.7453175,-2.6916544,-1.1013921,1.0437725,1.5513169,1.036426,-0.07213646,-0.20133337
-0.39811444,-1.2292416,-3.105982,-2.5869882,-1.1099787,1.3763201,1.847514,0.95833707,0.20506302,-1.0352281
-0.013172096,-1.0160855,-2.668461,-2.04744,-0.74650013,1.4162451,2.2985177,1.218443,-0.22603394,-0.53856295
0.06651328,-0.9959961,-2.2675145,-2.4121358,-0.49963662,1.2294569,1.5129306,1.066219,-0.29475537,-0.12093594
-0.039080214,-1.7046218,-3.1316774,-2.3173008,-0.72414047,0.9660484,1.6366584,1.3433123,0.12531157,-0.3478284
-0.47350538,-1.2620684,-2.8478189,-2.65205,-1.4104005,0.6061812,1.7477598,1.087812,0.33696687,-0.09395606
-0.39605016,-0.7092408,-2.7597766,-3.0164273,-0.89774257,0.902542,1.2496239,1.104103,0.5340009,-0.3693165
-1.0343853,-1.0635628,-3.8379269,-3.279485,-0.8557529,1.2806824,1.924101,1.277673,0.18143962,-0.6463142
-0.3307708,-1.2596395,-3.7630367,-3.7316904,-0.61182016,1.3375075,2.3471646,1.486587,-0.00044271658,-1.1569009
-0.40381303,-0.92825496,-2.964206,-3.4105039,-1.2722206,0.7254037,1.7633282,1.3106962,0.19357704,-0.54694355
-0.78618175,-1.7336516,-3.8532665,-3.4301012,-1.0043603,1.6221193,2.2421966,1.3311534,-0.1315303,-0.8005549
-0.55345225,-0.6044025,-2.5394309,-2.6407204,-0.80952716,0.8326976,1.5241559,1.0681442,-0.045459885,-0.13019982
-0.54999924,-1.3913875,-3.5748277,-3.1815484,-0.35935986,1.1270596,2.2286065,1.5259477,-0.29210973,-0.56767184
-0.5705875,-1.2776247,-3.6019747,-3.6884553,-0.9630491,1.6190453,2.360998,1.2735925,-0.115823984,-0.8268035
-0.24485865,-1.196279,-3.2453272,-2.3188078,-1.1582329,0.5179377,1.7326576,1.1438107,0.09216411,-0.6757813
-0.15403244,-1.2736967,-2.9016495,-2.7349777,-1.15612,1.5766399,2.478882,1.2566416,0.16412926,-0.002434405
-1.0496286,-1.3109933,-3.376207,-2.5789034,-1.2496502,0.73733187,1.6376113,1.0588881,-0.6681049,-0.21169928
-0.34576556,-0.9562902,-2.4881055,-2.8598568,-1.3712592,0.6311442,1.5584006,1.0180653,0.46472964,-0.3232727
-0.4618706,-0.74291915,-2.4537127,-2.6124177,-0.878564,1.0755386,1.368316,0.8769254,-0.20913891,-0.90630865
-0.7313533,-0.82590914,-2.2337406,-2.8158665,-1.080466,0.91178495,1.9534078,0.77042073,0.1825207,-1.2416021
-0.9821955,-1.0944853,-2.6131768,-3.1799645,-1.2945517,0.7802085,1.7281169,0.80497104,0.2998798,0.049763698
-0.117022194,-1.3914325,-2.6221383,-2.7146437,-1.1241764,0.79666066,1.2021643,0.81671154,0.4531685,-0.46416494
-1.1654317,-1.5538617,-3.4430184,-2.8376162,-1.6635951,0.47272858,1.371401,1.5112692,-0.24058919,-0.8427774
-0.06188387,-1.2007631,-2.6295106,-2.4100468,-0.9951334,1.4920179,2.3333056,1.2102042,-0.25737688,-0.26008636
-0.36030638,-1.2287182,-2.7910628,-2.864286,-1.1396543,0.719876,2.3994782,1.4897254,-0.5937707,-1.4877132
-0.64757925,-1.9031228,-3.836638,-3.8358986,-1.0497189,0.99660975,2.2096596,1.3882794,0.011304346,-1.1487674
0.10979705,-1.1534142,-2.7178745,-2.5692735,-1.1700225,0.19894047,1.7539223,1.042552,0.48556736,-0.7913382
-1.1920869,-0.8731247,-3.064149,-2.9373407,-0.4002377,0.84649223,1.4687274,1.0586971,0.088663585,-0.2313223
-1.0182931,-0.8329264,-3.0558848,-3.3850317,-0.76704234,0.7627053,1.3411175,0.9963398,-0.05656624,-0.7233661
-0.8874593,-1.1042607,-2.466467,-2.1236129,-1.1376126,0.6628053,1.0345865,0.6405445,-0.04139923,-0.68728834
-0.7285964,-1.6454422,-2.9219248,-3.133986,-0.68360364,1.679973,2.1067498,1.5963758,0.35873076,-0.50629395
-0.13351381,-1.2794807,-2.254836,-3.1030195,-1.0524514,1.228573,1.608518,0.8942296,0.09888206,-0.047646917
-0.4377628,-1.1848217,-2.3277807,-2.4444368,-0.45429167,1.2567112,1.1433772,0.99440145,0.1612699,-0.55591434
-0.395172,-0.86952835,-2.8000581,-2.816299,-1.1089575,0.78540784,1.6114968,1.0692724,0.13999024,-0.22203122
-0.730808,-1.1699405,-3.3283482,-2.9045763,-1.369045,1.197741,2.2430277,1.1375829,0.4780356,-0.1379508
-0.40250018,-1.0651424,-3.1725097,-2.8115025,-0.7476901,1.3816493,2.1923983,1.1508752,-0.20007206,-0.59490687
0.08353162,-1.6264696,-3.3172083,-3.1412055,-1.2132564,0.804523,2.1529548,1.7587014,0.72065675,-0.5334486
-0.36872992,-1.0185941,-3.0957422,-2.818821,-1.2112453,0.8069449,1.4078526,0.6990549,0.19911245,-0.68295175
-0.7028393,-0.4996753,-3.0435488,-3.1132774,-0.7052554,0.99243516,1.8313619,0.8537758,0.06722981,-0.52719826
-0.20928466,-0.6497625,-2.782918,-2.9226234,-0.8846343,1.5356454,1.5557716,0.9343336,-0.3374159,-0.53381455
-0.109907135,-1.2794957,-2.0552351,-1.7304446,-0.48091468,0.73583746,1.2191082,0.8019346,-0.31333384,-0.63086224
-0.21852617,-0.46774486,-2.594926,-2.3884726,-1.1108099,0.7640211,1.4364556,0.8228321,-0.22082621,-0.4801074
-0.10200191,-1.165493,-3.0892713,-2.8606825,-1.2345284,1.0993139,1.875965,0.8688837,0.3054508,-0.09489482
-0.70740795,-1.2069242,-3.4117987,-2.5677786,-0.61755323,1.2099327,2.1535394,1.0975677,-0.29576206,-0.6352491
-0.8574904,-1.0768046,-2.3246682,-2.5204217,-0.5231874,1.5200919,1.585661,0.7825972,0.2201783,-0.41203418
-0.93079764,-0.8480709,-2.700294,-2.338777,-0.73506504,1.0976471,1.9819351,1.0196785,-0.7930027,-0.8810237
0.012997192,-1.3449125,-3.5735748,-3.1933389,-0.9585256,1.1648079,1.6483694,1.4602729,-0.24039781,-0.6596343
-0.11261469,-0.64605814,-3.2742732,-2.9588063,-0.4849152,0.96649784,2.3047926,0.94528997,0.0940939,-0.47179505
-0.75128436,-0.7387839,-3.1454127,-2.4104655,-1.3096328,0.8474244,2.088815,1.0088273,0.016554419,-0.13120446
-0.35779104,-2.5685494,-3.904813,-3.3778458,-0.81523997,1.644651,2.5769944,1.0634909,0.045954973,-0.8236165
-0.7019781,-0.38609895,-2.3733459,-2.24159,-0.41590178,1.5729983,1.9599723,0.86365974,-0.24477924,-0.5820966
-0.008160341,-0.30846196,-1.4969431,-2.006476,-0.9677982,0.51221603,1.6816725,0.564248,-0.10548977,-0.2781238
-0.5745034,-1.4401836,-2.732456,-3.01327,-0.99958616,0.6029981,1.9907781,1.2635976,0.14285867,-0.08652855
-0.7424501,-1.4327637,-3.7481194,-3.6772015,-1.3092917,1.5315884,2.1374319,1.045865,0.0019887914,-0.79384756
-0.9209958,-0.9855319,-2.9500885,-2.1337655,-1.1115835,0.7681234,1.8548148,1.1547669,0.10857474,-0.16166899
-0.24830745,-1.1292592,-2.7414742,-2.5883608,-1.436128,0.75202984,1.4566302,1.085496,0.045029897,0.012011905
-0.6778167,-0.9061441,-2.96551,-3.5894532,-1.0399454,1.418833,1.9686837,1.2553644,0.17429562,-1.1450491
0.08193296,-0.38474905,-2.1110187,-2.684,-0.6813552,1.1899817,1.1137241,0.7289846,-0.19690128,-0.48680687
0.26995173,-0.5497399,-2.3674295,-2.6693454,-0.9371887,1.3773931,2.047098,1.3787339,0.21045685,0.031034071
-1.2052051,-1.2401892,-3.1854937,-3.2608318,-1.3888085,0.7371714,1.1117729,0.54544055,-0.15204062,-0.2605797
-0.9962322,-1.7273041,-3.9543347,-3.6413498,-1.2614945,0.4711453,2.1958168,1.464172,-0.27691042,-1.3225529
-0.7099198,-1.3433245,-2.9035528,-2.6823246,-0.9650755,1.2409006,1.2531834,0.2498877,-0.5056683,-0.9017175
-0.639484,-1.3903351,-3.6889303,-3.828037,-1.3384957,0.94740915,2.2077885,1.3500953,0.18112712,-0.87081224
-0.18342806,-1.8733181,-3.6399941,-2.798552,-0.89131176,1.5150714,1.8790059,1.3431538,-0.117201574,-0.54760236
-0.32049665,-0.22100347,-1.9191607,-1.9404014,-0.47700983,0.93088967,1.2384179,0.3214154,-0.055001713,-0.13431223
-0.435408,-1.6957701,-1.4851495,-1.2350723,-0.5434039,1.8725561,-2.2007883,0.46565711,-0.10549665,-0.8928345
-0.12082849,-1.0467316,-2.5934432,-2.32954,-0.9858036,0.61969525,1.7061332,0.76656324,0.36719298,-0.10165434
-0.77179956,-0.6891477,-3.1722374,-3.0239153,-1.0218233,1.022562,1.8559697,0.9747992,0.14444986,-0.5440359
-1.1006187,-0.8224987,-3.8947642,-3.4181442,-1.298528,1.6323801,1.8301964,1.7074503,-0.11215286,-0.18852496
-0.66676337,-0.81985956,-2.893297,-3.0313973,-1.5426798,0.36934412,1.4218155,1.4145502,0.35938385,-0.48940098
-0.63465893,-0.74033177,-2.8059177,-2.3277373,-1.1045351,0.5996847,1.3188905,0.7502856,-0.78324807,-0.7539154
-0.7668383,-1.7468439,-3.9014344,-3.6941068,-0.97920007,0.9368775,2.2281508,1.3255628,-0.27159554,-0.7351239
-0.4480746,-0.57600796,-2.4806957,-1.8766134,-0.86589015,0.9052702,1.3962636,0.83940333,-0.5105956,-0.39681178
-0.11764183,-0.9960818,-3.082907,-2.6013567,-0.8823924,0.6903951,1.4961803,0.96639633,0.057056542,-0.65564746
-0.9641781,-1.110554,-2.6946182,-2.0053742,-0.69085693,0.6891759,1.5819483,0.9694135,-0.26227096,-0.34546804
-0.33203667,-0.4479247,-2.2518814,-1.6741389,-0.8087271,0.13415067,0.64159554,0.5354873,0.07311765,-0.37195385
-0.66086924,-1.6055317,-3.491143,-3.6429179,-1.1374061,1.4912432,2.1833942,1.3412396,0.10003721,-0.8515426
-0.14606777,-0.9082582,-2.7921276,-2.5669022,-1.6759088,0.6583001,1.7293622,0.8293348,0.1365899,0.08257421
0.027475566,-0.61075795,-2.3576217,-2.5441535,-1.1425004,1.3257933,1.1132727,1.0930747,0.33917677,0.2842747
-0.6472461,-0.89114547,-1.573164,-2.3436177,-1.6015097,0.1602595,-0.14172707,-2.3014824,-0.13100785,-0.26887402
-0.13684236,-1.4654369,-3.0801232,-2.8959582,-1.296183,0.84693664,1.6660748,1.0030018,-0.31844953,-0.994324
-1.0746789,-0.93049914,-3.2226772,-2.8324184,-1.4634033,1.4315906,1.7729834,1.06392,0.08738145,-0.715025
-0.8249494,-1.3191738,-3.7078042,-3.4712877,-0.72320855,1.4145691,1.6132734,1.3139569,0.3834463,-0.45552874
0.15406743,-1.3101624,-3.1016674,-2.3238668,-0.6793479,1.0980543,1.6384008,1.1333625,0.070478894,0.32122648
-0.3568303,-1.4348658,-3.5322142,-3.5465074,-0.80873245,1.6754881,2.406593,1.5644157,0.573266,-0.7820868
-1.1460456,-1.4701948,-3.8931465,-3.7303984,-1.0690365,1.072701,1.9552791,1.7020793,0.31947118,-0.7845659
-0.83361244,-0.85578394,-2.9722703,-2.4117177,-0.6939443,1.1378497,1.5378233,0.659914,0.1879992,-0.98805314
-0.7571703,-1.5598063,-3.351611,-2.9947703,-1.2183136,0.7501734,1.6662614,1.31775,-0.21807893,-0.3901712
-0.4515796,-0.88358843,-2.680131,-2.618317,-0.5362452,1.620289,1.255405,1.0079321,0.19809471,-0.23996846
-1.1707951,-1.0448025,-2.4567056,-3.129296,-1.1817166,0.9575576,1.7545505,0.88166,0.29560804,-0.2728384
-0.610203,-1.084907,-2.488932,-3.1946177,-1.0818154,0.9366207,2.1309347,0.5810278,0.4554574,-0.009529551
-0.27481645,-0.49916366,-2.0546522,-2.8082056,-0.65026236,1.0957692,1.4189183,0.9472931,0.2396663,-0.52916795
-0.8147328,-1.8957608,-3.7123857,-3.7930303,-1.3102185,0.2941112,1.7842247,1.4288787,-0.065791324,-0.8860533
-0.6815415,-1.1342374,-3.2254038,-3.2541769,-0.6994192,0.8459207,1.6062325,1.1522901,0.2832112,-0.4090458
-0.25466937,-0.9794753,-2.554589,-2.092615,-0.4148242,1.2859695,1.685452,1.0558243,-0.12971427,-0.6616374
-1.2503213,-0.8302935,-2.0878587,-2.7266629,-0.8310873,0.58858085,1.1045558,0.87765276,-0.119171955,-0.5886241
-0.17517726,-1.171461,-2.9795175,-2.840793,-0.5792995,1.3149178,2.0344422,1.7113105,-0.28759935,-0.6242156
-0.5513576,-0.39278373,-1.9406502,-2.109014,-0.85983527,0.9782875,0.9872656,0.38935268,-0.042214893,0.22215794
-0.9199531,-1.7935742,-3.9322517,-4.1168175,-0.9317517,1.6878661,2.3182197,1.1110281,0.07246883,-0.7529436
-1.1459968,-1.1794811,-3.728319,-3.5977466,-1.1974086,1.6851315,2.2915573,0.82789916,0.14078774,-0.9936982
-0.63792056,-0.91398525,-3.014951,-3.9368365,-1.3534962,1.1627384,2.038262,1.4375798,0.3245863,-0.6659877
-1.1791474,-1.2208725,-3.6582305,-3.761297,-0.95287365,1.0678482,2.4956758,1.3809491,-0.12720767,-0.80573815
-0.81648284,-1.5375878,-3.7556114,-3.4961872,-1.2811878,0.95016533,1.6305913,1.5516082,0.63197446,-0.624424
-0.59444773,-0.80651546,-2.6667504,-2.2923098,-0.5783561,1.0340253,1.5475669,1.4595801,-0.114849925,-0.51650923
-0.71802604,-0.46648178,-2.4520392,-2.7175791,-1.023775,1.065317,1.8681349,0.864972,0.11471856,-0.1329702
-0.8357628,-1.77033,-3.320154,-2.995136,-1.2575511,0.7915314,1.3932264,0.85804045,-0.53179103,-0.45775977
-0.092743315,-0.15741552,-2.412187,-2.4190133,-0.58165735,0.8127964,1.6216344,1.1829736,0.3227118,-0.26146922
-0.69062316,-1.0429677,-3.5528018,-3.2084253,-1.1690732,0.44828424,1.7437536,1.3834585,-0.043246653,-0.7360632
-0.56610477,-1.1475148,-2.4298007,-2.6437933,-0.50028336,1.134557,1.7749739,0.9258914,0.5411234,-0.121505484
-0.9372339,-1.092262,-2.5619273,-2.1659064,-0.80537546,0.57611257,1.5583138,1.1518493,0.032479517,-0.28278026
-0.4712569,-1.3047389,-2.9219463,-3.0284157,-1.5790569,0.6377792,1.5767608,0.837997,-0.20540433,-0.18720259
-0.36847535,-1.3804998,-3.4695044,-3.0927384,-0.77066267,0.8596923,2.2343082,1.8790551,-0.5230156,-1.1177118
-0.7385019,-1.0059564,-2.673265,-2.7851732,-0.90308416,1.0549881,2.0965633,0.9490567,-0.630225,-0.7194266
-0.28796747,-0.49040195,-2.9372706,-2.5843215,-0.72041607,0.9150912,1.0400932,0.7266613,-0.2628715,-0.65110576
-0.0039925617,-1.0111111,-2.8587255,-2.6073828,-0.99725753,0.7731172,1.5891504,0.6817283,-0.22288714,-0.6504352
-0.44381285,-1.5346377,-3.7014232,-3.283394,-1.076677,0.9777351,1.7788888,1.4821335,0.12330814,-0.266315
0.021917295,-1.6515987,-3.7117825,-2.83158,-0.751123,1.7526882,2.383301,1.4952416,-0.23819317,-0.6656804
-0.5889271,-0.7614982,-3.4504359,-2.9012122,-1.3568274,1.0152123,1.7138771,0.9354201,0.33471373,-0.7190608
-0.59304315,-1.0093012,-3.8739333,-3.3271477,-1.0370134,1.1642925,1.350443,0.63994604,0.09346808,-0.24201494
-0.8007496,-0.9376338,-3.1460347,-2.5874488,-1.0839859,0.93616474,1.7273463,0.62881744,-0.6713182,-0.14598565
-0.8442713,-1.2484362,-3.168003,-3.4323623,-0.78618604,1.4038635,1.6969239,1.157228,0.5146383,-0.6860657
-0.68222827,-1.3750635,-3.0385098,-2.4037654,-1.3307185,0.7452943,1.4193,0.8514764,0.13084467,0.24761975
-0.5735609,-1.5444157,-3.4470663,-2.964948,-0.94060665,1.685897,2.5541565,1.6823848,-0.028242717,-1.1515992
-0.37020326,-1.6541153,-3.925976,-3.9029746,-1.4504527,1.1731608,2.2228546,1.664406,0.051773585,-0.23094432
0.23591301,-1.0163084,-2.9176013,-2.226959,-0.6034501,0.8283243,1.6595372,1.2640175,-0.2020851,-0.98537666
0.20512022,-0.78217834,-3.0502305,-2.4862006,-0.96506923,0.78341633,1.5792778,1.3646295,0.31391305,0.32551914
0.094941534,-0.72640616,-2.6812658,-2.248106,-0.41978326,1.338961,2.0671265,0.5887839,-0.65785277,-0.5794673
-1.0852319,-2.7008517,-4.0428724,-4.0578074,-1.2117677,0.9770363,2.3179798,1.5260805,-0.25986242,-0.7906146
-0.34220216,-1.5515554,-3.3255727,-2.7112901,-0.8283283,1.3990363,2.0122054,0.7766943,0.35378933,-1.0234323
-0.41004515,-1.0435848,-3.5498216,-3.0002577,-0.5339356,0.7240084,1.8667637,1.1848861,-0.12403266,-1.0579275
-0.39547622,-1.6104378,-2.5756638,-2.5383704,-1.3412011,0.8657876,1.9012129,0.9751364,0.35118958,-0.38993752
-0.6716899,-1.8760694,-3.9207907,-3.4941585,-0.812002,1.4091146,1.726175,1.268748,0.5282673,-0.7002727
-0.801822,-1.477028,-3.4667842,-3.458262,-1.2977107,1.0721653,1.6437092,0.6753054,-0.38708425,-0.40418768
-0.6076297,-1.7298117,-3.3108764,-2.310239,-0.9194158,0.9713449,2.0810273,1.68086,-0.37751597,-0.9944924
-0.23793213,-1.5499016,-3.2736044,-3.0914092,-0.6273863,1.1205796,1.8854996,1.0894406,0.3086585,-0.16208449
-0.8818398,-0.07990026,-2.5076387,-3.2415082,-0.9560296,0.5408162,1.272724,1.1586062,0.21629773,-0.545853
-0.5808585,-0.6234111,-1.9087217,-2.0953515,-0.8632801,0.934474,1.6728752,0.7644486,0.39142418,0.35918352
-0.7614095,-1.2004565,-3.1913643,-2.2627122,-0.7500554,1.0752951,1.3197176,0.98613167,-0.58497167,-0.75027263
-0.7078296,-0.809115,-1.7873942,-2.1362925,-0.7574593,1.0589477,1.3123295,0.6511398,-0.28710446,-0.4137927
-0.7438403,-1.1845275,-2.5124583,-2.759638,-1.1310141,1.1170788,1.6626084,0.91921437,-0.41109443,-0.89644384
0.09148924,-1.182482,-3.5493762,-2.9504642,-1.2651577,1.0751421,2.1246436,1.1000996,-0.10194483,0.18165214
-0.7330399,-0.04781532,-1.8613182,-2.1586115,-1.319024,0.3233942,1.4909389,0.4720093,-0.15757641,-0.10776968
-0.13584343,-0.8323109,-2.4039698,-2.2642817,-0.42343235,0.8819213,1.3945363,1.161855,-0.096120924,-0.47533974
0.06924927,-0.89145374,-2.5666225,-2.5961273,-0.8292108,1.2719762,2.3449376,0.4868024,-0.15985404,-0.10585751
-0.19702096,-1.2851102,-3.2520654,-3.006705,-1.4421396,0.7568686,1.8679756,1.0187598,0.09890927,-0.9014682
-1.4678336,-1.376252,-2.6539137,-2.885188,-0.50129753,0.8682724,1.4742689,0.6513368,-0.7303439,-0.66199106
-0.08570342,-0.95739466,-2.3661728,-2.3079715,-0.85300905,0.74014807,1.3941971,0.72226334,-0.6131826,-0.46212196
-0.54499614,-0.81758416,-2.7206318,-2.4879427,-0.95437956,0.22329023,0.907456,0.53373796,-0.13896972,-0.38028902
-0.13006541,-0.8318509,-2.6155915,-2.2685046,-1.2018727,0.7232358,1.474239,1.1207075,-0.19135235,-0.6576344
0.23426104,-1.2112287,-2.5773008,-2.1146278,-0.87000567,1.3691322,1.9359528,0.8829147,0.00054227747,0.10005528
-0.22902751,-0.8253232,-1.8464211,-2.4820647,-0.57013565,0.9688371,1.0664169,0.82086325,0.03435466,-0.6486415
-0.30382606,-1.2492478,-3.3779607,-3.0442445,-1.1018205,0.86536664,1.517177,0.84501946,-0.1258338,-0.66842043
-1.0860595,-1.9597307,-3.940196,-3.5033114,-1.0130717,1.0482184,2.1401448,1.5698084,-0.12403651,-1.3044721
-0.13173784,-1.4240286,-3.48204,-2.8152304,-0.24084997,1.5483853,2.4419243,1.6418554,-0.19799659,-0.85432625
-0.874273,-1.5592015,-3.8152058,-4.103825,-1.8576702,1.0550448,2.2730467,1.3639983,0.6061226,-0.28237367
-1.3182664,-2.6248684,-4.0451794,-3.7396514,-0.96824867,1.2812972,2.4203663,1.2898214,-0.412443,-1.2987082
-0.58209795,-1.2720959,-3.4937675,-3.0845106,-0.7412239,0.67033714,1.8563865,0.7064771,0.21418695,-0.2223528
-0.29590356,-1.3846294,-3.2486448,-2.7308629,-0.87857914,1.1474131,1.9161206,0.50032574,-0.27778062,-0.67955834
-0.60964614,-1.0433232,-2.98619,-3.114396,-0.9782395,1.1460155,1.5774268,0.657446,-0.6404762,-1.3093723
0.030170973,-0.8557221,-3.064398,-2.6818097,-0.65363616,1.129046,1.2060999,0.6611932,0.3106183,-0.66512066
-0.2956249,-1.5483307,-3.449048,-2.9258976,-1.3224283,0.8753533,1.5799167,1.0641044,-0.48197192,-1.0663544
-1.0489681,-1.3317387,-3.696731,-3.184121,-0.9867092,1.4490097,1.4777507,0.952639,0.26796484,-0.7399997
-0.6496296,-1.5104278,-3.241358,-3.2241461,-0.7558382,1.8069044,1.9342606,1.0076579,-0.67562884,-0.9909613
-0.26457196,-0.39026755,-2.2702885,-2.9581509,-1.4228925,0.37129125,0.8517269,1.022912,0.37976065,-0.10402556
-0.18923393,-0.7838172,-2.3326974,-2.0780213,-0.9436754,1.3159645,1.6694489,1.0124474,-0.13178425,-0.62604463
-0.36512753,-1.3124453,-3.1532311,-2.7414393,-1.060602,1.0808839,1.8116235,0.6176583,-0.21232587,-0.09816785
-0.4660903,-0.7903839,-2.2090886,-2.3583057,-0.508502,1.0921878,1.5957202,0.7931988,0.1327536,-0.2577363
-0.36182654,-1.4014388,-3.2292337,-3.0276186,-1.0799451,1.1825697,2.1512616,1.5161533,0.12887393,-0.8591225
-1.0586193,-1.8592016,-3.704581,-3.4237583,-1.2872789,0.798384,2.1024625,1.458931,0.027572386,-1.3270868
-0.95164514,-0.74203,-2.5550618,-3.2123609,-1.6621684,-1.3904477,0.64598054,0.865633,0.6748127,-0.0365086
-0.0838519,-0.7672166,-2.84622,-2.9840884,-1.0812223,0.9118095,1.1548511,0.840543,-0.0717776,0.1076157
-0.1550726,-1.2978687,-3.522875,-2.4719954,-0.5793715,1.6928225,2.007709,1.0595005,0.31327105,-0.7765391
-0.19577754,-1.0595312,-3.4229136,-2.9836898,-1.3472143,0.8022847,2.1394496,1.22111,-0.11388809,-0.6170482
-0.21307957,-1.6045753,-3.691399,-3.3803582,-1.2461543,1.2406495,2.1635888,1.5295352,-0.19997713,-0.82109773
-0.4829459,-1.1148161,-3.5501924,-3.5770433,-0.77539414,1.7121496,2.1864955,1.1662469,-0.094075024,-0.3464424
-0.75183815,-0.67166704,-2.2583017,-2.2746563,-0.74940145,1.0843518,1.456097,0.5869666,-0.13000502,-0.9688372
-0.9268919,-0.8477744,-2.8767555,-3.072981,-1.3922569,0.8479684,1.5381161,1.2208378,0.40737563,0.011400568
-0.066558756,-0.9416218,-3.0988984,-2.9021938,-1.097538,1.1167012,1.4793355,1.3812848,0.23061825,-0.3775989
-0.42636678,-1.0181612,-3.1493478,-2.7014945,-0.5698969,0.80859226,1.6877921,1.0719111,-0.12978815,-0.067009725
-0.6126531,-0.8127706,-1.8846933,-2.287175,-0.9898544,1.1208711,1.307464,0.54540825,0.18713072,-0.16478606
-1.0266284,-0.4226593,-2.8844836,-2.4131134,-0.5071353,1.2271729,1.7251272,1.0297982,0.0071642585,0.26441005
-0.1867171,-1.471797,-2.896873,-3.5380592,-0.9256176,1.2527413,1.9541374,1.1024628,0.19276777,0.32493377
-0.95966125,-1.3657976,-3.5818925,-3.305496,-1.0702847,1.2038876,1.5824999,1.4150698,-0.34964463,-1.3872745
-1.1647104,-0.449239,-3.0977793,-3.3415015,-1.0240492,1.0727268,1.7625533,0.4388935,-0.35826683,-0.8140566
-0.6284409,-0.76146114,-2.0080636,-1.836539,-1.0607032,1.5791817,2.014931,0.63134134,-0.09534602,-0.5056019
-0.77060527,-1.1548736,-3.041642,-3.0346618,-1.0518191,0.779621,1.8007753,1.3946193,0.04678856,-1.0540087
-0.6838864,-1.2870065,-2.7543,-2.720458,-0.82254833,1.0576456,1.3771174,0.69887143,-0.20210025,-0.26012656
-0.5561635,-1.2084293,-2.4262516,-2.3526034,-0.52682143,1.355161,1.1704768,1.040836,-0.116926126,-0.44921732
0.07249845,-1.1357872,-2.795184,-2.7419455,-1.0911332,1.1000079,1.7764785,1.5285115,-0.2380833,-0.8559278
-1.1200624,-0.58783734,-2.3298678,-2.5721257,-0.9262871,0.9458006,1.0017223,0.6208149,-0.31987116,-0.4046037
-1.3023989,-0.9546079,-3.283443,-2.7051785,-1.3625423,0.45996267,1.5227213,1.0097396,0.19578496,-0.03582819
-0.7293032,-1.1834942,-3.5528913,-3.9916766,-1.4648811,1.1491042,2.1830356,0.67160225,-0.04564501,-0.7096672
-0.5199691,-0.9756205,-3.228097,-2.9439359,-1.036626,0.8910126,1.7807744,1.2698638,0.1843401,-0.53708076
-0.6866738,-0.86510056,-2.5580876,-2.0533822,-0.7134847,1.5655239,1.603195,0.42349717,-0.109542064,-0.44240946
-0.24560033,-1.6261572,-3.8748775,-3.3130655,-0.8190169,1.8183374,2.4090452,1.5787101,0.03526855,-0.75172675
-0.7927673,-1.8164685,-3.4241574,-3.336625,-0.91995245,1.4737394,2.4585,1.9612254,-0.078878425,-1.7351266
-0.39968643,-1.0079345,-3.2186186,-3.2924953,-1.5084652,1.224765,2.2154396,1.8720186,-0.003543932,-0.7997886
0.2330198,-1.3024697,-3.0823772,-2.5424619,-1.126452,1.1421709,1.9489719,1.233274,0.18363303,-0.21186782
-0.6803945,-2.2822783,-3.1169693,-3.263525,-1.2736169,1.6935945,2.2027946,1.3492441,-0.1343019,-0.76882225
-0.8342529,-1.4953457,-3.7684078,-3.261292,-1.1174848,1.2011027,1.8476845,1.3713135,0.2381539,-0.9153426
-0.06407862,-1.3073441,-3.1378398,-2.658362,-0.6170149,1.073784,1.7326512,0.8986293,-0.33432043,-0.56338197
0.20923282,-0.9018602,-3.0065715,-2.8854558,-1.363742,1.3082738,1.8889138,1.042201,-0.3928386,-0.6610248
-0.47871637,-1.7137598,-3.7408738,-3.1857657,-0.612068,1.5249949,2.327333,0.9281109,-0.18463078,-0.6523059
-0.3221652,-1.567243,-3.829858,-3.4514313,-1.53442,0.9040364,2.375513,1.625914,0.12805478,-0.71572727
-0.32636023,-0.9589799,-2.5395858,-2.4394639,-0.9600845,0.9120561,1.3860662,0.5682645,0.18708925,-0.27943078
-0.6155346,-0.9861701,-1.7947772,-2.1136432,-0.42648494,1.0605047,1.1268976,0.93656445,0.060414568,-0.4304907
-0.36492547,-1.4684968,-3.9559238,-3.8308716,-1.4889491,0.7916272,2.2094855,1.7107589,0.30833933,-0.028225426
-0.40702945,-0.751454,-2.5389664,-1.9975033,-0.72291267,1.1441327,1.4882983,0.88749075,-0.17465588,-0.74236417
-0.49923977,-1.6834085,-3.8815503,-3.256727,-1.2161165,1.007502,1.8073546,1.2725284,0.04727597,-0.16707084
-0.93060184,-0.29752573,-2.5452473,-2.5578797,-0.77394533,1.0543673,1.1430223,1.1303988,0.21713322,-0.5526277
-0.639839,-1.1189148,-3.5505164,-3.0087743,-0.7230231,1.1011922,1.6684426,1.2082821,-0.40608516,-0.7540168
-0.7015674,-1.1614823,-2.8386173,-2.6115305,-0.42079848,1.237882,1.1806078,0.99176013,-0.5688359,-0.23243763
-0.08155376,-0.9856408,-3.0763147,-2.7201464,-1.123583,1.3080567,1.984033,1.3059096,0.19170709,-0.08465596
-0.6348908,-0.89157313,-2.9622543,-2.7998738,-0.8942421,-0.024863604,1.4508529,0.48055798,0.23426999,-0.63549274
-0.86351293,-0.79432803,-3.278941,-2.309368,-0.89550203,1.063863,1.2371542,0.89911544,-0.029553322,-0.24579288
-1.4358336,-0.9642866,-2.3866897,-2.491194,-0.7791669,0.93577355,1.5798006,1.1297034,-0.33601552,-0.7092971
-0.8219895,-2.019527,-3.8080914,-3.6468737,-1.0695981,1.0481055,2.1831753,1.2304032,0.2469007,-1.1140461
-0.45400074,-1.1528062,-2.7970295,-2.6599913,-1.1385282,0.95004404,1.7972975,1.1995896,0.41864792,-0.5474553
-0.638327,-1.5892191,-3.4887154,-2.6239142,-1.328768,1.0888593,1.6965287,1.1675246,-0.048002806,-0.652089
-0.631998,-0.9370783,-2.753041,-2.4503706,-0.9313726,0.8321832,2.0984101,0.9524307,-0.18376368,-0.28329074
-0.5614535,-0.77725995,-2.981991,-2.1677465,-0.85209924,1.0133882,1.3625987,1.2349215,0.2585965,-0.14371109
-0.26826724,-1.0414525,-3.1528046,-3.571243,-1.2001071,0.32717314,1.6309953,0.99322474,0.586744,-0.071949854
-0.4667971,-1.6723245,-3.2783902,-3.050224,-0.9678767,1.1535044,1.9434384,0.76196414,0.0806565,-0.537736
0.22895193,-1.1888466,-2.9780228,-2.5612671,-0.6197029,0.9493773,1.8949478,1.3435643,-0.0031225786,-0.57184774
-0.09659558,-0.9254494,-2.6249945,-2.22405,-0.43792632,1.4006666,1.9230969,0.74128234,0.05838133,-0.7599088
-0.58808917,-1.3063092,-2.553495,-2.841518,-1.0242422,0.951472,1.4513541,0.9129511,0.14377509,-0.7087279
-0.6297004,-0.9844139,-2.7293792,-3.0472279,-0.63619286,1.6408836,1.7177271,1.2568327,0.18817101,-1.0522003
-1.3015072,-1.0713922,-3.5855522,-3.8900325,-1.2020111,0.89170873,1.7316147,0.7850247,-0.15128502,-0.7688855
-0.31586257,-0.57336473,-2.6470032,-2.3339431,-0.91450614,0.7202065,1.8087453,1.012658,-0.047499992,0.4745253
-0.8482994,-1.4095992,-3.5539958,-3.3651888,-0.76131827,1.0872985,1.8022587,1.2384096,0.06347993,-0.63470554
-0.22425225,-1.3778862,-3.0000746,-3.044275,-0.80668664,1.6058092,2.2745607,1.2386473,0.047849465,-1.282219
0.19160311,-1.4463266,-2.4223256,-2.5919683,-0.9319457,1.2845665,2.1362305,0.89442843,0.11222017,-0.5564851
-1.0008088,-1.3373468,-2.475145,-2.166047,-1.0236381,0.4087293,1.4222159,0.9411721,-0.12831318,-0.40928206
-0.35983795,-0.7634961,-2.765623,-3.0261858,-0.8603045,0.95049053,1.9276886,0.5673424,-0.012274759,-0.32998458
-0.09875775,-1.6286222,-3.8234522,-3.2410243,-0.73455733,1.5933493,2.3533652,1.6014698,0.60312486,-0.6841102
-0.26879987,-1.6399678,-2.9175577,-2.0964003,-0.7298487,0.8062694,2.109208,1.407917,-0.33744735,-0.44496924
-0.31383324,-0.7274304,-2.271841,-2.627121,-0.88927656,1.3355434,1.666304,0.75059336,0.13669388,0.10898737
-1.0007598,-1.2308115,-3.1018362,-2.5903058,-0.5191712,1.0761766,1.2310238,0.86201763,0.24151303,-0.27319238
-0.5056699,-1.5680261,-3.703658,-3.476656,-1.1836442,1.5916046,2.2273598,1.3181671,-0.14368992,-1.4531217
-0.65972316,-0.09172459,-1.7402829,-2.5105777,-0.97569233,0.9467454,1.0444491,0.88208663,-0.0045378716,-0.6319923
-1.5667944,-0.9407293,-3.1620123,-3.4643505,-0.7433346,0.95719093,0.9195915,0.6345034,0.22767472,-0.06218432
-0.87589777,-1.165339,-3.2068965,-3.3354402,-1.2591842,0.85266453,1.5702573,0.6947582,0.18304095,-0.40950298
-0.8929793,-0.64696175,-1.9309086,-2.1364818,-0.40138617,1.280982,1.2922505,0.6811532,-0.25902516,-0.54376364
-1.0294061,-1.5624485,-3.5669084,-2.6563597,-1.3530614,1.4423689,1.8163952,0.9880666,-0.17472738,-0.53135055
-1.259325,-0.7145131,-1.7651312,-2.144429,-1.197772,0.9818492,1.4410872,0.4557799,-0.2129962,0.025194585
-0.43622655,-0.99220777,-2.723199,-2.5179539,-1.2865292,1.1626854,2.1018617,1.4409068,0.20907332,-0.32488617
-0.9028835,-1.2437217,-3.2177424,-2.6838171,-0.44112325,1.1341511,1.6630511,1.2673056,0.2857553,-1.2378627
-0.44653907,-1.3245358,-2.706279,-2.5268407,-1.0404234,0.7939477,1.3575974,0.7149425,-0.18145518,-0.16596244
-0.39060223,-1.2103077,-2.715604,-2.7459002,-1.0600495,0.76255244,1.6755842,0.8357234,0.3304939,-0.45581165
-0.8082525,-0.7807122,-2.3505478,-2.3038485,-1.1146083,0.680534,1.5483397,0.979712,-0.055931494,-0.26630795
-0.9140512,-0.9925923,-2.74793,-2.8115973,-1.3308223,0.6034074,1.1497207,1.2939662,0.17204323,-0.25178775
-1.2421331,-1.0361485,-2.7623699,-2.8068361,-1.3488133,0.8763543,1.7866659,1.3345461,0.24732898,-0.8913825
-0.038488343,-0.93209946,-3.533249,-3.3606215,-0.9092827,1.277771,2.130447,1.7891654,0.421743,-0.28350645
-0.85116225,-1.7357447,-3.2645247,-2.6332881,-1.0788122,0.9341933,1.499882,0.6723775,0.12401165,-0.5193137
-0.73778707,-1.4589833,-3.3144424,-3.3181489,-1.0671926,1.2607118,2.1115973,1.4398092,0.028869258,-1.1791655
-0.54085,-1.6674494,-3.5347707,-3.8762875,-1.5701277,1.1391143,2.1907222,1.0558711,0.050282415,-0.36657435
-0.9497253,-0.9986743,-3.023124,-2.920104,-0.55191815,1.2479467,2.0795753,0.95015043,-0.59141743,-0.7771934
-0.2512479,-1.2438191,-3.113915,-3.012014,-0.7871343,0.7310411,1.3270184,1.042472,0.24248539,-0.3672157
-1.3560097,-0.76362985,-2.712917,-3.1915534,-1.3728932,1.1723992,1.4240433,0.79000396,-0.22440527,0.015531376
-0.9858175,-0.61770815,-2.6348972,-2.302913,-1.1193987,0.018375939,1.0966401,0.43854195,0.21908139,-0.057413302
-0.73810047,-1.3948005,-3.5611472,-2.7643416,-0.58101803,0.94210005,1.327441,0.80798984,0.17633125,-0.06902641
-0.6659513,-1.2833414,-3.7673934,-3.610255,-1.0731217,1.091671,2.1334674,1.5880091,-0.5364443,-0.83076084
-0.5807799,-1.1320419,-2.8679166,-2.4982057,-0.4912416,0.9984074,1.7747127,1.4036398,0.14869559,-0.0012812727
-0.3114321,-1.0317125,-2.778548,-3.426933,-1.2547635,1.1187375,2.069645,0.75153565,0.22120044,0.07584297
-0.58858037,-1.492474,-3.7095788,-3.422405,-1.0300038,0.7612024,1.9118098,1.659703,0.026588546,-1.3084891
-1.0814062,-1.1873132,-3.8166373,-3.6553755,-1.0571796,0.9316143,1.5351653,1.1617004,0.24379016,0.12317106
-0.52849084,-1.2908709,-3.3265662,-3.0426543,-1.1875484,1.6342052,2.0349686,1.1009308,-0.29392993,-0.86172295
-1.4949487,-0.8141261,-3.2250655,-3.2619698,-1.2755661,1.236578,1.7942822,0.6686142,-0.05007642,-0.6829994
-0.46509516,-1.7613513,-3.7395651,-3.2731044,-1.1493579,1.1158766,1.8071649,1.1942747,0.19503471,-0.9935371
-0.79180247,-1.335305,-2.479959,-2.8995533,-1.3491956,1.0278214,1.7853079,1.2612343,0.08803752,-0.53153205
-0.24450335,-0.683611,-2.473149,-2.3068087,-1.0138797,1.4609787,1.5735859,0.90682423,-0.06956624,-0.12922083
-1.3948528,-1.7040697,-3.5835693,-2.9742234,-0.4284351,1.6270432,2.2433603,1.0220294,0.17724417,-0.8315289
-0.47321418,-1.0412712,-2.2038918,-2.9362593,-1.3643367,1.0442426,1.510901,0.5625193,0.07330407,-0.48732182
-0.6620859,-1.5438342,-3.920823,-3.5943413,-0.6967332,0.8594399,1.9803349,1.2192649,-0.23331751,-1.1559294
-0.33044994,-1.2008182,-2.402858,-2.1409206,-0.90705836,0.4858745,1.6036391,1.3131297,-0.4715916,-0.6460903
-0.6902226,-0.823873,-3.413216,-2.4632704,-1.0011059,1.2519022,2.2845976,1.7021407,0.38033357,-0.51999277
-0.91450703,-1.5697913,-3.5864556,-3.0379074,-0.71919763,1.5479685,1.699472,0.8494283,0.05038853,-0.9253933
-0.44185755,-1.497026,-3.7041364,-3.0319135,-1.0800958,1.502741,2.0907407,1.0434966,0.33888078,-0.95662326
-0.33152097,-1.3193415,-3.317779,-2.8182054,-1.0889252,0.8856079,1.8390666,1.4145583,0.3723682,-0.7098302
-0.07879009,-0.9091247,-2.1022825,-2.5247931,-0.86105204,1.0214164,1.484223,0.71932787,0.28427702,-0.30789495
0.27325723,-0.7896675,-2.7676964,-2.8948085,-1.1963773,0.999765,1.7233694,0.82304233,0.004974344,0.41183504
0.20658857,-0.08256836,-2.5910788,-2.010226,-0.62677157,0.9774497,1.8252057,0.75579655,0.19070753,-0.00014373282
-0.21053782,-0.8108449,-2.9505744,-2.9828298,-1.3564125,1.3301871,2.142838,1.3518038,-0.06986523,-0.45301142
-1.6294776,-1.2120682,-3.1110625,-3.2411823,-1.2176421,0.5158514,1.6393403,1.2319845,0.36532488,-0.29640934
-0.26737958,-1.6570957,-3.8838315,-3.6730015,-1.1811415,1.0778373,2.1038013,1.2700636,0.07552403,-0.7375452
-0.27660882,-0.9761487,-2.170143,-1.8638518,-0.8167634,0.8984599,1.066532,0.8333872,-0.14470743,0.007510999
-0.57530135,-0.7282058,-2.5059006,-2.970305,-0.7681768,0.49855754,1.3859534,0.8822403,0.3793302,-0.5061054
-0.12077916,-1.5585935,-3.2676573,-2.744181,-1.096363,1.0233957,1.6280582,1.3858763,-0.031239046,-0.58565533
-0.8904614,-1.607622,-3.4936414,-2.8965507,-0.80544895,1.5277896,2.0641055,1.2036407,-0.09349613,-0.46612695
-0.53326637,-1.1697237,-2.9635372,-2.5234795,-0.8551457,1.3068398,1.4350765,0.6233804,-0.47723627,-0.6706544
-0.11073088,-1.346609,-3.8140826,-3.831207,-1.3661911,1.6091833,2.357815,1.6323345,0.86363417,0.020341631
0.061955888,-1.5026454,-3.243179,-2.2378826,-0.92101306,1.5238427,2.315909,1.2724762,-0.25082183,-0.7920894
-1.0807482,-1.5704635,-3.8213396,-3.0018694,-1.242375,0.76340973,1.5916404,1.7601126,0.29589882,-0.8974684
-1.1891847,-1.331176,-3.6990716,-3.425259,-0.8782189,0.9330145,1.8472487,1.352958,0.248231,-0.13699558
-0.7535517,-2.2217956,-3.7779474,-3.2484736,-1.4162626,0.6215852,1.30697,0.86046815,-0.029731454,-1.3895177
-0.85836846,-0.5904089,-2.2100654,-2.3047416,-1.3998733,0.93187344,1.2326063,0.750269,0.11265725,0.014556777
-0.98768693,-1.099909,-2.811292,-2.716907,-0.8665388,0.6248817,1.3744357,0.7647295,-0.3135659,-0.6955129
-0.2078293,-0.36181724,-2.752592,-2.071485,-0.49005806,1.1769665,1.8269153,0.6892736,-0.10535311,0.031312298
-0.25995314,-1.0996093,-2.5897672,-2.4364245,-1.0009228,0.59320927,1.269252,0.8451516,0.50595874,-0.47171164
-0.36283934,-1.0889833,-2.7826455,-2.2010708,-0.8914245,1.3840672,1.8414118,1.2018831,-0.06907976,-0.32168853
-0.7596612,-1.1757934,-2.9484138,-3.1129224,-0.56455725,1.2549446,1.8716223,1.4600427,0.21599555,-1.3279636
-0.08512466,-0.82943285,-2.431002,-2.5171416,-0.62161803,0.75271606,1.3262773,1.0621257,-0.11419245,-0.5359972
-0.67061234,-0.6608143,-2.9770548,-2.951831,-1.2810521,0.7834612,1.4058622,0.915219,-0.3121143,-0.43233627
-0.7998013,-1.1971728,-3.1755555,-2.6369607,-1.4934042,0.94386315,1.743082,1.0230379,-0.12915078,-0.6559491
-0.4621138,-0.9495318,-3.0735793,-2.6414466,-1.3584014,1.4100658,1.9792274,1.5395278,0.20112468,-0.49343938
-0.11556972,-1.4101118,-2.9176803,-2.8887515,-1.4288505,0.93448365,1.5673811,0.83555406,0.21692085,-0.50406384
-0.5880585,-1.3562276,-2.6964543,-2.212657,-0.7460927,0.41673085,1.3590219,1.2188381,0.02773202,-0.26439837
-0.56854177,-1.6002464,-3.2561162,-3.32085,-1.2241532,1.0302421,2.380861,1.2170817,0.16221374,-0.8047118
-0.018859329,-2.7130554,-2.7234583,-2.3635552,-1.4374402,0.8082759,2.2119489,1.1255379,-0.1824138,0.059145506
-0.019460555,-0.76904106,-2.9677775,-2.501538,-0.8960975,1.0585057,2.0293317,1.1529977,-0.03159998,-0.38042894
-0.37913382,-1.325929,-2.4923418,-2.4388633,-1.0100592,0.9518106,1.6564096,0.80860895,0.11720293,0.03512684
-0.55328023,-1.3072392,-3.2104306,-2.8694725,-1.5874743,0.051407956,1.6382934,1.4097561,0.27458706,-0.66920817
-0.3808598,-1.8898625,-3.631444,-3.7007544,-1.4495397,0.9052426,1.9366252,1.0946898,0.031308673,-0.4738998
-0.076985925,-1.624715,-2.7251232,-2.5284846,-1.3041086,1.1329317,2.1411781,1.3971441,0.035759274,-0.9194848
-1.171079,-1.7628918,-3.4127338,-3.762075,-1.4592785,1.0499048,2.0490267,1.3429449,0.36091894,-0.20266464
-1.1364279,-1.4430968,-2.4939318,-3.0676086,-1.2231847,0.7413834,1.781714,1.0938481,-0.4162734,-0.94149834
-0.6195432,-1.8395115,-3.8613343,-3.7532632,-1.490466,1.1602246,2.0125375,1.4674032,0.05388956,-0.87377614
-0.94127977,-0.80669713,-2.6206295,-2.4857605,-0.89530814,0.871536,1.4242611,1.1170806,-0.15973602,-0.11784667
-0.98363227,-1.4868205,-3.9637187,-3.4810195,-0.667771,1.4324174,2.0052018,1.1551955,0.21226572,-0.4625759
-0.7038707,-1.0455661,-3.222102,-3.4177194,-0.8577346,1.3029091,2.2993827,0.9427518,-0.4203982,-1.1828948
-0.6228037,-1.134353,-2.7400336,-2.7482257,-1.4732295,0.09070054,1.3790834,1.0879283,-0.074351504,-0.547123
0.18806042,-1.3309623,-2.5622237,-2.026398,-0.7915796,1.2053032,1.5760946,1.1036246,-0.11484406,-0.6812473
-0.37759468,-1.1396937,-3.280974,-2.7814522,-1.5528541,0.6233016,1.5740455,0.9847898,0.24628232,-0.055045232
-0.3721801,-1.3277007,-2.527727,-2.4324133,-1.0541981,0.9895748,2.0572853,1.0836475,-0.8120781,-0.9305655
-0.6653744,-1.134756,-3.1787446,-3.2596147,-1.021289,1.3180494,1.4527184,0.6479995,-0.13448066,-0.76371056
-0.4624034,-0.9050201,-2.9568105,-3.030955,-1.0981585,1.3703448,1.8721182,1.3041799,-0.17191459,-0.64996064
-0.5552912,-0.7429778,-2.8754146,-3.7036335,-1.2559358,0.5710241,1.6304134,1.2351867,-0.13592373,-0.25805643
-0.9303804,-1.9505119,-3.8739169,-3.0358543,-1.2370533,0.8690023,1.3470575,0.93434095,-0.13010947,-0.54878503
-0.6279733,-0.92869973,-3.2119188,-3.1849353,-0.9167365,1.1692795,2.0407243,0.73600984,0.14483376,0.0018279671
-0.20859438,-1.4994178,-3.557419,-3.2472892,-1.1620951,0.98331714,2.2252507,1.7393956,0.037329335,-0.7467624
-0.07913639,0.058860634,-2.4255483,-2.3942347,-0.82349396,1.0870515,1.5734553,0.9335767,0.3979062,0.08707723
-0.54833186,-0.6434588,-2.1872587,-2.20133,-0.9122199,1.1978376,1.4964694,0.8894967,-0.15685415,-0.33984149
-0.29009077,-0.6483871,-3.2752426,-3.1430235,-1.0576679,1.1058583,1.2383857,1.0179605,-0.1541239,-0.42973313
-0.6204939,-1.0637934,-2.891183,-3.2510302,-0.9270707,1.0743421,1.7373637,1.0426879,-0.4098104,-0.83031756
-0.48458305,-0.9597172,-2.2372367,-2.3890324,-0.93939215,0.5564946,1.7305362,0.9646101,-0.004713544,-0.63956136
-0.1517328,-1.2067177,-2.6514502,-2.3188787,-0.8290888,1.2238141,1.297727,0.5270656,-0.39333743,-0.401264
-0.39410895,-0.73594195,-2.3930523,-2.184698,-0.6521952,0.59296197,1.4205717,0.63029224,0.10491992,-0.35139555
-0.052604586,-1.0863475,-2.3529475,-2.6829576,-0.92008823,1.2092423,1.6908237,0.92603445,0.3644962,-0.31799585
-0.4955879,-1.4122651,-3.7940102,-3.3522067,-0.6480622,1.0544049,2.0374224,1.4718999,0.3975139,-0.012146167
-0.21425784,-0.9182366,-3.1982274,-2.6608727,-1.5811411,1.2917281,1.9961839,0.5595975,-0.09658381,-0.43366244
-0.17528415,-0.048280656,-1.8953909,-1.7411199,-0.40148997,1.0048581,2.2986536,0.6619481,0.001518828,-0.19165643
-0.8051834,-1.2916322,-2.0261998,-2.5944338,-1.048174,0.36812863,1.2687162,0.46459332,-0.24382402,0.027120424
-0.91102934,-1.0139836,-2.6885946,-2.3695474,-1.6863868,0.37554675,1.2474263,0.57076466,-0.37020358,-0.78923845
-0.20492785,-1.0450156,-3.1187887,-2.7604647,-0.8377438,0.9589484,1.9187267,1.4104192,-0.40933374,-0.2254506
-1.2611626,-1.1842971,-2.6896038,-2.778431,-0.98830026,0.7649293,1.4993091,0.80421585,0.08683169,-0.032792058
-0.55324244,-0.7467607,-1.8614078,-2.3718195,-1.2374022,0.5701623,0.9247561,0.8957721,-0.030982567,-0.19471861
-0.364473,-1.0184283,-3.8636715,-3.4636025,-0.7376583,1.4168773,2.3398826,0.9085171,-0.39103606,-0.40886056
-0.5559619,-0.8653778,-3.2011137,-3.277165,-1.2342702,0.64260113,1.595875,0.30098662,0.060242206,-0.07173209
-0.6455051,-0.491855,-2.2679183,-2.085938,-0.82345456,1.4495692,1.71819,0.46249253,-0.013372056,-0.3196002
-1.3894295,-1.2801399,-2.5047622,-3.3250198,-0.8983992,0.8878177,1.6806331,0.8611018,0.22750404,-0.82475525
-0.7006788,-0.49457017,-2.4344964,-2.766152,-1.2239547,0.5111115,1.397598,0.9966316,0.34946823,-0.601051
-0.84658796,-0.84960127,-3.005582,-3.094102,-0.7464758,1.5588639,1.7906244,1.5356445,-0.2989435,-0.5718683
-0.53862435,-1.0295774,-2.9638584,-2.4784033,-0.6064689,0.7387475,1.1075189,0.83600533,0.18454015,-0.79343987
-1.1734437,-1.2320969,-2.5898852,-2.3996155,-1.2742962,0.525053,1.144895,1.1386503,0.28797412,-0.22378199
-0.95048815,-1.2775332,-3.5018716,-3.0932505,-1.0386895,0.9298086,1.6356801,0.7188041,0.0939973,-0.5175847
5.093361,-1.7034843,-2.4693182,-2.1707203,-0.7995388,1.4832325,2.4335086,1.436592,-0.16821848,-0.9043497
-0.400749,-2.1280932,-3.701752,-3.0603824,-0.8188687,1.1852486,2.327533,1.6260043,0.08713986,-0.7661537
-0.7678389,-1.3239557,-3.4153514,-3.8040028,-1.7628186,1.0607197,1.5285244,1.2410725,0.83598924,-0.6410692
-0.5071783,-1.2137675,-3.684146,-2.9150407,-1.1709951,1.1845909,2.3200574,1.1324273,-0.12936199,-0.30702168
-0.27324173,-1.0494909,-2.7072282,-2.5095587,-0.81726414,1.4324981,1.8526787,1.2325702,-0.11934539,-0.16675282
-1.0188154,-1.4958309,-3.322321,-3.3075995,-0.8214267,1.0524213,1.6091805,1.310629,-0.1428604,-1.2919782
-0.90255606,-1.5406219,-3.2751327,-2.6257699,-0.7003703,0.91810167,1.8444157,1.400172,0.20263325,-0.6858919
-1.2072126,-1.2068056,-3.3173897,-3.289886,-1.046352,1.2401935,1.0525701,0.7734106,0.31076354,-0.82597953
-0.7319217,-1.2111928,-2.7537856,-2.6452417,-1.3356221,1.0501101,1.7581979,1.2309204,-0.05578381,-0.3205992
-0.28601035,-1.0214204,-2.5961204,-2.4223335,-1.0531315,1.1041706,1.6713567,0.725916,-0.15870951,-0.28713575
-0.5524142,-1.3686883,-3.665316,-3.8266172,-1.4535158,1.1886287,2.241557,1.6339822,0.36583105,-0.8792101
-1.0077899,-0.8918448,-2.378205,-2.7375076,-0.94058573,0.8910981,1.6736612,0.828862,0.11447207,0.07312725
-0.2137987,-1.1843992,-3.4349945,-3.3814044,-1.3022332,0.6362964,2.0949826,1.4470417,0.11943062,0.0016181112
-0.3551843,-1.5461894,-3.5315535,-2.945346,-0.69143003,0.8905865,1.2374676,0.71642786,-0.21777008,-0.52704906
-0.08128519,-1.0644135,-2.1601741,-2.1425028,-0.5948763,1.043849,1.0276581,0.7501019,-0.32849315,-0.8584737
-1.2079751,-1.1439404,-3.3281238,-2.8413649,-0.9869595,1.6603329,1.7509913,0.77177006,0.15224594,-0.46041352
-0.40605745,-1.4031386,-3.3751101,-2.5907052,-0.99828726,1.3304324,2.3131459,1.8877412,-0.45246744,-1.0633651
-0.558155,-1.1437672,-3.2540479,-2.7499561,-1.0830145,0.78058386,1.9998094,1.5501263,-0.020246945,-0.84512365
-0.14385669,-0.8411128,-3.077411,-2.5241892,-0.7677892,1.1754638,1.5502607,0.7826531,0.08378293,0.0855248
-0.5977427,-1.7731268,-3.4216244,-2.8578975,-1.1965277,1.0408976,1.4496119,1.2216058,-0.04678963,-0.58309394
-1.4327269,-1.3551334,-3.2665205,-2.5558,-0.50880456,1.0455357,1.88609,1.2284994,0.35143924,-0.89954644
-1.2067411,-1.1705706,-2.2834332,-2.8049774,-1.123479,0.65701705,0.9888346,0.42372838,-0.015290755,-0.14161283
-1.3327533,-0.8674998,-3.048208,-2.842217,-1.4350865,0.14678513,0.97708166,1.1420029,0.30564073,0.30231273
-0.4459122,-1.1921515,-2.7020285,-2.147838,-1.4177247,0.7718466,1.9473507,0.8997357,-1.0990309,-0.9067713
-0.70036596,-1.1948687,-2.6546447,-2.9087873,-0.66335785,1.0283823,1.5723228,1.2003717,0.51046956,-0.10778444
-0.85893446,-1.2117939,-2.488675,-3.4586294,-1.068626,1.0886655,1.6189669,0.67039305,-0.15908459,-0.4773338
-0.14982803,-0.31945395,-3.1675284,-2.4764378,-0.7457504,1.1834185,1.4653398,1.2157037,0.34642163,-0.49555573
-0.8424407,-1.2854337,-3.3538122,-2.6939602,-0.79114175,1.5254086,1.4903901,0.92969745,0.1830555,-0.3191836
-0.4209769,-1.0410211,-2.9485652,-2.814273,-0.84062606,1.2282571,1.7487454,0.9118119,-0.095136754,-0.33425397
-0.09416953,-0.66478,-3.229152,-2.6082213,-1.0894713,0.9544779,2.0905888,1.1470609,0.10775969,-0.6752015
-0.73297155,-1.1522593,-2.4772766,-2.0905526,-0.9505112,0.6781819,1.0110685,0.64241546,-0.03081688,-0.28164038
-0.012700172,-1.2459967,-3.2597373,-2.5252695,-0.9901444,1.014852,2.1899812,1.5482346,-0.4470269,-0.3758454
-0.59815574,0.25422144,-1.4409593,-2.284551,-0.9079791,0.6153513,1.6340436,0.6942906,0.06897435,0.088419475
-0.3963602,-0.49483874,-3.3747356,-2.9226573,-0.89332426,0.76370853,1.0260122,0.40329075,0.020759877,-0.3469722
-0.687328,-2.381759,-3.0992317,-2.88767,-0.6869683,0.60923886,1.4172183,0.6015959,-0.36968452,-0.53924835
-0.36282647,-0.3238883,-2.2001946,-1.7988617,-0.33617702,1.1762059,1.121262,0.70860416,0.19950077,-0.3087463
-0.41211566,-0.7471381,-2.937477,-2.5249867,-1.0982367,1.4877449,2.033988,0.72759384,0.31326488,-0.101895414
-0.1872348,-0.9445905,-2.6848536,-2.7298515,-0.7447077,0.9714992,0.9392908,0.77715087,0.12199777,-0.45034334
-0.42606854,-0.26142675,-2.1479275,-2.010526,-0.2982871,1.1790512,1.811549,0.91804504,-0.4032772,-0.6204083
-0.035327975,-0.99766374,-2.8545468,-2.531365,-0.36813077,1.6842529,1.8682394,1.3613487,0.105018705,-0.36809662
-0.37098277,-1.0270501,-2.624096,-2.1734917,-1.2937416,1.3443302,2.308569,1.5390829,0.3289373,-0.16680676
-0.37000453,-1.1245031,-2.555289,-2.3888783,-0.9763881,1.0504153,1.6092393,0.92886084,0.16008966,0.5138806
-0.1722197,-0.5309754,-1.9461342,-1.9410312,-1.1057395,0.76365465,1.6289434,0.8810723,-0.21661821,-0.51934993
-0.42474756,-1.236624,-3.5481224,-2.911928,-1.4867245,0.6068912,1.6398197,1.160597,0.04517424,-0.49220663
-1.0304097,-0.33905914,-1.8207176,-1.8919123,-0.60976136,0.92382747,0.8798495,0.2844183,-0.1641513,-0.052630994
-0.7111572,-0.70430654,-3.3795311,-3.0300975,-0.42474878,1.2688316,1.1729761,1.2298257,0.20991096,-1.6361593
-0.24277578,-0.5495714,-2.9203265,-2.891967,-0.7239191,1.0633789,1.7525944,1.0952927,-0.5031822,-0.24582633
-0.60300195,-0.69908047,-2.9713097,-3.1660798,-1.2117122,0.5103302,1.3830857,1.0111004,0.7693448,-0.16687171
-0.04943083,-1.0428609,-2.0764995,-2.21359,-1.0952318,0.6606323,1.1611525,0.40645942,-0.05017351,0.121208146
-0.12147327,-1.867295,-2.7595565,-2.8729262,-1.4017327,0.6324168,1.6362352,0.6523961,-0.064344876,-0.20003843
-0.22449593,-1.4130636,-3.447792,-2.896855,-0.6007849,1.2808979,2.3702106,1.3159754,-0.19380584,-0.71727943
-1.0271137,-1.1044335,-3.6680367,-2.9399037,-1.6012572,1.0672834,2.1227279,1.6471399,0.17467308,-0.6857746
-0.9028294,-1.0729529,-2.9636326,-2.556925,-1.1251094,0.82715976,1.1359591,0.65534526,-0.5116038,-0.9557684
-1.148752,-1.1369752,-3.3908267,-3.4820342,-1.2709823,0.4998771,1.1304269,0.9311847,0.06884927,-0.09773472
0.19836341,-1.0609798,-3.5103364,-2.526377,-1.2238657,1.3239357,2.3849332,1.3339413,0.1349179,-0.40036476
-0.39890394,-1.2986255,-3.7578773,-3.8082726,-1.4455308,0.743904,2.2305038,1.4512095,0.26877233,-0.5929011
-0.75250316,-1.5288767,-3.6999218,-3.1227312,-1.086342,1.1242563,1.6559155,1.2380443,0.09789842,-1.1196237
-0.863149,-1.5207396,-3.504534,-3.440925,-0.9278187,0.9444927,1.1966709,0.94195503,0.15070091,-0.38177973
-0.49393338,-1.1316044,-2.9670663,-2.6965206,-1.6184703,1.0972853,2.0505893,1.2863432,-0.120749876,-0.6217161
-0.8606695,-1.5220757,-3.360048,-3.208908,-1.2339945,1.091371,1.6834612,0.72165823,0.034450337,-0.05474764
-0.7314294,-0.7692266,-2.3101594,-2.5025654,-0.9596018,1.078935,1.6232085,0.5768658,-0.36044818,-0.19481297
-0.5126866,-0.76011336,-2.0004249,-2.2391572,-0.8973674,0.6056164,0.9408971,0.5558176,-0.43295598,-0.53324014
-0.1486587,-1.3553723,-2.594509,-2.3949914,-0.5766946,1.1153061,2.3457608,0.80242956,-0.42854485,-0.46856108
-0.7009984,-1.2455665,-3.4779837,-3.1076841,-0.9760446,0.5527655,1.8451388,0.7499829,0.104999594,-0.3920316
-0.39650723,-1.6440191,-2.7601945,-3.0637813,-1.5426751,1.0831941,1.7277578,0.9320826,0.115956314,-0.6223217
-0.4034336,-0.80846983,-2.97322,-2.6756063,-0.9856456,1.0415727,1.8933556,0.891351,0.7324695,-0.015500192
-0.10226318,-1.2573296,-2.6560712,-2.634139,-1.050504,0.960353,1.6600808,1.052529,0.092115186,-0.39117986
-0.7212671,-0.72619253,-2.3192482,-2.5569336,-1.2441311,0.83752555,1.6968977,0.9755316,0.41230917,-0.05104137
-0.25798416,-0.8726695,-3.1060195,-3.0258312,-0.79753625,1.5595108,2.0216727,1.2197039,-0.13042046,-0.9023291
-1.3313918,-1.187238,-2.7997801,-2.7431672,-0.67491597,0.98306024,0.93996686,0.9257039,0.16492097,-0.19142562
-0.32890302,-1.231467,-2.695636,-2.678599,-0.8740137,0.98258513,1.2956407,0.6147025,-0.09227565,-0.9318698
-0.50106895,-0.8796549,-3.2191055,-2.8584735,-1.1238073,0.5389739,1.6665701,0.6852627,-0.18730322,-0.25862357
-0.9463115,-1.3709117,-2.9708197,-3.2135508,-1.3779231,1.2901276,1.9361897,1.1138058,1.593228e-05,-0.3158368
-0.33782992,-0.61898816,-2.9072134,-2.688761,-0.8590914,1.0291165,1.4543813,0.78581315,0.37076253,-0.08857926
-0.6182473,-2.0186942,-3.3342178,-3.1576068,-1.2116164,1.7454845,2.3253121,1.4236798,-0.32047045,-1.0888915
-0.04639448,-1.0091962,-2.9370556,-2.6179278,-0.847299,0.9958309,1.5795748,0.8934045,-0.54539853,-0.44635966
-0.017360996,-0.98184824,-2.4512146,-2.760873,-1.2497237,1.0648403,1.480811,1.0980501,0.5796841,0.3816027
-0.8338904,-0.435812,-2.0102437,-2.1373386,-0.52280015,1.1005223,0.63884085,0.46319804,-0.14494073,-0.100099415
-0.04012919,-0.68419373,-1.6054238,-2.2300525,-0.48548165,1.2931194,2.0169907,0.89348465,0.32122946,-0.5675991
-0.7549272,-1.5071568,-3.7190154,-3.3375342,-0.49692607,1.4569029,1.5362467,1.0103195,-0.016394325,-0.1944667
-0.59386575,-0.9405343,-2.2984498,-1.8831085,-0.9434258,0.76983804,1.4510413,0.97642493,-0.28389746,-0.35411665
-1.246182,-1.3974777,-3.1817567,-3.7385714,-0.8445068,1.2774384,2.305636,1.5480223,0.24065332,-0.032935046
-0.4335251,-1.6454765,-2.8924499,-2.6594687,-0.97209114,0.8105595,1.8795478,1.3582276,-0.73163825,-1.0374378
-0.6193529,-1.1298343,-2.3697042,-2.701339,-0.57498926,0.76900256,1.2809407,1.0676259,0.12419647,-0.33980125
-1.3115928,-0.91615814,-2.206449,-2.9277864,-1.6443285,-1.6801872,0.4110012,0.4826036,0.20010847,-0.057364088
-0.4822851,-1.0020121,-3.386115,-3.7475557,-1.2786039,0.9173676,1.5062333,0.7098793,0.018573342,-0.6829311
-0.36684358,-1.1457826,-3.6803706,-3.3814256,-0.86310136,1.1056931,2.0322158,1.4802649,0.7506307,-0.84192955
-0.20377615,-1.2577952,-3.571457,-3.1394038,-0.60301715,0.8790225,1.8919709,1.3965764,0.0843392,-0.17222957
-0.8378427,-0.15116018,-1.8639631,-1.911898,-0.5940065,0.35026503,0.81600446,0.3041172,-0.11965733,0.1588284
0.25116938,-1.0639353,-3.064246,-2.99762,-0.9006999,1.1276332,1.7304691,1.0522236,-0.16211931,-0.68854874
4.739824,-1.3169836,-1.8694761,-2.627658,-0.66609883,1.4917787,2.5326827,1.9677597,0.16221549,-0.48821935
-0.67485017,-1.1378676,-3.2410374,-3.0877087,-0.5153205,1.6108199,1.7447948,0.7315265,0.15939413,-0.30302483
0.18912788,-1.1277671,-2.8159304,-2.4482462,-1.24596,1.3758035,1.8551039,0.6940582,0.018553527,-0.26838714
-0.7176996,-0.8927637,-3.5447342,-2.8263195,-0.5101642,1.6496469,1.7588971,1.0512155,0.06033363,-0.17426439
-0.9156803,-0.9244658,-2.8777778,-2.3764873,-0.8183532,0.92345005,1.4176106,0.48746005,-0.28059137,-0.92566025
-0.30743077,-0.9457938,-3.7135499,-3.2843895,-0.7748689,1.3368909,2.158145,1.5108169,0.21335411,-0.2562188
-0.74669325,-1.5028416,-3.7183185,-3.3083935,-0.8784453,0.673436,1.7771186,0.92910296,0.15666036,-0.29991078
-0.40231803,-1.2027435,-3.6398335,-3.43216,-0.93553615,1.7097129,2.1430478,0.8992327,-0.16978729,-0.9283923
-0.12230991,-1.1848512,-3.536877,-2.806639,-0.9834521,1.3329146,2.127015,1.1187361,-0.08756349,-0.16999376
-0.5715715,-0.593104,-0.9904852,-1.1184373,-0.47611398,0.98637295,1.2401918,0.0676206,-0.8055545,-0.9019627
-0.8666195,-0.80008924,-2.649298,-2.713414,-0.88888013,1.1870121,1.4324518,0.7166549,-0.010479319,-0.47370523
-0.5337271,-1.8180391,-3.7698572,-2.9552975,-0.515871,0.90545255,1.948005,1.3945416,0.12088437,-0.6034129
-0.16974564,-1.0790467,-3.471306,-2.4835222,-0.89630014,1.1261605,1.5918063,0.48567232,0.012895693,-0.18855436
-0.12651198,-1.0544811,-3.5684776,-3.2025993,-0.85619026,1.5305148,1.9565922,1.2697663,0.3094821,-0.75793576
-0.82236075,-1.2317667,-3.117747,-2.4686487,-0.4665675,1.5154356,1.4379029,1.3261687,-0.15746802,-0.55830574
-0.8853526,-1.5533643,-2.5629418,-2.5798395,-0.7708476,0.9572587,0.9716993,0.9823793,0.09658001,-0.16029245
-0.6286741,-0.9694768,-3.686575,-3.4115722,-0.4649739,2.085311,2.5404756,1.393768,0.0040063853,-0.47366807
-0.2708503,-0.94075304,-2.9923604,-3.24009,-1.0150902,1.1554135,1.7150643,1.0827906,-0.13241538,-0.3572645
-0.40285388,-1.6373254,-2.973237,-2.8219419,-0.70726633,0.8615014,2.2723234,1.6325407,0.0061446913,-0.8205312
-0.6948596,-1.6073859,-3.8952582,-4.21884,-0.83162737,1.4383923,2.3615751,1.1981436,-0.08355781,-0.20124424
-0.66737497,-0.7973558,-2.7245338,-2.9983618,-1.1893013,-0.030377397,1.3015556,1.4675878,0.09619149,-0.31283095
-0.7770226,-1.3490541,-3.4278994,-3.2705069,-1.3106645,0.66169304,1.39831,1.0076071,0.14475976,-0.7714107
-0.31976867,-0.6301456,-2.2540572,-2.5512087,-1.2729372,0.6972012,1.5764245,0.8167533,0.12659648,0.93814164
-0.15682507,-1.0395877,-3.2276917,-2.615244,-1.1528697,0.7677802,1.771424,0.7001134,0.032544773,0.07188633
-0.12851064,-0.7951826,-2.2330685,-2.0777237,-1.0027556,1.0860287,2.0680711,1.4187937,-0.50093883,-0.4860066
-0.49474862,-0.5062663,-2.7033045,-2.5904307,-1.0692306,0.6951096,1.2104825,0.45570657,0.031140227,-0.17918392
-0.3406512,-1.1749691,-3.0822825,-2.2510047,-0.894002,0.9337683,2.1764064,1.4333296,-0.14777023,-0.48206374
-0.8102579,-0.9144693,-2.0796194,-2.4207127,-0.85977757,0.811286,1.3738897,0.7412255,0.043835253,-0.6863147
-0.58662283,-1.4577712,-3.735275,-3.4742215,-1.37688,1.5941174,2.1151092,1.1585644,0.60389745,0.12762646
-0.5017887,-1.7259961,-3.492601,-2.9711947,-0.97449684,1.0233738,1.9117681,1.3742083,0.073886916,-0.77885467
-0.047249705,-0.76573795,-3.463398,-2.7942855,-1.0701468,0.8875456,2.344498,1.5347965,0.5666056,-0.16446756
-0.32320312,-0.92847276,-2.7235227,-2.3175664,-0.67446953,1.2143457,1.8466516,0.55152994,-0.33955422,-0.17535286
-1.3020294,-1.3191973,-2.3201401,-2.7029517,-1.0794605,1.0836233,1.2492992,0.60324174,-0.042537726,-0.62883705
-1.1667842,-1.6396979,-3.6616247,-3.8377442,-1.7096227,0.8848319,2.0035102,1.3161281,-0.5389413,-0.990052
-0.3628959,-0.9239972,-0.85877,-1.53589,-0.8919842,0.8584975,1.1614338,0.31086493,0.017026715,-0.35120115
-0.17895874,-0.5876486,-2.3437612,-2.683576,-0.5636471,0.77227217,1.4109758,1.3001947,0.10410946,-0.20968157
-0.67414093,-1.9162254,-3.8535087,-2.8637974,-1.0207727,1.1543766,2.3415997,0.7331921,-0.4190365,-0.9341476
0.056522585,-0.8367098,-2.2280765,-1.9358442,-0.4753563,0.9098017,1.3675628,0.6886873,0.091701,0.2643225
-0.4955088,-1.1114354,-2.3939734,-2.630474,-1.1209388,0.6388546,2.141383,1.017194,-0.9452435,-0.88750845
-0.69226897,-1.1040027,-3.536596,-3.0979352,-1.2133024,0.9859651,1.7916483,1.2364135,0.38013572,0.06865663
-0.40935686,-1.2108263,-2.4325721,-2.6447756,-0.94988704,1.4773697,1.2606164,1.0305414,-0.09264898,-0.8978545
-0.6368308,-1.4996347,-3.991171,-4.1329355,-1.1288005,1.8972535,2.8304994,1.965484,0.18615235,-0.810618
-0.72386056,-1.1647183,-3.3255115,-2.480033,-1.2268562,0.6845854,1.3044046,0.64682585,-0.08248563,-0.30845448
-0.4900554,-1.6819949,-2.7158928,-2.416955,-0.50610596,1.8331715,1.8263406,0.7608605,-0.17130835,-1.4777014
-0.807907,-1.5179747,-2.924058,-2.2983086,-0.90703917,1.2860976,1.8685375,1.1563338,0.04350539,-1.5469934
-1.3340548,-0.7479803,-2.4325325,-3.0512018,-0.9211709,0.6930771,1.525702,0.6863583,-0.40925607,-0.35067707
-0.6927519,-1.1707066,-2.4436877,-3.0861018,-0.9469161,0.66081846,1.4939206,1.3904687,0.35215873,-0.4027945
-0.50315845,-1.0935475,-3.6727057,-2.673047,-0.46576142,1.4140122,1.7391415,1.4214059,0.213561,-0.937262
-0.6452066,-1.6829721,-3.5210576,-2.952865,-0.8617209,1.6767195,1.9964213,1.0468507,0.02726903,-0.79066956
-0.84316945,-1.2017217,-2.3107424,-2.1693814,-0.45698246,0.81028235,1.8161885,1.1020846,0.13514212,-1.602343
-1.2486498,-0.8668256,-2.8698645,-2.6089098,-1.0358747,1.0830008,1.1131846,0.7811238,0.36444947,-0.13480628
-0.116032735,-1.2654437,-3.4860604,-3.2397277,-0.8153277,1.1075232,1.9785194,1.2297155,0.11957199,-0.9379522
-0.9630541,-0.772457,-2.221005,-2.7147644,-0.688314,0.7382138,0.96608365,0.6227736,-0.17022675,-0.71755403
-0.4233537,-1.6555463,-3.8156304,-3.242848,-1.5125338,0.3077957,1.998516,1.021464,-0.025026461,-0.058995686
0.054582942,-1.5298891,-3.0715837,-2.2989142,-0.6676038,1.1860769,1.807963,1.6723416,0.17644818,-1.1376306
-0.7023008,-1.7324231,-3.6635423,-3.2346275,-1.3746939,0.67730004,1.7104201,1.1048893,-0.5365813,-0.5230642
-0.7625799,-1.0377393,-3.2503734,-2.4310222,-0.8389356,1.0740975,1.1960202,0.7390511,-0.19711506,-0.40238392
-0.8626771,-1.5311282,-2.816076,-2.953235,-0.844695,0.9023946,1.9290215,1.1170957,-0.5358051,-0.9725725
-0.5400949,-1.2549893,-3.5396416,-2.4951372,-0.81280506,0.97193086,1.3665868,0.86098343,-0.0034965312,-0.055435736
-0.8696435,-1.4414414,-3.5723722,-3.3346794,-1.057197,1.1100093,1.5104713,1.4384766,0.107780516,-0.85770166
-1.1313232,-1.3663256,-3.69535,-3.1165195,-1.1802521,1.4934213,1.8343009,1.3348291,0.24565983,-0.13465793
-0.8013492,-1.2414079,-3.1046193,-2.5167234,-0.29174006,0.9243262,1.6022575,0.95207965,-0.1569548,-1.0279222
0.2982594,-1.2319372,-3.4105625,-3.0646544,-1.0863143,1.3998162,1.5008874,1.5009695,0.0502697,-0.45602775
-0.81638414,-0.49877363,-2.2015731,-2.1077762,-0.9342041,0.7585288,0.85635424,0.60261583,0.17648208,0.06291204
-0.46810678,-0.61633044,-2.5150871,-2.6398187,-1.3251126,1.0084323,1.6982344,1.049515,-0.22399676,-0.32991147
-0.17792296,-0.9164061,-2.8994377,-3.025,-1.6272984,1.216052,2.190973,1.8064021,0.22362158,-0.11814962
-1.1677794,-1.6380587,-3.8695955,-3.6500065,-1.037003,0.902433,2.1513832,1.2321619,0.47483948,-0.38774806
-0.73648155,-1.0512253,-2.6415157,-2.4346073,-0.9556888,0.7524092,1.7131665,1.1373404,-0.13776353,-0.7322894
-0.053313106,-0.7299262,-2.2978501,-2.413167,-1.2835768,0.47232008,1.1486892,0.9663072,0.22502947,-0.061081775
-1.2490524,-0.9005854,-3.1916153,-3.0108194,-1.3310577,0.34413683,1.173488,0.8749132,-0.12341679,-0.3148534
0.44317532,-0.9757506,-3.219844,-2.4259756,-1.1670448,0.9784575,1.7554393,1.1862401,-0.15097575,0.27285144
0.102127254,-0.45842618,-2.6714199,-2.4268534,-0.75088227,0.8934591,1.8872191,1.3059418,0.27617267,-0.51240957
-1.4513608,-1.1218199,-3.0052967,-2.8786843,-0.87077266,0.94711304,1.9777688,1.4472419,0.053315956,-1.8964162
-0.107732095,-1.295196,-2.5080843,-2.6367445,-0.9679492,0.7507501,0.9216281,1.1153888,0.061196968,-0.48198488
-0.7257695,-1.3451076,-3.5628319,-2.717775,-0.75839967,1.2676071,2.1141393,1.1065502,-0.30801994,-1.3511574
-0.6735109,-1.43313,-3.268589,-3.0573566,-1.4673935,0.88926333,1.834038,1.0570636,0.18216406,-0.68348473
-0.21658273,-0.67701346,-3.0776913,-2.2694736,-1.1652236,0.96537346,1.7233791,0.86114556,-0.16242933,-0.607711
-0.9428094,-2.1908495,-4.012031,-3.9851768,-1.5494207,0.8784729,2.196942,1.7602385,0.13394634,-0.9078465
-0.4428003,-1.3053154,-3.3092124,-2.790639,-0.9894322,1.5694399,1.3904121,0.53851783,-0.5300946,-0.91444767
-0.26640493,-1.1348037,-3.4607842,-2.0863976,-1.3164662,0.82173663,1.3219538,0.60216236,-0.32555023,-0.35444942
-0.8015352,-2.1953375,-3.6980073,-2.935258,-1.1129899,1.2612258,2.003049,0.85859466,-0.32554874,-0.287862
-1.2629005,-1.104513,-3.4389856,-3.142213,-0.5979788,1.3756613,1.2340063,0.70248294,-0.5226587,-0.6687117
-0.34369418,-1.2716677,-2.725611,-2.7547169,-1.0004377,1.0028176,1.5202795,0.8394606,-0.4410955,-0.5374966
0.134905,-0.7246617,-2.9968529,-2.534867,-0.45823357,1.0707787,1.4517581,0.7986428,-0.036045745,-0.8483798
-0.42893186,-0.66128945,-1.8594561,-2.6635268,-0.9999033,0.84225166,1.243119,0.7750687,0.5520449,-0.2364985
0.14369902,-1.2531787,-3.2202291,-2.0164711,-0.6492677,0.7380141,1.8367642,0.7515347,-0.14521863,-0.24230991
-1.341731,-1.2467009,-3.8124726,-3.2424464,-0.9422192,1.1163441,1.3809158,1.340461,-0.099746615,-0.6767209
-0.5005145,-1.6644206,-3.2941833,-2.3766499,-0.72430176,1.771379,1.9813687,0.82225674,-0.109982856,-1.3232435
-0.8585347,-1.68932,-3.651724,-3.1074193,-1.2353865,1.2434736,2.1825306,1.126809,0.0028253174,-0.6685839
0.11709155,-0.8983977,-2.2230299,-2.9633408,-0.98918396,0.954267,1.4268769,0.58718336,-0.11615193,-0.07877208
-0.71089935,-0.8158589,-2.6102526,-2.8416407,-1.4122788,0.48693636,1.0945301,0.65324646,0.30210185,-0.15632805
0.1388803,-1.0176467,-2.731182,-2.0905154,-1.0186191,0.5187938,1.415655,0.5230909,0.33896378,0.1965258
-1.3415279,-1.3265245,-3.9132645,-3.3972418,-1.3828499,0.8130458,1.7069541,1.5346668,-0.04442437,-0.49641296
-0.030838296,-0.98698056,-3.35909,-3.4118567,-1.2456163,0.8822306,2.310732,1.5680784,-0.2790405,-0.37989727
-0.24486953,-1.0836048,-3.5328627,-3.1760075,-0.8831297,1.285896,2.2163768,1.014897,-0.6085722,-0.4783487
-1.0645071,-1.0439073,-2.84967,-2.7573547,-1.0600456,0.6512414,1.6481576,0.9109215,-0.29340228,-0.31667602
-0.27157855,-1.0253812,-2.7225492,-2.2995744,-0.92692786,0.68777424,1.4492615,0.83562446,-0.15381898,-0.88026875
-0.3452184,-0.6537686,-3.0713723,-2.2581856,-0.8353092,0.31242698,1.3706785,0.63954866,0.09349362,-0.630727
-0.764132,-1.7824473,-3.4810388,-3.6100934,-1.0145054,1.1878124,1.7148299,1.6805241,0.07654941,-1.3720131
0.10451955,-0.63611805,-2.3174152,-2.267245,-0.33795622,1.0836598,1.720621,1.1243316,0.009152915,-0.43905574
-0.7987593,-0.1295684,-2.183151,-1.7446419,-0.36030763,0.5034858,0.5319358,0.5123681,-0.213368,-1.0126736
-0.110824265,-0.7686464,-2.5819497,-2.0699625,-0.31708226,1.6786728,1.8221424,1.069039,-0.40921003,-0.3937533
-0.706639,-0.8413909,-2.7617395,-2.6015148,-0.63869846,1.4918423,1.6547775,1.0843908,0.22280464,-0.9053548
-0.6077746,-1.2264917,-3.0806234,-3.6212196,-1.2076862,0.7552032,1.9389303,1.9792081,0.07936199,-1.2117417
-0.47458124,-0.93752104,-2.4445508,-2.3681915,-1.1931407,1.3257884,0.9520759,0.47502756,-0.10654741,-0.9132995
-0.5006568,-0.9596714,-3.102204,-3.360652,-0.5353826,1.669949,2.0806763,0.8882427,0.22816026,-0.84515345
-0.3206765,-1.302228,-3.1154714,-2.678705,-1.1965212,1.0343299,1.5476578,0.64839846,-0.5927981,-0.8925805
-0.2409209,-0.35317788,-1.7479037,-2.2899232,-0.5270725,0.74816805,1.3763034,0.47045368,-0.22901222,-0.7353569
-0.5991479,-1.2782217,-3.6920505,-3.5176136,-1.4289124,0.7798471,1.6152021,1.2205477,-0.13871458,0.1127624
-1.0977342,-1.5252137,-3.753021,-3.784932,-1.4680016,1.0951356,1.3366543,1.1156653,0.10131663,-0.99186677
-0.56497866,-1.5690985,-3.6733868,-3.7617474,-1.4742298,1.7657936,2.1014142,0.9318795,-0.06829784,-0.6708965
-0.49970445,-0.84077734,-2.7143064,-2.1084964,-0.44798946,0.8974051,1.4395456,1.0901814,-0.16614582,-0.5914423
-0.00087462505,-0.47409752,-2.5459144,-2.4185824,-0.78044987,0.94366264,1.7462993,1.0248243,0.056091722,0.23393317
-0.39362472,-1.2504644,-2.3068676,-2.0339506,-0.6797754,1.2495035,1.0976657,1.057005,-0.2860063,-0.62879074
-0.40956053,-0.7906473,-3.098256,-2.5006168,-0.8972924,0.9550619,0.8632341,0.33468458,-0.22795649,-0.07602288
-0.22321436,-1.1655892,-2.1575902,-2.4079115,-0.58822787,1.3084967,2.0274513,0.54931647,0.013473145,-0.28719723
-0.7686528,-1.2662646,-3.4929867,-3.771345,-1.1073732,1.2476641,2.132211,1.3731433,0.1132404,-0.819158
0.06243184,-1.4617177,-2.6363637,-2.8866687,-0.59573406,1.2140696,2.2232072,1.5130478,0.33214277,-0.43272716
-0.8951633,-1.2522947,-3.3174262,-3.0174894,-1.1261617,1.422691,1.6369385,0.8853041,-0.3603555,-0.48189756
-0.19292405,-0.87931556,-3.2225223,-2.3042648,-0.9019405,1.2275563,1.8031235,0.5258334,-0.4064107,-0.51300037
-0.46098515,-1.4194084,-3.1773715,-2.5324485,-0.667775,0.64623755,1.6169101,1.2571622,0.23346649,-0.6900057
-0.82781464,-1.0353342,-3.5712466,-2.761377,-0.7952802,0.46574783,1.6043875,1.0529333,0.0933537,-0.3230094
-0.47437254,-0.996308,-3.4752593,-3.1672359,-1.2510734,0.7754694,1.828584,1.1615515,0.6417808,-0.3306123
-0.2389067,-0.85310906,-2.6699338,-2.669053,-0.9170948,0.8547166,1.9452311,1.2596416,-0.46717045,-1.0168812
-0.6371809,-1.0292356,-2.3041835,-2.9524608,-0.9661545,1.2134515,1.4449129,1.1451062,0.12826094,-0.43019655
-0.6227919,-1.1208631,-3.3373802,-2.8758924,-0.84343505,1.3483135,2.4116292,1.4879566,-0.35259852,-0.8853538
-0.4177822,-0.6538429,-2.1456647,-2.529883,-1.0456762,0.79866475,1.1400703,0.55558926,-0.22193183,0.3031579
-0.56059426,-1.6488496,-3.6066303,-2.898392,-1.1102678,1.120648,2.0415251,1.6741571,0.29396668,-0.60397124
-0.52290124,-0.9304821,-2.2574089,-2.553749,-1.2271018,1.1559924,1.4663336,0.9049824,0.31957293,0.24794212
-0.7162341,-1.098886,-2.2559016,-2.9043262,-0.5752426,1.3727244,1.5637401,1.2255077,0.35709435,-0.7199185
-0.95749694,-1.8133172,-3.664761,-3.6848807,-1.374531,1.0687989,2.2197306,1.1823049,-0.1383628,-0.99693805
-0.72519934,-0.7723681,-3.3088923,-3.110481,-1.1001104,1.4228884,1.9114801,0.65624434,0.36993685,-0.22798325
0.15752809,-1.3635181,-2.8652875,-2.6153069,-0.82260036,1.5125514,2.0155742,0.9456273,0.15520556,-0.381747
0.44894394,-1.2011777,-3.08871,-2.6281836,-0.39763567,1.2322875,1.8854647,1.2775863,0.18247807,-0.10210692
-0.27267256,-1.4237918,-2.745556,-2.161686,-0.94421667,1.1365881,1.6854192,0.9328774,-0.37007672,-0.62154686
-0.9549129,-1.6453279,-3.5117066,-3.2196083,-1.2159965,0.68643194,0.9218064,1.2040719,-0.025065757,-0.35780138
-0.4562172,-1.4198067,-3.3480866,-3.5184317,-1.3460778,1.2726777,1.6787254,0.8766322,-0.09700418,-0.137928
-0.75847316,-0.60284567,-2.7114408,-2.126125,-0.64460564,1.0130572,1.6051996,0.64844036,-0.65713835,-0.50408065
-0.6203155,-1.1184149,-3.3294165,-3.4897094,-1.212132,0.80876553,2.0684109,1.5590506,0.20255654,-0.10704741
-0.6716156,-0.889973,-3.6541412,-3.8244693,-1.5866612,1.150148,1.8043994,1.2132941,-0.0630799,-0.4798082
-1.0601885,-1.0431197,-3.136172,-2.919871,-1.1532507,0.68145263,1.4063554,0.93517786,-0.113052085,-0.68176204
-0.22137624,-1.2168218,-3.578346,-3.0869248,-1.2650675,0.56939006,1.6606345,1.3643718,0.28330335,-0.21791394
-0.30626813,-0.51493907,-2.5601578,-2.2308457,-0.9944479,0.7951391,1.2329408,0.7544768,0.3368268,-0.13174698
-0.543641,-1.6695596,-3.8695571,-3.0517075,-1.0656875,1.1756827,2.1574388,1.3222504,0.25761923,-0.33769122
-0.5841795,-0.67452794,-2.8079362,-2.3297355,-0.825246,0.50429714,1.9331292,0.83928484,0.0459108,-0.6127017
-0.3859749,-0.7305683,-2.3603706,-2.5938606,-1.562948,0.6708597,1.1524123,0.6677489,0.38665906,-0.00362922
-0.2717868,-1.3140424,-3.3576977,-2.5893154,-0.44873005,1.2287046,1.1316448,0.9313951,-0.23289678,-0.59903157
-0.1960513,-1.2486752,-3.363917,-2.658557,-1.3243573,0.97827727,1.899316,1.287527,-0.5758458,-0.22719581
-0.0002411837,-0.7097392,-3.059778,-2.7312162,-0.86850244,0.8836785,1.479802,1.096757,0.14241491,-0.14397147
-0.025847504,-0.5832108,-2.7776911,-2.176157,-0.41076928,1.2882451,1.2022864,0.84224796,0.12318303,-0.7503266
-0.97579956,-1.5773076,-3.5230217,-3.3535507,-1.1404549,1.5041189,1.9813548,0.85752213,-0.07581151,-1.0961112
-0.009521784,-0.900124,-3.4025073,-3.3610709,-1.4300385,1.081149,2.199481,1.2211535,0.6922823,-0.22485991
-0.95224154,-1.2282368,-2.2736864,-2.8776286,-1.1760248,0.62257004,1.4429469,1.1519752,-0.024384884,-0.23762324
-0.24118073,-1.2883879,-3.2987373,-2.4747617,-0.64542425,0.93603295,1.6543803,1.1294854,-0.3770196,-0.57280964
-0.47646087,-1.0701025,-2.256322,-2.934785,-0.5778431,1.294742,1.6978406,0.9870118,0.36716327,-0.08248836
-0.92410517,-1.3437427,-3.633786,-2.4394014,-1.2670428,0.7879933,1.1897196,0.59890103,0.42489251,0.3155751
-0.48651645,-0.7066973,-2.1167946,-2.7922504,-1.0682911,0.48481178,0.8635485,0.56404495,0.19221418,0.46866107
-0.6694706,-0.9400536,-2.7425668,-2.9203007,-1.3204222,1.0355854,1.9947772,0.7928401,-0.076577686,-0.22787371
-0.06846135,-0.9484336,-2.7788432,-2.825917,-0.9648792,1.0272299,1.1792072,0.47856173,-0.04989461,-0.04315064
-0.6740764,-1.3563492,-3.695966,-3.9565527,-1.0507276,1.515063,2.2721798,1.4352119,-0.0396215,-1.2798799
0.087388285,0.09935499,-2.0971441,-2.13876,-0.93398094,0.9597579,1.4205697,0.6682212,-0.106032886,1.0045615
-0.3782328,-0.81311834,-3.2531426,-2.9575994,-1.124966,1.0707114,2.0084183,0.65919054,0.12173647,-0.80647963
-0.06039823,-1.4566945,-2.9364216,-2.4308534,-0.79306746,1.5407817,1.8822113,1.1229314,-0.12993167,-0.9375448
-0.2922659,-0.9504918,-3.064205,-2.8877664,-0.9855617,1.0698206,2.1319697,0.8729144,0.17791362,-0.82648116
-0.21911141,-1.2835492,-3.6817594,-3.9186895,-1.4470694,1.454254,1.572032,1.4604963,0.23525418,-0.76880556
-0.40823296,-0.3764074,-2.3182507,-2.5959213,-1.2038379,0.46232533,1.4097792,0.42193317,0.21209791,0.31842127
-0.9284478,-0.45448503,-2.245654,-2.439928,-1.062531,1.3886396,1.7957107,0.85832644,0.17556413,0.22756895
-0.16725501,-1.5383725,-3.7430806,-3.5305521,-1.1611861,1.1800927,2.227713,1.6405516,0.3015482,-0.75037193
-0.81348187,-1.4191183,-3.4507742,-2.2135267,-0.67706484,0.9624799,1.3355383,0.59899753,-0.4678819,-0.072832964
0.064663135,-1.1413636,-2.901482,-2.6242573,-0.4729303,1.1151282,2.178731,1.3906524,0.6644413,-0.5308704
0.0026436765,-1.8460318,-3.435984,-2.829679,-0.729806,1.057674,2.1084177,1.1513591,-0.21490474,-0.5826494
-0.49018094,-1.1302968,-3.5640247,-2.9622848,-0.86305386,1.5336267,1.7540247,1.1274161,0.4053973,-0.9955177
-0.7912137,-1.2440616,-3.3366983,-2.8028529,-1.5409882,0.8516911,1.7931768,0.7834051,-0.58551705,-0.7177795
-0.17571564,-1.2998823,-3.0377345,-2.594923,-0.68847096,1.364947,1.7739943,1.6306394,0.13493465,-1.5333306
-0.6680522,-0.8394653,-3.318119,-3.3900485,-1.0562347,1.074618,1.7312783,0.98097795,0.19687359,-0.32507533
-0.0328974,-0.9116168,-3.311089,-3.140266,-1.6145203,0.560093,1.7789814,1.2629342,0.5859875,-0.1368091
-0.7509464,-0.98186195,-2.684345,-3.195241,-0.6493995,1.2849472,1.3972749,0.59163827,-0.24026994,-1.5873127
0.0044419854,-0.71548235,-2.1551454,-1.9544191,-0.785415,0.6756376,1.2001227,0.11921323,-0.1255944,0.13844223
-0.4902694,-1.7161402,-3.574069,-2.9717667,-1.2095876,1.4231741,1.7673641,1.1890604,0.023511274,-0.24339889
-0.42498085,-1.2807419,-2.9921348,-3.11768,-1.3872625,1.0744562,1.5797758,1.2724607,-0.015831674,-0.6574321
-0.9946371,-1.081673,-3.1408048,-3.2448235,-0.96814495,1.0815407,1.6814115,0.87863904,0.6298899,-0.34686956
-0.5154977,-1.1947322,-3.1579595,-3.059309,-1.1499331,1.1995404,1.5274342,1.2324061,0.027089808,-0.9232029
-0.94428533,-1.6592844,-3.2840066,-3.156256,-1.0044769,2.199213,2.0766263,1.5404862,0.069825605,-0.5107835
-1.2093384,-1.2917534,-3.4854453,-3.464293,-1.3633038,1.2759917,2.2498436,1.4363956,0.4528357,-0.21081686
-0.06006818,-1.5287453,-2.8245547,-2.7810035,-0.9101509,1.3456192,1.6468514,0.9500098,0.26765075,-0.6119049
-1.0868264,-1.6363561,-3.6035306,-2.653765,-0.8693156,1.2988576,1.2733926,0.70017993,-0.08654809,-0.9096087
-0.782652,-1.3871869,-3.23888,-2.6442654,-0.94475096,0.63224083,1.3666116,0.7860157,0.12913066,-0.77811164
-0.65920645,-0.834065,-2.6635013,-2.5937445,-1.0097674,1.1050484,2.1786623,1.231634,-0.57952255,0.05090882
-0.7208933,-0.8339059,-1.9901143,-3.0613077,-0.89396995,0.7712332,1.4062452,0.5911924,0.31610572,-0.34001967
-0.4229995,-1.2019211,-3.8364317,-3.3562222,-1.1467961,1.2048702,2.1710103,1.1905216,-0.090552,-0.71056205
-0.22570236,-1.5681369,-3.1839032,-2.7283983,-1.001372,1.0790141,1.8499812,0.79494184,0.13092913,-0.04583191
-0.46755457,-1.0089123,-2.9655762,-3.3956304,-0.775571,1.0752991,1.6453952,1.6356659,-0.07824248,-1.7258584
-0.7920085,-0.98379534,-2.1462314,-2.5127988,-1.0906271,0.3213287,0.7577338,0.529723,-0.21248609,-0.27049837
-0.19491783,-0.7324634,-2.0442705,-2.4008782,-0.4721636,1.6799375,1.5858002,1.1204432,0.041127045,-0.57575786
-0.59796447,-0.75167364,-3.0686657,-3.105036,-0.950284,0.90212744,1.9814669,0.7647218,-0.08135521,-0.43384758
-0.5445181,-0.9895591,-3.2673724,-3.2735586,-0.7806219,0.90731335,1.4962747,0.8604621,-0.045728207,-1.1980746
-0.45302236,-1.0989509,-3.4959965,-3.299827,-0.5375757,1.2233773,1.7782469,1.0260154,-0.5515342,-0.7273992
-1.1940328,-0.9880656,-2.3957632,-2.6543355,-0.70989364,0.64900714,1.3545578,0.8214187,-0.16941278,-0.80045956
0.17130217,-0.9444271,-2.8390226,-2.3767781,-1.0726315,0.89989656,2.297305,0.71960443,0.8687069,0.1758772
-1.4365224,-1.4182825,-3.8090591,-2.8557272,-0.918277,0.7481975,1.5660076,1.0745562,-0.037339315,-0.7778426
-0.19089231,-1.3211776,-2.5686193,-2.3886657,-0.45514148,1.0169687,1.6699641,0.92669624,-0.10388269,-0.67730445
-0.8057032,-1.3697968,-3.2490084,-2.2755325,-0.98765314,1.0911057,1.6954554,1.3699058,0.2145648,-0.342962
-0.84485084,-1.3293675,-3.3253462,-2.762826,-1.218798,1.2267282,2.2786992,1.1583102,-0.48872766,-0.76506937
-1.0047059,-1.0487922,-2.544069,-2.5822465,-0.78587556,0.5094918,1.1348791,0.99453765,0.30481392,-0.5595666
-0.84853554,-0.7579809,-2.8818996,-3.0553389,-1.7010157,0.4478008,1.1809807,1.0023756,0.27244756,-0.45772207
-0.39830774,-0.9259674,-1.8688469,-2.1601942,-0.5683043,0.6871603,0.9335531,0.49728817,-0.09413122,-0.49709198
-1.0596701,-1.6135416,-3.7990768,-3.8985538,-1.2356641,1.3231764,1.9201174,1.1812334,0.42732334,-0.1466539
-0.56559074,-1.2996716,-2.8184884,-2.6351302,-0.560861,1.3850428,1.2435826,0.5748647,-0.3309169,-0.5939352
-0.21077098,-1.1341262,-3.0498924,-2.13817,-1.237621,0.57429665,1.6028074,0.62406176,-0.10776895,-0.5148984
-0.88473696,-0.9654614,-3.472711,-2.9979312,-0.94815063,1.0894009,2.0096846,0.73427165,-0.24601866,-0.22076531
-0.7241568,-1.3656642,-3.2232943,-3.41303,-1.3552858,1.1021663,1.9299593,1.1440736,0.036376905,-0.603962
-0.49710563,-0.48554558,-2.1603203,-1.8542972,-0.9415706,0.48174852,1.2659147,0.61873865,0.059228692,-0.11626205
-0.38824862,-1.8249516,-3.6788685,-3.3957365,-0.93421805,1.2859111,2.1376417,0.8920519,-0.3330015,-0.6579582
0.20336054,-0.7417243,-2.7939003,-2.7218935,-0.63355887,1.5717541,1.4349453,0.71277374,0.18444654,0.06902454
0.17006606,-1.0121827,-2.9137905,-2.4563217,-1.4059584,0.7020113,1.7558683,1.0048466,0.44867805,-0.15340501
-0.25313812,-1.2000458,-3.0515409,-3.8361428,-0.84059274,1.1364352,2.4058483,1.1520752,0.009551463,0.10536795
-0.53158057,-1.0815656,-3.0031142,-3.618363,-1.6631614,0.78958595,1.9175239,1.4731873,0.30055708,-0.4742621
-0.3207613,-1.0518174,-3.343318,-2.5822132,-0.86586267,1.4581431,2.3324618,1.5927068,-0.301767,-1.1066947
-0.12727906,-0.71040994,-2.1863086,-2.2547283,-1.5794979,0.9032512,1.3705872,0.7105961,-0.052197546,0.40697876
-1.1463652,-1.5143964,-3.2900667,-2.7119129,-1.0834382,1.3162311,2.1422439,1.1969807,-0.10289841,-0.6605632
-0.80982554,-0.8558739,-3.219853,-2.6924229,-0.666668,0.9456948,1.757101,0.5436264,-0.20992708,-1.0153073
-0.48743123,-1.0461735,-2.2714543,-2.0160425,-0.5962417,1.1492664,1.50626,0.657416,-0.17322153,-0.531722
-0.44434175,-1.1168735,-3.0225146,-2.2694166,-0.7588175,0.6831278,1.4318401,0.7733514,-0.45416248,-0.9031112
-0.081980795,-1.1784983,-2.4907231,-2.6306107,-0.9933066,1.1302818,1.2383324,0.83737427,0.39118958,-0.66802114
-0.52710706,-1.8553586,-3.8738332,-3.896974,-1.1275171,1.3886095,2.1521225,1.3613861,0.13972844,-1.1441548
-0.029401757,-1.3809965,-3.633984,-2.8471224,-0.67542034,1.3471808,2.0140073,0.9415772,0.10059311,-0.7818497
0.12898861,-1.404629,-3.3854766,-2.6511934,-1.2490215,1.0934442,2.1674836,1.2130502,0.2827223,-0.29069886
-0.07837737,-1.4656389,-3.2979836,-2.8267727,-1.0643389,0.97785586,1.8236824,0.9992027,0.21744141,-0.47615084
-0.27365372,-0.698684,-2.9691732,-2.8617854,-1.1003811,0.6667732,1.5154597,1.0040156,-0.009487642,-0.24557443
-0.25304684,-1.5742581,-2.9689133,-2.9861438,-0.9387967,1.6411014,1.6805195,0.97477275,-0.037572436,-0.21706483
-0.39207414,-1.1685851,-3.5546055,-3.0025513,-1.3700353,1.2227428,1.7797045,1.3429179,0.0861718,-0.7588532
-0.77362037,-1.1435349,-3.0009274,-2.774782,-0.6519059,0.777583,1.638755,1.1196158,-0.40919548,-0.76472944
-0.93000644,-1.6934501,-3.4701147,-3.0734754,-0.5960736,0.8153758,1.2863771,1.2915561,-0.12990245,-0.6455916
-0.60119385,-1.4421815,-3.5316954,-2.9593706,-0.96868193,1.2502525,2.503223,1.5819381,-0.21201998,-0.4570658
-1.1538991,-1.5108775,-2.619312,-2.3774376,-0.9753035,1.0526806,1.403357,1.4065605,0.27750266,-1.0253607
-0.3833766,-0.34201437,-2.7650516,-2.1957593,-0.61941636,1.1472895,1.7880692,0.65281475,-0.018387062,-0.09632238
-0.39308158,-1.3402519,-2.7479148,-2.377711,-0.4262938,1.2583861,1.2608749,0.9150838,0.036850873,-0.4825871
-1.2028275,-1.471081,-2.8887198,-2.6643677,-0.736125,1.2690773,1.1736864,1.290035,0.11113072,-0.55093503
-0.5455761,-1.2274687,-2.666236,-2.7172997,-0.47729492,1.2967584,1.975477,1.059744,0.30210704,-0.34774396
-0.3860205,-1.1903001,-3.5192816,-2.8698094,-0.87809044,1.3227309,1.4823964,0.7264954,-0.115699455,-0.20230676
-0.32604465,-0.70765555,-2.1012723,-2.5492117,-0.7882055,1.366214,1.5734127,1.1074275,-0.06874599,-0.6612294
-0.20914277,-1.7115862,-3.63306,-3.6921558,-1.133607,1.3776228,1.8938992,1.3629702,-0.19668557,-0.4826784
-0.869915,-1.204661,-3.0925975,-3.0730743,-1.0120314,0.2001867,1.200294,0.7953461,-0.06623697,-0.5169403
-0.32599527,-1.5502876,-3.0806334,-2.6288786,-0.5323943,1.1139296,1.403223,1.1745076,-0.29343414,-0.93168515
-0.3124299,-1.3038634,-3.2387822,-3.142432,-1.0597968,0.74940014,1.4334425,0.8636576,0.059027843,-0.5201176
-0.40733325,-1.3001841,-3.0560942,-2.5905354,-0.9701412,0.5608806,1.7037882,0.9037835,-0.31147674,0.09591598
-0.48398343,-0.94815564,-2.302998,-2.4410887,-0.7990008,1.3462179,1.6792054,1.365363,0.19945717,-0.85971785
-0.92879486,-1.2775488,-3.7343802,-2.9044695,-0.6501177,1.7068627,1.8920693,1.7032795,0.11598126,-1.0490978
-0.56893164,-1.6647625,-3.8094852,-3.4588978,-0.7964826,1.2560381,1.7191633,1.3940126,-0.09259743,-0.631224
-1.1179833,-1.8526406,-3.7692502,-3.5754712,-0.8300415,1.5962172,1.8840417,0.9570431,0.14442678,-0.7728637
-0.9060319,-0.7169485,-2.6304653,-3.0513332,-1.2531767,0.70588166,1.3903058,0.32696983,-0.3504575,-0.5586651
-0.76366276,-1.4745272,-3.6202552,-2.3170993,-0.53650695,1.3687717,2.1324818,1.5989416,-0.04162883,-0.5740534
-1.0250583,-1.6131444,-3.7009566,-3.024309,-0.7818682,0.77461076,1.9147223,0.81423527,0.28073716,-1.4052004
-0.4757318,-1.7556479,-3.4603782,-3.5418396,-1.3113871,1.0655099,1.8360475,1.3561791,0.49881282,-0.5698985
-0.32302603,-0.9445826,-2.9307213,-3.5524867,-1.1048455,0.7683909,1.192001,0.940935,-0.22699393,-0.7884393
-0.14002372,-0.5891773,-1.5898805,-1.8479578,-1.01242,0.89178556,1.1695476,0.16137232,-0.4737126,-0.22165877
-1.6387148,-0.85509783,-3.2625883,-3.2117305,-1.0217928,0.79806024,1.4273161,0.9418675,0.16296318,-0.32532796
-0.40563533,-0.72289574,-3.1307573,-2.5979679,-0.8258122,0.82437456,1.3718958,1.2330505,-0.5366054,-0.187497
-0.5506274,-1.5026488,-3.3286653,-3.050885,-0.8018618,1.0936118,1.9168426,1.179446,-0.22087304,-0.66245663
-0.04431969,-0.60007477,-1.8841141,-2.1782413,-0.6607928,1.3423545,1.5905731,0.3889729,-0.20756556,-0.04341906
0.11345948,-0.66236943,-3.6079106,-3.210843,-0.7850101,1.7254318,2.005916,1.3596765,0.57592076,-0.44071305
-0.11588068,-1.6916345,-3.4736624,-3.3679662,-1.1286435,0.89705795,1.5314385,0.6471488,-0.06871066,-0.3736793
-0.44419658,-0.6265256,-2.212631,-2.5541384,-1.0880972,0.5856013,1.3642031,0.59678656,0.054663077,-0.032484543
-0.6157548,-1.2742704,-3.1577775,-2.4467058,-0.49332038,1.208045,1.1466434,0.96428907,0.008002312,-0.59392345
-0.87207216,-1.6998982,-3.485772,-3.1759286,-0.7359405,1.3062481,2.2921922,1.3101469,-0.22508256,-0.9022265
-0.14924656,-0.1967468,-2.1131506,-2.177581,-0.7107878,1.2067037,1.96861,0.7862655,0.2107452,-0.35874704
0.055320535,-0.5412637,-2.2923417,-2.1533334,-0.93933016,1.1372905,1.5524589,1.3289216,-0.07678499,-1.0597557
-0.50551516,-1.517884,-3.2504437,-3.3145545,-1.5560929,1.2977474,2.047126,1.2624611,-0.5615983,-1.5385841
-1.0634577,-0.7716661,-3.2524848,-2.6666334,-1.0921609,1.0960742,1.3917031,1.1395118,0.43197718,-0.47743967
-0.42744842,-1.0423148,-2.9327688,-3.2541695,-0.42358664,1.406905,1.3179259,1.0408534,-0.03664693,-1.1403906
-0.43814182,-0.8223365,-2.9202065,-2.9862044,-0.8979051,0.9204936,1.5106815,0.27330703,-0.090244316,-0.4815497
-0.7895183,-1.138577,-3.2691753,-2.8394134,-0.3362119,1.4670029,1.97241,1.3176576,-0.1834161,-0.702218
-0.44157788,-0.8243078,-2.1818612,-2.8433487,-1.272883,1.0289124,1.5491073,0.4065828,-0.023776848,-0.054996412
-0.38829488,-1.5726104,-3.3581831,-2.881338,-0.5972652,1.6532282,1.8261561,1.0212474,0.015762754,-0.34047806
-0.45140874,-1.274851,-2.978416,-2.8133764,-0.893533,1.0547019,1.4234838,1.1956222,-0.039071895,-0.33700588
-0.060939416,-0.6654778,-2.6598399,-2.463923,-1.0759118,1.2680041,2.0552397,1.3013331,0.23922254,-0.601126
-0.842314,-1.1673479,-3.1437871,-3.0040126,-1.0448805,1.121014,1.0149375,0.78544414,0.17159487,-0.84543437
-0.5310003,-1.2913772,-2.6736698,-3.0882263,-1.1384633,1.2726785,2.031301,0.85871845,0.35448793,-0.69015974
-0.7192882,-0.9853575,-3.3416235,-2.9950147,-1.0046083,0.7931047,1.6618392,0.9429634,0.24161346,-0.27054065
-0.11408368,-0.66926825,-2.0594175,-2.1419492,-1.1611161,0.6083276,1.368959,1.1126386,0.54216886,-0.58720267
-0.9403727,-1.0587516,-3.3578398,-2.9071655,-1.1881598,1.1540545,1.5463992,1.5448824,-0.07773497,-0.82214206
-0.33950266,-1.579032,-3.7883737,-3.3513567,-0.51910144,1.3644674,2.1427543,1.0372977,-0.48555964,-0.8163013
-0.97766083,-1.3091375,-2.8698006,-3.3866258,-1.4225332,0.6120333,1.2670213,0.8475016,-0.21831223,-0.14668979
-0.9625511,-1.0885196,-2.6469343,-2.820696,-1.1817273,1.2135228,1.5017743,1.1009645,0.050517038,-0.91228104
-1.3676087,-1.5609763,-3.625169,-3.2371907,-1.2978666,0.9078219,1.9699299,1.3863732,0.12787944,-0.65945435
-0.4219221,-0.70944864,-2.7030368,-3.7055879,-0.8005164,1.4413093,1.692585,0.77161324,-0.05040349,0.14141388
-0.4859566,-0.54127043,-2.7625651,-2.0283566,-0.7817774,1.2463964,1.4750766,0.7554706,-0.14178653,-0.16678046
-0.561035,-0.62659127,-2.1496274,-2.3708093,-0.3485437,0.97529763,1.0426731,0.4917435,-0.068010375,-0.6618468
-1.0133176,-1.3677745,-3.002941,-2.7485108,-1.3430879,1.2701191,1.6740373,0.71380156,0.26690662,-0.24677444
-0.97346336,-1.1513486,-3.4168882,-3.0683844,-1.064905,1.8874618,2.46523,1.2416039,0.19277823,-0.8505215
-0.19521378,-1.1125714,-2.0593417,-2.086753,-0.9834125,1.0448203,2.3004358,0.7998576,0.17236578,-0.5633681
-0.27643132,-1.2093908,-2.4943311,-2.0948336,-0.80429274,1.5112174,1.5139611,0.7689517,0.14658315,0.1354091
-1.2931087,-1.2303969,-2.6422622,-2.5823085,-1.2049357,0.8988332,1.4529443,0.9857127,-0.8134645,-0.9760847
-0.3704196,-0.5336073,-2.4991972,-2.9121244,-0.935805,0.4676076,1.3469905,0.8352223,-0.0520612,-0.2209743
-0.9564734,-1.0834882,-3.1640277,-3.2860203,-1.2099957,1.085066,1.7667937,1.2335061,-0.0037867632,0.027225355
-0.41663334,-1.159112,-2.7677238,-1.7788241,-0.7210268,0.97245103,1.6710309,0.700182,-0.18550992,-0.91539735
-0.92256874,-1.4475716,-3.7363496,-3.7235463,-0.66846395,1.1068311,1.9845661,1.912492,0.7612476,-0.09915992
-0.290681,-1.2426193,-2.7561324,-2.9928787,-1.48911,1.1934706,1.8791579,0.96155685,-0.30579346,-0.40769783
-0.50331026,-0.93027204,-3.0750794,-2.377895,-0.6429611,0.89861226,1.0873815,0.7596345,-0.3926935,-0.8347632
-0.30663842,-0.70849967,-2.8466325,-3.0503066,-1.2348075,1.0800116,1.3421344,0.8778927,-0.34397718,-0.7717425
-1.2506801,-1.018963,-2.7233024,-3.2207754,-1.169491,0.7046207,1.5159394,0.6276785,-0.23806095,-0.32048258
-0.38662866,-1.216805,-3.0381012,-2.9814827,-0.35537013,1.6016508,2.443652,1.4843978,0.067067586,-0.46611533
-1.0511875,-1.2689775,-2.9382925,-2.4888716,-1.0818596,0.8774429,1.2535561,1.0829401,0.25501958,-0.31858432
-0.45375055,-0.38817698,-2.6020112,-2.1516361,-0.84477425,1.0147433,1.5941161,0.8322521,-0.31222954,-0.49764326
-0.53228605,-1.4759245,-3.0750895,-2.6437192,-1.001158,0.93384606,1.4257512,1.7105775,0.13317059,-0.3664416
-0.8484013,-1.0517623,-1.1568389,-1.6138377,-0.6685369,0.73029137,0.382205,0.21268143,0.098595284,-0.5404845
-1.0693741,-1.3947457,-3.6879547,-3.7777584,-1.241685,0.8742692,1.9869556,1.3372208,0.2547878,-0.41330618
-0.59191126,-0.6508906,-3.1029966,-2.7683423,-1.2837373,0.49099475,1.7661412,0.8892573,-0.13494734,-0.15497397
-0.46860906,-0.5226916,-2.7369165,-2.9954782,-1.1616241,0.8002942,1.1908793,0.44380397,-0.0022038242,-0.1459175
-1.0934749,-1.483362,-3.0625017,-2.645401,-0.66996205,1.2973394,1.530746,0.8298606,-0.036126178,-0.49422798
-0.6524531,-1.1134868,-3.1167016,-2.6755867,-0.7979332,0.89785105,1.5515642,0.80545324,-0.1967677,-0.71806616
-0.5596873,-1.6269984,-2.8129587,-2.955047,-1.042249,1.7114581,2.3799207,0.9622829,-0.17984252,-1.0771177
-0.34382907,-0.76103604,-2.8359518,-2.4989712,-0.9880179,0.9144862,1.130435,0.6886709,-0.19047791,-0.27122593
-0.4742606,-0.33718345,-1.8627862,-1.6150265,-0.4825775,1.2937903,1.1997753,0.47481808,-0.8212688,-0.45268354
-0.28834155,-1.2330954,-3.6138692,-3.1070871,-1.0093191,0.895691,1.9067329,1.3438326,-0.156465,-0.5043774
-0.5329525,-1.1413454,-3.5004816,-3.2179353,-1.0323892,0.84304774,1.5021595,1.2308447,-0.15137526,-0.8176917
-0.44698265,-1.0750291,-3.1340215,-2.7681894,-0.67278665,0.8386408,1.7686119,1.334377,0.14073561,-0.80566406
-0.4871383,-1.2186378,-2.3817844,-2.4555352,-1.2004108,0.6287083,1.3186978,1.2935294,0.21533775,-0.1435429
0.116629586,-0.79520744,-2.4606907,-2.1512556,-1.1458756,1.0111388,1.50064,0.7230349,0.1354961,-0.1357307
-0.5900545,-1.9974473,-2.4913754,-2.3652344,-0.48332354,0.87291026,1.6246557,1.108465,-0.3554793,-0.4235328
-0.030076873,-1.207975,-2.8999743,-2.6850634,-0.4140766,1.3598653,1.1544942,1.1003273,0.85004354,-0.2520353
-0.44745827,-1.6836147,-3.283725,-3.1131756,-0.5627898,1.3707758,1.783525,1.4296659,0.00856538,-0.7925024
-0.049770318,-0.97663224,-2.8202024,-2.6021976,-0.59387153,1.3443615,1.8373439,1.7014258,0.5049999,-0.3149159
-0.99216676,-0.8865705,-3.161122,-2.4288645,-1.1271931,0.73095477,1.4876977,0.72550666,0.48670372,-0.4705665
-0.9822966,-1.2716556,-3.641895,-3.3599875,-0.6045851,0.647656,1.8480611,1.519825,-0.14630887,-1.0096421
-0.80624276,-1.2795795,-2.7416224,-2.6208856,-0.67579633,0.79050213,2.405863,0.91477144,-0.120129,-0.3913327
-0.74468267,-1.5490692,-3.1124926,-2.6598253,-0.82130927,1.4826566,2.0062792,0.8801367,0.38133755,-0.6721716
-0.006003889,-1.2141238,-2.724122,-2.2838752,-1.1800066,1.0326004,1.3911242,0.67709285,0.28863811,-0.41117233
-0.6473201,-1.6968209,-2.4023607,-2.7708943,-0.8576433,0.7987687,1.6732637,1.0157279,-0.08129325,-0.56800896
-1.188193,-0.868788,-2.8203654,-3.655278,-1.1489749,1.1711977,1.5533372,0.3033492,-0.25872853,-0.07332923
-0.6216572,-1.2054422,-2.8344543,-3.488338,-1.3311787,1.1340345,1.680789,1.1711143,-0.09095117,-0.46357882
-0.8437389,-0.38733467,-2.8863087,-3.2498949,-1.1106921,1.1086645,1.3791406,0.9358911,0.6520529,0.32546353
-0.41860285,-1.7435006,-3.9266763,-3.8340383,-1.3345066,1.1885816,2.3861687,1.401187,0.3039843,-0.4089211
-0.3778976,-0.32458237,-2.280413,-2.108104,-1.0365139,1.0351528,1.3498542,0.5392307,0.21166652,0.53561497
-1.4980731,-0.9469628,-2.6183891,-2.7197015,-1.4809867,0.4567315,1.3804532,0.9790485,0.32359424,0.35047305
-0.6023148,-1.374139,-3.1307857,-3.0976932,-1.4072428,1.6013112,1.9158583,1.1254637,0.22090665,-0.79538965
-0.77498496,-0.87245405,-3.5091405,-3.2964425,-0.8028651,0.9242138,1.360139,0.7736298,-0.11959544,-1.0617256
-0.6354143,-0.93951774,-2.8862016,-3.4238684,-0.8728836,0.47501865,2.0326107,1.0834876,0.14662649,-0.16545185
-0.4276319,-1.6132178,-3.5478742,-3.0606117,-1.583857,1.01135,1.0750098,1.376708,0.30757982,-0.4932522
-0.35564196,-0.5713438,-2.2834063,-2.6622531,-0.28247792,1.1470485,1.5363193,0.8642909,0.24113186,-0.65748143
-0.43716028,-1.2248027,-3.3423588,-3.2235084,-1.1988968,0.8433954,2.322219,1.5349853,-0.40781972,-0.732679
-0.08484626,-0.686069,-2.2500496,-2.4745686,-0.8341993,0.81655097,1.2775846,0.6390986,-0.23489323,0.26902547
-1.4104234,-1.1570187,-3.7273574,-3.1881316,-0.9547032,1.147797,1.2979866,0.57808214,-0.35486314,-0.61224854
-1.1429032,-1.2316245,-3.4692423,-2.5132282,-0.5763322,1.1718652,1.8597722,0.90909004,-0.19553483,-0.68429565
-0.8012721,-1.6387838,-2.494388,-2.468595,-0.9463731,0.47600105,1.9847162,1.0209537,-0.12804449,-0.7591442
-0.9090584,-0.8822713,-3.4438267,-3.1111767,-1.0010036,0.8182445,1.59876,0.9493274,-0.1747736,-0.49607038
0.075384945,-1.5998094,-3.3958287,-2.8359072,-0.957917,1.1081886,2.0467455,1.3778437,0.47458377,-0.79809695
-0.38850296,-1.1330879,-2.7135086,-2.8149693,-0.9250147,1.3317398,2.0778785,0.79084665,-0.104336396,-0.4379549
-0.017330619,-1.672403,-3.4019964,-3.2432694,-1.1052687,1.1680688,2.2648811,0.9027331,-0.23823972,-0.4564277
-1.4301112,-0.7664175,-3.0960991,-2.9672558,-0.7999153,1.0154757,1.9532628,1.2073355,-0.11588413,-0.8489117
0.067089215,-0.4756164,-2.7375836,-2.709651,-0.53234166,1.0162983,1.9825869,0.85271794,-0.013284722,-0.5493065
0.15669908,-1.1135715,-3.0609355,-2.6532211,-0.9608357,1.3363253,2.154904,1.2662535,0.50067043,-0.8206336
-0.09434749,-0.7561051,-3.2482479,-2.3448164,-0.66029626,1.7850047,2.1251361,0.643547,0.003264279,-0.81454176
-0.79464704,-1.081632,-2.474091,-2.4756358,-0.7055057,0.85831344,1.4168985,1.0332388,0.30414516,-0.59500474
-0.7485308,-0.9560356,-2.5786402,-2.4476783,-0.83484244,1.4515972,2.0941722,0.9907416,-0.0754629,-0.3995529
-0.3578874,-0.74190015,-2.9051259,-3.0088606,-0.68347263,1.1910573,1.8467987,1.1173961,0.21312971,-1.0716143
-0.5706566,-0.8184013,-2.8433785,-2.1630576,-0.84016794,0.47929338,1.2537287,1.4095237,0.16608535,-0.872165
-0.8851854,-1.4693748,-3.4330938,-2.5062463,-1.1605908,0.91072506,1.6051493,0.8869234,0.0577254,-0.5153621
-0.6908501,-0.98308873,-2.1084688,-2.2485237,-0.5945393,0.84673256,1.6139723,1.057309,-0.2530036,-0.77929246
-0.15176861,-1.6543701,-3.474519,-3.1362436,-0.8635568,0.9975248,1.7933047,1.3361639,-0.17850123,-0.92181724
-0.17583089,-0.6250955,-2.174787,-2.1231256,-1.4543387,0.7960173,0.96534336,0.4833579,0.35930192,1.8603493
-0.48768163,-1.5840151,-3.8330274,-3.5888536,-1.0893657,1.8724473,2.1799958,1.1802062,-0.09305287,-0.88996553
-0.48620507,-1.3186824,-3.357394,-2.9839737,-1.1782305,1.6836298,2.1954608,1.341792,-0.24078646,-0.8851567
-1.125681,-0.8406475,-3.317242,-2.6309361,-1.2681628,0.96993464,1.604166,1.602817,0.27641016,-0.45880386
-0.39193836,-0.89825463,-2.2273488,-2.057577,-1.0142182,1.0082542,1.6050962,0.22175317,-0.3658612,-0.17066689
-0.6387725,-0.76151985,-1.6666697,-1.9880904,-0.9298654,0.7785412,0.5601263,0.2705754,0.02936229,-0.40170106
-0.1395977,-1.8234545,-3.669358,-2.9740407,-1.2173415,0.8500729,2.4256916,1.7316537,0.5302235,-0.6542294
-0.017036367,-1.4484552,-3.4300952,-3.282397,-0.6090459,1.1436967,1.5203172,1.1220673,0.13042642,-0.66528755
-0.65427995,-0.96908665,-3.017007,-2.2699761,-0.9623896,0.61779773,1.441924,0.7944455,-0.19640072,-0.84721327
-0.3109057,-1.5456436,-3.5351748,-3.6088634,-1.3352782,1.2886226,2.3255637,0.8703487,-0.12932374,-0.5736183
-1.95821,-1.04125,-2.0312586,-2.5825448,-1.5447855,-3.087531,-0.081396736,0.9329552,0.4970633,-0.9928496
0.045483693,-1.168459,-2.971425,-2.6340835,-0.5641873,1.2623805,2.2459624,0.883227,-0.0066094785,-0.4294897
-0.35098726,-1.4325693,-2.3644013,-2.368985,-1.0376058,1.0663224,1.7292969,1.155008,-0.3787532,-0.8411898
-0.5062627,-1.0061377,-3.4904587,-3.1439686,-0.99897414,0.83558095,1.4098638,1.2308387,0.17858426,-0.9713579
-0.4774145,-0.9954819,-2.7228758,-3.067972,-1.0015541,1.3414207,1.9368706,1.888686,0.44113013,0.18136115
-0.53163654,-0.9494423,-3.3385532,-2.8976314,-0.5819243,1.4378936,1.829123,1.7613294,0.23930457,-0.11806848
-0.23441923,-0.5440859,-3.0773597,-3.4476624,-0.71458846,1.2692466,1.0630413,0.7243269,0.053568877,0.033600178
-0.78239083,-1.0823784,-3.4099503,-2.9471695,-0.69022405,0.8828628,1.9341269,0.6706741,-0.2046742,-1.0010079
-0.830594,-1.5398211,-3.8042998,-3.7816129,-1.4727964,1.0886598,1.7751176,1.6916517,0.6749457,-0.15479939
-0.28755185,-0.6179068,-1.3359519,-2.6816206,-0.6293991,0.9981606,1.5977468,0.4617207,-0.15449439,0.08179805
-0.3508096,-1.6090311,-3.8932498,-4.0270424,-1.3443637,1.0765642,2.4797695,1.6685737,0.60291296,-0.6416208
-0.8562733,-0.39907396,-1.9858489,-2.2506518,-0.6459765,0.54184306,0.9826052,0.6517589,-0.72798526,-0.22102514
0.17681414,-0.2478378,-2.055519,-2.0633612,-0.6355171,0.9896815,1.534912,1.1351616,-0.087668575,-0.3862328
-1.3162274,-1.7451177,-3.7961185,-3.2588642,-1.1940349,1.09931,1.7607923,1.2632842,-0.2757434,-0.39755338
-0.28663206,-1.2003504,-2.0564127,-1.951472,-0.7406244,0.97692025,1.3124645,1.3105929,0.090179816,-0.44359183
-0.19172245,-0.12703112,-2.2058065,-2.5637248,-0.69786626,0.7370095,1.2380003,0.89714867,-0.009618621,-0.086458
-0.049082458,-1.665839,-3.461272,-2.5306497,-1.330989,1.2217164,2.1885943,1.5457426,0.08901977,0.007238074
-0.42286235,-1.3591249,-3.1033642,-2.8350692,-1.2097756,0.5206817,2.2105896,0.6519535,0.32408878,-0.6158933
-0.22033238,-0.75265014,-2.6670523,-2.7731056,-0.963567,1.0369444,1.7518407,1.0708727,-0.17511457,-0.4242091
0.1999103,-1.0188909,-2.9182057,-2.8381622,-0.9623715,0.9210106,1.55687,0.81717503,-0.033904716,-0.16901347
0.006210349,-1.2491248,-2.6166105,-2.5539322,-1.3967249,1.0042994,2.047689,0.9756612,-0.020019779,0.030400269
-0.60289407,-1.7087053,-3.8643954,-3.8167918,-0.9528145,0.96213585,1.6427674,1.3015835,0.23086907,-0.49560452
-0.30648726,-0.9702452,-3.050068,-3.726728,-1.1134392,0.72156453,1.5769341,1.2035904,0.038301256,-0.3914503
-0.559707,-1.2593057,-3.0204265,-2.8443365,-0.7699217,1.1884992,1.4833186,1.4974586,-0.02610303,-0.4667998
-0.44128802,-1.2077036,-2.4860551,-3.1018646,-1.1603482,1.1341063,1.6956104,1.6115391,-0.033633817,-0.14360517
-0.6529774,-1.4658657,-2.808251,-2.398353,-1.3178548,1.166282,1.8016727,1.143918,-0.1107558,-0.8743618
-0.039101247,-1.2111083,-2.265269,-2.3242145,-0.6055521,1.3630931,1.0196115,0.9210427,0.5765647,-0.50816435
-0.6636756,-0.7066053,-2.0863466,-1.695546,-0.52510226,0.81309927,1.8350412,0.61995393,0.6195733,-0.4087888
-0.6356686,-0.9338616,-3.4077325,-3.1356514,-0.97163993,0.6304316,1.3279681,0.5746155,-0.12931882,-0.36086094
-0.7028974,-0.62865436,-2.8853757,-3.5941908,-1.0427083,0.75696564,1.2939223,1.1164384,-0.10901114,0.027993895
-0.3949807,-1.2543509,-3.5620294,-3.0003204,-0.79269785,1.3099817,1.7979064,1.0962025,0.041480016,-0.49014133
0.0024236983,-1.5049312,-3.741305,-3.5113828,-1.1999214,1.3378923,2.4786005,1.0847799,0.1997804,-1.0989816
-0.7989959,-1.5716002,-3.663305,-3.9142406,-1.4790608,0.7220207,1.9353781,1.0156821,-0.20832263,-0.8934107
-1.1319816,-1.6275077,-3.7864344,-3.305806,-1.1939638,1.1961263,1.7594379,1.1772618,0.28533795,-0.5515287
-0.5676904,-2.1005788,-3.6536157,-2.9964995,-1.1752058,0.72656447,1.5527008,0.68852854,0.23776878,-0.7015542
-1.17179,-0.7790532,-2.8983524,-2.9683275,-0.8933606,0.6614764,1.0360653,1.0371164,-0.22923143,-0.63463503
-0.776099,-1.0723761,-2.8779364,-3.336618,-1.010699,1.0236998,1.422485,1.1863939,-0.05168054,-0.58880985
-0.25899917,-0.8741128,-2.4668882,-2.6002693,-0.89728796,0.9624073,1.3913884,0.94073284,0.048485935,-0.8941122
-0.9567172,-1.4888586,-3.3084285,-2.439768,-0.8068662,1.0690118,1.2092783,1.322195,-0.0707113,-0.8228134
-0.2396631,-0.7677758,-2.6863143,-2.0142505,-0.9964796,0.735451,1.8213487,0.679376,-0.07136514,0.3601468
-0.73206145,-0.9787256,-2.4490798,-2.4611912,-1.4217772,0.72539157,1.5046769,0.9937703,-0.13629593,-0.24261808
-0.08902354,-0.95004416,-2.7720141,-2.734508,-1.0169704,0.5009223,1.3709733,0.7929159,0.27456948,-0.30762225
0.3605584,-0.78122157,-2.5021553,-2.5164506,-0.6652379,1.6393964,2.1476007,0.9334758,0.1469394,-0.12682398
-0.15394852,-1.1328685,-2.830648,-2.3291342,-0.59196967,1.4731588,1.8089994,1.1519738,-0.1857702,-0.115555175
-0.73918283,-1.3761765,-3.1077418,-3.7052584,-1.3858564,1.1824386,1.6215123,1.1306657,-0.21406011,-0.8373786
-0.17655396,-1.1518207,-2.1224358,-2.3330915,-1.2043972,0.9901639,1.8131918,0.805921,-0.0031835074,-0.38050145
-0.07841912,-1.4865294,-3.5615163,-2.6130197,-0.8963117,0.87652653,2.264721,1.341912,-0.10757148,-0.4497273
-0.14740641,-1.4701862,-3.5053067,-2.6784258,-1.2588122,1.6105027,1.8372802,1.1543502,0.041621972,-0.32513592
-0.89169586,-0.9913506,-2.1506674,-2.0254498,-0.82697546,1.0908254,2.050478,0.71482897,-0.25268286,-0.68545854
-0.47167686,-1.4089506,-3.5569005,-2.9644423,-0.79546875,1.4486516,1.9805776,0.97286814,-0.28295517,-0.9332296
-0.42449316,-1.265885,-2.5880537,-2.5851111,-0.8088948,1.4593565,2.1006212,1.6748612,0.2451104,-1.1030436
-1.108692,-0.93926907,-2.6224427,-2.510462,-1.0875536,0.9512314,1.3782423,0.8427055,-0.69040346,-0.331126
-0.35363704,-1.3779702,-2.7116125,-2.3268538,-1.2808055,0.5867518,1.8859936,1.0356848,0.051631052,-0.22726579
-0.46096665,-1.0602552,-2.6679695,-2.1497731,-0.5930246,0.8499921,1.444209,1.2205648,-0.5079884,-1.1932365
-0.37025955,-1.4274201,-3.6351147,-2.998915,-1.3267976,0.7008218,2.0749123,1.057201,0.04466005,-0.20064597
-1.1594822,-1.0993336,-2.3040512,-2.0927737,-0.7041401,0.50656086,1.0833572,0.6576493,-0.10309574,-0.81682
-0.4445235,-0.9229462,-3.2027726,-3.0396848,-0.9280168,1.7259034,2.2451034,1.2126504,-0.1526917,-0.663844
0.49889657,-1.3700895,-3.583334,-2.7387505,-0.8830174,1.0460835,2.3467965,1.1437002,0.048870984,-0.44339913
-0.56178606,-0.4124704,-2.547047,-2.6503572,-0.6014353,0.724014,1.3734647,0.79175466,-0.1328024,-0.39685246
-0.56704724,-0.65160704,-1.9919573,-1.7244605,-0.44074294,0.7525781,0.9278339,0.36484888,0.117761165,-0.1369785
-0.7871615,-1.6816815,-2.4135134,-2.1902149,-0.6242952,0.9107629,1.6155719,1.2064341,-0.60282844,-1.4250664
-0.5961471,-0.6667383,-2.4443686,-1.8707793,-0.8378641,0.7603177,1.0491673,0.47347623,-0.19025257,-0.517724
0.02631061,-1.044601,-2.3156686,-1.8791484,-0.7370564,1.064331,2.0731666,1.1217424,0.06375858,-0.70138866
-1.267711,-1.1856806,-1.9451567,-2.5540073,-2.014152,-2.1347508,0.22350484,0.8510239,0.3335036,-0.31325522
-0.39948952,-1.1903747,-2.6291883,-2.175123,-0.8096605,1.0839891,2.0526698,1.4585861,0.008797724,-0.48284137
-0.06660339,-1.021819,-3.147511,-2.4975002,-0.6177029,1.489945,2.060276,1.2145089,0.044474706,-0.62118524
-1.1797596,-1.0435882,-2.274238,-2.3890703,-0.98031825,0.76597315,1.0324703,0.31348568,-0.20582658,-0.23438126
-0.41960883,-1.7581067,-3.4639993,-3.4618695,-0.98402447,1.731938,2.174015,1.8499839,0.26551265,-0.76734954
0.13689241,-1.4153311,-3.0894544,-3.650511,-1.4367847,1.4720371,1.8725327,1.0402824,0.32478225,0.15728128
-0.6848717,-1.7647128,-3.4712543,-3.17147,-1.0366977,0.6158595,2.022976,2.0392725,0.05870122,-1.0454246
-0.7518028,-0.921108,-3.1090379,-2.5914528,-1.4796888,0.67067844,1.5677675,1.3090895,0.10193555,-0.49140018
-0.02596847,-0.71927536,-2.29368,-2.5302153,-0.83715063,0.8118918,1.0957334,1.1692894,0.1265841,-0.12269315
-0.3232299,-1.4360114,-3.3913524,-3.209067,-0.7260526,1.0110966,1.674765,1.4176362,0.34671825,-0.68490046
-0.026032658,-0.88716096,-3.2643814,-2.61871,-0.922311,0.63864464,1.8861722,1.1282369,0.055005938,-0.32788253
-0.65371186,-1.2422084,-3.641791,-2.6160853,-0.945981,0.9904415,1.739853,1.9168185,0.5124369,-0.5173066
-0.29017383,-0.34708774,-2.900912,-2.8260016,-1.1498564,0.95193785,1.0838039,0.5126794,0.28227597,0.0153600555
-0.41971278,-1.2164214,-2.9343581,-3.1749728,-1.015456,1.1358056,1.7352353,0.9836691,0.041426755,-0.6072303
-0.34869096,-0.8215743,-2.6175344,-2.7356231,-0.4499379,1.1680367,1.8282808,1.1336623,-0.14295465,-0.84832597
-1.3681178,-1.1927302,-3.5518572,-2.9022143,-0.895604,1.4146711,1.6717315,1.0582275,0.3616888,-0.68894404
-1.0025357,-1.0681198,-2.890055,-2.4564838,-1.1015452,0.93301255,2.0084589,1.0729135,0.15356663,-0.27723378
-0.106523395,-1.2183902,-2.8010077,-2.9827204,-0.81877446,0.97779477,2.718253,1.2535553,-0.3612019,-0.9514497
-0.8275962,-0.99138373,-3.3563378,-2.8946126,-0.7331706,1.532765,2.1380517,0.87808555,-0.18576342,-0.19346686
-1.1813259,-0.94708556,-2.5281322,-3.2752855,-1.2811371,0.96710217,1.7960963,1.0374988,-0.76073444,-0.20473398
-0.31167877,-0.5836451,-2.889831,-3.1399927,-1.1679806,0.84895974,1.4108521,0.89737654,0.13691203,-0.4815652
-0.4698147,-0.7126959,-2.9343753,-2.711351,-0.3824774,1.0918996,2.197644,1.3855731,0.5510444,-0.16395153
-0.4643697,-1.5659211,-3.2884383,-3.147898,-0.9170212,0.9754014,1.8472575,0.9421661,-0.045180112,-0.33462903
-0.27923852,-0.93882906,-2.8951476,-2.4026506,-0.50714093,1.2131199,1.4248736,1.0746611,-0.53454304,-1.6229328
-0.43533498,-1.0295155,-3.1964316,-3.175634,-1.0887123,1.169357,1.8671875,0.84607106,-0.14426221,-0.36399585
-0.74151015,-0.57936984,-3.0143123,-3.0097067,-0.8408492,1.1357061,1.8365967,1.5523504,0.22239473,-0.6824376
-0.8292239,-1.0430048,-3.0858443,-2.6681323,-0.51416016,0.83802456,1.9315815,1.3838828,-0.1136727,-0.7770192
-0.68955326,-0.703116,-3.101517,-2.9374492,-1.04538,0.95616025,1.2440313,1.1186292,-0.021689741,0.031737402
-0.043814253,-1.4372059,-3.5975885,-2.8863535,-1.0547951,1.0556633,2.4432821,1.5449953,-0.0128436815,-0.60762984
-0.38478962,-1.3172837,-3.333944,-2.8214872,-1.474296,1.2343351,1.867834,1.1327881,-0.35411134,-0.7108491
-0.4155581,-1.1678687,-2.5245376,-2.0289178,-0.82852954,0.7521055,0.7695634,0.42997357,0.14125696,-0.72889435
-0.4086723,-1.3874851,-3.2942035,-3.0133832,-0.94849646,1.2568811,1.782772,1.160795,0.31359428,-0.7533511
-0.93409103,-1.5973699,-3.8275385,-2.7406075,-0.8498042,1.0831562,2.047788,1.0195866,-0.5686397,-0.74986976
-0.16235173,-1.4751197,-2.404156,-3.3262126,-1.3125952,0.9417738,2.1711793,1.4226582,0.15815108,-0.1443624
-0.44342288,-1.00274,-2.9497998,-2.9706695,-1.2199161,0.8734211,1.7336109,0.84414315,0.35300797,-0.13441443
-0.5977295,-1.628038,-2.6431093,-2.6299567,-0.5169306,0.64991546,1.5553249,0.6989274,-0.1621123,-0.66514313
-0.05017003,-0.9021308,-3.3917854,-3.6363945,-1.2760913,0.8876425,1.8786101,0.7585375,0.029986018,-0.12379891
-1.207633,-2.3770132,-3.4527817,-2.8887603,-0.7512129,1.2386413,1.8011655,0.56535256,-0.03306635,-0.05819311
-0.6824043,-1.2268887,-3.089942,-2.3133807,-1.0225819,0.5331443,1.4697608,1.340437,0.023771947,-0.191403
-0.5542453,-1.04125,-2.207438,-2.8645642,-1.3442297,0.6777311,1.5907997,0.8941717,0.12743913,-0.25950417
-0.5009719,-1.4296943,-3.109124,-2.21202,-1.0886443,0.7989168,1.6379064,0.74759775,-0.07707826,-0.70413256
-0.7079915,-1.8704101,-3.0520031,-3.0556533,-1.2686492,1.5430804,2.0620406,1.1197174,0.01573963,-0.7518211
-0.56140316,-1.2428396,-2.8244176,-3.1577058,-1.1203784,0.9940237,1.7069954,1.2722137,0.085474655,-0.9704929
-0.18356705,-0.9216273,-2.4566896,-2.0044382,-0.7286359,0.8472877,1.9180634,0.7017166,-0.13124947,-0.6024896
-0.51571995,-0.8363053,-2.3646479,-2.6255589,-0.6391424,1.0012574,1.7733102,1.1001753,0.1979628,-0.16025358
-0.3608653,-0.0880941,-2.3700686,-2.1572196,-1.0456456,0.66872156,0.7824,0.2888937,0.33366928,0.6333099
0.15165706,-0.76240474,-2.1207824,-2.2758691,-0.8509744,0.9831114,2.003276,1.0932062,0.29697913,-0.3877764
-0.6883369,-1.4641905,-3.652665,-2.6333568,-1.2427883,0.6894612,1.4986511,0.8723996,0.29402557,-0.24076797
-0.10074702,-0.8397729,-3.4425135,-3.2876823,-1.1759491,1.5197494,2.312001,1.6581863,0.08049023,-0.84816164
0.081395105,-0.79240954,-2.7603664,-2.6960173,-0.9481284,0.64341617,1.4520298,0.85048175,-0.047105413,-0.39916632
-1.1698878,-1.3587258,-3.476173,-3.3605816,-1.1971663,0.38367018,1.4510008,0.7366672,-0.3764027,-0.36405304
-0.85627437,-0.8308851,-2.7533858,-3.0730388,-1.3976779,0.9132365,1.3964704,0.82491434,0.2257614,-0.54808503
-0.532988,-1.5072105,-3.5857844,-3.5216994,-1.1440238,0.7124508,1.8271773,1.7368561,0.26796326,-0.51680315
-0.43259633,-0.9802472,-2.179222,-1.9170427,-0.41850138,1.468239,1.7790545,0.8659802,-0.25218228,-0.30107626
-0.978149,-1.1575669,-3.7949052,-3.3292058,-1.6975952,0.3718247,1.7134353,0.9151654,0.09084572,-0.6885676
-0.66023374,-1.1430573,-1.999065,-2.2079167,-0.7401827,0.7627065,0.6345868,0.4462166,0.21055727,-0.2022513
-0.8451091,-1.0102746,-2.7335355,-2.069053,-0.95166653,1.1301711,0.95623505,0.87949353,0.052647464,-0.28623566
-0.20238242,-1.1732092,-2.6293738,-2.6654892,-1.000945,0.66064656,1.431038,0.34420052,-0.15993205,-0.5408958
0.214214,-0.9074655,-3.0682979,-3.1212642,-0.8139788,1.3935983,2.287848,1.2974135,-0.16633862,-0.51906353
-1.036069,-0.84438604,-2.486677,-2.2890213,-0.67313796,1.1197699,1.5051289,0.84826326,0.20885788,-0.16778569
-1.2024965,-1.0671198,-2.9914339,-2.9712114,-1.1009685,1.0006222,2.1315243,1.3227731,0.5262286,-0.5861914
0.04465919,-0.8207642,-2.316466,-2.3458042,-1.2569717,0.9621653,1.9251361,1.2711835,0.08740646,-0.89439076
-0.6143994,-1.2431448,-3.6107447,-3.387521,-1.2589436,0.8971781,1.64955,0.4548125,-0.28904274,-0.48716414
-0.504014,-1.3889935,-3.6293342,-2.7505229,-0.5671647,1.4053173,2.007512,1.2913483,0.021161316,-0.68671435
-0.18925393,-1.6426594,-3.56313,-3.3114905,-1.1731789,1.2493232,2.0964558,0.5776681,-0.16917376,-0.42699617
-0.2520999,-0.9352152,-2.9719906,-2.7197704,-1.3911281,1.4462781,1.6737462,0.50028384,-0.06886168,-0.462263
-1.2237666,-0.74593806,-2.4177938,-2.674006,-1.1675107,0.88630843,1.1917692,0.54276973,-0.8313557,-0.9197806
-0.19163293,-0.42817593,-2.6624377,-2.541628,-0.8188678,1.3148268,2.1881037,1.244875,0.19958022,-0.52366745
-0.63723904,-0.99400336,-2.764923,-2.856399,-0.64824015,1.6153746,1.8264067,0.63217264,-0.6537726,-0.6209311
-1.2775218,-1.6032678,-3.9515047,-3.7192752,-1.1554693,1.4243348,1.6120094,1.4693744,-0.14029098,-0.7540584
-1.0070039,-0.81290525,-2.543578,-2.1430707,-0.59141296,0.8171276,1.3619286,0.6774766,-0.324139,-0.8600924
-1.1428401,-0.87977904,-3.461614,-3.0503037,-1.0001199,1.0462251,1.452967,1.0010852,-0.4169451,-0.42045152
-0.35237536,-1.513384,-2.9597213,-2.5785654,-1.1069609,0.6623765,1.2454642,1.239203,0.21135157,-0.27317935
-0.63071716,-1.642174,-3.4421272,-3.2968729,-1.2051018,0.85384333,1.7692726,1.1761973,-0.0848199,-0.47633323
-0.9482832,-0.61444265,-2.5315268,-2.7565715,-0.84209216,1.4699485,1.5290183,0.46756753,-0.39324224,-0.3633825
-0.88751334,-0.95712185,-2.7557497,-3.0682995,-0.55682355,0.9213827,1.2554942,0.8752879,-0.14095671,-0.71921694
-0.42745522,-1.1839365,-3.4744751,-2.585227,-0.17509004,1.3209383,1.8588485,0.74385524,0.12777269,-0.3603825
-0.6993402,-0.90888226,-2.22869,-1.9264463,-0.72860813,0.6316625,1.4685626,0.5858305,-0.27275634,-0.45575702
-0.44889155,-1.4567839,-3.7345047,-3.126044,-0.822354,1.0312076,2.0899203,0.6807739,-0.16389191,-0.6219163
-0.5922621,-0.7432178,-2.907051,-2.1771154,-0.62634534,0.9122992,0.63603705,0.41072133,-0.040050667,-0.6586247
-0.80454534,-1.3166533,-3.4345121,-2.8531666,-0.9113888,0.8373376,1.7375329,1.1738483,-0.44653162,-0.65151566
-0.7536388,-1.0939777,-2.7245817,-2.3985248,-1.1925987,0.60520494,1.2809246,0.8276601,0.17006184,-0.5834685
-0.046034597,-1.477929,-3.8188968,-2.9019003,-0.6188566,1.032828,1.3080131,0.6708926,0.11227334,-0.8601601
-0.18276706,-0.5930799,-2.2378976,-2.085941,-0.42122856,1.1701243,1.0428019,0.53487366,-0.12471827,-0.36063477
-0.88575274,-1.2849951,-3.7797246,-3.2178504,-0.7361093,1.17232,1.9973623,0.8565031,0.23068444,-0.5399789
-0.14311248,-0.84393156,-3.2134368,-2.732485,-0.91294944,1.0119258,1.7332718,0.90514904,-0.1353498,0.03885892
-0.26352128,-1.0626267,-3.5521042,-3.7368646,-1.35132,1.3025073,1.3549138,1.39469,0.22966142,-0.85601676
-0.92304194,-1.6850446,-3.3632457,-3.4791396,-0.9796345,1.1141131,2.0624988,1.4831278,0.100299016,-0.73786074
-0.096550934,-1.3849121,-3.133544,-2.6873775,-1.010606,0.91588485,1.7619195,0.9458721,-0.002225831,-0.88479626
-0.56036836,-0.08974636,-2.573422,-3.0820417,-1.336585,1.0704815,1.8371141,0.7612182,-0.29942197,-0.7496759
-0.64523554,-0.90528,-3.3225436,-3.4543042,-1.0735689,0.40516862,1.9217815,1.4423596,0.41154483,-0.2779587
-0.14239852,-1.404193,-2.9650536,-2.66131,-0.9109167,1.3794342,2.0719657,1.1526285,0.019511811,-0.3319445
-0.77955735,-1.1242323,-3.6812701,-3.5194328,-1.6349503,0.8608549,1.8239514,1.2088925,0.3060309,-0.50477415
0.009314847,-1.6591563,-2.8997397,-2.643248,-0.9919722,0.7285544,1.5619382,1.0675805,-0.18255745,-0.3093673
-0.22403549,-1.6394607,-3.1196585,-2.9328065,-1.292883,1.309517,1.8221824,1.3168404,0.0065047625,-1.0681722
-1.1902453,-0.88683325,-3.569052,-3.2020922,-1.6707237,1.0386096,1.5486953,0.6106203,0.22056998,-0.43937403
-0.9141928,-2.1003463,-3.809913,-2.7415457,-0.9966869,1.4736315,2.0776322,1.1449767,-0.15406783,-0.95667064
-0.2864588,-1.1565093,-3.5537648,-3.0496309,-0.5266983,0.98169816,1.3907698,1.2024674,-0.33867618,-0.47706762
-1.4316084,-1.6849552,-3.6778135,-3.790823,-1.1645162,1.0162416,1.7467749,0.9797991,-0.056135353,-1.5162516
-0.8830841,-1.2687517,-3.4524248,-3.6445131,-1.160285,0.98047996,2.3985448,1.399559,-0.40954402,-0.69724256
-0.9026921,-1.0492969,-3.377234,-3.611414,-0.9702363,1.1032878,2.1395473,1.1303657,-0.045977574,-0.7953089
-0.93848634,-0.8062806,-3.184089,-2.934091,-1.3778863,0.67469656,1.3618147,1.5183698,-0.16060391,-0.13125637
-0.4449389,-0.19639336,-2.053568,-2.0654523,-0.91411436,0.45014578,1.6801496,0.52112824,-0.21132103,-0.40676758
-0.16094442,-1.0076692,-3.2860978,-2.819328,-0.4799981,1.5171063,2.3619409,1.0491153,-0.62730545,-0.9674546
-0.24491662,-1.6640171,-3.7712502,-2.9865682,-1.0657037,0.7318108,1.5651491,0.95710886,-0.22324248,-0.2792514
-0.26749226,-0.7059924,-1.725788,-2.0463252,-0.72798485,0.8089295,1.3903644,0.44388807,-0.51652926,-0.12745205
-0.26959363,-0.4367019,-2.2596045,-2.1546082,-1.0338258,0.37826282,1.6758406,0.67665297,0.094300576,-0.35959148
-0.24861147,-1.302801,-3.0757902,-2.4096806,-0.93426543,1.1634732,2.127227,0.8250605,-0.35432822,-0.8165347
0.08260483,-1.6199574,-3.3289292,-3.09025,-1.1002923,1.0406594,1.7804803,1.2902834,0.4158646,-0.58362305
-0.10242777,-1.3806008,-3.1711242,-2.5403874,-1.0508,0.59970504,1.644046,0.99829924,0.10117631,-0.30687588
-0.1422189,-1.6191704,-3.6703827,-2.9400449,-1.0287154,0.62702763,1.2999424,1.3367398,0.112847336,-0.5003366
-0.2981198,-2.0411234,-3.6904874,-3.7815692,-1.5564166,1.3791512,2.526454,1.3538959,0.49701455,-0.76384485
0.16598621,-0.9620594,-2.9147377,-2.28697,-0.842216,0.83636445,1.6690841,0.95123583,0.13021266,-0.67668045
-0.6234368,-0.4371939,-2.611027,-3.1626925,-0.9963392,1.5743576,2.0228884,1.2950121,0.16451646,-0.3496567
-0.79830384,-1.2396222,-2.5552552,-2.5306103,-0.91684246,1.07237,1.7578672,0.7849064,0.12594105,-0.056417
-1.0389299,-1.1545773,-3.4708693,-2.5276327,-0.8286284,1.2563689,1.8068436,1.2347395,-0.12131679,-0.6917319
0.06829333,-1.0480531,-2.2035863,-2.3253765,-0.85612196,1.0105073,1.6701921,0.51350886,0.29685044,-0.2308876
-0.49982545,-0.58921623,-3.2088633,-3.050673,-0.82034963,1.4729701,2.3243887,1.0997564,-0.3296843,-0.92328155
-0.7964297,-0.7242819,-2.8078902,-2.9888937,-1.0905347,0.879763,2.3187084,1.2721431,-0.12414519,-0.9002715
-0.43975607,-1.3756123,-2.9077215,-2.4740505,-1.0459985,1.1546725,2.0113997,1.4924158,0.3231766,-0.9822554
-0.52683747,-1.0803285,-3.063227,-2.7058165,-0.5054465,1.2983253,1.1840023,0.8362728,-0.04775456,-0.15866141
-0.3853098,-1.0573027,-3.1766832,-2.5627599,-1.0892707,0.87121564,1.6385876,0.9752812,-0.18012917,-0.34683025
-0.82627076,-1.1576257,-2.4615285,-2.0304017,-0.77311444,1.2457262,1.5265895,0.8787511,-0.19448867,-0.7465919
-0.9619836,-1.6554216,-3.9213839,-4.0455933,-1.3381422,1.4328605,1.8596106,1.0787393,1.6739923,-0.5269764
-0.4770869,-0.792939,-3.1187422,-2.8737593,-1.0237315,0.75885355,1.8145778,1.2146194,0.0590026,-0.66948235
-0.5775302,-1.2723681,-3.4605672,-2.9631145,-1.371808,0.34899414,1.4672126,1.061755,-0.8753388,-1.0816146
-1.094781,-1.1591961,-3.6189432,-2.6638012,-0.998911,1.2958059,1.916317,1.1323485,-0.22339086,-0.82777184
-0.8883947,-1.0465754,-3.3741653,-3.8270998,-0.9751401,1.2980318,1.7195545,1.024991,-0.002140279,-0.49773848
-0.61610985,-0.6807145,-2.2832036,-2.7482135,-1.3655703,0.7571692,1.0669944,0.34934762,0.19431138,0.235065
-0.6332165,-1.0719455,-2.7875404,-2.5820618,-0.68142164,0.40627372,2.1814036,1.4087411,0.012520051,-0.17994913
-0.8885635,-0.0459004,-2.033787,-2.0938854,-0.67594254,0.9619602,1.0563841,0.44724318,-0.012769911,-0.20956938
-0.1252631,-1.3151196,-3.1929126,-3.0297406,-1.618728,1.1422669,2.5076702,1.7995871,0.15273331,-0.23364706
-0.07352595,-1.0573778,-2.750903,-2.9553251,-0.86570126,1.0339001,1.7118458,1.1836256,0.16189319,-0.048820782
0.20396,-1.0456818,-3.367001,-2.5840576,-0.95291877,1.5025349,1.8935095,0.7505548,0.4084022,0.11195965
0.08785695,-1.9353606,-3.7146065,-3.2034817,-0.7475539,1.5804375,2.1733742,2.015343,0.6379372,-0.6930674
-0.24661103,-1.266248,-2.6255813,-3.464773,-1.5820261,1.0984539,2.0873947,1.1054887,0.29013056,-0.283455
-0.7101446,-1.4698687,-3.4038627,-3.262794,-0.821321,0.9029034,1.523066,0.9829777,-0.07253434,-0.397678
-0.32232717,-0.83017474,-2.8042052,-2.6384807,-1.4441148,0.57540464,1.5185115,0.7372962,0.256816,0.0730456
-0.75943357,-1.055065,-2.3027616,-2.7764397,-0.3750226,1.1799481,1.4614872,0.8080363,-0.5438151,-0.8276717
-0.6703066,-0.87337714,-3.1056507,-2.6229255,-0.90261716,0.7809924,1.6874139,0.74391913,0.3492652,0.18627702
-0.53337866,-1.0432507,-3.6385045,-3.2238576,-0.8561834,0.8854085,1.9305285,0.71346635,-0.33240587,-0.81358373
-0.44342268,-1.3387295,-3.3843224,-3.3950667,-0.8486554,0.9300732,1.796202,0.9053268,0.2539606,-0.75631446
0.009817369,-1.5036513,-3.13252,-2.7254987,-1.3769344,0.5823331,1.6719034,1.409391,0.07744937,-0.9059034
-0.64118266,-0.9098831,-2.2100067,-2.1618485,-1.0671638,0.43042436,0.74539876,0.42418852,-0.50630385,-0.1760288
-0.80414426,-1.0132613,-2.1030247,-2.2793255,-0.9481977,0.5645754,1.3857099,0.5678091,0.11739542,-0.1588193
-0.6788062,-0.9777692,-2.8767238,-3.2718127,-0.95502526,1.0626968,1.461515,0.705362,-0.058014467,-0.14614497
-0.036339223,-1.1976827,-2.2415638,-2.846295,-1.113465,1.1420466,2.072481,1.0602616,0.36649024,-0.049784422
-0.6986231,-1.2145747,-2.9171634,-2.8222623,-0.61742723,1.523118,2.151334,1.151828,-0.19415642,-0.5615723
-1.025136,-0.9077041,-2.6624122,-3.086524,-0.87109715,0.901878,1.468754,1.0221493,0.24161768,-0.45149803
-1.0948664,-1.4572268,-3.7513673,-3.7944765,-1.0120641,1.346486,2.3915188,1.404963,0.13366309,-0.97907764
-1.104514,-1.6360433,-3.5141218,-3.6992133,-1.3205738,1.0488334,2.0440545,1.7032528,-0.16739433,-1.0566823
-1.2497555,-0.64686364,-2.2695434,-2.3115692,-0.6282153,0.91711515,1.0425608,0.45954984,0.14870964,-0.33235803
-1.0520499,-1.7673534,-3.5464857,-3.1384068,-1.0919437,1.1847763,2.1471815,1.316417,-0.036117774,-1.0145372
-0.009077652,-1.9677606,-3.8558788,-4.121332,-1.3576874,1.2014049,2.1984713,1.3176405,0.04554782,-0.36377826
-0.11686785,-0.68433684,-1.7306497,-1.7910658,-1.0031526,0.17790926,1.3191764,0.528091,-0.37253216,0.22238186
-0.4253012,-1.0564065,-2.096597,-1.952218,-1.3213114,0.68681383,1.0888735,0.3661545,0.23151377,-0.26547006
-0.5183668,-1.060137,-2.4334588,-2.1565354,-0.6603715,1.114921,1.7515343,1.0284877,0.34377405,0.22992179
-0.5212728,-1.4306629,-3.874552,-3.3696585,-0.75170785,0.6644627,2.1396968,1.3488278,0.3820277,-1.1701764
-0.40367413,-0.86675596,-1.8090231,-1.9767691,-0.53171957,1.0565385,1.8137119,0.62859565,-0.36852923,-0.4163811
-0.49413222,-1.5076421,-2.656662,-2.7651029,-1.2630799,1.1040151,2.19292,1.1076353,0.13110009,-0.8425319
-0.66422313,-0.20701854,-2.0854576,-1.7371292,-0.43386826,0.81423163,1.4022548,0.598361,0.08121598,-0.16156909
-1.1417235,-1.3397118,-3.6850743,-3.3675601,-1.1456463,0.62052816,2.0902467,0.931284,-0.38825154,-1.3523003
-0.82312,-0.89231753,-3.2152488,-2.6901696,-1.010719,0.30635914,1.6468229,1.2609994,-0.49545795,-0.5317069
-0.5041346,-0.85162777,-2.1804535,-2.923964,-1.0054098,0.8151885,1.4729323,0.29067585,-0.45440522,-0.37400123
-0.7731199,-0.86286414,-2.7893927,-2.7673752,-1.3328521,0.14373069,1.6628882,1.0662483,-0.17383993,-0.33026555
0.04477551,-0.8809782,-2.54885,-2.3791509,-0.8294679,1.0543846,1.742165,1.1696402,-0.40640813,-0.53526855
-0.16464207,-0.89325505,-3.1366093,-2.7727456,-1.0105803,1.1431348,1.6653434,1.0921897,-0.17428459,-0.13265115
-1.1517887,-1.0544575,-3.123121,-2.7726388,-1.3429925,0.4654551,1.2450148,0.65366125,0.4277465,-0.294655
-0.76709807,-1.2078258,-3.5312204,-2.8845232,-0.786546,0.74828213,2.0382886,1.0515327,-0.31617618,-1.308968
-0.66954577,-1.3968272,-3.0798347,-2.4643142,-1.0485673,1.3919394,1.5459102,0.97736,-0.5012306,-0.67001975
-1.0604148,-1.4868134,-3.6335104,-3.694802,-0.9203609,1.1169018,2.212724,0.9159224,-0.08435978,-0.7293263
-0.43949747,-1.4461808,-3.5878654,-3.5531359,-1.0337247,1.2116101,2.1991708,1.1148359,-0.001439796,-0.6405086
-0.5593433,-0.5721562,-3.3648565,-2.6705887,-0.42730966,1.1972148,1.3977301,0.97151804,0.029513905,-0.908635
-0.48582622,-0.23882225,-1.7547498,-1.5877141,-0.610744,0.7131666,0.9128615,0.30385944,-0.11464393,-0.76402247
-0.21395777,-1.3972796,-3.4450123,-3.2651515,-1.0352951,1.0691054,1.6881263,0.9623995,-0.2591954,-1.1635957
-0.6765016,-0.41884547,-2.5053964,-2.4880776,-1.0768527,1.3777529,1.6724746,1.0027752,0.012077681,-0.06376769
-0.4074474,-0.81823295,-2.5881257,-2.7794037,-1.16922,1.1602004,1.5878212,0.74162024,-0.30347073,-0.1288605
-0.341286,-1.2064526,-3.4485476,-3.3539011,-0.9131196,0.9652068,2.3597066,1.6434342,0.22864537,-0.47348747
-0.8595099,-0.75501466,-2.337262,-2.6031897,-1.6170995,0.78729814,1.5096995,0.8055767,0.24554572,-0.33928904
0.062711224,-0.726497,-2.6643615,-2.3554168,-0.32667866,1.2348529,1.4847616,0.7659839,-0.6686974,-0.49238932
-0.7949566,-0.80219424,-2.2222219,-2.1475277,-0.92061454,0.9716818,1.8743789,0.4807025,-0.4501032,-0.78410035
-0.8459557,-1.1259785,-2.55591,-2.3623958,-1.0008669,0.44410247,1.3250929,1.1643021,-0.018465882,-0.9647555
-0.521948,-1.1368743,-3.2777495,-3.8487422,-0.97225076,1.82546,2.0984383,1.0121083,0.5664309,-0.99276155
-0.07292038,-0.60589606,-2.9460068,-2.6385565,-0.7462521,1.3878402,2.0727484,0.6030766,0.0024538331,-0.3881708
-0.12702903,-1.4532117,-1.808178,-1.6821232,-0.5689165,0.895788,1.9209461,0.7669306,-0.59834677,-0.64446676
-2.3086827,-0.79738426,-3.3769677,-2.2205188,-0.74035573,1.0082036,1.3969175,0.5430837,-0.20750944,-0.03644748
-1.1932274,-0.97815144,-3.680655,-3.4909282,-1.2598978,0.6036681,1.3740486,0.893163,-0.34837782,-0.8064755
-0.5024618,-0.728967,-2.0671358,-2.32636,-0.952137,0.7815023,1.0590291,0.5575849,0.40118936,0.10060533
-0.84382546,-1.6023082,-3.821421,-3.3013196,-0.94338053,0.9225398,1.8913316,1.1958888,-0.6361404,-0.5919066
-0.12687024,-0.6281319,-1.9468102,-2.5285082,-0.94440824,0.815081,1.4980888,0.84435576,0.019475294,0.032245368
-0.35768878,-1.9679426,-3.9384856,-3.342287,-1.479466,0.75662875,2.2048404,1.4347173,0.30412245,-0.75396883
-0.24403903,-0.9443215,-3.0046828,-3.1918108,-1.4694628,0.93637574,1.7174039,1.5307671,0.0015528565,0.35691997
0.16544782,-0.9914179,-3.0133917,-2.9544547,-1.1389426,0.9454266,2.1160598,1.4954842,0.08386112,-0.62233716
-0.103918724,-1.1099637,-3.1107283,-3.205499,-0.8544536,1.1976331,2.2742739,0.950953,-0.29076853,-0.674982
-0.45554352,-1.3064177,-3.1214187,-2.6601596,-0.8665735,1.4746822,1.6860223,0.7066933,-0.57858145,-0.55372965
-0.4806144,-1.5465804,-3.7311451,-3.0265498,-1.4589378,1.1223956,2.2163603,1.4082623,-0.18028995,-0.49981064
-0.49809566,-0.41793495,-2.6371865,-2.8067348,-0.54073596,1.3202081,1.5461781,0.9221659,0.17692389,-0.90284073
-0.41922268,-1.1379654,-2.5091698,-3.2969391,-1.4988252,0.5470653,1.6579247,1.0400802,0.15403256,-0.087198064
-0.09011887,-1.2175831,-3.3084946,-2.31534,-0.62065405,1.1894605,2.004352,1.2167422,0.16742103,-0.49171022
0.18521278,-0.99805325,-2.0753317,-1.7221175,-0.37138146,1.2325869,2.3839643,1.1355802,-0.18809094,-0.4325073
-0.7314209,-1.139189,-3.1450334,-2.3358374,-0.6152522,1.7108389,1.5322844,0.5736231,-0.12668845,-1.2560859
-0.19982804,-0.8277865,-3.5885274,-2.3576474,-0.500736,1.0180193,1.6659039,1.0200373,0.09405943,-0.45761278
-0.50724536,-1.3103459,-3.427422,-2.902705,-1.0734767,0.9321729,1.5357425,1.449392,0.6985277,-0.81462073
-0.11123247,-1.3849685,-3.618984,-2.8382745,-0.59805113,1.2442222,2.3005898,1.3524013,-0.36005127,-0.91776544
-0.37324893,-1.4577423,-3.3496304,-3.6714234,-1.0827813,1.1507944,1.8600123,1.40541,0.11363468,-0.5645939
-0.5595089,-0.13654992,-2.305678,-2.3768828,-0.74244434,0.8428155,1.2106055,0.6304696,0.17405087,0.24689053
0.13346645,-0.94226176,-2.6200147,-2.2274277,-0.4941145,0.9410247,1.7651049,0.6301264,-0.19452387,-0.44233978
-0.30011308,-1.5549632,-2.91848,-3.171501,-1.4564323,1.0632641,2.22495,1.0096744,-0.08835694,-0.21076904
-1.3953152,-0.75202364,-1.9560602,-2.4430377,-1.1058778,0.7605438,1.3737025,0.37426534,-0.18613063,-0.24223833
0.05043919,-1.3304776,-3.604675,-3.1245723,-1.3497515,1.4943597,2.2090714,1.5114102,-0.06152874,-1.0460783
-0.6500882,-1.4570484,-2.8110313,-2.1553152,-0.6734556,0.7632716,1.6197996,1.5128529,0.17218748,-1.1420362
-0.51029325,-0.5990438,-2.4519284,-2.2947357,-0.87252,0.98601824,1.2809693,0.6136653,0.029636767,-0.25761908
-0.58246666,-1.4225057,-3.7461867,-3.443431,-0.6948873,0.8076704,2.001101,0.9639644,-0.1097971,-1.1500138
-1.5577819,-1.2704239,-3.3581564,-2.574151,-0.9754959,-0.077614374,1.2849154,0.9816939,0.3516344,-0.42133802
-0.6318031,-0.644607,-2.4002917,-2.7261152,-0.7247584,0.601836,1.308369,1.044915,0.43284422,-0.84619975
-0.56743497,-1.4207953,-3.1348004,-3.732132,-1.043812,1.2138796,1.8307993,1.4569387,0.754922,-1.2245159
-0.34385905,-0.54210037,-2.9935815,-3.0878515,-1.412557,1.1119779,1.4131726,0.59292984,0.11976233,-0.36471578
-0.3329168,-1.6650703,-3.9375482,-3.4786327,-1.5759307,1.0516902,2.1124616,2.0052269,0.5755344,-0.32211313
-0.1586667,-1.7777135,-3.2788677,-2.5242617,-1.1555957,1.353682,1.9204236,0.87415403,-0.06454058,-0.2769651
-0.49670997,-0.16118991,-2.5085573,-2.2985194,-0.66325873,0.93803465,1.8507257,0.8662636,-0.022851935,-0.4884853
-0.6542527,-1.6335435,-3.7719233,-3.5018475,-1.1414987,1.1433836,1.7542095,0.61574674,0.0041558505,-0.5701257
-0.641699,-2.0376894,-3.847016,-3.5721009,-0.9172309,1.0507663,2.147451,1.0264153,-0.24348676,-0.45100388
-0.6182052,-1.3901707,-2.9953704,-2.205805,-1.1059295,0.8270526,2.0340233,0.76864517,-0.31008294,-0.8213435
-1.142094,-1.1144712,-2.738959,-2.8908906,-0.81357384,0.8932682,1.2116486,0.77871335,-0.019814292,-0.66094005
-1.0819911,-0.5350337,-2.7066453,-2.9289188,-1.2050759,1.0947951,1.3285493,0.82808656,-0.17539635,-0.37977284
-0.35132152,-1.436213,-2.7618124,-2.0871058,-1.1420422,1.1866643,1.7070488,0.32959953,-0.015712716,-0.14822753
-0.32553253,-0.84869736,-3.2540104,-2.3328114,-0.73662776,1.4450248,2.4269233,1.0538388,-0.40543187,-0.65316343
-0.47480404,-1.111244,-2.8725405,-3.002401,-1.4704164,1.1705606,1.5913868,1.1840321,0.24825731,-0.1798595
-0.6519163,-0.94712114,-2.8609636,-2.3974378,-1.1726019,0.6458094,1.5065842,0.9925696,0.10681878,0.13467555
-0.8172282,-1.3028846,-3.1187003,-2.4767542,-0.9979014,1.4932668,1.6228046,1.1958911,-0.16724232,-0.69857633
-0.66924316,-0.82581985,-2.3945198,-2.2986023,-0.904548,1.7063757,1.9135444,0.6023826,-0.07264506,-0.31347594
-0.11736448,-1.2627124,-3.3217478,-2.9702191,-1.1201895,1.1316998,1.8052031,0.6035296,-0.28155208,-0.6951528
-0.7501816,-1.275228,-3.691422,-3.554153,-0.7892397,0.84160376,1.7642344,1.6758779,0.33119184,-0.29871652
-0.062377423,-1.7735908,-2.663848,-2.286562,-0.8898967,0.8207271,1.7560995,0.62740237,0.21987471,-0.22713082
-1.3950139,-1.4261612,-2.8469398,-2.6927342,-1.0492215,0.8156392,1.1446526,0.59146124,0.3340137,-0.3775796
-0.33188304,-0.8412218,-2.6678514,-2.0310838,-1.0883737,0.555805,0.9995713,0.6138307,-0.49847123,-0.37128946
-1.1364057,-1.3326067,-3.570046,-3.3053136,-0.8768069,1.5713494,2.0378976,1.0959901,-0.24117981,-0.59970325
-0.4755334,-1.4159579,-3.7470987,-3.4548166,-0.934216,1.3695263,1.904974,1.1573188,-0.45875046,-0.74331814
-0.93330526,-0.74775,-2.7952194,-2.4803858,-0.49719018,0.8567663,1.5700032,0.70741826,-0.41594216,-0.43105236
-0.66080004,-0.83475184,-2.165124,-3.4882967,-1.2347095,0.8367399,1.6124508,0.8515585,-0.082043886,0.038698453
-0.5580713,-0.62396985,-2.3910122,-1.9439145,-0.44562674,0.8894345,1.0683194,0.6889551,-0.24414973,-0.25812727
-0.9438616,-1.2255629,-3.4246695,-3.6522598,-1.3976763,0.66782975,1.8363152,1.0810703,0.014196511,-0.5372939
-0.32023755,-0.841527,-2.262761,-2.025288,-0.9960372,0.7315029,1.8957839,0.73010314,-0.23394655,-0.6894658
-1.067156,-1.3877405,-3.7014158,-3.5522635,-1.1128576,0.762593,2.3066747,0.95165807,-0.29730326,-0.36905643
-0.2263858,-1.2657788,-3.3736596,-2.9454582,-1.2776306,1.7476825,2.2875738,1.0349936,0.32505044,-0.34428206
-0.46353385,-1.3337429,-2.9316692,-3.3022518,-1.2036158,0.7182713,1.4769692,1.1102196,0.13525248,0.06537317
-0.37906906,-1.4901855,-3.8781044,-3.7124195,-0.9834815,1.7405648,2.3071468,1.9702901,0.046652414,-0.33815327
-0.6265906,-0.80308884,-2.6257033,-3.0250328,-0.7943039,1.3556957,1.9903904,1.0592737,-0.14888498,-0.6722283
-0.69823426,-1.197497,-2.4253678,-2.7065797,-1.5692846,1.29027,1.7457507,1.0310814,-0.16051339,-0.24231866
-0.5341545,-1.8299471,-3.7441597,-2.879211,-1.0163597,1.2308778,2.0181794,1.0587649,-0.26024944,-0.5610714
-0.7115186,-0.9025014,-3.3153493,-2.7889605,-1.1027838,0.91469586,1.2575327,1.040551,0.6451267,-0.11802288
0.31480417,-0.8157135,-2.1509147,-1.6624124,-0.24066363,1.0394957,1.8258541,0.5470223,-0.28223377,-0.64746666
-0.5170471,-0.81100047,-1.1102608,-1.6328644,-0.74635994,0.8374396,1.03382,0.07162016,-0.1975307,-0.023038907
-0.9409613,-0.5319891,-1.608161,-1.9428164,-0.83099884,1.1497841,1.6527791,0.6168032,-0.032858968,0.038132843
0.104607485,-0.8079489,-2.906728,-2.1510217,-0.54174846,0.5620282,1.5088961,1.0365934,-0.23176584,-0.66690034
-0.36305034,-1.3385171,-3.4346738,-2.7219167,-0.7606947,1.0228964,2.0114117,0.87988985,-0.12269898,-0.54217744
-0.22315894,-1.0559332,-2.430783,-3.1372724,-1.7206364,0.89311916,1.7555763,1.322424,0.5598988,-0.52040756
-0.26485607,-1.1171297,-3.3251052,-2.4990852,-0.5881687,0.98574245,2.0602953,1.7056844,0.6533287,-0.34976363
-1.0099282,-1.0100187,-3.174779,-3.2573104,-0.9556267,0.55674684,1.6553403,1.0252525,-0.10246341,-0.71011347
-0.24259743,-0.6372224,-2.0060067,-2.5467622,-0.81548303,1.1870043,2.0411525,1.345195,0.085638545,-0.44564578
-0.76584685,-0.6607647,-3.1073267,-2.7879937,-1.0745944,0.5789851,1.6596459,1.0591441,0.057528798,-0.37796995
-0.67981875,-0.70716083,-2.2748303,-2.245741,-0.9052232,0.89993656,1.8740014,1.3824049,-0.38213637,-0.5798624
-0.30850866,-1.5431417,-2.31246,-2.147189,-0.47366506,1.4706804,-0.08209387,0.71356696,-0.24197042,-0.48079443
0.08284562,-2.555737,-2.6022954,-2.418187,-0.970292,1.1744063,2.22442,1.0562466,0.14939849,0.34168002
-1.0344957,-1.1750938,-2.7505481,-2.4920707,-1.102003,0.7455816,1.1055667,1.1292086,0.08396589,-0.3246542
-0.56514674,-0.897186,-3.029998,-2.795346,-0.57789135,0.58070403,1.4890357,0.9453887,-0.27465567,-0.34855023
0.012700618,-1.3216798,-3.4218483,-2.5195107,-0.7535427,0.90712196,1.8784298,1.4820361,-0.14933005,-0.68386227
-0.39184505,-1.5827053,-2.3688183,-2.020162,-0.8475921,1.1182611,-0.6386116,0.8890222,-0.49398628,-0.69059175
-0.6703203,-1.3307778,-3.6627076,-3.644348,-1.5935608,0.79241073,1.7564495,1.2584499,0.24108468,-0.457251
-0.8494551,-1.6856339,-2.923673,-2.91679,-1.6054453,0.77417403,1.5352539,0.98940223,-0.14054951,-0.9558229
-0.061228838,-0.6711562,-2.3318484,-2.2024543,-0.5089072,1.092909,1.254419,1.0532374,0.22979552,-0.08656834
-0.6329393,-0.7019425,-2.446578,-2.4035642,-0.8792963,1.6246567,2.1124206,1.2934952,0.21322761,-0.28397918
-0.5080415,-1.0055162,-3.0024288,-2.6921394,-0.86617786,1.1573856,1.2290429,0.8942795,0.13846998,-0.77833796
-0.6195055,-1.3789797,-3.8893056,-3.1404328,-0.33834353,1.6117709,2.5714762,1.562418,0.3095425,-0.49272302
-0.7401323,-1.160017,-3.2575438,-2.9781492,-1.4388292,0.34452266,1.842056,1.6581283,-0.09663828,-0.58478004
-1.2358924,-1.5990759,-3.4991462,-3.2188041,-0.46320367,1.4338529,1.5539132,1.2182865,-0.15261985,-0.4994724
-0.42676005,-1.4330275,-3.5395792,-3.5461128,-1.5591137,0.655319,1.8853517,1.1307815,-0.107505746,-0.5508163
0.039375965,-1.26716,-3.4904459,-2.5064924,-0.9529053,1.1116328,1.8679342,1.2839185,0.08014467,-1.1820569
-0.8743198,-0.6893317,-2.096905,-2.4568002,-0.7198238,0.38717875,1.5481055,0.8131531,-0.2915338,-1.4112089
-0.2902322,-1.259732,-3.5570853,-2.6247358,-0.5942639,1.6544324,1.8838527,0.8076133,-0.20681761,-0.800892
-0.400043,-1.1800691,-3.62791,-2.6717505,-1.1723609,1.0869234,1.5919281,0.5583588,0.17713755,-0.12020019
-0.46198317,-1.0063967,-3.2635746,-2.915513,-1.0507247,0.9395159,1.7437931,0.63886446,-0.1282862,-0.8041261
-0.28573415,-1.2562665,-3.3028207,-2.8868153,-0.8103291,1.5478084,1.8003026,1.1397098,-0.022929184,-0.43588737
0.08916277,-2.28609,-3.6342745,-3.1236389,-1.5309411,0.96660763,1.6341782,1.1458616,-0.24070217,-0.43484157
-0.29248607,-1.2783757,-3.1692128,-3.160643,-1.2856157,1.3964797,1.6624737,0.8943797,-0.14789128,-0.24831949
-0.42872664,-1.0188059,-3.0585253,-2.4106736,-0.94772,1.1527219,1.5259031,0.53703755,-0.45339078,-0.18795998
-0.4230036,-1.4057404,-3.5115938,-2.9366992,-0.75762135,1.4476734,1.3210372,1.130695,0.051574294,0.14950927
-0.28532594,-1.5359727,-3.3653266,-2.7195246,-0.778122,1.1908121,2.1429327,0.8098111,-0.076003544,-0.76654404
-0.7810087,-0.47436568,-2.286207,-2.6064355,-1.6418856,0.70863795,1.5949668,0.6367991,-0.23848543,-0.15059042
-1.0345085,-1.4080858,-3.7760227,-2.872502,-0.6386286,1.1296759,1.833643,0.6843015,-0.38935557,-0.81547654
-0.36243773,-1.1448128,-3.4181361,-2.9858816,-1.0279571,1.6562524,2.3084605,1.1972699,-0.16082838,-0.26441473
-0.6087901,-0.59798217,-1.968905,-2.1821709,-0.3011402,1.2200977,1.5137311,0.47595906,-0.067874625,-0.64942
-1.1542895,-0.9455388,-1.9182775,-2.427311,-0.84752506,0.9345374,0.6957349,0.40766928,-0.27221575,-0.9969765
-0.3985652,-0.9096416,-3.0101533,-2.7847986,-0.36818585,1.6123496,1.4379406,1.1577601,0.019035697,-0.7348149
-0.046853796,-1.0895641,-3.2502396,-2.7441452,-0.9242368,1.7423003,1.7097415,1.2416625,-0.13328049,-0.6717223
-0.96215713,-1.5276793,-3.424785,-3.1775987,-0.63057643,1.8275257,1.9403208,0.95222247,-0.09738248,-1.4200735
-0.13186564,-1.0336045,-3.1463938,-3.2232814,-0.74919975,1.0521218,1.6664762,1.8538107,0.00969822,-0.8332068
-0.84994197,-0.5856245,-3.2526941,-2.8202686,-0.864824,0.8413877,1.0169191,0.7793723,0.21451527,-0.38498133
-0.54160875,-0.66516364,-2.7701418,-3.066673,-0.9912733,0.95957386,1.2833952,1.1286199,-0.18396299,-0.49108508
-0.4032754,-1.6524972,-2.8859472,-2.3648832,-0.8939513,0.746746,1.7615681,1.3605986,-0.03258102,-0.6225009
-0.20752098,-0.6884525,-2.9331844,-2.9745486,-1.1971325,0.77854687,1.7254606,0.24524148,0.004292601,-0.01768311
-0.76829934,-0.7193353,-3.4198852,-2.8220048,-1.3112198,1.4097588,1.4473822,1.1000179,0.14353615,-0.42986074
-1.071085,-1.2878208,-2.3850226,-2.7883968,-1.2182274,0.7957976,1.2364882,0.91650033,-0.28611577,-0.40852705
-0.8468148,-1.742323,-3.456935,-3.0144444,-1.1660293,1.4426693,2.150242,1.0161662,-0.24396926,-0.6571292
-0.5148369,-1.007063,-3.359949,-2.507264,-0.86510265,1.2246087,1.9894986,1.4296303,-0.20379964,-0.581041
-1.0899385,-1.4965092,-2.8337746,-2.438708,-0.45326573,1.2682881,1.3819964,1.1668389,-0.14345041,-1.3947077
-0.16606262,-0.7893489,-2.1288972,-2.066392,-1.0474561,0.857562,1.7296118,1.0645136,-0.05637444,-0.11509838
-0.377155,-0.7468197,-2.9404721,-2.5746958,-0.5691858,1.0247905,1.2485968,0.67430896,-0.17044817,-0.10115084
-0.333218,-0.7805106,-2.5028934,-2.5297267,-0.9935344,0.5293562,1.4856532,0.9236927,-0.049929798,-0.42095792
-0.91401404,-1.8512485,-3.8872063,-3.5716708,-1.1476703,1.5377438,2.3358977,1.302213,0.01616285,-0.8216434
-0.5609633,-1.0097114,-2.0348258,-2.0632873,-0.8549733,0.9108657,1.3580337,0.89361733,-0.032309614,-0.4451347
-0.30273646,-0.9674653,-3.278912,-2.9504888,-1.2210759,1.0406569,2.0745928,1.2543385,0.42189735,-0.34856442
-0.78626764,-0.86174154,-3.3807335,-2.9106362,-1.0045534,1.0446981,1.764205,1.1318443,-0.1780451,-0.7570752
-1.3829461,-1.2751458,-3.6362717,-3.6956165,-0.71085244,1.2567552,2.0736294,1.211931,0.0955364,-0.92371815
-0.9363224,-2.9127378,-4.123305,-4.005314,-1.4845225,1.2990263,2.354705,1.9298178,0.3672204,-0.72700727
-0.47943696,-1.3198696,-2.6308436,-2.3238137,-0.5733855,1.1900215,1.6180735,0.87149733,-0.28490674,-0.5451907
0.29334673,-0.96860427,-2.7912562,-2.5283184,-1.044531,1.2943014,1.6872693,1.2499553,0.053349447,-0.09998883
-0.4117608,-1.595808,-3.1023579,-2.6435063,-0.79463327,0.99163306,1.5349525,1.0328133,-0.14437716,-0.8066128
-0.41653112,-0.87367845,-3.2057033,-3.038358,-0.83195174,1.3665398,1.9265647,0.9427063,-0.022644553,-1.0297457
-0.513122,-0.7093359,-2.3549073,-2.954111,-0.9784354,0.5107381,0.9706922,1.0517842,0.48558903,-0.270949
-1.3121569,-2.8864465,-3.9156523,-3.5665143,-1.0862525,1.0888414,2.2757752,0.76402307,-0.09403863,-0.61035687
-0.72366196,-1.7410064,-3.7356098,-3.3374255,-1.7122928,1.0569091,2.1789455,1.2115589,0.85705745,-0.33525598
-1.0320275,-1.3037121,-2.703941,-2.6540985,-1.1764272,1.0761795,1.7974323,0.88033444,-0.0029392974,-0.24311073
-1.0124389,-0.73381513,-1.9744786,-2.4712853,-0.56972563,0.9979968,1.5472859,0.8131168,-0.106221266,-0.38123688
-0.84533685,-1.4351662,-3.086669,-3.145325,-1.4390129,0.4036758,1.3075886,1.3003994,-0.029817672,-0.26106167
-0.28407523,-0.9366124,-1.8936639,-2.2590718,-0.6123869,0.74437845,1.1194068,0.81277657,0.11439479,-0.57217956
-0.4862727,-1.6275847,-3.5783002,-3.1966524,-1.2474416,0.40092236,2.0223374,0.924696,0.3299871,-0.70245415
-0.20545678,-1.4958603,-3.44237,-2.3479092,-0.38890517,1.7678359,2.1224332,1.5660385,0.107465796,-0.3749603
-0.6111784,-1.6455004,-3.472114,-3.0573912,-0.7386434,0.897397,1.9586262,0.95229083,-0.39362332,-1.2615473
-1.0111461,-1.1573621,-2.5213642,-2.4997385,-0.59843856,1.1378194,1.688638,1.2916843,0.1123851,-0.73335993
-0.23178971,-1.8886205,-3.8298666,-3.4346564,-0.79042065,1.280289,2.055157,1.4395016,-0.14302674,-1.1112947
-0.7419361,-1.4305199,-3.7466826,-2.7312272,-1.4051253,1.2984334,1.8842583,1.3964742,-0.77272314,-0.92416304
-0.62925345,-0.8601753,-3.6022582,-2.991173,-1.0759726,0.7419684,1.5137155,0.8309247,-0.24108459,-0.43480897
-0.7660721,-0.89789385,-3.2989728,-3.2291312,-0.65848374,1.0760909,1.8796656,1.3772763,-0.1354804,-0.92250496
-0.29161412,-0.97454345,-2.429882,-2.1142254,-0.28245863,1.3853767,1.8831047,0.76441765,-0.1797636,-0.25715655
-1.2503313,-1.4847385,-3.6842117,-3.4198692,-0.41763803,1.8358457,1.8468723,0.82181627,-0.11689213,-1.4747726
-0.38272828,-1.1193452,-2.9892733,-3.0197911,-1.2272972,1.2369438,1.1383862,0.8083893,0.14621173,-0.48386732
-0.37209663,-1.5843861,-3.4921782,-3.0267982,-0.94254375,1.6199584,2.2204447,1.3560325,0.29642662,-1.3106481
-0.61985844,-1.4503323,-3.453819,-3.3327997,-1.2150126,1.1947829,1.4935148,1.3321033,-0.08369453,-1.2731354
-0.4606649,-1.3700767,-2.252732,-2.3805406,-0.41643193,0.8607558,1.6562734,1.1886816,0.511024,-0.38916865
-0.56394935,-0.6431296,-2.9182556,-2.4851184,-0.5166548,1.6522771,1.6139266,1.3229961,0.22654492,-1.0732607
-0.33985254,-0.76764655,-2.3797917,-2.4042244,-0.5780444,0.7528699,1.2737951,0.6653717,0.41134506,-0.16585597
-0.43026853,-1.5406606,-3.2983708,-3.38124,-0.87978953,1.7265908,1.976243,1.03159,0.14480683,-0.24711974
-1.2468818,-0.52375245,-2.12411,-2.6834784,-0.68602145,0.757907,1.3397404,0.43534672,-0.1626308,-0.2546898
-0.3127819,-0.77078444,-1.784035,-2.140461,-0.7224796,1.1006124,0.69973695,0.34950104,-0.10911914,-0.24611643
-0.4894961,-0.8508175,-2.462924,-2.2278552,-0.6158345,1.0895507,1.5318912,0.56993055,-0.18822528,-0.47514296
-0.16795117,-1.4474562,-3.7286453,-3.0507197,-0.44123554,1.0590769,1.65991,1.3819076,0.06944365,-0.8757905
-0.14798008,-0.9568813,-2.8584921,-2.6198394,-1.0584882,1.2408711,1.3107356,0.74371964,-0.018065907,-0.57095027
-0.18335283,-0.9032996,-2.6199515,-2.149511,-0.78552693,0.7885984,1.4954107,0.93120223,-0.02871459,-0.44632858
-0.17263666,-1.3778049,-3.7281318,-3.4589953,-1.0343198,1.4859593,2.2145226,1.3894709,-0.34616792,-0.72858125
-0.0005675282,-0.94503677,-2.566654,-2.226607,-0.7871869,1.1690139,1.5289211,1.153037,0.17752674,-0.89282155
-0.6662331,-0.74746054,-3.2538364,-2.6133811,-0.9178162,0.5651786,1.7717843,0.7688678,-0.25775883,-0.728382
-0.31568572,-1.1585865,-2.6126518,-2.4263268,-0.87365186,1.4833587,1.5861614,0.97582126,-0.23926093,-0.3282987
-0.04340661,-0.72149926,-2.3408527,-2.2106402,-0.7592533,0.75327843,1.2939019,0.4116283,-0.09924004,-0.34535682
-1.0118011,-2.9195833,-3.9515693,-3.651868,-1.3431818,1.4487442,2.146346,1.0420806,-0.13466945,-0.8311834
-0.39005607,-1.3280511,-3.048717,-3.5409694,-1.2691281,1.1248075,1.7427151,1.2797546,0.14414139,-0.63312316
-1.0907632,-0.4526704,-1.6707696,-2.7634833,-1.2671167,0.49412227,1.247153,0.5837557,-0.2257685,-0.26330543
-0.43912935,-1.3477974,-3.654487,-3.3355682,-1.4756408,1.1643488,1.86205,1.3653527,0.523257,-0.44213578
0.18983026,-0.58042884,-2.869374,-2.37971,-0.8391209,0.9844002,2.198275,1.2280885,0.45427993,-0.06521959
-0.6978625,-1.1328102,-2.6247323,-2.579728,-1.0028713,0.4422255,1.6735188,1.0286373,-0.3474139,-0.016082749
-0.32666862,-0.70252925,-2.964784,-2.1172192,-0.72269076,0.86960465,1.5043743,1.0216154,0.17126359,0.36601576
-0.31392184,-1.097223,-2.3884246,-2.4581497,-0.7425584,0.7168262,1.0239017,1.006541,-0.7197835,-0.36291698
-1.0568931,-1.1973872,-1.9370743,-2.389625,-1.1527452,0.42327178,1.0267906,0.7347293,-0.27438408,-0.7830966
-0.45172733,-1.3752713,-2.5361133,-2.0796847,-0.4669033,0.8405057,0.9224423,0.64277333,-0.40338954,-0.74103093
-0.3867146,-1.3351847,-2.7091334,-2.5752735,-0.77354777,0.60248625,0.8991593,1.2436192,-0.45163688,-0.8782863
-0.96466714,-1.4004844,-3.3244584,-2.4064374,-0.8797252,0.5502682,1.229892,1.0782379,-0.21511485,-0.55702853
-1.0703362,-0.8113911,-2.6915047,-2.7566385,-0.87681323,1.4087272,1.3163282,0.8714026,0.30196708,-0.76955587
-0.1831949,-1.4242464,-3.3209078,-2.707546,-0.96735334,0.86505044,1.8827357,1.5190268,-0.05455164,-0.51336086
-1.1888373,-0.8507416,-2.6499743,-2.4544382,-1.1452451,0.39772817,1.4746022,0.7779712,-0.35564438,-0.62849706
-0.6881797,-1.3557992,-2.92562,-2.800407,-1.0537821,0.88983035,2.3069363,1.098463,-0.09680362,-0.6756476
-0.5972675,-1.3928059,-3.7678146,-3.3915648,-1.3737019,1.0551801,2.236762,0.9889971,0.089130186,-0.6202372
-0.2914604,-1.0592324,-2.5577998,-2.5030534,-1.1684186,0.75447285,1.5615263,0.9000853,0.15680692,-0.48240006
-0.7702479,-1.2323786,-3.228266,-3.3139858,-1.2285733,0.9665973,2.000752,1.1952628,0.33210546,-0.060391553
-0.63541526,-0.66063505,-3.2567258,-2.513391,-1.0583445,1.0064398,1.8980556,0.8114294,-0.3665439,-0.80464983
-0.617173,-1.4642401,-3.3218246,-3.3748622,-0.79251057,1.7853456,2.201293,1.3816392,0.3335462,-1.0815663
-0.42290565,-1.2132334,-3.3487666,-3.3724222,-1.0691485,0.48870683,1.473569,1.2771158,0.30589402,0.26247457
0.040939193,-0.9890989,-2.8262227,-2.4110744,-0.9739708,1.4727831,1.8793966,1.0718828,0.12883343,-0.43055335
-0.21018988,-1.5699003,-3.0982726,-2.5717702,-0.80351055,1.1374327,1.8741301,0.93246144,0.18054917,-1.0564436
-0.9809199,-1.6247809,-3.631562,-3.5430427,-1.2943734,1.0717498,1.7769793,0.5379752,-0.23295009,0.092594236
-1.0403324,-2.4128058,-3.9937267,-3.4979765,-1.1062322,1.1564952,2.428995,1.3416587,-0.41630983,-1.1983914
-0.050771773,-0.8073508,-2.2562153,-2.3838902,-1.0102559,0.92865515,1.5404627,1.1974612,-0.35171133,-0.203579
-0.33853897,-0.4654649,-3.2132638,-3.7625399,-0.72126794,1.1016806,2.1974058,1.0778525,-0.012985439,0.27067783
-0.44462076,-0.8438518,-2.1387556,-2.3980856,-1.2894077,0.9459165,1.6415772,0.9135477,-0.2767519,-0.47135407
-0.45044675,-1.0120478,-2.409547,-2.5462446,-1.0085676,1.3849978,1.8110925,1.1028532,-0.19710036,-0.46378773
0.09489287,-0.8417508,-2.0042605,-2.2293284,-0.5689205,1.3840873,1.3773484,0.7347751,-0.19053854,-0.21038383
-0.5877213,-1.0392035,-2.4139373,-2.38528,-0.60344297,1.5857393,1.8987414,0.7863348,-0.26854435,-0.911879
-0.6527672,-1.1797026,-3.0930607,-2.57813,-1.2774466,1.234117,1.6701396,0.93131787,0.1607306,-0.53612286
-0.96463495,-0.4928488,-2.2150552,-1.971297,-0.56064165,1.2171888,1.3836102,0.38342047,-0.433845,-0.3787517
-1.0734261,-0.642354,-2.739215,-2.9666388,-0.95711493,1.1849971,1.8758794,1.2806401,0.10232566,-0.10002563
-0.3089092,-1.4290615,-2.5766802,-2.615026,-1.1647754,1.068072,1.614743,1.1964246,-0.36548465,-0.7956843
-0.11920178,-0.6533143,-2.2939155,-2.2156615,-0.3276235,1.6446364,1.2372887,0.52295595,-0.25410467,-0.48541567
-0.45050043,-1.5074072,-3.0079658,-3.1573493,-1.0362762,0.9221554,1.7615618,0.9256657,0.1841305,-0.36458835
-0.4724574,-1.6362032,-3.58879,-3.007965,-0.6651885,1.2385972,2.457254,1.5660237,-0.12793566,-0.96775115
-0.5087118,-1.9931376,-3.888742,-3.757913,-1.2837439,1.156181,2.4324806,1.5370389,0.10684084,-0.6890853
-1.0873598,-1.0057566,-2.9793434,-2.5629027,-0.795108,1.005537,1.6369458,1.0980394,0.34156427,-0.4098946
-0.7885584,-1.8975855,-3.738071,-3.9946144,-1.2874519,1.6825589,3.6406138,1.6461962,0.1375001,-1.0287474
-1.5235392,-1.3220367,-3.5506768,-3.579931,-1.3171673,0.86570746,1.7299744,1.1119862,-0.13897718,-0.35231817
0.3340751,-0.84569895,-3.1760826,-2.78753,-0.77264684,0.76990455,1.1283185,0.884358,0.1572309,-0.35970932
-0.6890437,-2.3964818,-3.991606,-4.0800405,-1.240932,0.763023,1.8949426,1.1570967,-0.15220094,-1.002842
-0.09785686,-0.88117194,-2.7094588,-2.2924795,-1.1795352,1.2196614,2.0321062,0.96876574,-0.13059731,-0.09262944
-0.58166313,-1.3933232,-2.68655,-2.3196561,-1.4534954,0.48123327,0.93959963,0.702553,0.27939886,0.24868074
-0.028768513,-1.2325491,-3.2255774,-2.5639567,-1.0865889,1.8425406,2.0403066,1.2742004,0.23487478,-0.85533345
-0.8427234,-0.46836674,-2.6460443,-2.2350981,-0.9490847,1.0973564,1.101733,0.55902857,0.33410403,-0.31088302
-0.13581114,-0.7692647,-1.6788768,-1.7851343,-0.5196416,0.5698986,0.9928631,0.20174819,-0.19494171,-0.34171215
-1.5442674,-1.9473425,-3.3416643,-3.0905411,-1.1481806,0.69525903,1.782078,0.96473,0.30365613,-0.64456236
-0.31035188,-1.5454198,-3.571243,-3.1265812,-1.0573851,1.2209835,2.2129354,1.2886328,-0.063351296,-0.6897964
-0.48994032,-1.5665041,-3.6530745,-3.0526683,-1.3291997,1.2435225,1.653015,0.87343174,-0.10162338,-0.30606556
-0.69789416,-1.0261046,-2.1864486,-2.7149806,-1.3879939,0.68768096,1.3015342,0.5523749,-0.24217764,-0.7215871
-0.24670328,-1.4994214,-3.432941,-2.6939046,-1.1089633,1.1188382,1.8590982,1.0466801,0.30104452,-0.17018145
-0.33548442,-1.0107205,-2.805834,-2.9998698,-1.3077626,1.1941057,1.6038855,1.21786,0.48456097,0.15216367
-0.9096794,-1.0802537,-2.919426,-3.048356,-1.5206017,0.8031429,1.5387223,1.2764314,-0.13819134,-0.4229421
-0.41229725,-0.9533633,-2.541741,-2.844147,-1.299574,1.0457994,2.1925387,0.98847485,0.07858658,-0.72914535
-0.34819534,-0.86171275,-2.8844106,-2.9139535,-0.81634825,1.3789512,2.1998072,0.99769706,0.11579556,-0.8567081
-0.17829695,-0.31746733,-2.0830436,-2.8144095,-0.79771006,1.5039353,1.5889347,0.8444933,-0.15209605,-0.65369797
-0.043967698,-1.009611,-2.1812165,-2.012603,-0.4508687,0.754863,1.5972371,0.9123505,-0.13626838,-0.7407865
-0.8504661,-2.0037794,-3.7568517,-3.205764,-1.0066832,1.3600088,2.4985843,1.5174717,-0.47342637,-0.95193875
-0.949204,-1.9412156,-4.011742,-3.7428415,-1.1677516,1.3842732,1.788203,1.0423679,0.38065007,-0.55974704
-0.4274832,-1.04343,-2.6885326,-3.3327312,-1.0092462,0.83046615,1.5046641,0.9990155,-0.17969917,0.05614599
0.1662055,-0.98648614,-2.9596493,-3.2008069,-1.2029576,0.73380053,2.0339856,0.83832926,0.15593697,-0.038659625
-0.79243374,-1.5435917,-2.6038702,-2.9435608,-0.48451945,1.1692529,1.9822347,0.9918995,-0.12567522,-0.7652454
-0.5885279,-1.0793557,-1.9783324,-2.2951622,-1.3697418,0.9157903,1.6158018,1.1326063,0.109550655,0.10410323
-0.13233966,-0.76343095,-2.4375296,-1.8890505,-0.51133245,1.1631688,1.7798764,0.8504912,0.017429598,-0.114382744
-0.6412101,-1.4582613,-3.945391,-4.9157624,-1.2698581,1.4710118,2.365162,1.5266387,-0.0077954256,0.031658158
-0.47780383,-0.44538277,-2.6753864,-2.4671352,-1.465107,0.7958443,1.7511663,1.0229526,-0.4312236,-0.06715998
-0.8864145,-1.2866036,-3.9724116,-3.512163,-1.288597,1.3076649,2.5526967,1.2594787,-0.25516102,-1.3616295
-0.11193014,-1.0823555,-2.9699998,-2.7651265,-0.9301412,1.0078757,1.7746216,1.1296793,-0.110976,-0.7017935
-0.56161344,-0.6195893,-1.2146555,-1.7285651,-0.8519606,0.57567394,0.92285526,0.09862478,-0.3501233,-0.27140638
-0.3326981,-0.68410826,-2.7066505,-2.520292,-1.3654091,0.7490691,1.161977,0.5966649,-0.16765144,-0.081837945
-0.42359015,-1.6921676,-3.6143892,-3.239567,-1.2247897,1.7577164,2.1865325,1.3480188,0.009287742,-0.8074196
-0.40408832,-0.9762039,-3.5465524,-2.6169004,-1.2900267,1.1736201,2.0001667,1.0051305,-0.2763564,-0.51844543
-0.6021479,-1.2304881,-2.2985058,-2.071654,-0.6899215,0.9265175,1.4791334,1.0216368,0.3720675,-0.27550307
-0.3253958,-1.2857753,-2.916075,-2.1407864,-0.43673405,1.3324425,1.2714583,0.8394096,-0.1925418,-0.3458544
-0.7246271,-1.0470014,-2.6248875,-2.7840092,-0.8326011,1.2053782,1.8025215,0.991273,0.48423612,0.11461654
0.24954452,-1.2127916,-2.7496128,-2.708481,-1.2152411,0.5655946,1.1879048,0.9962123,-0.13472864,-0.3174285
-0.2616263,-0.17310674,-2.8479164,-2.8660102,-0.7165562,0.9065325,1.9829485,1.3571374,-0.023730543,-0.4852564
-0.5065862,-0.56294906,-2.6368017,-2.2542162,-0.9668109,1.1585113,1.1267784,0.9029538,-0.09071771,0.04353719
-1.2903657,-1.4620259,-3.0013769,-2.917156,-0.88415945,1.1212167,1.53091,0.57033616,-0.4238184,-0.9107831
-0.84559804,-1.6115412,-3.3439243,-3.4234703,-0.82746875,0.72290385,1.239411,1.3201058,0.041112635,-1.5398605
-1.0126932,-2.2667253,-3.7065237,-2.741856,-1.2875292,0.7125069,2.2234535,0.7850238,-0.76571846,-0.73144513
-0.8509369,-0.36954054,-1.6971718,-2.2410052,-0.986436,0.82810247,1.3617507,0.6330607,-0.15316233,-0.30579016
0.17184041,-1.3105984,-3.0669127,-2.503926,-0.9572384,1.2441008,2.4768581,1.1245673,-0.060530663,0.20679581
-0.59047997,-1.1328399,-2.3422976,-2.8364277,-1.5427017,0.4883198,0.8536421,0.3548401,-0.032043327,0.077097
-0.3622168,-0.9978357,-2.8803737,-2.3917708,-0.68993276,1.0766152,1.6618632,0.9635294,-0.52625024,-0.08436411
-1.2329651,-1.2145524,-3.3842514,-3.2715354,-0.6910092,1.2204025,1.8119802,0.87077874,-0.32420132,-0.5653059
-0.8361518,-0.9965676,-3.209854,-3.2601857,-0.7612069,1.5980194,2.1962724,1.0430075,0.4262643,-0.58647645
-0.26503927,-1.6693743,-3.4284418,-2.5660665,-1.2330288,0.99077725,1.6610028,0.8559361,0.23583217,-0.13326414
-0.54589814,-1.1080105,-3.3935235,-2.7152178,-0.90859115,0.8986386,1.4313052,0.5723104,-0.27704054,-0.58965725
-0.20941637,-0.46047473,-2.468483,-2.6441665,-0.58644855,1.0711046,1.135943,0.67028576,0.054986633,0.10228053
-0.1869529,-1.335942,-2.2690458,-2.0521617,-0.96641463,0.66619205,1.2904676,0.77729905,-0.31748882,-1.2869267
-0.36997008,-0.98026294,-3.4995067,-3.097866,-0.79066664,0.922126,1.3769108,0.42974705,0.012300379,-0.26078442
-0.8342641,-1.3085647,-3.42786,-2.7394068,-0.9580148,1.4173437,1.6714015,1.3012729,0.4919186,-0.05599326
-0.8242706,-1.210467,-3.3858113,-2.866022,-1.3369004,0.88539356,1.5796026,0.98914933,-0.017335715,-0.97685945
-0.61942536,-0.95436585,-2.8781004,-3.2148502,-1.1194718,0.98953885,1.7531941,0.9583627,0.24266131,-0.80749464
-0.5668001,-0.32861164,-2.354151,-2.404154,-1.0039527,0.6884401,1.2887301,0.3984973,-0.80000603,-0.48305163
-0.36732087,-1.2187662,-2.9479184,-2.7991416,-1.1367948,0.6532761,1.4277123,1.3118072,-0.22821194,-0.66970557
-0.28288662,-1.3504322,-3.7741885,-3.6333387,-1.2003635,1.1533341,2.1112523,1.4788572,0.19969028,0.051557083
-1.3136445,-1.2428522,-2.8967001,-2.5616367,-1.16307,0.82273716,1.7544172,0.7127853,-0.8357049,-0.25751147
-0.5597513,-1.1648165,-3.2999997,-3.0702078,-0.93213415,1.2999545,2.139338,0.9978144,-0.037998825,-1.1305596
0.025003808,-1.0920609,-2.6035442,-2.4756413,-0.6238096,0.8101116,1.5107462,0.36072516,0.031824473,-0.3421378
-0.4467277,-1.6500615,-2.1074262,-1.9439808,-0.7408449,1.5708888,1.9327358,0.8108489,-0.2592738,-0.7056272
-0.37536895,-0.3884213,-2.0131853,-2.0169601,-0.78327405,0.63359946,1.11903,0.6608958,-0.20935248,-0.056897465
-1.3820109,-1.7308058,-3.9387143,-3.7991364,-1.4142916,1.159413,2.3555973,1.6736878,-0.030437248,-0.42195803
-1.2077547,-1.417585,-2.829429,-3.3593585,-1.2589663,1.0041239,1.8879994,0.6467742,-0.21396813,-0.27955943
-0.41521785,-1.4496092,-3.497951,-2.771555,-1.260103,0.8073751,2.132462,1.516586,0.32577553,-0.2410006
-0.13088189,-1.3959117,-3.1348248,-3.0461159,-1.2390922,0.8680939,1.805336,1.0804011,-0.35382715,-0.6190742
-0.6143224,-1.1170594,-3.4566278,-2.707463,-1.0528337,1.4101819,2.1633096,1.336234,0.33480966,-0.6430889
-0.3417981,-1.5814193,-3.0292428,-2.8586848,-0.91600776,1.1603451,1.392537,1.3766364,-0.13880084,-1.5823971
-0.43056175,-1.5224655,-2.8960986,-2.7047436,-0.9663267,0.95888793,1.5618614,1.3143388,-0.08706379,-0.6829473
0.24633704,-1.285605,-3.293642,-3.0067477,-1.2952906,0.8019281,1.7634603,1.5495507,0.28174824,-0.3850772
-0.6514801,-0.66516227,-2.1663454,-2.0619195,-0.95690656,0.8948682,1.5273864,0.60440576,-0.16119379,-0.1923644
-1.1417034,-1.2415175,-3.403441,-2.963745,-0.76390874,0.97605234,1.8009608,0.58332694,0.22459242,0.16584937
-0.8469434,-1.2506231,-3.5186594,-3.7014823,-0.80908984,1.1259991,2.194437,1.2807926,0.171367,-0.6795564
0.049891025,-0.6797751,-2.1179407,-2.2561636,-0.81939775,1.0726527,1.8629111,0.97466457,0.32060534,-0.01960183
-0.30906135,-0.98878956,-3.0120115,-2.4283736,-1.2936512,1.087744,1.4916081,1.0820743,-0.4291877,-0.6598752
-0.6353501,-0.35176635,-2.0388813,-1.8917463,-0.5825611,0.09826097,1.0714324,0.89704466,-0.32683802,-0.44801408
-0.9939927,-0.7693608,-2.3474245,-2.7769694,-1.0977331,1.0705107,1.5979468,0.85500264,0.08104411,-0.51206255
-0.13676001,-1.5611795,-3.750802,-3.8606083,-1.0464506,1.1776471,2.3190887,1.3095105,0.3106562,-0.74247247
-0.3499214,-1.6780484,-3.279648,-2.8445735,-0.789119,1.2010512,2.3308942,1.2915417,-0.41025424,-0.48067436
-0.87877893,-2.3451757,-3.895176,-3.2355976,-1.2791597,1.2476912,1.8222476,1.8913404,-0.002357221,-1.494857
-0.17117576,-0.62968343,-2.8271205,-2.8804111,-0.9992986,1.4109409,1.1956965,1.0678577,-0.17711239,-0.3670044
0.0884633,-1.2100691,-2.6701696,-3.0344374,-1.213655,0.995461,1.1668128,0.81024337,-0.03623032,-0.35733628
-0.939795,-1.2636777,-3.4196262,-2.8331478,-0.65398675,0.9946365,1.5639954,0.79073006,-0.19327469,-0.9269078
0.0046093725,-0.8410815,-2.9683747,-2.9606946,-1.0986291,0.9949518,1.7928107,1.1586039,0.26832017,-0.49737918
-0.006114486,-1.3448908,-2.9645944,-2.2501507,-0.87883145,0.7222684,1.1619321,0.61951077,-0.18133162,-0.8091144
-0.1318372,-0.7508554,-2.438404,-3.1910393,-0.89772683,0.48730507,1.4156523,0.8464213,0.17016053,0.0195315
-0.13908678,-1.5442107,-3.4739583,-3.5333083,-1.4542874,1.1167504,1.8069534,1.3700752,0.38802123,-0.8085868
-0.017045323,-0.7230354,-2.1698892,-2.5867,-0.77537435,0.8093659,1.1032156,0.6660098,-0.116740204,-0.33401793
-0.18774506,-1.1203532,-2.2016537,-2.5327506,-1.0822583,0.8658629,1.6070842,0.9804908,-0.045362283,-0.17196251
-0.8289367,-1.0300776,-2.8053832,-2.8311887,-0.5204468,1.432064,1.8142927,0.61965024,-0.06033789,-0.11625786
-1.1067952,-1.1386535,-3.27309,-2.5286946,-0.80306673,0.9481195,1.0097251,0.9208686,-0.20638257,-1.0172455
-0.9373786,-1.0616425,-3.2461655,-2.8525789,-1.3441718,0.86557007,1.5618938,0.7321566,0.10042324,-0.3027448
-0.44523063,-0.73258936,-1.7495446,-1.9232513,-1.3777746,0.9668604,1.9403503,0.80101573,-0.0101652695,-0.108259045
-0.7506499,-1.4085544,-3.8746543,-3.943555,-1.5748138,1.148261,2.3762388,1.4852401,-0.016380854,-0.8585355
-0.15386163,-1.2726822,-3.1123154,-3.453966,-1.045273,0.70570403,1.5979155,1.4056282,0.036110394,-0.23995297
-0.91987306,-0.26632676,-2.6599207,-2.6837466,-0.3735868,1.3480908,1.4436854,0.8975136,-0.11215184,-0.16446611
-0.7595941,-1.7049596,-3.4672718,-3.1315103,-1.1147023,1.0871565,2.2569726,1.9092692,0.07863104,-1.0727398
-0.9101523,-1.3211219,-2.8439095,-3.1880121,-1.2094228,0.99983156,1.640601,1.3857082,-0.0741786,-0.019874597
-1.3382816,-1.5963346,-3.7229087,-3.754731,-1.22757,0.9639058,1.8611436,1.5526098,0.13169786,-0.6059759
-0.8152013,-1.3470381,-2.975629,-3.0341272,-1.0421239,1.028721,1.9256384,1.6384985,-0.0018781353,-1.629634
-0.99226815,-0.83408666,-3.1020126,-3.4216058,-1.2078732,0.7320365,1.3537709,0.99211866,-0.30199927,-0.6961148
-1.0376526,-0.7253278,-2.6743429,-2.9511154,-0.94682884,0.9475686,1.063442,0.4549308,-0.18921368,-0.6752342
-1.3354803,-2.1536703,-3.493192,-3.3099375,-1.5891026,0.6150462,2.4318843,1.5873429,0.14055067,-0.1726335
-0.46486813,-0.5930723,-2.8049011,-2.35155,-0.8073385,0.98492545,1.3255832,0.54607224,-0.06746766,-0.07236663
-0.35167184,-0.9777634,-3.1438105,-2.7015657,-0.9376888,1.1604109,1.8923732,1.1782814,-0.42566377,-0.5123198
-0.14985302,-0.9294222,-2.4528916,-2.9615116,-1.367957,0.6934803,1.5777422,0.9423376,0.015041199,0.26123446
-0.63794726,-1.6185226,-3.447804,-3.374738,-1.2313819,0.7204669,2.4032433,1.9090425,-0.1792334,-0.07742552
-0.43566924,-0.86378485,-2.7838783,-2.1471357,-0.4248799,1.9130893,1.7997601,1.5947438,-0.22834426,-1.0126595
-0.68961793,-0.966443,-3.2374198,-2.602971,-0.5587312,1.0724155,1.4981863,0.88232964,0.0018969739,-0.28772768
-0.038499933,-0.31802684,-2.2249126,-2.1629398,-0.35101858,0.76105756,1.0550364,0.7936961,-0.10696209,0.2918029
-1.0336182,-0.46649748,-2.6926525,-2.7233956,-0.7765797,0.60282445,1.1387503,0.62149584,0.2500376,-0.40041938
-0.31900612,-1.4825245,-3.0343761,-2.807993,-0.8507342,0.6987992,1.2897494,0.61067975,-0.33444968,-0.80806637
-0.7826974,-1.4950893,-3.7937386,-3.8454928,-0.8802376,0.7927888,1.8384904,0.91323817,-0.025914164,-0.48241296
-0.47135976,-1.4475181,-3.862929,-3.583583,-0.6131637,1.4997432,2.347417,1.9039023,0.5365781,-0.65931064
-0.22894771,-0.56898034,-2.6205173,-2.0770237,-0.573925,1.243009,1.9389944,0.9795996,0.0489629,-0.6534392
-1.1823428,-1.441943,-3.398828,-3.5915003,-1.3278297,-0.227343,1.6449549,0.9347048,0.63963807,0.078010686
-0.8322234,-1.1072372,-3.4365087,-2.9292164,-1.4405673,0.8593609,2.0156748,0.9464229,0.21070202,-0.101072915
-0.6422204,-0.38429597,-1.8965464,-2.1624877,-1.1553963,1.0797653,0.95025164,0.5989858,-0.1896184,-0.53997654
-0.577422,-1.851217,-3.7396677,-3.3939319,-1.0434014,0.93972176,1.5752943,1.4096942,0.056760993,-0.5039339
-0.4749066,-0.81957895,-2.1245775,-2.7172027,-0.54962796,1.1762514,2.18343,0.718951,-0.15915604,-0.35873428
-0.5917042,-1.1372762,-2.5747848,-3.0121698,-1.1026814,1.3478936,1.7807772,0.96117055,-0.40738857,0.037049264
-0.8366194,-1.001305,-3.3514009,-2.2299047,-1.0806742,1.0864282,1.6200953,1.1648775,0.01931518,-0.46863094
-0.8271746,-0.8395026,-2.1710174,-2.5309892,-0.8612875,1.2193724,1.0192301,0.76703864,-0.2213504,-0.97746557
-0.5562008,-1.0106795,-3.2557838,-3.0350506,-1.5411386,1.1652573,1.8755805,1.2418554,-0.12728469,-0.7042854
-0.6147,-1.8071772,-3.9475217,-3.907331,-0.85358524,1.504649,2.3209298,1.3932613,-0.18752266,-1.1719664
-0.10955747,-1.1036828,-2.7030146,-3.2437696,-0.71995246,1.2640202,1.874394,0.5494198,-0.054555837,-0.45909527
-0.20869312,-0.725384,-2.3731952,-2.6039314,-1.391105,0.67946965,1.2794383,0.8267905,0.023747295,-0.04857548
0.25134438,-1.450904,-2.2684035,-2.681947,-0.98281187,0.85930663,0.621719,1.0963014,0.09106791,-0.54265124
-0.14800952,-1.1874032,-2.5632288,-2.7696385,-0.8338197,0.60112846,1.3694402,0.8404049,-0.39720398,-0.64932185
-0.5257957,-0.34007636,-2.327577,-2.8327596,-1.1402998,0.61990815,1.7928869,1.4419962,-0.4158323,-0.8207297
-0.20518854,-0.9180829,-3.138825,-2.8975036,-1.0223615,0.85220385,1.7722311,1.0266101,0.13138142,-0.66416603
0.008106332,-1.2597191,-3.3122926,-2.875432,-0.83367777,1.6093328,1.874532,1.1965208,-0.1485421,-0.5295412
-0.418151,-1.3104417,-3.2551856,-3.4588177,-1.4773129,0.83072346,2.2585952,1.0990119,0.16822843,-0.22694127
-0.7392411,-0.8117311,-1.751291,-2.3917942,-1.1762849,0.7985827,1.1598258,0.37323767,0.0366724,-0.20006321
-0.03878983,-1.7342341,-3.6380804,-3.0571442,-1.2948709,1.0656596,2.076511,1.0222292,-1.0388402,-0.6778846
-0.57800657,-1.5643053,-2.979124,-3.8277652,-1.2177596,0.8160303,1.7637262,1.4307427,-0.0118925115,-0.48643395
-0.77751374,-1.0778122,-1.9801761,-2.323164,-0.91710156,0.83537674,1.6127095,0.80661017,-0.4844066,-1.1932876
-0.579126,-1.0401466,-2.919739,-2.7441432,-0.96092397,1.5746268,1.5263547,0.61657965,-0.118338466,-0.5946037
-0.6141067,-1.3871645,-3.4321315,-2.3084393,-1.1395599,1.1369417,1.7873898,1.2457685,-0.8691985,-0.59916216
-0.39079064,-1.2110751,-2.4509976,-2.6539598,-0.9746092,0.91363955,1.1924182,0.6705345,-0.06519258,-0.34068137
-0.18834706,-0.36047748,-2.1208847,-1.7967659,-0.75217724,0.66012,1.1754568,0.34904507,-0.2530438,-0.4127625
-0.27982682,-0.9527097,-3.2729511,-3.383795,-1.6753367,0.43021122,1.6271492,1.0383053,0.26234886,-0.16230011
-0.5834585,-1.1498898,-2.076145,-2.294269,-0.92640334,0.8580962,1.665528,0.7472766,0.56790584,-0.4023739
-0.07589984,-1.3450496,-3.3891761,-2.5123467,-0.78830963,0.7045071,1.5517832,1.2833408,-0.052248485,-0.42400885
-0.9315822,-1.4301819,-3.6033273,-3.786671,-1.1049645,1.156171,1.8648378,0.75884503,-0.40095034,-0.91068846
-0.35182688,-0.8942041,-2.9198205,-2.7658985,-1.2559795,0.6472456,1.7173551,1.1751994,-0.42299613,-0.32868025
-0.10518842,-0.89109915,-2.4453297,-2.332159,-0.72756886,1.4844701,1.9069048,0.5545316,0.3152235,-0.02395389
-0.28480288,-1.6729604,-3.7700937,-2.889363,-0.8760261,1.2949196,2.0036316,1.3824393,-0.20824313,-0.74470085
-0.19784681,-1.2103752,-3.4044528,-3.762921,-1.3002586,1.0446572,1.7889957,1.3286527,0.6268349,-0.25182754
-0.3922493,-1.281719,-3.0349474,-2.4674177,-0.7310991,0.9766461,1.8310665,1.1062051,0.07269672,-0.42251906
-0.8100665,-1.2387788,-2.4653661,-3.487745,-1.749101,1.186461,1.740263,1.0233837,0.12800412,-0.080248795
-0.163916,-0.19462383,-1.9802617,-2.0530357,-0.40484494,1.2684926,1.3321806,1.0818614,0.090509295,-0.4463921
-0.5174215,-1.4142716,-3.7990975,-3.0785267,-1.2957622,1.0268184,2.287287,1.7752246,0.18394364,-0.14828834
-0.5894221,-0.88430274,-3.014287,-2.747439,-1.0030117,1.2070322,1.6582869,0.529962,0.106211685,-0.50033796
-0.101678684,-1.5677154,-3.6002016,-3.5487301,-0.9500644,1.0382487,1.5004398,1.3163861,0.25245604,-0.7678943
-0.32659498,-0.7402326,-2.0540164,-2.0115986,-0.80002135,1.0328968,1.4838351,0.6352916,-0.54265445,-0.65867573
0.21301676,-0.5662358,-2.1817794,-2.5528557,-0.9696948,1.0553238,1.469939,0.32905278,-0.061067536,-0.07215851
-0.052993413,-0.9186951,-2.7132928,-2.2769957,-0.40582648,1.1814511,1.1632193,0.8096859,0.08934738,-0.66680956
-1.0192317,-1.4798918,-3.3918955,-3.838638,-1.0926774,1.3900307,1.7140336,1.5504669,0.14688016,-0.7570406
-0.7744014,-0.7441863,-3.2146366,-2.9652424,-0.7631295,1.1022127,2.1780078,1.7716724,-0.15295483,-0.5193079
-0.09631918,-1.3561696,-2.9072487,-2.53545,-0.49278113,1.8396027,1.7961154,0.83072865,0.16257107,-0.56740063
-0.7984227,-1.2693074,-3.4696743,-3.4285512,-1.7897445,0.68082154,1.8537275,1.819187,-0.086033896,-0.25201648
0.04490431,-1.4587492,-3.5149755,-2.7377062,-0.68470514,1.014325,1.5916482,0.8444318,0.8009206,-0.0260402
-0.37668577,-1.2734444,-3.4088268,-2.6243804,-0.85646296,1.1168809,1.7719452,0.98180103,-0.697166,-0.33007592
0.34164122,-1.2698876,-3.235891,-2.640303,-1.428561,0.81355464,1.7686408,1.4472752,0.1992412,-0.2514565
-0.98676586,-0.73754925,-3.2386224,-2.8729615,-1.3604661,1.1363792,0.873088,0.61058736,0.26159155,-0.06833028
-0.29883248,-1.4340254,-3.2823896,-3.0959048,-1.3149383,1.2563863,1.9764941,1.5245421,0.025390223,-1.0058233
-0.30635616,-0.72263145,-3.0655444,-3.430645,-1.2189486,1.0704775,1.6772009,1.2534064,0.104966715,-0.052395128
-0.19315633,-0.45694777,-1.9029545,-2.18816,-0.9702071,0.4773134,1.3501666,1.2249066,0.058506384,-0.7269624
-0.5974505,-1.3876041,-2.9497206,-2.7488985,-1.342789,1.2020527,1.6177217,1.2819805,-0.16109976,-0.9025081
-0.21589674,-1.239501,-3.4178543,-3.1457767,-1.1253922,1.322667,1.9620597,1.8927143,-0.17473774,-1.1533453
-0.47749206,-0.93751127,-2.3356814,-2.43055,-0.6424374,0.8167598,1.0542884,0.75081563,-0.14876579,-0.0053496957
-0.35306916,-1.029648,-2.7313635,-2.441242,-1.2404368,0.44374034,1.7785524,1.0837401,0.6233719,-0.22362988
-1.3836707,-1.1958343,-3.0137177,-2.8921833,-1.2820369,1.0642118,1.3698174,0.9728289,-0.48050857,-0.62825286
-0.6797876,-1.5782825,-3.5977328,-2.8737283,-0.72946095,0.9276057,2.0854611,0.88111097,-0.51610696,-0.6798744
-0.14917217,-1.7373086,-3.6528258,-3.267406,-1.0309672,1.4026066,2.192723,1.4619606,-0.0724805,-0.9701918
-0.74901813,-1.308953,-2.73398,-4.165005,-3.2422647,0.7337241,1.8222799,1.1317143,0.16812278,-0.26712734
-0.83891135,-1.690423,-3.7676153,-3.6721537,-1.4697838,1.3821328,1.731574,1.2050011,0.10809958,-0.9348429
-0.12248251,-1.6122676,-3.7038054,-3.1301224,-1.4347708,1.1919426,2.4187205,1.2893901,0.01788259,-0.4002327
-0.076416515,-1.204511,-3.0715756,-2.6628394,-0.2897808,1.1790079,1.4510112,1.1595917,-0.21448809,-1.3763562
-0.9188371,-1.6057863,-3.573849,-3.1312916,-0.9198148,1.2908287,2.1846414,1.2508732,-0.20529163,-1.2157098
-0.11639223,-1.491704,-2.875709,-2.7841036,-1.288003,1.0816884,2.1014612,1.2211671,0.30156317,0.18982355
-0.7589566,-1.3149644,-2.511025,-3.1921673,-1.2534422,0.91962785,1.8174366,0.6660005,-0.15094163,-0.10921961
-0.74036074,-0.91702586,-3.379103,-2.6240036,-0.9901783,1.1367943,1.5290711,1.1479005,-0.19139925,-0.32411268
-0.5236984,-1.2312152,-3.7060282,-3.5758536,-1.2520992,0.9138724,1.94003,1.094303,-0.19759984,-0.5640564
-0.7075105,-0.9661689,-3.2344217,-2.9571958,-1.0483819,0.9482592,1.5603764,0.68478864,-0.3755562,-0.33687577
-0.48360607,-1.827775,-3.5204659,-3.0763688,-0.76262903,1.7948872,2.3313394,0.96081024,0.21760772,-0.6534596
-1.0912467,-1.4574226,-3.4577317,-3.509868,-1.230195,1.4375376,1.6097721,1.5074112,0.072081484,-0.9948646
-0.41435203,-1.041844,-2.4892907,-2.5852177,-1.3755388,1.5707618,2.1816635,0.6702671,-0.21132064,-0.9857863
-0.02962132,-1.2595105,-3.0290434,-2.4522367,-1.3793869,0.3749206,1.2131729,1.1722728,-0.0008379192,-0.36732796
-0.23628849,-1.2932248,-3.5413923,-4.0790925,-0.9664991,1.7851306,2.5188582,1.2670791,-0.2378819,-1.4549971
-0.9227518,-1.2711824,-3.805233,-3.6628938,-0.8545223,1.1815041,1.5108274,1.1245439,0.22025813,-0.8755629
-0.24219774,-1.1191037,-2.182349,-2.0686045,-0.90472907,0.39621747,1.3277009,0.4249973,-0.24022809,-0.5105555
-0.3904404,-1.5395072,-2.7490427,-3.082948,-1.0732282,1.2504567,2.2505813,1.5328019,0.014388165,-0.9620779
-0.6633381,-1.6639152,-3.4785306,-2.6976802,-1.2026038,0.96411824,1.7850536,0.81467843,-0.10327681,-0.61104184
-0.97915614,-1.5850377,-3.8338704,-3.4653041,-0.78824526,1.1406022,1.5493329,1.2047141,0.43899354,-0.34968415
-0.41182664,-1.684673,-3.8804204,-3.895052,-1.4520582,1.2407764,2.0297382,1.0276582,-0.11886206,-0.7484686
-0.23643501,-1.2908165,-3.1748443,-3.1469822,-0.921861,0.6852616,2.3165243,1.1287005,-0.003750875,-0.38596153
-0.029937744,-1.4673419,-3.103829,-2.58373,-1.1366019,0.735323,1.7125067,1.0346789,0.122764304,-0.63556665
0.16245069,-1.619573,-3.7105885,-2.509146,-1.1622537,1.9178611,3.8339136,1.5009063,0.1333918,-0.5870226
-0.544591,-0.6206836,-3.5052311,-3.6867406,-1.1470305,1.2670032,1.5305448,0.9481444,0.063173264,-0.3422598
-0.12830615,-1.2063774,-3.5972216,-2.7598562,-0.8349739,1.5405082,2.1134658,1.4056894,0.36693165,0.016803887
-1.1679498,-0.5395433,-2.788306,-2.8334386,-0.95537794,0.8793162,1.1071283,0.57075274,-0.27243194,-0.43161896
-0.37172127,-1.2959464,-2.4806273,-2.2344904,-0.744329,1.2035452,1.7278652,1.27961,0.46775424,0.025433937
-0.5819187,-0.77100515,-2.9222353,-2.729413,-0.88713735,1.2185959,1.383892,0.49497908,-0.096119694,-0.8813898
-0.64187914,-0.9346863,-3.418613,-3.117358,-0.32709324,1.8277099,1.5317135,0.81598836,0.082662456,-0.5589637
-0.08783926,-1.5719461,-3.5323455,-3.02565,-1.0003488,0.8471086,2.3122416,1.606211,0.26511613,-1.0633202
-0.6805623,-0.60554916,-1.8004732,-2.1156092,-0.3794435,0.8557694,1.1678094,0.46517256,-0.039457005,-0.44978303
-0.20465645,-1.1443908,-3.1100302,-2.7171905,-0.65483767,1.3840641,1.6656215,0.8016319,-0.05436041,-0.68305063
-0.05191617,-0.87410456,-2.279519,-1.998669,-0.40522906,1.5162125,1.8079194,0.5033828,0.049778763,-0.77781606
-0.6762128,-0.79936296,-3.0685184,-2.3955016,-0.83541024,1.280266,1.7000859,0.63084793,-0.24099694,-0.58435315
-1.2365832,-1.3678359,-3.9576917,-4.14887,-1.4185392,1.2656336,2.2935307,1.0533795,0.08683277,-0.53517747
-0.7443404,-1.5116028,-3.6901004,-3.150013,-0.79822433,1.4933194,1.8574528,1.0594156,-0.012771014,-0.709309
-0.7042408,-1.6567159,-3.6633258,-3.714709,-0.8494254,1.489846,2.2199209,1.5883174,0.1957005,-1.0189581
-0.3347823,-0.9253133,-2.47882,-2.3066387,-0.2935638,1.1187279,1.5313354,0.929405,-0.18498118,-0.41947404
-0.56209433,-0.88001335,-3.3586931,-3.196936,-0.5502248,1.4244479,1.6316675,1.0738657,-0.2485312,-0.85693145
-0.6916873,-0.5587963,-2.7961113,-2.6341462,-0.846921,0.8362984,1.5470563,1.0096372,-0.15036198,0.01896261
-0.9639143,-1.0933979,-2.6117167,-3.0875318,-0.9476905,0.9345619,1.6884181,0.72856206,0.3116724,-0.46682727
-0.69603944,-0.80949587,-3.7345645,-3.1747274,-1.3596709,1.420224,2.1861007,1.0957227,0.12818782,-0.31596008
-0.6706213,-1.7392628,-3.310612,-2.9296772,-0.6254227,1.1513715,2.1370492,1.5385779,-0.15474416,-0.53364134
-0.19047631,-0.7097372,-3.6242561,-3.164086,-1.1554052,1.1255225,2.099426,1.1573874,-0.013812107,-0.40850788
-0.05868481,-0.6236667,-3.0155818,-2.8148344,-0.79704666,0.462918,1.5131526,0.9284603,0.28816047,-0.13301292
-0.72944355,-1.3289553,-2.907018,-3.5778685,-0.92431253,1.5245978,2.0893319,1.4216338,0.21901254,-0.68704957
-0.38763753,-0.9420444,-3.1453316,-3.386508,-1.0707873,1.1678634,1.8261421,0.6009903,0.10922272,-0.7741466
-1.076544,-1.3838654,-3.2089064,-3.26915,-0.95573676,0.8708488,1.7906419,1.5382586,0.29429322,-0.5208313
-1.0521944,-1.3154998,-2.8161798,-2.4798589,-1.389872,1.219262,1.6135527,0.79198885,-0.31933987,-0.5889101
-1.2269413,-0.97517157,-2.2664146,-2.118042,-0.3891228,1.1709741,1.4074532,0.62386346,-0.4036223,-1.1225003
-0.22400777,-1.2592486,-3.6459217,-3.3909853,-0.8085415,1.0220006,2.2388537,1.4012483,-0.5872286,-1.0546212
-0.46680632,-0.93665135,-1.8857672,-2.0252225,-0.7602049,0.6983499,1.1452187,0.7554606,-0.3654139,-0.39115983
-0.3430766,-0.7740603,-2.7597086,-1.9866447,-0.32771838,1.1646225,1.9167337,1.2686588,-0.23440322,-0.36757463
-0.62521195,-1.6396921,-3.822978,-3.919908,-1.1477466,0.85766274,1.9734682,1.4935311,0.6502821,-0.26284587
-0.66868657,-1.1419752,-3.3392859,-3.2443902,-1.0551126,1.1157852,1.4295083,0.988704,-0.1665106,-0.53240967
-0.08263895,-1.1274295,-3.2155628,-3.126499,-0.9158458,1.555287,2.1357005,1.066853,0.045578,-0.8272264
-0.20676519,-1.3327098,-2.9504955,-3.637929,-1.178887,1.0313611,1.615632,1.3307793,0.23863028,0.00397142
-0.3403123,-0.64355683,-2.1087956,-2.0801618,-0.5662597,0.6038626,0.9025269,0.96741915,-0.30374044,-0.5960165
-0.24082805,-0.5639538,-3.1283066,-2.4922698,-0.99624133,1.1461624,1.8522184,0.7690034,0.5718441,0.104180716
-0.24895732,-1.6094718,-2.405027,-2.7799692,-1.455959,1.2028439,2.0054247,1.6392298,0.10610684,-0.210771
0.11174587,-1.292412,-2.8921905,-3.4352539,-1.2095035,0.9852636,2.1248047,1.0172763,0.020536244,-1.0724086
-0.43657264,-1.1579138,-2.8690553,-2.9467955,-1.188288,0.63788325,2.21908,1.4285374,0.7143535,0.20373079
-0.72268915,-1.4223982,-3.3566453,-3.1354747,-1.293496,0.79131275,1.572203,0.38742015,-0.067905195,0.1174078
-0.90148026,-0.8909136,-1.9535668,-2.2595336,-1.1804079,0.33819985,1.0312854,0.45275795,0.053871583,0.17816496
-0.19712101,-0.6848525,-2.5977695,-3.2588696,-0.99370986,0.8660221,1.4108065,0.8564271,0.5041107,0.12429534
-0.6169606,-1.2271127,-3.5668755,-2.9971805,-0.9961575,1.1638278,1.868768,1.1897129,0.0004392515,-0.8687169
-0.45378983,-3.1703641,-4.0558786,-3.2449453,-1.5081322,1.203214,2.3347409,1.8658237,0.20851533,-0.70240235
-0.13894033,-0.74342024,-2.2956388,-2.2968302,-1.0271925,1.3094085,1.6695935,0.2246343,-0.008107247,-0.04646255
-0.536566,-0.9256762,-2.67353,-2.8088825,-0.86236405,1.0771269,1.6433105,0.8500115,-0.21892281,-0.65801877
-0.73121023,-1.0359309,-2.5522053,-2.6487465,-0.78222775,1.0791751,1.1706071,1.0469904,0.1013587,-0.41889748
-1.0108265,-0.83958113,-2.6214187,-2.6710162,-1.37569,0.9100361,1.6948944,0.63430554,-0.57650506,-0.4640123
-0.41146094,-0.9656013,-2.6815147,-2.5864966,-1.3609654,1.5323675,1.506953,0.42981136,-0.21437658,-0.794995
-0.2832486,-0.6404632,-2.7047079,-2.933433,-1.2094179,1.0181266,1.4832543,1.1689739,0.38387117,-0.27849442
-0.53101826,-0.5473633,-2.7987063,-2.416005,-0.40862095,0.81081676,1.5732224,1.0367067,-0.20624946,-0.7148796
-0.30007818,-1.1058375,-2.9194365,-2.4361598,-0.7613388,0.39616635,1.1052899,0.9527705,-0.24602804,-0.60369694
0.19481795,-1.0172498,-2.4434915,-2.3854368,-0.8897994,0.9994695,1.0436563,0.84585047,-0.07254972,-0.14793177
-0.49247894,-0.80625707,-3.195357,-2.7871146,-0.9415367,0.81506693,1.4504893,1.1564307,0.20324588,-0.38666332
0.2528434,-1.0050633,-2.9508488,-2.664159,-0.93221426,1.1235526,1.4309278,1.0331225,0.032096405,-0.37354296
0.0018152591,-0.7047725,-2.0917618,-1.7454597,-0.48417404,0.7067759,1.8405772,1.2450931,0.055318642,-0.5951068
-0.8831316,-0.68860877,-2.0506408,-2.2252526,-1.123207,0.8514376,1.1346904,0.6167086,0.14306165,-0.05927134
-0.64001924,-1.1629008,-3.5332203,-3.476421,-0.8666154,1.4302566,1.9144242,1.7880857,-0.02904233,-0.9594876
-0.2937117,-0.7223462,-2.6197684,-3.0006692,-1.0851029,1.3054311,1.6599362,0.5847971,-0.26916888,-0.7544537
-0.87725335,-1.3840299,-3.6982095,-3.2830896,-0.7162511,1.5707197,2.373471,1.668353,0.042914107,-0.8491332
-0.7210166,-1.2029955,-2.985388,-3.250977,-1.7401391,1.2190133,1.9573283,1.505661,0.12951863,-1.3419601
-0.33510306,-1.3218864,-3.4955006,-2.820951,-1.3016739,0.6372651,1.7456175,1.1681619,0.01906322,-0.27343565
-0.25813192,-0.5496204,-2.1868815,-1.451547,-0.48555234,0.7199255,2.1294463,1.0407797,-0.33316672,-0.38520375
-0.43580356,-0.7160644,-3.1693106,-2.9017365,-0.4030106,1.1337523,1.0423197,1.1473929,-0.16473727,-0.8605274
0.018460955,-0.6295688,-2.7186983,-2.5897253,-0.61000276,1.2728462,1.4847242,1.3225216,0.3580088,-0.6145894
-0.22963756,-1.5862105,-3.8344064,-2.5563684,-0.74036473,0.9498743,1.8721089,1.3800156,-0.07057564,-0.9119642
-0.06806399,-0.41126826,-2.9772074,-2.3781939,-0.9715446,0.7505416,1.8103356,1.0315347,0.629493,-0.13747358
0.09018776,-1.1272945,-2.7011175,-2.7355983,-1.2551622,1.0929966,2.0723758,0.95852774,0.097810216,-0.40751684
0.20284425,-1.257469,-3.385385,-2.3234253,-0.99199486,1.1783358,1.9665715,1.3951255,0.09218656,-0.34342778
-0.42538717,-0.41634175,-2.4889061,-2.257026,-0.76134384,0.71690273,1.4760648,0.96945226,-0.019612731,-0.5902941
-0.37959227,-1.3057204,-3.2033417,-2.0082777,-0.8188682,0.73669195,1.2439574,0.56484675,0.12505744,-0.7963915
-0.6244373,-1.5213088,-2.6078854,-2.5894034,-1.0944577,0.56668705,0.935444,0.55399007,-0.08403172,-1.0444592
-0.028791083,-0.9396885,-3.153407,-3.2033803,-0.8224297,0.98298836,2.0237236,1.1522245,-0.19719891,-0.11633009
-0.7485219,-1.339328,-1.7599697,-2.1731596,-0.6141826,0.53333354,1.6823895,0.7001402,-0.41910392,-0.9867682
-0.6189951,-1.4471681,-3.4193025,-2.8706694,-0.3763101,1.4978333,1.7824777,0.71272576,-0.3217838,0.16822068
-0.69123876,-0.8744322,-2.948171,-2.939379,-0.98707676,1.0961663,0.80659485,0.7270173,-0.27164522,-0.67631805
0.42622718,-0.91517335,-2.8901854,-2.2823968,-1.1215653,1.2829177,2.4425704,1.0894287,0.17683119,0.015366263
-0.026784765,-1.1125611,-2.5500958,-3.1475673,-1.6010072,1.2930611,1.8656651,0.9275092,0.295871,-0.59381
0.04620106,-1.5079547,-2.9286966,-2.4911392,-0.9271868,1.0607377,1.7112752,1.1470432,-0.074920654,-0.91245013
-0.18833442,-1.3235484,-3.2825298,-2.6028318,-0.57667065,1.1968777,1.638411,1.2317657,-0.6957219,-0.7858494
-0.2030322,-1.2547365,-3.3074949,-2.770305,-0.7536596,0.9431401,2.006518,1.6759275,0.06275133,-0.5440882
-0.6541212,-0.7598552,-2.8057644,-2.6286156,-1.4033642,-0.010962985,0.89353144,0.96249807,0.12882106,-0.27301052
-0.47624198,-0.82636327,-3.1820157,-2.56686,-1.481711,0.5593842,1.2948216,0.90423995,0.3444458,-0.3731989
-0.1653455,-0.9015701,-2.138124,-1.8126664,-0.80862474,0.61132497,1.9034162,0.8790084,-0.07060757,-0.5633366
-0.7758317,-1.2765418,-3.526992,-3.0954664,-1.2112122,1.5533487,1.8835988,0.9690768,0.101709075,-1.1962091
-0.82700807,-1.2149144,-3.4505477,-2.7947588,-0.96251315,0.340848,1.4566956,1.2837415,-0.20496316,-0.5564333
-0.4918243,-0.66004556,-2.461404,-2.3903387,-1.2165618,0.8295944,1.2301483,1.198882,0.16718532,0.11136252
-0.45859423,-1.6066294,-3.558802,-3.1855338,-1.7649941,0.95367014,1.9229889,1.2241644,-0.014660139,-0.9543877
0.09527157,-0.86923635,-2.4204342,-2.2115445,-1.2213763,1.3459291,2.4407005,1.3453339,-0.3023699,-0.08069701
-0.45879653,-1.0445722,-3.1974711,-2.3406286,-0.9449715,0.7710282,1.6858844,0.966666,-0.3357308,-0.6754757
-4.530448,-1.585322,-4.1334653,-3.4400098,-1.2141082,1.778757,1.5178062,0.7111347,-0.092118815,-0.9378937
0.18071598,-0.9852713,-2.2563903,-2.0835044,-1.0659922,0.8260209,1.4831718,0.9372066,-0.18296783,0.38863185
-0.67027617,-1.5576297,-2.3658633,-2.8642368,-0.72657776,1.2086517,2.0927317,1.1255586,0.20856795,0.005636926
-0.6472533,-1.5325562,-3.5748634,-3.798519,-1.4321128,1.3217236,1.8499672,1.4328164,0.13869345,-0.2809256
-0.43899536,-0.79523164,-3.3138657,-3.194999,-0.7529212,1.122828,1.8305074,1.3149546,-0.48248374,-0.78839517
-0.47038296,-1.1956658,-3.3863158,-2.666983,-0.64677525,0.9079348,1.7089397,1.1163379,0.12573038,-0.7086476
-0.47243878,-1.1595811,-3.1464438,-2.5101962,-1.0369738,1.201574,1.2771679,1.1412925,0.23159179,-0.48115346
-0.41790336,-1.0789664,-2.3958683,-2.4444416,-0.26920545,1.1344512,0.94170946,0.63882,-0.103717275,-0.16909352
-0.15792793,-1.3733635,-2.7876081,-2.9173381,-0.7298375,1.6812925,2.3522458,1.58061,0.43269095,-0.720363
-0.5091666,-0.514298,-3.2280147,-2.8050008,-0.4005771,1.2414005,1.481275,1.0764111,-0.39409944,-0.86191994
-0.18152004,-1.8082285,-2.7602978,-3.062763,-0.93113786,1.4407544,2.1491995,1.8509004,-0.43199673,-1.4165754
-1.1888885,-1.0782859,-2.6709616,-2.6537528,-0.7670904,1.6388552,2.1025946,0.7601584,-0.20651615,-0.5407025
-0.38660577,-0.58731556,-2.4931283,-2.3484242,-0.39694577,1.3892356,1.6608267,0.8812726,-0.29892853,-0.9268637
0.15508194,-0.6318083,-1.7560987,-2.2270646,-0.6457022,1.4370701,1.7208918,0.8098698,0.42363057,-0.15392506
-1.217366,-1.1112608,-3.5107145,-2.975707,-0.9293287,1.2738256,1.741857,0.9145821,-0.11697001,-0.7582818
-0.22328487,-0.7117542,-2.3676226,-1.6094999,-1.2126809,0.59051746,1.2988523,0.3270243,-0.061952844,0.11127178
-0.8952112,-1.456226,-3.6357222,-3.4647956,-2.2518063,1.0820659,1.9599062,1.5921881,0.4702087,-0.33298284
-0.4896959,-1.8566086,-3.7832036,-3.3865361,-0.7933724,1.7594815,2.2916646,1.3923528,0.17162791,-1.0018362
-0.7471204,-1.7790635,-3.2541726,-3.512071,-1.0298352,1.3197228,2.3251946,1.1930141,0.5997345,-0.70617074
-0.53165007,-0.8996439,-3.4386861,-3.3477023,-1.163491,1.2216078,2.2789586,1.628026,0.52885044,-0.7245297
-1.0299972,-1.5457143,-2.2087753,-2.5355103,-0.44395712,1.0419327,1.3106246,0.6496534,0.097695954,-0.4659456
-0.58937764,-0.88944834,-2.4360878,-2.6685777,-0.846738,1.0496739,1.957849,1.2454777,-0.20712617,-1.1164131
-0.7862923,-0.74709886,-2.5181057,-2.277705,-0.9417464,0.78191924,1.130968,0.6550796,0.055997714,-0.3122974
-0.28081822,-1.1827636,-2.7148497,-2.054854,-0.8754975,1.0711141,1.6146055,0.5903465,-1.6832669,-0.86229444
-0.52358854,-1.6993109,-3.265435,-3.1764357,-0.91042525,0.8703345,1.8453943,1.1398772,0.5090838,-0.706301
-0.851956,-0.7380847,-3.6614704,-3.2963634,-0.8893257,1.3241315,1.7253985,1.1111073,-0.10007631,-0.4372378
-0.23421413,-1.2355413,-3.7497923,-3.5385096,-0.48442107,1.2122747,2.5789988,1.3099014,-0.16142172,-0.62902695
-0.40039307,-1.0531121,-3.1209214,-3.0288553,-0.59593886,0.8939494,1.738154,0.8199882,-0.090843186,-0.41514063
-1.1148053,-0.3102454,-1.692815,-2.015637,-0.90235114,0.51505965,0.43146443,0.007018065,-0.63947123,-0.10643728
-1.002323,-1.5865827,-3.7224214,-2.7996192,-1.1606296,1.2514094,1.9465555,0.91143095,-0.6600376,-0.87049913
-0.43442023,-0.880707,-2.7199876,-3.3206837,-0.95056546,1.0995426,1.7083747,1.6541017,0.24134164,-1.2445937
-0.8118169,-1.091067,-3.2580163,-3.6673517,-1.2509153,1.3629844,2.6015089,1.8123485,0.20139445,-0.97699714
-0.9378204,-1.426916,-3.2950332,-2.9495797,-1.1392889,1.3247807,1.9097172,0.9123915,-0.00050686294,-0.1758213
-0.3455826,-0.90963733,-2.2228372,-1.9584262,-1.1337234,0.9061669,1.4135053,0.8618996,-0.087987095,-0.077497505
-0.029691832,-0.74925286,-3.0741434,-2.9157863,-0.75303775,1.255317,1.7305244,0.63660777,0.11915944,-0.41285455
0.0026323975,-1.2626226,-2.3552978,-2.244527,-1.2635419,0.9506453,2.2044995,1.0850372,0.2691339,-0.32562432
-0.045790225,-1.4257385,-3.2711322,-2.68726,-0.70363635,1.3854002,1.6679164,1.235068,0.01963705,-0.50308067
-0.41891336,-1.5348023,-3.5259557,-3.044356,-1.389434,1.3026863,2.3551137,1.9409378,-0.044149384,-0.64083695
-0.3717529,-1.1286122,-2.8357522,-2.7192461,-0.82766616,0.93740207,1.5533161,0.9477651,0.30548462,-0.6033622
-0.31879997,-0.756775,-1.9212939,-2.2732604,-0.8943117,0.8895384,1.6559156,0.901795,-0.34043688,-0.5685531
-0.9502341,-1.322223,-3.2567298,-2.7605002,-1.4293187,0.5944771,1.1679823,1.1800493,-0.24925315,-0.425653
-1.0263995,-1.210575,-3.0855694,-2.9200552,-0.9641576,1.2173812,1.6378198,0.8486749,-0.22912115,-0.012832547
-0.6319193,-1.1688279,-2.4302099,-2.3646095,-0.98474336,1.102545,1.1961637,0.8332275,-0.52493364,-0.4796212
-0.44620013,-0.71867126,-1.7282727,-2.170337,-0.8790425,0.9370476,2.0572693,0.662023,-0.9343131,-0.7340436
-0.5973404,-1.8729293,-2.9712026,-3.0111299,-0.9500845,0.6816413,1.7192004,0.7938007,-0.15086645,-0.79867536
-0.5216643,-1.226577,-3.1558368,-3.2809741,-1.2493236,1.4877596,2.2537313,1.5459621,0.11739982,-0.5477862
-0.36794218,-1.4860756,-3.4518878,-2.6647182,-1.0648952,0.57040584,1.7265306,0.8599814,0.2069152,-1.0278223
0.37961638,-0.5116907,-2.3048496,-1.7978146,-0.91019046,1.105672,2.0169108,0.6084194,0.058164164,-0.26928455
-0.41379482,-0.9335862,-2.6840384,-2.4824677,-0.35629183,0.9565095,1.5233457,1.3836192,-0.21040834,-1.2829357
-0.3440102,-0.74198025,-2.416821,-2.4256444,-0.6009519,1.4190344,1.4500911,1.3854073,-0.13698532,-0.06922872
-0.4717291,-1.254676,-3.6384568,-3.1628935,-0.6087076,1.7528449,1.8679363,1.0359914,0.4148975,0.17802045
-0.0057670856,-0.9944717,-2.732894,-3.1282349,-1.2058331,0.3293936,1.5731837,0.845557,-0.05215685,-0.15696383
-0.2946128,-0.83618015,-3.3229566,-2.481035,-0.63182944,0.9755728,1.7411724,0.33082044,0.09823486,-0.14037734
-0.17466068,-1.0671798,-3.620738,-2.6876984,-1.5925354,1.0653323,2.3269463,1.2434762,0.023863679,-0.1360822
-0.38715792,-1.473597,-3.4004734,-2.75743,-0.4674332,1.0277603,1.8021517,1.0564864,-0.58522254,-0.4822423
-0.29535395,-0.40475622,-2.1619186,-2.5725772,-0.99425024,1.0478936,1.0429528,0.5574022,-0.27222112,-0.04413154
-0.27928236,-0.81309265,-2.4958231,-2.9492462,-1.1296079,1.5340279,2.3477318,0.8620344,-0.16252036,-0.17458516
-1.0035398,-1.1229315,-3.564595,-3.4067204,-1.282077,0.9846731,1.8370697,1.262928,-0.07854253,-0.7320702
-0.66807336,-1.6061265,-3.6855307,-3.605241,-0.9045422,1.3002211,1.6427164,0.525929,-0.4931327,-0.4321825
-1.4801784,-0.74827087,-3.0316541,-3.0786555,-0.6125782,1.1763384,1.3086425,0.8882802,-0.38403985,-0.48724353
-0.48282796,-0.7896633,-1.9528066,-1.9661725,-0.31606156,0.9797333,1.496657,0.54912245,-0.021039445,-0.7102511
-0.9012713,-1.5222509,-3.9206297,-3.3597977,-0.8127082,0.80815035,2.003238,1.094551,-0.094921775,-1.26812
-0.2510991,-1.6940684,-3.5885808,-2.5212235,-0.8794422,1.224159,1.8709385,0.8041354,-0.1715608,0.036220536
-0.59297794,-0.39926183,-1.9161917,-1.5785047,-0.5131785,0.84145266,0.93217766,0.61909705,-0.43065235,-0.29504237
-0.33722872,-1.4864345,-3.7922788,-4.012918,-1.3541157,0.8255471,2.4049373,1.413279,0.19718932,-0.5989452
-1.405013,-1.0338297,-2.4376705,-2.7994564,-0.56088215,1.1250402,1.2535751,0.7306525,-0.16553037,-0.7107819
-1.040644,-1.0722433,-3.7376802,-3.262419,-0.97380805,1.1099359,1.9415799,1.5564181,0.28376898,-0.89415175
-0.36237356,-0.49131447,-2.5671241,-2.7420754,-0.8759695,0.7983842,1.8459535,1.0945351,-0.21902092,-0.46782666
-0.7837548,-0.87765455,-2.7434366,-3.0113215,-0.78128093,1.5400724,1.3679422,0.5822074,-0.041552592,-0.56877935
0.2346712,-0.4809419,-2.090134,-2.5714924,-1.4109077,0.692185,1.4593929,0.76423407,0.08710648,-0.11846225
0.14591733,-0.8564439,-1.7241408,-2.3591027,-0.83185005,1.0462762,1.4097488,1.0653249,0.1574501,-0.16252363
-0.78424,-1.7476902,-3.7118263,-3.130684,-1.4578438,1.0927154,2.1796162,1.2132777,0.07893313,-0.16578278
-0.22251338,-1.3168266,-2.7432065,-2.8027923,-1.3789743,1.1226456,2.0012362,0.6668469,0.069993176,-0.019890964
0.06632271,-0.37317482,-2.261615,-2.085437,-0.7223244,0.90161514,1.47849,0.9559572,0.18478799,0.017289102
-0.64242435,-1.3229923,-3.429297,-3.1315708,-0.7578955,1.4412082,1.3256706,1.0336729,0.27803037,-0.5315156
-0.6152548,0.11762192,-2.0328078,-2.358799,-0.8285096,0.18367864,0.6625563,0.6172589,-0.19582486,0.0642374
-0.46545827,-1.3556114,-3.59726,-3.7686582,-1.0559227,1.1941435,1.9600121,1.3541502,0.15859883,-0.82946575
-0.67959,-1.428054,-3.0505805,-3.241866,-1.1171931,0.68457854,1.1853279,1.089339,0.24683267,-0.8466595
-0.50348854,-0.65717167,-2.195444,-2.1210442,-0.7246254,0.8846865,1.9530655,0.9975644,0.079511285,-0.43985638
-0.45152894,-0.46571386,-3.3778496,-2.7564394,-0.91568553,1.1057509,2.2374108,1.4627173,-0.1214663,-0.27988237
-0.89327854,-0.7033636,-2.6613727,-2.759203,-0.6483392,0.9189674,1.7011052,0.9337995,-0.46972442,-0.9091446
-0.36971053,-0.96974665,-2.7281303,-2.703388,-1.1220533,1.067193,1.8568999,1.2093873,-0.27687603,-0.5378616
-0.56195563,-1.7942028,-3.9414508,-3.4980597,-1.381198,0.47301897,2.1074102,1.580566,0.059163988,-0.6531913
-0.10424041,-1.130976,-3.0350745,-2.9778855,-1.1926156,0.8634327,1.8863399,1.918973,0.21397355,-0.6097839
-0.78011596,-0.8530172,-2.9266038,-3.0672393,-0.9836644,1.6956362,1.6831936,0.957109,0.927342,-0.07655168
0.12440157,-0.859505,-2.4228256,-2.3315253,-1.0231645,1.3046942,2.0332932,1.0431453,0.004420766,-0.78447294
-1.1075721,-0.5836947,-2.4569051,-3.191763,-0.90479237,0.9631657,1.4038602,0.8045525,0.15533628,-0.58015037
-1.5802633,-0.75766987,-3.2493982,-2.7621992,-1.0598911,0.47763935,1.5750595,1.1466433,0.3466468,0.01949353
-0.5337364,-1.0373447,-3.248074,-3.128278,-1.1623464,0.7066568,1.9655219,0.6690531,-0.48457822,-0.48285073
-0.772264,-0.83902794,-2.3999627,-2.6731555,-1.2149622,0.8815414,1.6001873,0.7390269,-0.03011431,-0.29896373
0.028066445,-1.2188662,-2.3828728,-2.3034542,-0.49220562,0.70608515,1.9821416,1.1416864,0.055811886,-1.1748502
0.087704375,-0.880441,-3.2330887,-2.4499562,-0.80786914,1.3132269,2.1019216,0.9940012,-0.16393745,-0.38007644
-0.66207415,-0.1288876,-2.4784038,-2.9046252,-0.7977536,0.50176054,0.99569756,0.51309794,-0.2699581,-0.14679213
-0.21664174,-0.6014757,-2.944772,-2.789834,-0.44685525,1.006851,1.9261302,1.331655,0.40494907,-0.22731067
-0.31662855,-0.31737432,-2.513332,-2.1281872,-1.0561314,1.2344031,1.5794358,0.46706805,0.15294577,-0.24574208
-0.449905,-1.0519394,-2.6736102,-2.627326,-0.352933,0.97283244,1.0320377,0.8125192,-0.13581578,-0.7278228
-0.93255854,-1.0670444,-2.4319067,-2.6719372,-0.8699709,1.3963832,1.5275284,0.98111284,-0.008651144,-0.36038497
-0.21592918,-0.7210821,-2.806374,-2.607944,-0.9933223,0.8105113,1.1520486,0.9409909,0.20341845,-0.013292544
-0.32349035,-1.6324514,-3.9088838,-2.9182181,-0.58411986,1.5762427,2.2482395,1.2847464,-0.018501312,-0.8908145
-0.53408897,-1.497792,-3.5279183,-3.3973403,-1.2972695,1.6508883,2.4406395,0.82932436,-0.008311829,-0.33056659
-0.5948508,-0.8280357,-3.5398228,-2.7398458,-0.7518236,1.3964022,1.7244288,1.1995516,0.10651153,-0.6660192
-0.9029491,-0.9818622,-3.4991457,-3.2880342,-1.4283521,1.5585715,1.7124588,1.3056206,-0.006914179,-0.79618543
0.0412909,-1.4565434,-2.6144066,-2.0035322,-0.72419804,0.90591383,1.6627682,0.8229978,-0.39232296,-0.11394848
-0.27037555,-1.4301602,-2.7401123,-2.5758064,-1.075225,0.9701489,1.8292841,0.9438769,-0.1666698,-0.86948794
-0.33337742,-1.7967072,-3.3261166,-2.834435,-1.2476887,1.3152486,2.2393382,1.4854013,-0.35722518,-1.0064338
-0.32562628,-1.6634429,-3.396189,-3.1897492,-0.580136,1.2244588,1.8016096,0.7676361,-0.18781672,-0.81946987
-1.1236988,-1.6690819,-2.5594776,-2.4816651,-1.2408543,0.8598134,1.7486169,0.73732245,0.10416214,-0.1264914
-0.19462381,-0.78423196,-2.357864,-2.3866723,-0.9598864,1.0054667,1.3586314,1.0267655,-0.21808372,-0.97366744
-0.2560224,-0.83114564,-1.7537748,-2.1222203,-0.687689,1.0641152,1.2062029,0.75662667,0.20178941,-0.04690519
-0.80463815,-1.4692338,-3.9451134,-3.8460126,-1.1533005,1.373021,2.1006505,1.3241787,0.06979285,-0.31042644
-0.2761894,-1.3443536,-2.8019378,-2.7228374,-1.1414381,1.0133542,1.3722717,1.1315048,0.2164531,-0.5594475
0.29681978,-0.6039414,-2.6417577,-2.6656108,-0.9337273,0.6804712,1.4353666,1.0684912,0.19409212,-0.47486326
-0.6011413,-0.8656457,-2.793992,-3.342511,-1.3804334,1.055083,1.8369216,1.1760192,0.26816404,-0.1467002
-0.61691403,-1.1032993,-2.1595912,-2.3638844,-1.0621263,1.0849816,1.1014527,0.19033764,-0.19379051,-0.004583826
-1.061961,-1.3480854,-3.477716,-3.211859,-0.96207505,1.1505883,2.066127,0.93891656,-0.14444454,-0.7057036
-0.79803735,-0.58203346,-2.3588543,-2.4366217,-0.99311227,0.63892776,1.5447347,0.62181926,0.27697444,0.14586926
-0.16854756,-0.94366866,-2.4734979,-2.7597082,-1.193412,0.76241225,2.4655693,0.9375984,0.45639044,-0.37133074
-0.298503,-1.3996576,-3.6302686,-2.7819273,-0.9573518,0.9786486,1.2163875,1.4731154,0.60780555,-0.6553347
-0.256665,-0.20372343,-1.7208498,-2.1913166,-1.3438313,0.7108782,1.2399522,0.63531613,-0.1953719,-0.39637122
-0.014800196,-1.0446403,-2.9318411,-2.3920941,-1.1661569,1.0138159,1.3878734,1.0384831,-0.17363633,-0.30232877
-0.431034,-1.3304609,-2.9869838,-2.3469367,-0.89162207,0.84336513,1.47284,1.0746002,-0.30714735,-1.0897429
-0.47212204,-1.206027,-2.696168,-3.1128576,-1.4722983,1.0470915,2.1655784,0.9897774,-0.2556909,-0.43868145
-1.1097164,-1.7483653,-3.7355769,-3.9833877,-1.2271264,0.67316383,1.8035876,1.0529248,0.1916985,-0.42113903
-0.8210623,-1.6661768,-3.6316597,-2.5889978,-0.8334447,1.3384905,1.8888905,1.2675376,-0.4252422,-0.22571598
-0.42235693,-1.7579088,-3.3702993,-3.2139487,-1.1667755,1.1323862,1.6769665,0.77474236,-0.27064347,-0.80292857
-0.8747616,-0.9284034,-3.630934,-3.4337382,-0.95873845,1.0908355,2.1366005,1.474508,-0.12335351,-1.4794397
-0.21829809,-1.0019045,-2.8873339,-2.7956805,-1.3172431,1.3678638,1.7817467,0.91022867,0.40860948,0.015717478
-0.21110955,-0.39602345,-2.4414785,-2.0544896,-0.48847604,1.1985158,1.7529013,0.7029631,0.32237732,0.002637273
0.14165671,-0.9329112,-2.1669786,-2.3398187,-1.0237797,1.3345242,1.4796675,1.031519,-0.23439607,-0.3226682
-0.3137347,-0.6015774,-2.373504,-1.7690177,-0.6832076,0.516958,1.3452728,0.8501783,0.094566464,-0.55579495
-0.11192311,-1.0886946,-3.5658104,-3.3001363,-0.5079782,1.2667154,2.1842232,1.3781384,0.20608276,-0.89174116
-0.17724645,-1.1874651,-3.5694714,-2.661377,-0.71063066,1.2321961,1.9199111,1.2640436,-0.08755148,-0.8362689
-0.62508667,-1.1705886,-3.6645308,-2.9718173,-0.6331642,0.904693,1.4003907,1.2973536,0.79199475,-0.36702806
-0.18052752,-1.0399884,-2.436489,-2.5880136,-0.9525102,0.84857,1.6469872,0.63455045,-0.5552636,-1.3571178
-0.4668274,-0.95551836,-2.8742187,-2.2465296,-0.665248,1.5011718,1.3186656,1.2331369,0.06603781,-0.58187556
-0.3165625,-0.882895,-2.823932,-2.7434998,-1.0152061,0.56922466,1.8760633,1.1418817,0.50080836,-0.5635928
-0.27249786,-0.6255305,-1.8359005,-2.0074718,-0.9688343,0.826252,1.6915252,1.1468362,0.2424047,-0.43929213
-0.26069304,-1.3892949,-3.456911,-3.5731175,-0.7294198,0.99969864,2.284616,1.0604812,-0.01036483,-0.20929919
-0.2968771,-1.956498,-3.0125747,-2.950736,-1.16101,1.0489314,2.3762004,1.1039965,-0.22032684,-0.5685449
-0.07072776,-0.8403845,-2.3507977,-2.6751075,-0.7034533,1.3161831,2.0539024,0.8862838,0.20879218,-0.6045031
-0.7350502,-1.6120324,-3.1154652,-2.6812446,-0.8509518,0.5278896,1.7707441,1.1746438,-0.3226918,-0.78663015
-0.22402233,-0.6808277,-1.9541292,-2.9644723,-1.1553386,1.030321,1.5797325,0.4942988,0.15501425,-0.14715126
0.015932912,-1.3982053,-3.3881655,-3.4099035,-1.2352681,0.95259076,2.6239777,1.3607198,0.2088014,-1.0299691
-0.29813656,-0.8982651,-2.6539679,-2.3293016,-0.41435128,1.0477501,1.724705,1.0990846,0.17603667,-0.81412476
-1.0248142,-0.9618663,-2.1828423,-2.2267382,-1.3688711,0.8923131,1.2747514,0.8288069,-0.17148742,-0.4352692
0.103079945,-0.8734159,-2.4130094,-2.1742003,-1.0461717,0.87652916,1.5922859,1.2588135,0.22259375,-0.067915104
-0.5808316,-0.6484341,-1.7686768,-1.6253101,-0.73411566,0.44704607,1.0507276,0.27310804,-0.0056559388,0.2236611
-1.2043444,-1.2791653,-3.7673469,-3.8495045,-0.6911137,1.3706671,2.2120159,1.6306694,-0.06255812,-1.146351
-0.8883578,-1.4461598,-2.622668,-3.704643,-1.5161577,0.92310727,2.486938,1.2385716,0.21253562,-0.11794602
-0.22708477,-0.9708197,-2.503223,-2.1983626,-0.37451673,1.1433545,1.7323203,0.6729557,-0.29373202,-0.47586828
-0.46206135,-0.50093883,-2.3852444,-2.3090446,-1.1892989,0.65820843,1.1620308,0.59331787,-0.30669412,-0.563367
-0.09342569,-1.5268606,-2.6043386,-2.3902225,-0.88118345,0.7026354,1.1680771,0.6030493,-0.1201902,-0.7241187
0.086781055,-0.56239736,-2.6215343,-2.6329508,-0.55035263,1.051333,1.6170592,1.040013,-0.6305554,-0.28913966
-0.4500658,-1.0718805,-2.5382736,-2.3035007,-0.7946813,1.6864444,1.9857948,0.80265725,-0.36504492,-0.76608557
-1.0864887,-1.2499831,-3.543024,-3.2994382,-1.3896255,0.7196745,1.837236,0.714046,0.14625704,-0.16250448
-0.8471441,-3.0603979,-4.1583724,-4.1270466,-1.1538248,1.2252896,2.1411104,1.1461877,0.26951894,-0.764881
-0.01088667,-0.9550037,-2.130239,-2.0494423,-1.0087281,0.83136463,1.2195629,0.645964,0.009475493,-0.6349873
-0.28379393,-1.8392402,-3.9374263,-3.1064851,-0.56301033,1.6489849,2.3095694,1.2042958,0.114514165,-1.0496175
-0.18501715,-1.0241829,-2.736581,-2.2117128,-0.84256405,0.82788754,2.3003898,1.0294698,-0.082944535,-0.5374705
-0.7462165,-0.36815065,-3.2926197,-4.1268263,-1.5055034,0.5044342,1.5371662,1.2296137,0.11119974,-0.46590292
-0.5141849,-1.3330861,-2.9009914,-1.9657365,-0.8353782,1.0898618,1.2275836,0.44916716,-0.04737349,-0.0899882
-0.5157045,-1.4016111,-3.5835383,-2.8571322,-1.1534073,1.1830429,1.8300073,1.2423466,0.037415877,-0.68504906
-0.054435592,-1.072983,-2.5398426,-2.5675855,-1.3321854,0.3648556,0.82392687,0.6152678,-0.20444275,-0.44630113
-0.40444034,-0.7746767,-2.2352743,-2.60262,-1.016408,0.34153646,1.3635734,0.93574816,-0.2845923,-0.28942662
-0.1482107,-0.49899855,-2.1224704,-2.4143038,-1.4018524,0.24323846,1.5900149,0.31157333,-0.031914227,-0.17333144
-0.34593436,-1.4637151,-3.8258862,-3.7443895,-0.9602655,1.3155929,2.4949968,1.3868926,-0.24879721,-1.0322754
-0.5395863,-0.6661462,-2.0665865,-2.558047,-0.41999167,1.3283547,1.0861758,0.32957837,0.2455959,-0.24064124
0.07639715,-1.3118868,-2.8688946,-2.5487404,-0.8079398,0.7423162,1.5283531,1.2190886,0.3608652,-0.71448
-0.4742241,-0.3543811,-2.9011636,-3.1100883,-0.60219187,1.1342217,2.0592308,0.875196,0.16531007,-0.63699305
-1.0307735,-1.1603026,-2.807776,-3.0574026,-1.1154147,0.9979115,2.2624989,0.6572495,-0.23579827,-0.7647207
-0.077661715,-1.0115018,-3.2148623,-2.7057154,-0.98452014,1.0615513,1.5549406,0.8236827,-0.15937322,-0.53443414
-0.4362835,-1.5324353,-3.031425,-2.188242,-1.3502207,1.1274025,1.8709173,1.6825712,-0.041241195,-0.42471766
-0.75513875,-0.712376,-2.3810143,-2.5578942,-1.0871954,0.8509606,1.2599266,0.98674214,0.23050722,0.030807894
-0.9431099,-0.44643363,-2.6999917,-2.839445,-0.8402596,1.5440285,1.4101607,0.4965221,-0.02078921,0.098080985
-0.47168803,-0.9495388,-2.5313187,-2.6725876,-1.6784971,1.05286,1.445971,0.3767893,0.14393787,-0.61593944
-0.13481711,-1.3578098,-2.546662,-2.1293514,-0.7456672,0.7262771,1.8101717,1.0816169,0.0547448,-0.8641314
-0.4133175,-1.2442966,-2.9492693,-2.6394858,-0.9502801,0.8608286,1.5806981,1.2505828,-0.38189763,-0.43540594
-1.0892544,-1.4940027,-3.4679768,-3.7053885,-1.5094383,1.6594566,2.3724525,1.5326579,0.25722656,-0.8841675
-0.4316181,-0.945432,-3.1079373,-2.7218478,-1.0641775,0.58380306,1.030075,1.2423185,0.18893774,-0.23279776
-0.8163723,-1.53399,-2.9072714,-2.71623,-0.5640633,1.1447372,1.4010584,1.374268,-0.018116347,-0.25678083
-0.598268,-1.1882081,-3.2189755,-3.0892134,-0.80312043,0.9739946,2.2315376,1.5203718,0.37732145,-0.97918916
-0.43452638,-0.79413784,-2.784809,-2.7191453,-0.9941908,1.3897939,1.369582,0.8610485,-0.045793302,-0.2922414
-0.6074918,-0.9818547,-3.2744153,-2.9012134,-1.207815,1.5044978,2.456769,1.1340802,-0.1507848,-0.89453626
-0.2012658,-0.4990629,-2.3802774,-3.1295161,-1.3313285,1.0496342,1.545312,0.8624385,-0.321559,-0.42602202
-0.41463876,-1.6010369,-3.5700758,-3.3313456,-0.8728668,1.4526106,1.6884736,1.0499688,0.61791253,-0.49089774
-0.97520494,-0.68071413,-2.9081194,-2.5708714,-1.1465908,0.8314851,1.5292917,1.2039618,0.2870552,-0.93986887
-0.2794102,-1.1062303,-3.2920763,-2.7997231,-0.6671156,1.5186766,1.799555,1.597282,-0.021168975,-0.5558918
-0.5749961,-2.6351743,-4.037996,-4.1331263,-1.2313803,1.5141121,2.246204,1.3045733,0.005478025,-0.5992604
-0.10625373,-1.1360024,-3.049464,-2.8446872,-0.50834835,1.0742953,1.9243307,0.6277031,0.10247572,-0.48628595
-0.14285538,-1.7219237,-3.777601,-3.9197679,-0.84956133,2.5620916,2.0042021,1.2133712,2.3027482,-0.6387294
-0.5394549,-1.2723906,-3.0951707,-3.0187123,-1.433909,1.033533,1.9971688,0.80721694,0.4386591,-0.60137624
-0.025681192,-0.93016756,-2.2683454,-2.1848273,-1.2247599,0.8002232,2.0232096,0.8326695,-0.28947324,-0.23206407
-0.45494786,-1.7251191,-3.6415577,-3.1632175,-0.7921452,1.3002269,2.3000357,1.0628276,-0.12179388,-0.5945133
-0.71045727,-1.1845152,-2.236086,-2.2863886,-1.0149163,0.3706192,1.3581975,0.82164276,0.26622117,-0.3787909
-0.66479737,-1.2442467,-3.87394,-3.575538,-0.6866018,1.104064,2.1434498,0.9654763,0.14601418,-0.80537677
-0.34848857,-1.507404,-3.3296587,-2.489962,-0.68692094,1.0984025,1.9577137,1.1168337,0.075740024,-0.7200557
-0.69121623,-1.1400384,-3.7593327,-3.141423,-1.0362651,1.1309294,1.7456893,1.2186799,0.2552728,0.20433515
0.077528484,-1.3274727,-2.5155063,-2.2480226,-0.84274995,1.4155937,1.788304,0.96036905,0.035284545,-0.09510594
-0.7128918,-0.4012797,-2.0911062,-2.1145725,-0.85171986,1.0113202,1.0365613,0.87677133,-0.29795027,-0.5718827
-0.18505739,-1.6549466,-3.2456741,-3.2077146,-1.8407364,0.7523155,1.7626278,1.3977758,0.08719739,-1.0436035
-0.23835224,-1.3893896,-3.030211,-3.398031,-1.026118,1.8237929,2.2399507,1.0649838,0.093201436,-0.64770854
-0.11432502,-1.2317269,-2.7231905,-2.5936184,-0.6311319,0.8061637,1.2737584,1.0772913,-0.8047326,-0.53362316
-0.21358904,-1.6191458,-3.5219378,-2.2642522,-0.90434825,0.9898115,1.8602213,0.7293732,-0.1621412,-0.64002156
-0.51028895,-1.0954132,-2.1461852,-2.3444157,-1.0603378,0.84690017,1.3159208,0.65626204,-0.15196577,-0.47717902
-1.0675515,-1.1007881,-3.501428,-3.35869,-1.1791633,0.8976923,1.8163531,0.9689199,-0.07434611,-0.505288
-0.56070495,-1.2376808,-3.0038624,-3.5916069,-1.4883549,0.7716332,1.7032013,1.1778554,0.19763616,-0.19422716
-0.48348314,-0.62681824,-2.669486,-3.5067391,-1.111754,1.3491256,1.5960729,1.2248907,-0.062137447,-0.7855519
-0.72409695,-1.6580801,-2.449729,-3.1822228,-1.2010069,1.4814488,2.3223462,1.6454715,0.06925477,-0.63792056
-0.8228501,-1.3203793,-3.8525047,-3.5102377,-1.0569175,1.1315075,2.1226647,1.2899944,0.15695107,-0.71066076
-0.7540064,-1.0173843,-2.6977267,-2.342888,-1.0098298,0.4249198,1.6726068,1.0805653,0.032209422,-0.8759409
-1.1488366,-0.77811,-2.6116707,-2.849526,-0.88784945,1.6202531,1.4718301,0.97293025,0.03437954,-0.9539235
-0.43984637,-1.0464058,-2.673294,-3.1344788,-0.7961242,1.5116658,2.3682883,1.1365527,0.06311976,-0.2482715
-0.6937795,-0.17928281,-1.6880159,-1.8240305,-1.0314126,0.64385563,1.1381937,0.3628123,0.08264783,0.43516484
-0.8210791,-1.7297776,-3.6884391,-3.3229141,-0.61643106,1.250936,1.9797331,1.1464473,0.124513276,-0.3010934
-0.2772,-0.9645441,-2.514068,-2.3059402,-1.4321947,1.097383,2.1482575,1.0982255,0.12521699,0.15828
-0.23581374,-0.30742088,-2.0890532,-1.873888,-1.0452536,0.8064744,1.0392776,0.53959507,-0.14168797,-0.50890243
-0.53321344,-1.0483093,-2.9201581,-2.75544,-1.4435648,1.1733946,1.9623221,0.87931824,0.08703557,-0.10367404
-0.59638447,-1.4000013,-3.0664687,-2.7268417,-0.8468196,1.0282544,1.3315306,1.3029364,0.27382642,-0.8673855
-0.5838771,-0.67177224,-0.9225023,-1.5820944,-1.0594054,0.20610642,0.73806375,0.33098072,-0.508359,-0.26664522
-0.298657,-1.6104565,-3.1268528,-2.316452,-1.4113127,0.8489796,1.2172067,0.91495776,-0.12142845,-0.3314751
0.07904999,-0.25715962,-1.9493994,-2.094206,-0.9755011,0.9456191,1.425966,0.36708328,-0.2167156,0.06376413
-0.45184156,-0.9155166,-2.6358743,-2.3175814,-0.8797046,0.47024545,1.2176354,0.6058485,0.22464922,0.0750981
-0.74200916,-1.0368266,-2.775784,-2.3967047,-1.3143532,0.5259736,1.575744,1.4494815,0.39456403,-0.37760633
-0.45866603,-1.7247077,-2.718172,-2.5938184,-1.0081017,0.7794791,1.6591531,1.0316818,-0.5149678,-0.7271136
0.046587158,-1.2018743,-2.9536126,-2.874134,-1.387526,0.8527379,1.790994,0.75702274,-0.036011778,-0.17311695
-0.30542436,-1.1637932,-3.349196,-3.0721362,-0.6497979,1.1877487,1.8476557,1.1307322,-0.014667543,-0.10675516
-0.7586974,0.8712087,-1.4484906,-2.3944805,-0.9905337,0.8812599,1.2933633,1.0098749,0.28595906,-0.10581504
-0.6895921,-0.8425128,-2.3203793,-2.2010655,-0.7030908,1.1248887,0.8022415,0.6855032,-0.112246916,-0.3595603
-0.63401276,-1.6400623,-2.399118,-2.4481857,-1.3017249,1.1142488,1.570331,0.35419506,-0.15269911,-0.40427807
-0.7754534,-1.8958163,-3.5490751,-3.3136234,-0.9794506,1.2561187,1.8938435,1.0575483,-0.2827767,-1.4758686
-0.2592696,-1.5632882,-2.0426989,-2.2905786,-1.2129257,1.0351403,1.5003861,0.7987006,-0.10673193,-0.21933319
-1.4072897,-1.076482,-3.5046873,-3.1994889,-0.50077593,1.0194236,1.7011942,0.9977411,-0.29650986,-0.93055403
-1.1324326,-0.86040133,-3.282138,-2.6851811,-0.28247005,1.5345397,1.7756926,0.8272743,-0.45870364,-0.41721764
-1.0833498,-1.3701177,-3.6366644,-3.1796494,-1.0837988,1.0646805,2.2741528,1.206444,0.11038405,-0.67244416
-0.1822716,-1.0264691,-2.6638937,-3.3675184,-1.198213,0.46253812,1.3012533,0.94665426,0.15508693,-0.4896053
-0.41089466,-1.1179909,-1.8822874,-1.9625143,-0.7193487,0.8799688,0.9520834,0.46937948,-0.28452972,-0.62063324
-0.6143081,-1.1424447,-3.2572467,-2.9530787,-1.6827682,0.61683196,1.5848776,0.908189,0.12043178,0.08540551
-0.074732855,-1.7355824,-3.6044254,-3.0572426,-1.0121707,1.1443514,2.1949327,1.6940088,0.29746744,-0.36566237
-0.24540523,-0.82032955,-2.2789867,-1.9693788,-1.0728604,0.38920927,1.5921205,0.940637,-0.3294928,-0.23620197
-0.9793852,-0.8549102,-3.2101758,-2.776642,-1.3035265,1.4625374,1.5985647,0.84270346,-0.06002628,-0.4652942
-0.2087274,-0.80025905,-2.8262393,-2.8705766,-0.7393417,1.3201011,1.7619579,1.344962,0.1576028,-0.42691404
-0.032276172,-1.232622,-2.4572434,-2.6736698,-1.0947617,0.6705648,1.3836176,1.326803,-0.27902138,-0.54357487
-0.52620757,-0.93176,-2.3771899,-2.10081,-1.1567409,1.1544061,1.8440024,0.91629416,-0.12215502,-0.4396818
-0.5324994,-0.98640764,-3.4514337,-3.3867188,-1.1473671,0.9997791,1.8225043,1.0035168,0.25436965,-0.36336768
-0.57913077,-1.181437,-2.375263,-2.2946658,-0.5972993,0.9550839,1.6348094,1.1074826,-0.3189704,-0.24079338
-0.88547415,-0.77100265,-2.8831844,-2.760472,-1.2257547,0.81125563,1.73887,1.0785756,0.40293384,-0.4215808
-0.71651495,-1.5016383,-2.7793374,-2.6187155,-0.6113834,1.3509066,1.2501949,0.84598464,-0.1358825,-1.0027584
0.1375052,-1.059622,-2.927417,-2.6869266,-1.0987505,0.77906626,1.6617408,0.6321432,0.08200791,-0.060542468
-0.58124244,-1.1239136,-2.645756,-2.9576464,-0.90195626,1.1724854,1.9617336,0.48679644,-0.45740575,-0.6686741
-0.54713875,-1.3775289,-3.0876064,-2.859063,-0.9099792,0.85170203,1.5334156,0.61341107,-0.1349702,-0.12343995
-0.6940837,-1.9337282,-3.8064713,-3.1420941,-0.6980603,0.7432352,2.4840312,1.2564381,-0.30712134,-0.7300464
-0.28835198,-1.3409026,-3.5155494,-2.9941404,-0.6274859,1.0041933,2.193161,0.72299683,-0.28642687,-0.8010719
-0.28941548,-0.35189852,-2.0149882,-2.329624,-1.0206919,0.92565197,1.4023117,0.33774576,0.12241856,0.40031856
-0.6490418,-0.8106847,-3.3436835,-3.9280899,-0.89249545,1.6739866,2.394677,0.7257723,-0.108792394,-1.2676046
-0.5859421,-1.2391438,-2.423317,-2.259531,-1.0375888,0.2632215,1.3252035,1.1575142,0.17448427,-0.50036585
-0.1958732,-1.552837,-2.9948046,-2.3744216,-0.84968126,0.9901478,1.4295204,0.6988789,0.109337166,-0.4057511
-0.40590352,-2.6530542,-3.9940977,-3.972374,-1.3454726,1.4654434,2.4351406,2.1671758,-0.26136857,-1.0021031
-0.9629509,-1.184721,-2.3257403,-2.5181031,-0.6968542,1.3044273,1.3128489,0.97547704,0.10976227,-0.10035456
-0.4654909,-1.5068803,-3.8158336,-4.16193,-1.0540537,1.3395866,2.2575097,1.3219379,-0.18981889,-1.5124964
-0.7701578,-1.3980436,-3.3309574,-2.525506,-0.81408,0.89920604,1.6150595,1.0607009,-0.41365278,-0.86892945
-0.6000353,-1.006231,-1.913893,-2.0567276,-0.50556505,1.0414385,1.4050655,0.64465165,-0.07045873,-0.34717894
-0.5836237,-0.81104493,-2.9831073,-2.4427216,-0.636075,1.8885703,1.8406265,1.2420018,0.023102636,-0.91216105
-0.9941549,-1.1604034,-3.3606672,-2.8572035,-0.73539776,0.8939558,1.4738044,1.0530529,0.27924868,-0.67214245
-0.22276416,-0.9957481,-2.966063,-2.5758052,-0.7305798,0.25345835,1.3152658,1.3093032,-0.16484232,-0.6015868
-0.1580847,-1.3679603,-3.2070045,-3.3530579,-0.9818531,0.9118909,1.771038,1.3106369,0.097478,-0.88126415
-0.9120709,-1.3732047,-3.14346,-3.4623172,-1.5229189,1.1054784,1.6717305,0.67652947,-0.7156854,-0.64053506
-0.17562333,-1.2455238,-3.4205663,-2.9335032,-1.3529549,1.0360422,2.1323373,1.7360528,-0.049116395,-0.18209709
-0.32934725,-1.3365763,-2.7797623,-3.0411694,-1.4221013,0.3850763,1.916592,1.68762,0.096223764,-0.87084305
-0.69991904,-0.7805694,-1.9683144,-1.9355121,-0.64908665,1.1907177,1.7023201,1.1503017,0.06413203,-0.38143948
-0.1247181,-0.6586829,-2.7189689,-3.153167,-0.8687562,0.77003795,1.5066892,1.219777,-0.52391124,-0.08782163
-0.672878,-1.4875822,-3.7818675,-3.80172,-1.4820801,1.1238705,2.0760221,1.2848468,0.17738579,-0.81831133
-0.43160027,-1.0274984,-3.0838594,-2.8300996,-1.1387978,1.5023739,2.1579552,1.3712147,0.018459065,-0.60987294
0.18356848,-1.2120124,-2.477307,-2.309429,-0.9153814,1.1557722,1.5706835,0.43890002,-0.4338185,-0.08560549
0.017556151,-0.6672482,-2.8969822,-2.7755692,-0.91828793,0.74740875,1.7331798,1.1817962,0.2592689,-0.33603013
-0.20939751,-1.03424,-3.5684555,-2.8929682,-0.4780218,1.7943093,2.4089394,1.1982262,-0.0015956679,0.27472743
-1.4643129,-1.1342326,-2.8227315,-2.7283652,-1.524848,0.52031296,1.9450477,1.075981,-0.31615075,-0.20085448
-0.58279324,-2.009131,-3.8817153,-3.817885,-1.261698,1.4314258,2.1725266,1.4986255,0.45589295,-0.7143866
-0.38106772,-0.5931621,-1.8919576,-2.194892,-0.40496656,1.2912065,2.050805,0.7918295,-0.39634266,-0.46590883
-0.7190971,-1.3819085,-3.203805,-3.3535392,-1.1094677,0.4579988,1.3144951,1.1107169,-0.2073425,-0.5886292
0.081311956,-1.4534346,-2.8199012,-2.6746092,-0.5824753,1.5608073,2.2299738,1.4395472,0.20711777,-0.5169656
-0.288602,-1.1415086,-3.4138007,-2.4926815,-1.26951,0.843025,1.4388281,0.977839,0.32298943,-0.29396215
-0.466593,-0.9153939,-2.3425074,-1.9559081,-0.40047365,0.73505324,1.4780762,0.59969366,0.0891765,-0.4695578
0.059558433,-0.8298775,-1.9517078,-1.8895569,-0.6282469,0.48442572,1.7548761,0.5323852,0.17123431,0.08525743
-0.98295605,-1.8562435,-3.775463,-4.0561914,-1.4107784,1.2058467,2.294685,1.2732136,0.1679687,-0.62431586
-0.44508928,-0.53653926,-2.4265275,-2.366205,-1.0623853,1.1476625,1.0454032,0.776804,-0.22728302,-0.9445949
-0.54549915,-1.4443196,-3.359543,-2.7936144,-1.0379313,1.2202288,1.7981241,0.94217783,-0.21647729,-0.3621027
-0.8313569,-0.2132923,-3.0998147,-3.0681107,-0.92488194,1.3201752,1.6743551,0.8642634,-0.097882904,-0.6553393
-0.80336505,-1.4331845,-3.1371453,-3.0827663,-1.3538733,0.96384156,2.2943485,1.6440492,0.25536662,-0.57447916
0.0063213413,-0.80015993,-3.1059875,-2.2961035,-0.7709816,1.0800359,1.5543696,0.79624116,-0.11320274,-0.3600946
-1.4202996,-1.3078136,-2.900939,-2.4872723,-0.8231823,0.43169644,1.0703409,0.48025998,-0.7299671,-0.57714045
-0.6755608,-0.72503173,-2.2187066,-2.4858816,-0.48286673,1.0200946,1.4831278,0.8053704,-0.15620074,-0.33581656
-0.28063652,-1.3485022,-3.5426762,-3.0649981,-0.6059359,1.4186673,2.3453865,0.99220777,-0.009633529,-0.3155898
-0.4776659,-0.4869043,-2.3507662,-2.3897412,-0.6145501,1.2980455,1.6218408,0.401917,-0.3522985,-0.02683761
-0.75762784,-0.86381084,-1.8935484,-1.7161992,-0.4780521,0.833987,0.48534778,0.24512695,-0.43827575,-0.48704678
-0.012057337,-1.2016988,-2.7600553,-3.166973,-1.1298091,0.95926124,1.4159362,0.7542411,0.21496162,0.12887897
-0.60855526,-0.9475627,-2.7266185,-2.638438,-0.79270214,0.60102046,1.1121974,0.6502209,-0.3340168,-0.41768438
-1.0124232,-0.86429864,-3.0014699,-3.2095811,-1.3452746,0.7583532,1.7012603,1.403451,0.049674526,-0.373178
-0.347453,-0.8304936,-1.8716146,-1.7356364,-0.5088829,0.81296885,0.9433279,0.379486,0.016428022,-0.38299072
-0.77769154,-0.8473988,-1.9605466,-2.2160063,-0.5091054,1.0629058,1.6460185,0.9922616,-0.8188817,-0.6704489
-0.090390675,-0.6934011,-2.6176295,-3.197826,-1.2427534,1.4523733,1.7312496,0.8377608,-0.062431533,0.14624164
-0.2184647,-0.97631836,-3.5124006,-2.6850028,-0.96721655,1.6673257,2.2008471,1.0311525,0.18483073,-0.8707568
-0.1678663,-0.86404574,-3.1673696,-2.9272702,-1.5222062,0.7773017,1.9689486,1.0465916,0.4109486,-0.20317234
-0.4173521,-0.60805327,-2.8474324,-3.080745,-1.0192345,0.70999,1.5575569,0.98317885,-0.4070694,-0.5851143
-0.6939802,-1.4506733,-2.7614667,-2.5549705,-1.0503716,0.46138537,1.4403147,1.5577546,0.006230003,-0.63472307
-0.8444214,-1.3703262,-3.2855504,-2.8116853,-0.5781823,0.96561486,1.5665042,0.9488961,0.011998564,-0.8028657
-0.6730577,-1.2266465,-2.8967304,-2.7128987,-1.3110728,0.7457912,1.8442721,0.32316563,0.060539085,-0.23534492
-0.29463673,-1.0206814,-2.137036,-2.7778008,-1.3007191,0.95572066,1.3893598,1.2068849,-0.05710055,-0.552735
-0.60135657,-1.1221607,-3.6323366,-3.0081546,-1.1859528,1.0412999,2.1776617,1.2718937,-0.10480587,-1.1290872
0.2064233,-0.67533237,-2.764704,-3.2845032,-1.0905745,0.98422396,2.1738644,1.1066328,0.17163953,-0.059187375
-1.8543057,-1.2549417,-2.552708,-2.8381176,-1.7678884,-2.0128157,0.3172792,1.0883149,0.71209335,-0.5525773
-0.2609128,-1.6786348,-3.7971344,-3.9462214,-1.4112585,1.1850744,2.2115803,1.636365,-0.4430647,-0.9199205
-0.18748814,-1.8256563,-3.8543525,-3.014212,-0.50878704,0.8849392,1.5682454,1.2914062,0.3407581,-0.35560805
-0.16075167,-0.86732423,-2.759593,-2.4509375,-0.4823952,1.4037665,1.7503774,1.1050061,-0.43500423,-0.847619
-0.54645497,-1.6211157,-3.6352375,-3.71386,-1.4203795,1.0787096,1.6251543,0.78764504,-0.10687218,-0.64159477
-0.46811423,-0.26524308,-2.4297912,-2.6763165,-0.6929796,0.6662911,0.9047379,0.5724596,-0.14578481,-0.41607478
-0.5576041,-1.8705279,-3.4887784,-3.0448685,-1.4731863,1.2372291,2.2780054,1.7656325,0.018212577,-0.47310144
0.0026220446,-0.73025364,-2.3371289,-1.9474758,-0.6825086,1.5599927,1.8575459,1.1362351,0.46791333,-0.25711188
-0.5383377,-0.91832227,-2.2013626,-2.637212,-0.6012103,0.85958606,1.8561461,0.87505937,0.05880209,-0.6572814
-1.1612289,-1.2520314,-2.783733,-3.5959883,-1.7440025,-2.0199,0.620913,0.7356757,0.45968756,0.10841007
-0.7617285,-0.7273985,-2.7014444,-1.9156375,-0.9538639,0.26239085,0.6693406,0.3463173,-0.08837433,0.20435207
-0.21738183,-2.3739426,-3.4719105,-3.2237644,-0.6088611,1.5218028,1.8504661,1.4709275,0.06030783,-0.95347536
-0.4996354,-1.5551401,-3.8298717,-3.4263916,-0.90267116,1.45228,1.943876,1.41261,0.29128724,-0.7246986
-0.23859338,-1.0718482,-2.275875,-2.6017559,-1.4902111,0.6128643,1.8189683,1.3155011,0.37525356,-0.46506202
-0.19953658,-1.5802664,-3.695679,-2.493574,-0.77051383,1.6067604,1.5892377,0.8609419,-0.09272495,-0.8847448
-0.4737732,-0.8602574,-3.16302,-2.4878125,-0.9971549,0.99735886,2.4117165,1.1986606,0.009357468,-0.7645726
-1.1005312,-1.2316732,-3.650695,-4.052928,-1.6235625,0.5726766,1.6757547,1.3912857,0.28017503,-0.13658442
-0.45585346,-1.3448218,-3.461848,-3.102526,-0.881245,0.7855548,1.6683942,1.2250396,0.61225027,-0.7743318
-0.5177908,-0.9070236,-2.8142273,-3.431045,-1.1564915,1.3678988,1.7590584,1.0700817,0.028604655,-0.83938384
-0.7061361,-1.1035237,-2.3565898,-1.9711486,-0.35363644,1.2659656,1.232909,0.50052375,0.11299937,-0.8321866
-0.29997846,-1.0377475,-2.3013034,-2.7788248,-0.69367784,1.0144496,2.1498735,1.2699137,-0.11112115,-0.8185483
-0.8582033,-0.9524449,-2.7064383,-2.7468073,-0.8323744,1.371916,1.7800888,1.191585,-0.102299616,-0.5547193
-0.0018926362,-1.592394,-3.8032167,-2.9582095,-1.2391603,1.2534549,2.3787057,1.1822135,-0.08962496,-1.128396
-0.485578,-1.2506255,-2.5525062,-2.6284842,-1.2381573,0.25429466,1.6809155,1.0079832,-0.27883902,-0.0840761
-0.5267052,-0.7710301,-3.3464556,-3.0963519,-0.73987305,0.89910054,1.8426161,1.1888642,0.7033149,-0.21702932
-0.5713646,-1.5348164,-3.7150166,-3.1329417,-1.1295282,0.49137977,1.5609295,1.3351637,0.17304027,0.10299784
-0.724953,-1.5579869,-3.7894611,-3.2746625,-1.1941633,1.0806432,2.4037814,1.2435555,0.056809023,-0.6416021
-0.48325756,-0.54445213,-3.314662,-3.4439151,-1.0493983,0.8648709,2.1065366,1.9139187,0.1714348,-0.02437573
-0.4804415,-1.4295102,-3.6271505,-2.7614534,-0.817162,1.3079923,2.1689475,1.2211645,0.10737452,-1.0097435
-0.3773191,-1.6238452,-3.327238,-3.1666873,-0.6223676,1.3762581,2.4924645,1.5654536,0.0859758,-0.6354842
-0.14323533,-1.1925012,-3.2163393,-2.6729894,-1.0319399,0.7743917,1.3998652,1.0770462,0.35564917,-0.17651327
-0.0852993,-1.0374658,-2.8670952,-2.8199854,-1.0851557,1.479883,1.8109967,1.4218582,0.23883685,-0.58788836
-0.6072615,-0.7971675,-2.8856792,-2.372003,-1.0504303,1.0513961,1.1166713,1.1343135,0.03425447,-0.1064193
-0.95893294,-1.5507375,-3.7399383,-3.24154,-0.99091417,0.9046169,1.4610883,0.80791706,-0.3536578,-0.8560249
-0.420433,-0.90118384,-2.6749504,-2.9117775,-1.015626,0.3623643,1.6109605,1.3166698,-0.16687742,-0.6779399
-0.81334525,-1.067563,-2.4471226,-2.8370225,-1.1588064,0.7552058,1.0279996,0.68341154,0.041368555,-0.13097945
-0.12377615,-1.1751591,-3.136208,-2.3392491,-0.6551199,1.4350278,2.002129,1.5687311,0.25491077,-0.2709175
-1.5381397,-0.9885081,-2.6041498,-2.7596319,-0.48459262,1.1520869,1.8649689,0.63339674,-0.12876582,-0.5921713
0.11040204,-1.7642825,-3.8363962,-3.1740704,-1.220563,1.1465356,2.2013748,1.6090275,-0.30455467,-0.7713489
-0.22525068,-0.82307166,-2.6947193,-2.4071033,-1.0699884,0.82640946,1.4920703,0.4890875,0.3739949,-0.111507885
-0.36159405,-0.97786415,-2.5879693,-2.536404,-0.9328202,0.92670256,1.8554819,1.1962181,0.004777789,-0.17711586
-0.3579005,-0.6122389,-2.5960393,-2.7011487,-1.0978075,1.0428069,1.366323,0.37122783,0.06695148,-0.07098807
-1.0106621,-1.8016716,-3.9187171,-3.4417567,-1.188478,1.343688,2.442857,1.4876269,0.17035335,-1.0545771
-0.24493136,-1.7479876,-3.703545,-3.6352808,-0.8754574,1.0027723,1.9355179,1.1547503,0.07948521,-0.330173
-0.21491322,-0.798248,-1.9484712,-2.2984054,-0.8789004,1.1950533,1.1760554,0.5094846,-0.2569978,-0.45862192
-0.32064468,-1.1710341,-3.5692866,-3.3062012,-0.7269016,1.0649793,1.8129781,1.478523,-0.3072187,-0.5457971
-0.391988,-1.1257344,-3.3025239,-2.995521,-0.4382337,1.6178623,1.5293828,0.8636517,-0.26451954,-0.20595229
-0.56064403,-1.3676391,-3.3840573,-3.2716653,-0.8940364,1.3974384,2.0691047,0.74435616,-0.091344625,-0.22382168
-0.49712083,-1.4055558,-3.0241172,-2.6962035,-1.4458765,0.9397601,1.9699563,1.0887517,-0.20594895,0.02334912
-0.74410003,-1.2874637,-3.252961,-2.6069965,-0.80793464,1.5033314,1.4298754,1.1048616,-0.2285131,-0.42204532
-0.68281466,-0.7311009,-2.8735118,-2.948934,-0.87086636,1.3724468,1.497866,1.1315209,0.12096054,-0.95234907
-0.27185223,-1.3112944,-3.4258924,-2.8095055,-0.68865436,1.381826,1.6115762,0.72211814,0.20835826,-0.5042826
-0.72049373,-1.3729744,-2.939332,-2.6283836,-1.0208896,0.66855145,1.7837855,1.147262,-0.04601371,-1.0940856
-0.64872605,-0.9766315,-2.4190073,-2.6184454,-0.4744098,0.82284653,0.93509465,0.6808657,-0.63189673,-0.977539
-0.12725218,-0.99836487,-2.9053438,-3.0883164,-0.94725895,1.4776748,2.298388,0.7307582,-0.08795044,-0.71689516
-0.8254721,-1.007922,-2.6682467,-2.7881973,-1.2326202,0.5427174,0.98392135,0.76367116,0.097332165,-0.84383595
-1.3624704,-0.8060423,-3.1447914,-3.0217957,-1.0440848,0.67301714,0.7879415,0.6546516,0.34482065,0.08012056
-0.7032404,-1.1943545,-2.9531004,-3.011607,-1.091145,0.872743,2.1835337,1.0736574,-0.21854864,-0.7562205
-0.7497884,-1.1770264,-3.6553125,-3.243309,-0.8387653,1.1767626,2.0539315,0.96825725,0.2848944,-0.54624355
-0.1923354,-1.7657177,-3.8065646,-2.8875318,-1.130872,1.3213308,1.966232,0.96133125,0.010109263,0.06547836
-0.7460489,-0.96632427,-3.357249,-3.10646,-1.0891521,0.75406915,1.6489486,1.0327295,-0.18623467,-0.5901361
-0.9847993,-1.5876049,-3.430308,-3.267258,-1.4163209,0.9926168,1.8742929,0.8181452,0.10499233,-0.6318606
-0.13895015,-0.8023967,-2.637295,-2.7772028,-1.077396,0.91506183,1.7759702,0.9776124,-0.09668235,-0.6428813
-1.5213972,-1.2879403,-3.7109058,-3.7442956,-1.0329883,0.63687974,1.9772775,0.7601646,0.16831598,-0.38861197
-0.8301074,0.90980256,-1.4983951,-2.9854069,-1.6845541,0.86915535,0.41398,0.34153828,0.08348662,-0.9460143
0.1867417,-1.2213845,-3.5390656,-3.1582067,-1.23246,1.3946505,2.6221726,2.0220294,0.31826732,-0.83744997
-0.80685896,-1.3297664,-3.8566031,-3.000036,-1.0651909,0.5452902,2.030061,1.2574198,0.33347836,-0.69592226
-0.26701242,-0.9121231,-1.9293529,-2.1015096,-0.46082437,1.0168955,1.3958341,0.92313796,0.09515054,-0.83350927
-0.55471724,-0.64123976,-2.981876,-3.1487944,-0.7587893,1.1370344,1.3417494,0.877171,-0.025830245,-0.71161336
-0.27870852,-0.9824124,-2.7924964,-2.1211667,-0.6313733,1.0344138,2.1247563,1.0996333,-0.27301717,-0.44883028
0.16207294,-1.6224343,-1.9200352,-1.5873224,-0.8728436,1.5714955,-2.105361,0.7080774,-0.39631993,-0.8281798
-0.82388616,-0.8100766,-3.0226572,-2.3335187,-0.68417245,0.8667311,1.2618722,0.59848946,-0.1096532,0.13924624
-0.24239486,-0.93415517,-2.7860196,-3.4842293,-1.2722882,1.0694766,1.4359775,1.0842001,0.12538531,-0.6653916
-0.96111447,-1.0126575,-2.2604113,-2.3730361,-0.8076143,0.966161,1.4706668,0.4459576,-0.30785942,-0.46456146
-1.0051624,-1.5565732,-3.3096004,-2.429527,-0.9009537,0.536921,1.4530221,0.96272975,0.30602646,-0.5969029
-0.7112097,-1.036493,-2.5503306,-2.7652588,-1.0380273,0.6241651,0.937208,0.62195677,-0.3806895,-0.3259789
0.0039660768,-0.05264597,-2.1032822,-2.0648508,-0.28663284,0.869888,1.6090908,0.96483594,-0.28402078,-0.64028865
-1.303427,-1.2098744,-2.7929842,-2.6554482,-0.8047434,0.9109099,1.8171213,1.0395672,-0.1298115,-0.737939
-0.31506845,-0.97686857,-2.657529,-2.2267215,-1.1095105,0.57879573,1.4836814,0.516729,-0.31437385,-0.21164896
-1.1195711,-1.4133239,-2.8872075,-2.4585617,-0.76776445,0.43398246,0.708352,0.50502205,-0.06346399,-0.76227176
-0.3513317,-0.88800013,-3.226555,-2.621473,-1.1026406,0.95382446,1.1737976,0.9367173,-0.053291876,-0.50316334
-1.179948,-0.6130913,-2.8661022,-3.5118358,-1.3762846,1.027287,1.089526,0.7806488,0.5044283,-0.19832289
-0.28015423,-0.76622087,-2.2975068,-3.141231,-1.1619129,0.79981637,1.5379157,1.0233046,0.05915229,-0.3446856
-0.7393768,-1.4729134,-3.4862015,-2.6640797,-1.2943833,0.83674467,1.7625693,1.2273066,-0.12560652,-0.84708625
-0.15402271,-1.3505416,-3.7681253,-3.0276964,-0.95574534,1.2640758,2.1408224,1.3336699,-0.036852434,-0.30337882
-1.2245734,-1.0633881,-3.4171653,-2.85751,-0.689983,0.9756018,1.4199241,1.0426532,-0.40337875,-0.4649363
-0.34607932,-1.343542,-3.6858478,-3.5362475,-1.5048171,1.3369116,2.2132232,1.2534407,0.2513694,-0.1747618
-0.76266366,-1.0490364,-3.2763958,-2.6702156,-0.6043765,0.92345613,0.85702884,0.6276907,-0.37869206,-0.8578176
-0.7790605,-1.3561102,-3.164051,-2.8447943,-0.6992958,0.89178294,1.8722048,1.4189379,-0.10324499,-0.8974846
-0.4372785,-0.79171216,-2.5618591,-2.0676997,-0.7805521,0.9188631,1.4929727,0.77224845,-0.19565639,-0.59055305
-0.70471257,-1.0275303,-2.623994,-2.3222764,-1.0160627,0.9567888,1.9015431,0.7146348,-0.008261132,-0.5777259
-0.22065201,-1.9293618,-3.9144993,-3.085613,-0.42014846,1.5080234,1.7315588,1.0330383,-0.116334885,-0.6068667
-0.30786467,-0.48982888,-2.1090286,-2.5356262,-0.9963435,0.6763541,0.9217668,0.7575416,0.4597409,0.19889733
-1.0134656,-2.083346,-3.8978248,-3.0390935,-0.9378516,1.0458682,1.6896949,1.2287726,0.26380613,-0.8169954
-0.35861996,-0.8114683,-2.8217485,-2.4190507,-0.6680991,0.48396325,2.064111,1.4155498,-0.29483938,-1.4373202
-0.22130013,-1.6513824,-3.5185938,-3.3658724,-1.2259425,1.3951246,1.9894352,1.6535084,0.25946403,-0.17367
-0.4615892,-0.72310054,-3.1308289,-3.0890815,-1.1656002,1.405262,1.3756248,0.79969776,-0.03335402,0.08136247
-0.86889905,-0.95925,-2.788883,-2.91234,-0.66974425,1.0522608,1.036346,0.9184361,-0.17090115,-0.69224125
-0.6580752,-1.319098,-3.3035407,-2.4050355,-0.78631353,0.11468284,1.2039918,1.0170252,-0.27765855,-0.09517973
-0.45304036,-0.7202879,-2.8347116,-3.0682425,-0.77044433,1.4554198,2.0231836,0.7572617,-0.2874699,-0.47386226
-0.1765131,-0.8669991,-2.691161,-2.4806077,-0.8463872,0.9778391,1.6885059,1.5265367,0.33280352,-0.18658747
-0.67011344,-1.0807903,-1.3670318,-1.6700013,-0.8662198,0.3902425,1.8437034,0.8185794,-0.39969543,-0.36121508
-0.6036657,-0.5196712,-2.45143,-2.4131937,-0.9010429,1.3411323,1.3512577,0.36919367,-0.29715967,-0.9391198
-0.5001912,-1.1519789,-2.4190032,-3.0205157,-0.5091637,0.9180519,2.045574,0.93672144,-0.11705154,-0.84081304
-1.2430513,-2.7632854,-3.8977735,-3.638199,-1.1549639,0.89667726,2.388093,1.4169426,0.17044011,-0.49626186
-0.24007349,-1.4181491,-3.7360344,-3.1775837,-0.9821689,0.93639797,1.9244211,1.0776683,-0.09279484,-0.4826874
-0.15454927,-1.2193148,-2.7763197,-3.2655363,-1.0015925,1.4496619,2.2848763,1.2144897,0.51020294,-0.7953195
-0.30346367,-1.2236286,-2.716271,-2.6302216,-0.908474,1.0838319,1.1572841,0.71172744,0.24424008,-0.52596974
-0.5795885,-0.7742166,-2.92242,-3.651103,-0.7724257,1.3379866,2.1892984,1.1525383,-0.18727198,-0.39084306
-0.4524377,-1.1484294,-2.998102,-2.8470762,-0.5659788,0.83370596,1.5716792,0.8967516,-0.0018223263,-0.5163
-0.38898563,-1.4012235,-2.952257,-3.6655838,-1.2558379,0.022776393,2.3200161,1.262675,0.3736337,-0.5835453
-0.36548123,-3.2422378,-4.2192955,-4.1455083,-1.2417823,1.8733484,2.5003443,2.0866287,0.58298767,-0.99253464
-0.036317308,-1.4630874,-3.6431284,-3.3528697,-0.65614814,1.516763,1.9973533,1.3793241,0.9154267,0.27410495
-0.35432145,-1.218715,-3.4472344,-2.7137172,-0.91134346,1.2366838,1.7375318,0.9489322,0.13342713,-0.7979501
-0.06400231,-0.9987249,-2.9404309,-3.181059,-1.0639131,0.83859915,1.5696646,1.1758217,-0.114212215,-0.354076
-0.34572998,-1.1553594,-3.3326752,-3.1830657,-1.0745811,0.98805827,1.6248295,0.8443297,0.07154101,-0.82130504
-0.49835846,-1.5268127,-2.6548142,-3.1260512,-1.305664,0.8547485,1.3408448,0.55298495,-0.0016111264,-0.5062528
-0.6333229,-1.6899631,-3.4210992,-3.770902,-0.95030653,0.8911573,1.8924997,1.4997532,0.010525015,-1.0225458
0.053470477,-0.30971932,-1.7072384,-1.554041,-0.626723,0.7183267,1.4529622,0.75398093,-0.86911285,-1.0063035
-0.8690922,-0.43544722,-2.6942928,-1.9725695,-0.8480175,0.7952611,1.4319031,0.7202514,-0.464771,-0.26386303
-0.9580166,-0.73680407,-3.0616567,-2.7610712,-1.4180542,0.6667031,1.6627845,1.088999,-0.10510889,-0.46882978
-0.28461716,-0.6042616,-1.8887595,-2.442398,-0.7911403,0.61128694,1.1991465,0.5748974,-0.068101,-0.260502
-0.7922886,-0.7424681,-3.3624337,-3.378677,-1.3071362,0.7716379,1.5049609,1.1792607,0.2967214,-0.09347086
0.020465694,-0.99837655,-3.3779542,-2.709153,-0.6994493,1.3397982,2.1017268,1.4896171,-0.027678765,-0.18907706
-0.7634269,-1.0956177,-3.4642563,-3.921558,-1.1913917,0.94336474,2.1649356,1.5329099,-0.52305573,-0.015511087
-0.8923979,-0.84499025,-2.4462416,-2.6646051,-1.2612273,0.47079876,1.3680947,0.49448666,-0.017273882,0.40312222
-0.9318065,-1.583343,-3.4195616,-3.593762,-1.3390263,0.9626244,2.1504803,1.2565868,-0.3040114,-0.21892838
-0.4785859,-1.5078673,-2.2949939,-2.2095077,-0.74049705,1.0442898,1.4172944,1.0165498,-0.064482786,-1.1107748
-0.58337146,-0.9259371,-2.7858355,-2.479602,-0.71116483,1.0426444,2.0444179,1.3601992,0.18071623,-0.68578935
-0.32600597,-1.5295228,-3.3639317,-2.635233,-1.1973042,1.5585024,2.2297802,1.0424793,-0.32029292,-0.7755765
-0.5795211,-1.4242786,-3.6018364,-3.4861703,-1.4064399,1.2822998,2.26515,1.1243838,0.383272,-0.2944225
-0.5610512,-1.2601635,-2.5302904,-3.134366,-0.7796093,1.5051193,2.1079757,1.4019581,0.14150347,-0.8604082
-0.29300854,-1.289007,-3.373671,-2.8964384,-0.36276442,0.9556959,1.2012719,1.1847653,0.030907614,-0.4905321
-0.6776102,-1.0961293,-3.3934016,-2.8985374,-0.8366157,0.6518379,1.7004942,1.1908591,-0.6443109,-0.5432275
0.07729302,-1.2421569,-2.6956592,-2.7648246,-0.98479587,0.8485854,1.7464632,1.2646381,-0.44813383,-0.20445709
-0.31100917,-1.2751687,-2.9223566,-2.8230615,-1.117121,0.39708748,1.8721725,0.9350204,0.14938453,-0.3276403
-0.33915138,-0.46920836,-2.026925,-2.3780258,-0.77959526,0.6687799,1.9022139,0.908982,-0.4815677,-0.35820973
-0.2930108,-1.1173654,-3.0425217,-2.7912006,-0.61514795,1.3493592,1.6150897,0.53742284,-0.07859764,-0.90873563
-0.7594233,-1.0005089,-3.0082762,-3.449067,-1.0253627,1.0377781,1.6675851,1.1510968,0.0073778625,-0.64411366
-0.4252208,-1.6165166,-3.3023393,-2.8262331,-0.8869427,1.760607,2.079722,0.98947865,0.20684163,-0.9218508
-1.2133679,-1.7661765,-2.8066392,-2.3874075,-0.88295573,0.9967805,1.9314606,0.78452927,-0.19624074,-0.9889982
-0.025701689,-0.9904456,-1.9662005,-1.8229225,-0.70181954,1.0592963,1.5575414,0.46211785,-0.10638211,-0.14155059
-0.26802364,-0.86579937,-2.2197857,-2.2514095,-0.91081244,1.1736355,1.237518,0.906369,0.08172355,-0.4708987
-0.7764017,-1.1835849,-3.4312136,-2.6968343,-0.80177444,0.22021931,1.3995409,1.0803777,-0.30964053,-0.43332154
-0.2447494,-0.8478058,-2.5903785,-2.0583265,-0.54341424,1.0442579,1.4745272,0.97845596,-0.51952034,-0.13888206
-0.521079,-0.82950634,-2.8049943,-3.0136397,-1.4606948,0.50154895,1.6597703,0.9860889,-0.0013231997,-0.1639242
-1.000095,-0.9262879,-2.8287075,-3.1280465,-1.1121097,0.6909385,1.6143911,1.0559701,-0.022697356,-0.09946408
-0.8649884,-1.0733185,-2.5802124,-2.2781549,-0.46516848,1.1779715,1.4046285,0.77546155,-0.07509874,-0.2349987
-1.0643836,-1.1479683,-2.206492,-2.22472,-1.1531775,0.561596,1.0567352,0.57919925,-0.076843016,-0.3072158
-0.78762215,-1.6134164,-2.8585975,-2.8200681,-0.948364,0.4624193,1.5646914,0.74839866,-0.102006584,-0.55221766
-0.6239841,-1.2760768,-3.436745,-2.4562323,-1.4640794,0.6618834,1.5129242,0.9297652,0.063084826,-0.49697012
-0.0066279913,-0.26658046,-2.0391617,-2.116089,-0.9033609,0.76509243,1.2640432,0.41484493,-0.23001109,-0.11670912
-0.06561004,-0.841804,-1.9452995,-1.7132851,-0.30340114,0.8204951,1.6347858,0.86844295,-0.5499973,-0.11873736
-0.09702915,-1.4430586,-3.5767117,-2.6201143,-0.9913858,0.8606684,1.7590057,1.155711,-0.20125613,-0.57491136
-0.69008505,-2.2352748,-3.5840864,-4.858913,-4.722298,0.8617607,2.436645,1.4441967,0.52875894,-0.4552485
-0.14869991,-1.4884487,-2.4385705,-2.375674,-0.59563935,1.1692499,1.5960072,0.66183096,0.21829526,-0.37399897
-0.5269028,-1.538061,-3.659781,-2.703965,-0.55805135,2.250093,1.9342322,1.2316878,0.19782358,-1.2101202
-0.06430207,-1.0351931,-3.478851,-3.5798604,-1.2103919,0.90384334,1.9776525,1.8103002,0.1179778,-0.707898
-0.66548336,-1.5806813,-2.7149632,-3.2253783,-1.4194914,0.82951456,2.1099267,3.3957648,0.48996168,-0.8342908
-0.9557682,-1.6047927,-3.4134398,-3.3395445,-1.397643,1.1437099,2.0377717,0.82346416,0.39682168,-0.47632185
-0.72905344,-1.5133651,-3.7908072,-2.3729641,-0.84536386,0.72907555,1.7727213,1.1862398,0.08974513,-0.20809297
-0.33558705,-0.3981586,-1.8444749,-1.3952727,-0.34899107,1.0711265,1.1221267,0.71016556,-0.25000244,-0.28602064
-0.4719578,-1.904719,-3.7213235,-2.9642165,-1.2540667,0.8956667,2.0691392,1.9100196,0.34643972,-1.2197443
-1.0127397,-0.3986328,-2.0784516,-2.2037563,-0.43313113,1.1374923,1.5107431,0.6758617,-0.4348213,-0.121684104
-0.6579006,-1.5253346,-3.5489597,-3.2838745,-1.1219729,1.3884368,2.2183874,1.1769357,0.05285049,-0.0404379
-0.59340674,-0.5999106,-3.0344696,-3.3449605,-1.18874,0.505329,1.8511752,1.4941957,0.107648164,-0.91107935
-0.6978547,-1.197687,-2.9107542,-2.226256,-1.15567,1.9653496,3.6884508,0.851668,-0.12304711,0.06288994
-0.42840314,-0.98797077,-3.3056855,-2.6029356,-1.424787,0.5577273,1.559315,0.61549145,0.0027114933,-0.24592337
-1.1703343,-1.4332151,-3.5658538,-3.3674717,-1.1572613,1.1521927,1.443361,1.1193216,-0.21005884,-0.49882653
-0.33563086,-1.2649881,-2.9826958,-2.453633,-1.0679814,0.6842195,1.9645536,0.86485034,-0.026726406,-0.5588393
-0.59982747,-0.93357223,-3.4245465,-2.7146218,-0.95010006,1.3112959,1.6946045,0.77278394,0.0460697,-0.4700976
-0.0030429368,-0.61009246,-2.8954074,-2.665491,-1.1062524,1.0928909,1.6033263,1.1873537,0.030516217,-0.73687035
-0.6728135,-1.2378784,-3.6665626,-3.4688323,-1.5714818,0.69843763,1.356018,0.94889414,-0.15966775,-0.65846354
-0.20030227,-0.42032617,-2.4743915,-2.7195132,-1.1003462,1.301807,2.4469092,0.7375834,-0.019540438,-0.12943627
-1.0767181,-0.74501455,-2.8285923,-2.7442799,-0.71583384,1.6882347,1.325311,0.6643466,0.11027131,-0.38172767
-0.3351555,-0.7391607,-2.401629,-2.3042345,-1.0843307,1.0242903,1.6236558,0.5265392,-0.49587092,-0.9843373
-0.76270837,-0.88206095,-2.9672263,-2.989239,-1.4883027,0.25845057,1.3952122,1.1134509,0.12855563,-0.65496486
-0.43324643,-0.89424396,-2.7124305,-1.9121916,-0.7046275,1.2617254,1.832329,0.6509027,-0.15105303,-0.18295117
-0.46387434,-2.984201,-3.9017167,-3.3782763,-0.7833068,1.2302406,2.3707125,1.607231,0.31147206,-0.8614721
-0.5979513,-1.2186359,-2.2885435,-1.9687526,-0.7518533,1.212476,1.518048,0.58538353,-0.4031187,-0.4873613
-0.31715238,-1.5325395,-2.9011667,-2.608974,-0.73096776,0.9755249,2.0516257,0.7829431,-0.13772845,-0.8432749
0.15074149,-0.702999,-2.9155333,-2.641535,-1.2207996,0.7634978,1.5253621,1.1232086,0.22503425,0.22525473
-0.1471672,-0.9656647,-2.8416739,-2.3043034,-1.0894879,1.2665055,2.3584492,1.3379349,0.112495676,-0.34649128
-0.18711844,-1.067336,-2.1315084,-2.94425,-0.84851086,0.9919903,1.680865,1.0923847,-0.118130915,-0.6962293
-0.19159399,-0.91297317,-3.0120287,-2.9188702,-1.4125756,0.97105366,1.8962032,1.5057741,0.4082717,0.05508087
-1.2640117,-1.3599504,-3.5574048,-2.9293401,-1.0456868,0.95750505,1.3514267,0.9625515,0.43940318,-0.5294248
-0.24553017,-1.3675345,-3.1360493,-2.8750427,-1.4239651,0.78078794,1.654486,1.1979727,0.26189265,-0.04264604
0.021789521,-1.0419708,-2.2232907,-1.8482472,-0.84947664,0.6095067,1.8755575,1.2305405,-0.34129032,-0.8860858
-0.86770546,-1.6165662,-2.8827946,-2.7608533,-0.694943,1.1023177,1.462334,1.031724,-0.029064287,-0.29309997
-1.2931439,-1.700393,-3.760463,-3.8282545,-1.027968,1.291143,1.7402726,1.2529035,-0.00567767,-0.9206382
-0.5245553,-1.1411737,-2.3382509,-2.0375133,-0.91121614,1.2422202,1.7401404,0.98473436,-0.026361173,-0.35333446
-0.85704106,-0.27501908,-2.073771,-2.389667,-0.863451,0.87039995,0.88084704,0.67451596,0.04578616,-0.33191648
-0.91187996,-1.1012875,-3.323623,-3.2337148,-1.3344934,1.071477,1.3919609,0.8502978,0.05469289,-0.58875424
-0.46486145,-1.1931444,-3.754949,-3.5724561,-0.7047961,1.4297919,1.7962383,1.0324662,-0.3096104,-0.9326222
-0.3045636,-1.421854,-3.29874,-2.4748366,-1.20007,0.922421,1.231907,1.1710299,0.32631946,-0.8158596
-0.10005701,-0.81997573,-2.5981317,-2.0028477,-0.7354781,0.5366661,1.0476053,1.036676,-0.28422856,-0.4663066
-0.57586575,-1.0330304,-2.847987,-2.7987916,-1.1547095,0.86150014,1.6505637,0.6437135,-0.30883023,-0.25302902
-0.33549327,-1.06137,-2.8439147,-3.008397,-1.1809378,0.8787102,1.6746978,0.9110227,0.22677901,-0.597329
-1.1402202,-1.1997029,-3.6030343,-3.2202175,-0.7886355,1.1627553,1.3303598,0.46025723,-0.25844494,-1.0518903
-0.111652404,-0.66530395,-3.1027777,-2.737788,-0.6155794,0.99569947,1.548616,1.200044,0.28172076,-0.65196687
0.21648493,-0.37088534,-2.4384089,-2.6813898,-0.8238771,1.0591843,1.4876009,0.22755973,-0.06793929,-0.05825855
-0.38453847,-1.0668733,-2.8154466,-1.6958908,-0.39216518,0.9581826,1.7617244,1.1415621,-0.8960074,-0.5446519
-0.39164287,-1.4427811,-2.2946782,-2.5254912,-1.3131953,1.1236496,1.5681967,0.85469466,-0.005901563,-0.2091634
-0.04835873,-1.2953768,-3.3153265,-2.883175,-1.4900247,1.0694325,1.907139,1.3137143,0.3494645,-0.7056669
-0.32706094,-0.63192976,-2.095509,-1.8833433,-0.5851331,0.72765523,1.0215316,0.41634685,0.08309565,-0.5658817
0.028474592,-0.34927663,-2.5220997,-2.8008213,-1.0989423,0.8310265,1.0466758,0.9476654,-0.23618229,-0.550888
-0.79919064,-0.5965994,-2.41919,-2.3759332,-0.64411396,1.7787739,1.7323494,0.7255404,0.08671081,-0.92373234
-0.90329665,-0.23977472,-2.824242,-2.5255103,-0.9066329,1.2015918,1.3826113,0.51646006,-0.13845564,-0.9103634
0.05194634,-0.36908698,-1.9704726,-2.2223568,-0.97119963,0.84953517,1.1722112,0.5183581,-0.33104396,-0.31228805
-0.21007772,-1.2024802,-3.499121,-3.0295022,-0.9289324,1.6510476,1.7154925,0.90974534,0.35936755,0.044774238
-0.44574738,-1.0590862,-2.0523865,-1.6663382,-0.9170205,0.68764466,1.2212371,0.5974666,-0.26705897,-0.45477715
-0.4570867,-0.36936146,-1.0063758,-1.2427146,-0.74528396,0.8937199,0.7456298,-0.05998752,-0.28659233,-0.19006805
-0.76293653,-0.44485462,-2.8602304,-2.8931155,-1.1685731,0.5083766,1.0230879,0.6796581,0.21761273,-0.35379645
-0.49759075,-1.6364535,-3.595091,-3.0065558,-0.7795132,1.4627136,1.7894287,1.6715991,0.015325052,-0.9144409
-0.53601426,-1.2727675,-3.2187846,-3.0984094,-1.0157402,1.3316799,1.9086883,1.2835288,0.16503122,-1.0106436
-0.031881414,-0.90051204,-2.2131631,-2.5526094,-0.9317179,0.6245978,1.1278267,1.049756,0.3788152,0.25971636
-0.5230525,-0.69162834,-3.2641716,-2.9045386,-1.4258274,1.0460961,1.7126286,1.3469424,0.23207907,-0.19887003
-0.039159648,-0.5472106,-2.7100809,-3.5889301,-1.1744132,1.2661803,2.2438881,1.0981249,0.07029035,-0.6429746
-0.8202633,-1.4240891,-3.6461437,-2.860528,-0.79645264,1.1087663,2.16486,1.5311286,-0.010698834,-1.3615537
-0.84290385,-1.0922978,-2.9721754,-2.3682446,-0.6729436,0.29027486,1.1631113,1.1305362,-0.033962846,-0.50093746
-1.4177022,-1.3936968,-3.3913627,-3.498529,-1.4105903,0.8135768,1.4057018,0.745174,-0.04534263,-0.80372614
-0.76299983,-1.6706883,-3.2658799,-3.4105916,-1.0082544,1.3675358,1.727015,1.1504084,0.10134749,-0.95759666
0.20880994,-0.99292576,-2.2861195,-2.3632054,-0.87980825,1.0899651,1.0973092,0.7730136,0.3759845,-0.33940098
-0.112550765,-0.45407426,-2.913726,-2.4410229,-0.47166604,1.398042,1.5860176,1.0591127,-0.034433126,-0.702072
-0.70986295,-0.06086348,-2.0205133,-2.3152838,-1.0560012,0.53434813,1.139315,0.17579454,0.09073517,0.4155554
-0.87771934,-0.73704696,-2.2802923,-1.678357,-1.1638758,0.32095006,1.3386259,0.5626133,-1.5187348,-0.37167332
-0.7656758,-1.2365441,-2.535224,-2.294547,-1.1254431,0.37385482,1.0621196,0.96777326,0.09257519,-0.25037494
-0.52670634,-0.29452738,-2.4617457,-2.0842776,-0.6324813,1.1413956,2.198055,0.39674744,-0.62890035,-0.14930762
-0.056148373,-0.56637245,-2.552168,-3.2665205,-1.3631989,0.62962836,1.5280316,0.7678684,0.26586774,-0.36206266
-0.64242065,-1.7091413,-3.720647,-2.696372,-0.753839,1.3180419,2.2455845,1.0782565,-0.26511574,-1.340481
-0.31678507,-1.0010784,-2.052804,-2.6540494,-0.9626446,0.6513203,0.96275723,0.654499,0.25205168,-0.06861801
-0.18940905,-0.8962133,-3.215172,-2.3625178,-0.7649114,0.39759508,1.8326899,1.1873575,-0.09742723,-0.5275149
-0.6692215,-1.1784693,-3.779906,-3.8854613,-0.9835715,0.83022684,2.255642,2.0643833,0.2139458,-1.3544441
-1.1935815,-1.4260391,-3.2192926,-2.857899,-1.0882058,0.3032464,1.1314379,1.1395931,0.35402852,-0.12832886
-0.33211952,-1.5115868,-3.7625785,-3.0706885,-1.4273465,1.162522,1.8480959,1.1157343,0.22629619,-0.44188622
0.14524524,-1.1563298,-3.0079324,-2.4113255,-0.95895714,1.6939591,1.8147271,1.3548124,0.0084606,-0.29205117
-0.6770173,-0.31897646,-2.2115042,-2.4328022,-1.0840805,1.0601593,1.3841215,1.3775157,-0.02103388,0.05025392
-0.95486444,-0.26707396,-2.5882614,-2.8798392,-1.1629616,0.921021,1.710973,1.791843,0.38711888,-0.31255427
-1.2254338,-0.97069097,-2.7581043,-2.4173927,-0.74167526,1.0572912,1.5940698,1.1747159,-0.17122577,-0.5757926
-0.3798119,-0.9244773,-2.795042,-3.2963738,-0.9293922,1.2141187,1.481485,0.41881138,0.017277036,-0.5171321
-0.56113374,-0.4364508,-2.4124467,-2.517058,-1.2366053,0.88404053,1.7326621,0.43917775,-0.4586359,-0.130878
-0.36660585,-1.135935,-3.0348985,-3.6856875,-1.1523037,1.056535,2.303235,1.2941481,-0.33666173,-0.41323158
-0.16119958,-1.2537323,-3.3693566,-3.8370833,-1.3291377,1.1569802,2.2872899,1.3811669,0.08863998,0.046178248
-0.040169187,-1.160677,-2.4632895,-2.5037277,-1.1442875,0.97238153,2.14728,1.0875934,0.26106086,-0.16846803
-0.59538746,-0.61196864,-2.6044567,-2.4353695,-0.57540447,1.2501043,1.4557998,0.79504496,0.061181623,-0.9703032
-0.96858543,-1.4447552,-3.343427,-3.784474,-1.0122701,1.3731313,1.6598223,0.7238411,0.0072986893,-0.69591075
-0.55810803,-1.0262985,-2.5416296,-2.99275,-0.80295753,1.2190753,1.3136673,0.74049944,-0.062137898,-0.53106517
-0.29845768,-1.1071329,-3.444672,-2.1198633,-0.9177469,1.0584608,1.5701193,1.1637813,-0.17214818,-0.6155999
-1.4773031,-1.8541335,-3.6431696,-2.5865932,-0.95220417,1.3040049,1.6021159,0.72808135,-0.21364889,-1.0000937
-0.78395313,-0.83321136,-3.596153,-3.2351465,-0.8564616,0.3579705,1.7728372,0.9421143,0.3443208,-0.42921832
-0.67266715,-1.1614492,-3.3327074,-3.1079311,-0.7634397,1.0821815,1.7804661,1.7941703,-0.14890331,-0.8588026
0.008096051,-0.94709516,-2.5268636,-2.6790226,-1.5797929,1.2718239,1.8649524,0.95040166,0.80227125,0.40634435
-0.4907665,-1.4921969,-3.4675746,-3.6450136,-1.5131496,0.8581261,1.6040063,0.8667043,0.47653383,-0.3722462
-0.61893415,-0.7549684,-2.8741562,-2.43906,-0.26832378,1.3858949,1.5210251,0.85346526,0.28402585,-0.5265669
-0.9568538,-0.9097738,-2.5268197,-2.4984524,-1.485022,0.4197259,1.1762185,1.0057343,0.25207743,-0.33958507
-0.48931307,-0.40751627,-2.0141258,-2.1968987,-0.7723254,0.67949694,0.74933434,0.41229972,-0.20793726,-0.6240637
-0.95129305,-1.0164977,-2.1219726,-2.3377728,-0.74226314,0.6302715,1.1331209,0.92749286,0.037352573,-0.6233735
-1.3527303,-1.2743585,-2.542206,-3.1335073,-0.70287365,1.2932488,1.7082435,0.723287,-0.5274295,-0.8906992
-1.5457677,-0.8488656,-2.7236078,-3.1740932,-1.0876428,0.28987718,1.1907035,0.5413239,0.05007154,-0.3548646
-0.7277653,-1.1734024,-2.367591,-3.087401,-1.2875094,0.9633628,1.7707164,1.1283277,-0.11722956,-0.44068623
-0.83934575,-0.90013194,-1.877013,-2.50511,-1.3239597,0.7164023,0.97936904,0.64517313,0.055660665,0.14534804
-0.255865,-1.2180728,-3.0076377,-3.1141732,-1.2286974,0.9620722,1.8864139,0.5852792,-0.024407167,-0.33444634
-0.33159876,-0.73759997,-3.5524778,-3.0142658,-0.4012026,1.7633293,1.5132853,1.0310478,0.107165016,-0.66796565
-0.3541142,-2.5214486,-3.8617778,-2.6360984,-0.82912284,0.9551539,2.274512,1.1526836,-0.7239056,-0.24204239
-0.042251617,-1.4274937,-3.0743015,-3.2344704,-1.6966226,0.6692174,1.40965,0.8491007,0.406988,-0.363085
-0.26590395,-1.4771854,-3.477971,-2.7098963,-0.39211896,1.007876,1.7505579,0.75490373,-0.20152536,-0.960238
-0.4271355,-1.6375962,-3.8087404,-3.5816088,-0.88264394,1.5237222,2.4343138,1.1466098,-0.02939383,-0.78620785
-0.2566014,-1.4566363,-3.8214426,-3.161193,-0.88183933,1.5172551,1.9495645,1.0583171,0.2846534,-0.77247775
-0.5663563,-0.6355592,-2.9235446,-2.52539,-0.970493,1.4104497,2.000805,0.32715642,-0.008552078,-0.43365484
-0.061352033,-1.3980895,-2.9914272,-2.7633924,-0.9515128,1.3921057,2.2389252,1.2968949,-0.17675795,-0.5874299
-0.82102096,-0.90681696,-3.6697571,-3.7486556,-1.3942335,0.68087375,1.5462693,1.3175281,0.8386956,-0.251298
-0.67351586,-1.2104802,-3.4611442,-3.7453961,-2.0829272,0.957762,2.093777,1.1040616,0.2889928,-0.36444747
-0.4611909,-0.81499356,-2.8333697,-2.0691204,-0.68610007,0.78498644,1.6454945,0.894815,-0.14944534,-0.6628628
-0.837127,-0.9966558,-2.7594411,-3.2526395,-1.2437047,0.4770554,1.3200079,0.9482541,0.33868098,0.09241044
-0.5597964,-0.8412367,-2.7889392,-2.6000867,-0.79669,0.9919352,1.1275486,0.62708193,-0.2930657,-0.9461213
-0.5776108,-0.16623925,-2.15555,-1.908738,-0.48414835,0.8001223,0.87555206,0.50566995,-0.10816103,-0.16681355
-0.37166467,-1.0240555,-2.2639232,-2.654678,-1.2115589,0.68904537,1.788519,0.642489,-0.4640153,-0.22050822
-0.09917575,-1.0965275,-3.0439274,-2.436765,-0.5672339,1.120854,1.5483562,0.7533781,-0.17769971,-0.6680601
-0.7354888,-0.73690975,-2.4531124,-2.2342088,-0.75073045,1.1002843,1.4688847,0.8511552,-0.40438354,-0.33876896
-0.29926986,-0.8362595,-2.8484259,-1.9715894,-0.93153113,0.89595205,1.6012542,1.3437055,0.016035818,-0.2336667
-0.30305168,-1.5071015,-3.1575115,-2.4179258,-0.53803796,1.7057214,2.1170876,1.0439105,0.33840945,-0.66211885
-0.36475658,-1.2515137,-2.8765585,-2.848813,-1.0645334,1.1259092,2.3848116,1.0410833,-0.07414413,-0.5161555
-0.39661044,-0.88987446,-2.2724645,-2.2787855,-0.71507514,1.1473811,1.2781383,0.75533825,0.10736214,-0.17213504
-0.028535267,-1.4920139,-3.3058753,-3.0834825,-0.98448217,1.498991,2.4771116,1.506684,0.26073617,0.17499651
-0.55497664,-0.85724866,-2.317826,-2.3266068,-0.458341,1.1400682,1.6938151,0.41158828,-0.23702943,-0.23044413
-0.44507682,-0.8591667,-2.9582033,-3.2480133,-1.1308913,1.1387658,1.307831,0.73857176,0.3692736,-0.42148167
-0.8469813,-1.0111986,-2.6323118,-2.74513,-0.87656385,1.4744619,1.3412527,0.9916247,0.43605584,-0.946632
-1.3125523,-0.4420728,-2.9010465,-3.0059474,-0.7448538,0.75027674,1.4084,1.3080795,0.021332944,-0.33069956
-0.22116938,-1.3844296,-2.9772134,-2.5063515,-0.59959894,1.3454051,1.5501946,1.1210055,0.10830405,-0.70475554
-0.769278,-0.87992615,-2.1725302,-2.6091967,-1.4830654,0.6068745,1.2481763,0.7167545,-0.17880611,-0.6347524
-0.88283044,-2.1995177,-3.8877158,-3.1780038,-1.1231331,1.7308534,1.9134281,0.93096924,0.2518641,-0.6696399
-0.4920107,-1.9724557,-3.8032818,-3.067006,-1.2236214,1.6631302,2.10198,1.4812777,-0.05419231,-0.55217296
-0.82571536,-1.1166602,-3.045887,-3.090603,-1.0747211,0.93956023,1.9473555,0.8553408,0.031714767,-0.09536746
-0.15505646,-1.126769,-3.3667443,-2.3508277,-1.0174224,1.0067335,1.8314745,1.4524839,-0.21649833,-0.38585284
-0.35535467,-1.5771118,-3.1971047,-3.3557122,-0.8098699,1.6226908,2.094004,1.0527614,0.08948081,-0.76194274
-0.39180037,-1.5750206,-3.5868735,-2.9699626,-1.0691676,1.2134217,1.4328731,1.1442578,-0.08451324,-1.0082189
-0.7358106,-1.5788982,-3.7070062,-3.0009794,-1.3186152,1.2642514,1.881362,1.2425649,0.046711206,-0.7381075
-0.3239757,-0.62565786,-2.7886434,-1.9939374,-0.81761354,0.30465263,1.0180619,0.7071265,-0.2475783,-0.47135785
0.4128041,-1.2017086,-2.447547,-2.2381105,-0.3970479,1.3890401,1.6250468,1.1699722,0.017634632,-1.308182
-0.7540555,-1.3453212,-3.5260584,-2.9964528,-0.8411409,1.4517792,1.9502217,0.9825499,-0.26555505,-1.0306643
-0.4776606,-1.2121387,-2.645643,-2.3365602,-1.383974,1.6765624,2.0946536,0.9762556,-0.59240824,-1.0609193
-0.38094985,-0.8878742,-2.891048,-2.794442,-0.5086963,0.44351727,1.3679346,1.1856486,-0.062127117,-0.16543078
-0.842145,-0.8271258,-2.3972118,-2.1882675,-0.64116156,0.9881098,1.6374085,0.9051592,-0.3305404,-0.5647209
-0.54551286,-0.9892801,-2.827749,-2.7904363,-1.4158317,0.92731327,1.7899314,1.0999795,-0.08967532,-0.85453814
-0.93443066,-0.64315575,-2.2033417,-2.3606958,-0.6016085,0.46233273,1.7274039,0.6484004,0.28663987,-0.41899386
-0.057915617,-0.9820209,-3.4045138,-2.936366,-1.2959558,0.55523,1.7871484,1.6041532,0.16648401,-0.7081992
-0.51410097,-1.0200962,-3.227284,-2.5627418,-0.7166775,1.0053211,1.6922219,0.72504437,-0.20981942,-1.012105
-0.37084413,-1.2192749,-2.8461282,-3.0616772,-0.8735172,1.4320507,1.4656289,0.6403395,0.33881488,-0.1290023
0.072423264,-1.3704463,-3.4159305,-2.4251683,-1.659672,0.7069906,1.9609302,1.364807,0.48081157,0.29597408
-0.21469426,-1.0734085,-2.9293656,-3.55707,-1.4387168,0.51336956,2.3253565,1.8647934,-0.076254934,-0.7328327
-1.2560922,-1.3453958,-2.4669044,-2.9062579,-1.0771548,0.8320208,1.5235639,0.99177355,0.06284233,-1.0651056
-0.4185677,-1.1366758,-3.6856422,-3.4834573,-0.63554716,1.1712565,1.5968441,1.4143652,0.45934534,-0.668616
-0.14704865,-0.3722663,-2.0263076,-2.1424098,-1.2125788,1.3538647,1.4138942,0.57755494,-0.28055432,-0.3938901
-0.67248315,-0.7014715,-2.4241898,-2.3556066,-0.5642153,0.80570334,1.5446726,0.8034759,0.30102894,-0.43249005
-0.3758176,-0.9729453,-3.642114,-3.6872063,-0.8413565,1.1659678,1.6395696,1.2143154,0.0056051295,-0.83902985
-0.18994755,-0.90894216,-2.2747505,-2.5229414,-0.62935424,1.0671593,1.2071359,0.74588335,-0.100754835,-0.048351135
0.17105891,-1.2613999,-3.53275,-2.7897,-0.8104691,0.76247734,1.3254195,1.4600079,0.15905914,-0.62247914
-0.7395415,-0.71954083,-2.4490883,-3.1758676,-1.2103552,1.0515145,1.4529525,0.6917781,-0.063062645,-0.20819116
-1.386283,-1.1343096,-3.7091105,-3.5287874,-1.1184273,0.8042924,1.6496041,1.3354104,-0.43141648,-0.53205687
-1.0980114,-0.90725577,-2.2439976,-2.7002459,-0.99649686,0.84838873,1.1158341,0.60757726,-0.0470686,-0.54796076
-0.81101155,-1.1420377,-3.221026,-2.9730296,-1.1072639,1.5597749,2.2244766,1.0802145,-0.09076849,-1.0340744
-0.05035478,-0.79530174,-2.7007537,-2.8752737,-1.1086221,0.38945806,0.7808913,0.76759386,0.42389593,0.03950506
-0.61713105,-1.5960482,-3.269719,-2.8542664,-1.2915509,1.1583366,2.1946323,1.0911347,-0.120801955,-0.48918396
-0.72658545,-1.0365754,-2.5242114,-3.1728802,-1.0693705,0.60949284,2.2004218,1.5789685,0.02687326,-1.5084964
-1.291984,-0.87988114,-2.5529628,-2.535517,-0.5148218,1.1679853,1.470227,0.65177804,-0.3822519,-0.7635837
-0.13289095,-0.8965791,-2.0685525,-1.8273945,-0.43584758,1.9387687,1.641512,0.9584447,-0.30137575,-0.73430574
-0.8066466,-0.3243891,-2.2222676,-2.3931963,-1.0316955,0.8919452,1.3942053,0.3259266,0.07033118,-0.28351045
-0.8211337,-0.84886205,-2.4841847,-2.997385,-0.8110882,0.9451427,1.3941293,0.84701514,0.22352654,-0.83509564
-0.037045505,-1.3973755,-2.801217,-2.7427742,-1.5096022,0.98328984,1.9836577,1.4788038,-0.6130778,-0.5259907
-0.31975508,-1.763385,-3.8998928,-3.2287648,-0.59943134,1.9112318,2.3828752,1.4986429,0.061464656,-0.7974321
-0.9800108,-0.80998415,-2.1417956,-2.4936187,-0.96315384,1.1646987,1.9690636,1.1477823,-0.1181856,-0.34832165
-0.82852817,-1.0754972,-1.3550185,-2.305743,-1.4045453,0.42111775,-0.15361014,-2.5646408,-0.0658814,-0.16353078
-0.03327658,-0.982211,-2.3168895,-2.5967374,-1.4627146,0.6567358,1.7505851,0.35481113,0.28621677,-0.14092197
-0.6300491,-1.4706929,-3.424361,-3.276205,-0.64024776,1.046476,2.1825285,1.5151292,-0.14421564,-0.8223168
-0.64897096,-1.2292995,-3.1192453,-2.9535995,-0.453233,1.8098408,1.7491485,0.51368564,-0.13525179,-1.3781749
-1.1240798,-0.6602894,-2.242578,-2.3075342,-1.3844676,0.7065882,1.0015395,0.6806185,-0.21514076,-0.44906038
-0.4065681,-2.1411781,-3.947521,-4.124043,-1.7385265,0.8498243,2.6881893,1.7340668,0.50897646,-1.5485137
-0.34898043,-0.75333273,-2.3191507,-2.7784927,-0.7841315,1.3754362,1.8428752,0.4580154,-0.06622958,0.243523
0.18567252,-0.71468186,-2.244963,-2.1812065,-0.8952446,0.98572755,1.5682691,1.1263459,-0.06371618,-0.54070956
-0.33358034,-0.7187762,-3.2306104,-3.0947711,-0.8331016,0.6608812,1.7924865,0.78334755,-0.17966002,-0.011840368
-0.54200697,-1.5084277,-3.4650733,-2.8665254,-1.1426336,1.7718067,1.5273429,1.076865,0.002311468,-0.6734102
-0.68199813,-1.6953617,-3.5493796,-3.5000713,-1.1429065,1.0661047,2.120129,1.1891859,-0.57581156,-0.6282321
0.17087716,-1.0328795,-1.754662,-2.131981,-0.7073272,0.87820834,1.4788457,1.0307997,0.13657129,-0.24637808
-0.26110107,-0.88481206,-3.2265818,-3.161085,-1.0801013,0.88203925,1.8519043,1.3129383,-0.4293526,-0.96908414
-0.24673073,-1.1523124,-2.8605413,-3.2328467,-1.3232144,1.0928204,1.6694587,1.1447754,0.7635719,-0.26063398
-0.2525679,-1.0356634,-2.208665,-2.169688,-1.1270224,1.1667738,1.7629173,0.9970582,0.6996195,-0.03314322
-0.18710002,-1.0145786,-2.9059987,-3.1792808,-1.0102866,1.2371562,1.4821502,0.93410397,-0.07231762,-0.30164403
-0.067892805,-1.2260395,-3.5211523,-2.7952826,-1.4259403,0.81629735,1.9935576,1.506415,0.36518613,-0.61243165
-0.28120536,-1.4864146,-3.080782,-2.8471699,-1.2536036,1.6599702,2.3563452,1.1205528,0.21186602,-1.2140423
-0.9657099,-1.4544026,-3.0726693,-3.60834,-1.6068238,0.8884114,1.8456204,1.255897,-0.32650608,-0.85243654
-0.8402301,-0.96155643,-2.6517096,-3.406574,-1.3693419,0.94920284,1.5040767,0.8122357,0.18000658,-0.4585546
-0.21773742,-0.63321894,-3.4215262,-2.0954373,-0.45987773,1.3420979,2.2038121,1.173521,-0.28786373,-0.6578789
0.19099362,-0.82736164,-2.5887578,-2.005337,-0.8091871,0.6035802,1.597501,1.2336744,0.21958202,-0.03893105
-0.7473846,-1.0016173,-3.1528668,-2.7170002,-0.5985703,1.04006,1.5056274,0.91485536,0.21701212,-0.80099726
-0.43923098,-1.6566463,-4.087372,-3.9761927,-1.4852188,1.079993,2.3869183,1.720915,0.605714,-0.7931435
-0.7937836,-0.6678901,-2.8834229,-2.226835,-0.63976306,1.1962396,1.6118298,0.59465736,-0.66626436,-0.62570626
-0.7102228,-1.1860392,-3.1744764,-2.6247766,-1.4428319,0.930874,1.9385864,0.90416586,-0.46619433,-0.47323218
-0.7692593,-1.3425641,-3.0330894,-2.9194195,-0.6465117,1.613524,1.8289311,0.39236543,0.17242968,-0.70974874
-0.58618,-1.8822349,-3.8730214,-3.254517,-1.5471156,1.0912199,2.011744,0.97231627,-0.05587828,-0.81418777
-0.42350128,-0.6998771,-2.3370237,-1.9865448,-0.8757202,0.7402545,1.0303266,0.4850345,-0.32263866,-0.021007376
-1.375873,-1.099276,-3.5895069,-2.9558346,-0.79541767,1.2875742,1.2228131,0.6398525,-0.45516908,-0.87887573
-0.92232037,-0.6785784,-3.2437253,-3.569782,-1.4043969,0.872388,2.0418465,1.11386,-0.11098124,-0.15194044
0.08429026,-1.8057945,-3.769969,-3.4533594,-1.5751878,1.2105515,2.3237262,1.585702,0.15246853,-0.44941935
-0.86114985,-1.2918797,-2.965834,-2.9283464,-1.3691403,0.56676346,1.8417736,1.4296896,-0.3934421,-1.0867914
-0.36680156,-1.039265,-2.6348608,-2.8524752,-1.5794502,0.78772825,2.0999236,1.0494092,0.080283746,-0.45737502
0.12884688,-1.4830346,-2.6240594,-2.455129,-1.0672817,1.4239367,2.2461221,0.8053529,-0.23263592,-0.73750544
-0.2729849,-1.0838875,-2.7810826,-2.2465043,-1.0781863,1.3442802,1.3612647,0.80634946,0.13074803,-0.85284597
-0.44105613,-1.2986699,-3.756221,-2.90336,-1.2841111,1.5829835,2.0880675,1.743767,0.20816043,-0.27817705
-0.95674485,-1.723948,-3.6521163,-3.3069189,-1.2541924,1.3354177,2.0029001,1.3535305,-0.12010546,-0.5767828
-0.7548463,-1.5272126,-2.9563072,-3.1035058,-1.4914973,1.4187707,2.1902666,0.82312024,-0.16688325,-0.39877352
-0.31027988,-0.8927699,-2.7369764,-2.6063316,-0.9953592,0.9044896,1.8356433,0.9355502,0.4596462,-0.6799332
-0.11838128,-0.9318363,-2.5369549,-2.8690743,-1.1399143,1.0642185,2.024953,0.42548063,-0.40522242,0.29198074
-0.9367022,-1.383903,-3.8081334,-2.8126714,-1.0933244,1.2247522,2.142975,1.3460636,0.23069018,-0.7634461
-0.09459661,-1.2540625,-2.7964058,-2.9923322,-1.3461407,0.6999181,2.0297697,1.0178032,0.33110002,-0.12285522
-0.044497095,-0.4302749,-1.9059131,-2.5986512,-1.022445,0.8832164,1.2757498,0.9035062,-0.12358557,-0.326886
-0.39733943,-0.8009934,-2.4675229,-2.5073893,-0.42860568,1.5934374,1.7993853,0.7826202,-0.20975499,-0.33227324
-0.09601697,-0.09014185,-1.4647723,-2.22766,-0.9027591,1.4912336,1.2967657,0.82039386,0.23555167,0.26000792
-0.514132,-0.67264825,-1.9938276,-2.230413,-1.0816113,0.32860854,1.5788811,0.8287826,-0.23020126,-0.58861345
-0.64451635,-0.87640166,-2.9120276,-2.3897905,-0.5415645,0.7089643,1.2006495,0.44202054,-0.359103,-0.86548364
-1.2397504,-0.74702126,-2.606759,-2.4858518,-1.2590909,0.81211317,1.182011,0.5856292,-0.14367062,-0.43585366
-0.8543785,-0.9239186,-2.3809187,-2.716196,-1.2020844,0.8992118,1.2155972,0.6520356,0.31392032,-0.54260164
-0.23412688,-0.12574899,-2.5636778,-2.8296916,-0.9685941,0.94890815,1.4593999,0.4515628,-0.8240474,-0.34141687
-0.35166246,-0.9408691,-3.0032423,-3.0324957,-1.2462814,0.8831198,1.4657023,0.79579544,-0.010150193,-0.048077345
-0.8669101,-1.0321556,-3.4067867,-2.8265264,-0.85475427,0.91041756,1.5720612,1.0136794,-0.22942927,-0.73526686
-0.4488893,-1.1499269,-2.5673075,-2.2688386,-1.3873374,0.5402136,1.6067368,0.90056634,-0.69118357,-0.6935618
-0.17272452,-1.3338642,-3.143976,-2.6681857,-0.717278,1.3843197,1.4756453,1.2225906,-0.7882873,-0.6810057
-0.4763105,-1.1248168,-3.3028004,-2.7227716,-0.99001604,1.1251953,1.6178312,0.8274449,-0.3419263,-0.9760787
-1.3136972,-1.5998183,-3.8160083,-3.6449654,-1.2429084,0.4542345,1.6541189,1.1204836,0.21913157,-0.28440943
-0.9807811,-1.1321921,-3.4944575,-3.7645795,-1.6249728,0.70630157,1.8326017,0.99009985,-0.09074986,-0.73600614
-0.3701368,-1.2903396,-3.5015192,-3.0060275,-1.3529444,0.3975175,1.699907,1.1982449,-0.016786536,-0.31987503
-0.67243165,-1.3475641,-3.446752,-3.3218794,-1.1344311,0.9463267,1.9532741,1.1959983,-0.13660099,-0.7244485
-0.8720192,-0.061049294,-1.9377191,-2.2128744,-0.84539783,1.2549292,1.1135092,0.3682145,-0.23938072,-0.36339405
-0.9030259,-2.6123257,-3.13905,-3.821889,-0.78416765,1.566025,1.7780502,1.7865301,-0.16780785,-3.0581744
-1.0274901,-1.2198887,-3.2634456,-4.042551,-0.9262123,1.4720193,1.9847984,1.1023904,-0.60020006,-0.8596866
-0.49918082,-1.6364943,-2.8223534,-2.7619114,-1.4314737,0.6808218,1.8630637,1.4975579,0.24512535,-0.45269948
-0.6634397,-0.86072516,-3.0150878,-2.6712449,-0.5751835,1.0959467,1.8155539,0.6010706,-0.22931816,-0.6687185
-0.67182404,-1.2568372,-3.119284,-3.2391155,-1.224423,0.98743916,1.9008113,0.8414913,-0.22795278,-0.8462324
-0.49013293,-1.3766885,-3.400452,-3.1599412,-0.7329817,0.7129618,1.3000985,0.77665377,-0.121674486,-0.15084706
-0.9356195,-0.7955554,-2.6354527,-2.2378373,-1.283445,0.79795796,1.3217177,0.6835074,0.065731466,-0.14872976
-0.48605922,-1.4477708,-2.9578857,-3.4712934,-1.0670325,1.5620561,2.0313056,1.0267609,-0.34634477,-0.56102216
-0.50902355,-0.57226795,-2.6620066,-3.0555146,-1.3119036,0.9966749,1.2707942,0.65711087,0.47273985,-0.43722337
-0.5218375,-1.939619,-3.6145911,-3.0030274,-1.6442863,0.53043765,2.2239456,1.1490839,0.033376236,-0.3154768
-0.5535375,-0.9033871,-2.6533258,-2.770981,-1.10127,0.77068347,1.7932001,1.0422084,-0.2583904,-0.5069923
-0.51229346,-3.3525155,-4.1283736,-3.6423411,-0.9103929,1.2332965,2.315886,1.4242778,-0.032218616,-1.4439906
-0.13415761,-0.6974275,-2.705052,-2.1911807,-1.1857026,0.85121965,1.6504046,0.9914567,-0.17300695,-0.373903
-1.0978423,-0.61401427,-3.210063,-3.3999357,-1.345525,1.1153917,1.8419259,1.0930775,-0.19154611,-0.32824215
-0.13440526,-0.9917694,-2.9338074,-2.0950093,-0.9558396,1.178205,1.1839358,0.91443694,-0.07211003,-0.04690997
-0.8081299,-0.59514946,-2.857813,-3.2360857,-1.129389,0.5920448,1.6492407,1.20455,0.111725554,-0.5158671
-0.21642296,-1.4057077,-3.2578223,-2.9863153,-0.8554471,1.6362258,2.4620311,1.2913227,-0.9644003,-0.89422166
-0.50576854,-1.5719001,-3.6590834,-3.238938,-0.7582747,1.2442145,1.996821,1.209483,-0.38323945,-0.83802354
-0.02683399,-0.98695546,-3.0453854,-2.3531415,-1.0465333,1.0835153,1.9108578,0.66538876,0.09918258,-0.6929268
-0.027400317,-0.6039831,-2.4011757,-2.3325243,-1.0660143,0.61790824,1.6492838,1.067414,0.20349745,-0.32895055
-0.7308102,-1.0102817,-2.9119515,-2.9942825,-1.0226285,0.80077106,1.7526244,0.46846262,-0.1256489,-0.6776283
-0.320044,-1.18996,-2.8698456,-2.407304,-1.2245334,1.1140796,1.3965818,0.76324034,-0.0515347,-1.0283828
-0.5250688,-1.0711787,-3.0642529,-2.8289528,-0.54648495,1.6473197,1.7979631,0.98811835,-0.31467378,-0.70160526
-0.6129565,-1.3639088,-2.7124028,-2.3305168,-0.7876972,1.3196924,1.6838009,1.0658269,-0.16912086,-0.13985114
-0.6811549,-0.70961446,-1.8697096,-2.1729937,-0.59348,0.70350206,0.9198799,0.43628272,-0.10262647,0.43642747
-1.3031578,-0.9673882,-2.620335,-2.4054856,-1.0288713,1.2223198,1.1766033,0.86747754,-0.4515023,-0.67427796
-1.2717448,-0.61754334,-2.8667254,-2.9739106,-1.2968017,0.7623218,1.5309072,0.63991135,0.107687816,-0.041367482
0.1158983,-1.4608394,-3.334306,-2.8089325,-0.82458234,0.83433634,1.6255358,1.1220655,0.3852103,-0.0723822
-0.9919894,-1.2718565,-2.5562174,-3.006916,-0.8946504,1.5699909,1.4585698,1.1777817,0.3485644,-0.3117523
-0.75066966,-1.0935627,-3.3761766,-3.1476104,-0.84705067,0.7239886,1.6499833,1.2194649,0.4078268,-0.76585436
-0.36522105,-0.8031406,-2.8727174,-3.4532385,-1.3098601,1.247692,2.3192675,0.8383534,0.014608446,-0.8993989
-0.37783426,-1.1575829,-2.9363322,-3.3834734,-1.3482814,0.37158167,1.0687789,0.8044986,-0.23205832,-0.056041017
-0.48669595,-1.4368851,-3.4716344,-3.289009,-1.3296531,1.6798272,2.233981,1.4480857,0.14179912,-0.6501741
-0.6827879,-0.8071728,-2.624088,-2.8338203,-1.6445787,0.91197926,1.7601436,1.3500156,-0.06454322,0.05944144
-0.66958994,-1.461418,-2.9354491,-3.004026,-1.5411268,0.5990598,1.2439077,1.1872861,-0.10689213,-0.57479095
-0.2378824,-0.78996897,-0.9049661,-1.8222926,-0.7085415,0.89714736,1.1886494,0.18380025,0.3835788,-0.13780718
-1.4434744,-1.5913095,-3.9105203,-4.8678904,-1.1525875,0.94954365,2.200878,1.4587905,-0.25008497,-0.71520257
-0.43761408,-0.88884354,-2.4382498,-2.5133157,-1.2029632,0.81697583,1.5633111,0.7386616,-0.14868331,0.095305234
0.1304342,-1.3457788,-2.9257908,-2.7963006,-1.0859922,1.0092599,1.3581945,0.517955,-0.3223282,-0.5333891
-0.49778032,-1.1802496,-2.3836677,-2.6433337,-0.9937083,0.9257586,2.0214467,0.64117914,-0.35557878,-0.954654
-0.62100023,-0.7206975,-3.1212623,-2.997471,-1.4565243,1.0868267,1.6289546,1.1960878,0.15264393,-0.75456375
0.06669737,-0.5815318,-1.9558944,-1.8731167,-0.6969811,1.0969799,0.99542856,0.63195467,0.17929526,-0.24802108
-0.51575696,-1.0963603,-3.6810508,-3.176584,-0.7251258,1.1557224,1.5363992,0.98255247,-0.40168923,-0.48546916
-0.4412511,-1.3497518,-3.3082523,-2.5900645,-0.78976285,0.8724221,1.2257062,0.6696965,-0.074395396,-0.6395029
-0.63261557,-1.7102985,-3.0364892,-2.6773221,-0.9880883,1.0780226,2.2421367,1.1541164,-0.036282487,-0.37716424
-0.011600303,-1.6722347,-3.094404,-2.921909,-0.7491398,1.0563586,2.1829672,0.55087924,0.25320143,-0.47233248
-0.4071767,-1.587809,-2.716729,-2.3522823,-0.9201011,1.6172255,2.3312109,1.0239341,-0.1320764,-0.52541006
-1.0159006,-0.8638384,-2.4672172,-2.871259,-1.0426959,0.9201281,0.9433948,0.30866116,-0.364704,-0.16002089
-0.17745663,-1.5658115,-2.2001927,-2.326693,-0.9158994,0.5589652,1.6671679,1.1201022,0.08007062,-0.5709597
0.05179475,-1.1658835,-2.9216695,-3.0522013,-1.2566698,1.0780224,1.9858806,1.4317684,0.29772735,-0.73143166
-0.69105715,-0.6879554,-2.6524682,-2.2758362,-1.2642637,0.5197841,0.90723145,0.3696956,0.5139469,0.44383004
-0.3572907,-0.6779149,-2.1631992,-2.0539994,-1.1256541,0.69702476,1.1126621,0.49936494,-0.17182595,-0.61218864
-0.292716,-0.7943388,-2.7616115,-2.4037237,-0.38001513,1.4799273,1.48195,1.0020761,0.58036363,-0.47598583
-0.22718658,-0.8529417,-2.3865302,-2.216744,-1.3712821,0.8402444,1.2498059,0.52388763,-0.17296956,-0.65127444
-0.34305695,-0.9218367,-2.5962784,-2.4028718,-0.88182384,0.7711492,1.8484759,0.90201396,0.16187574,-0.70669687
-0.9166538,-1.4786881,-3.0038636,-3.3702097,-1.0589356,1.2814534,1.4163929,0.33996376,-0.07579684,-0.41931552
-0.33140486,-0.6458248,-3.374502,-3.1905339,-0.80516917,1.1138413,1.8558218,1.2169709,-0.23945281,-0.7693858
-0.34098324,-0.20308323,-2.3079708,-1.7430297,-0.9310436,0.7775154,1.0262258,0.5100277,0.12832743,-0.29270208
0.21317305,-1.2099496,-2.6182113,-2.469757,-1.4469191,0.33130145,1.7340904,1.267071,-0.4707464,-0.48691273
-0.58427817,-1.0246241,-3.2973175,-2.7901058,-0.4858771,1.0422659,1.74286,1.0084529,-0.21141392,-1.1451981
-0.6165475,-1.9413127,-3.8620658,-3.4766672,-0.98003954,1.1720906,1.8538345,1.2213095,0.07699306,-0.5048946
-1.1586053,-0.73024267,-3.0079703,-2.2738326,-0.86079466,0.67236716,1.2705749,1.2396076,0.13642599,-0.16953692
-0.7360509,-0.634244,-2.6103683,-2.3988204,-1.1934121,1.1730989,1.5843003,0.7926546,0.34463194,0.23481554
-0.48121774,-0.95518726,-2.2606816,-2.1537285,-0.98453885,0.3333739,1.2729688,1.0178242,0.42351174,-0.60506487
-0.51959306,-1.1465592,-3.1255708,-3.4235396,-0.9567405,1.1235577,1.6389092,0.97936016,0.17383045,-0.3570463
-1.0757138,-1.5322094,-3.9270945,-3.0363712,-0.6928041,1.653657,2.481359,1.1243352,-0.08222687,-1.7581741
-0.49764967,-1.3042978,-2.86413,-2.5830877,-0.8954487,1.0487741,1.2603949,0.7654244,0.042281568,0.017193703
-1.0944935,-1.575878,-3.5164022,-2.9696898,-0.7190247,0.6481944,1.7406455,1.1652429,-0.044325687,-0.49721548
-0.27568537,-0.86148256,-2.6357415,-2.553005,-1.5316771,0.66403246,1.507656,1.7036911,-0.18175632,-0.62858164
-0.63516915,-1.0338885,-2.2905867,-2.872144,-0.94576937,1.2405735,1.9172412,0.37034708,-0.27812085,-0.80727565
-0.6910383,-1.050277,-3.2033532,-3.2957978,-0.6283405,1.6539395,2.086252,0.73290664,-0.33497503,-0.49155098
-0.9905855,-1.2845769,-2.2018542,-2.5886133,-1.0488522,0.9112081,0.98374826,0.42879307,-0.053413734,-0.521218
-0.2850412,-1.2963542,-2.8058758,-2.9639368,-0.9858922,1.0465539,2.1125457,1.7077458,0.51877296,-0.56235677
-0.9433893,-0.73020333,-2.7077625,-2.4321406,-0.8211739,1.0327415,1.1326424,0.46535328,-0.26519528,-0.69512415
-0.7614795,-0.40440977,-3.0286639,-3.1580112,-0.77715814,1.1830698,1.0735459,0.4895227,0.03726432,-0.8471782
-0.75280905,-1.2813011,-3.5664186,-3.5427103,-0.80982924,1.456774,2.2275736,1.338785,-0.09285247,-0.8414919
-0.4000976,-0.9229651,-2.1311092,-1.8995296,-0.49769434,1.0450667,1.1319326,0.7069744,-0.12525491,-0.21530612
-1.1418576,-1.7190509,-3.8439045,-3.1956587,-1.156333,0.94305634,2.1649725,1.3340099,0.13529478,-1.2678232
-0.37621883,-0.9847289,-2.5401344,-2.4752126,-0.96554726,1.3738642,1.4133836,1.0205237,-0.0840022,-0.43270797
-0.5186899,-1.2959843,-2.74413,-3.4498398,-1.3278514,0.67174053,2.3131778,1.4478602,0.28587738,-0.49564198
-0.2111206,-0.9724225,-2.4985788,-1.9865972,-0.4773388,1.7476777,1.7212063,1.0383441,-0.16414739,-1.0667286
-0.62322444,-1.4329977,-2.9965,-2.8805294,-1.3367802,1.07775,1.6748137,0.8599659,-0.37402093,-0.6259215
-0.8668706,-1.3903389,-3.4769034,-3.9437184,-0.9686045,1.6538569,2.394709,1.7020668,-0.47534806,-1.0394956
-0.59562933,-1.4942163,-3.267234,-3.0114274,-1.4289496,0.8020633,1.9835398,1.9063505,0.58838814,-0.32554105
-1.1562676,-1.4701719,-2.287788,-2.800954,-1.0010035,0.63487095,1.4977366,0.68577474,-0.5078856,-0.92233396
-0.98830503,-1.1838088,-3.7684357,-3.8265288,-0.8649614,0.7466631,1.8143995,1.4170703,0.7985654,-0.7626055
-0.3558667,-0.87093043,-3.1287143,-2.9031677,-1.7734618,0.56000113,1.0281144,1.1733077,0.60801685,-0.12989278
-0.1160777,-1.0279182,-1.9351074,-1.9602268,-0.6568459,1.1778828,1.3773977,0.3991508,0.27010727,-0.2869405
-1.035617,-1.256786,-2.9419396,-3.14689,-0.997653,0.93127006,1.0182323,1.1222974,0.047367252,-0.31464016
-0.6179069,-0.27230158,-1.9420327,-2.0783153,-0.6020376,0.73197085,1.2365303,0.2895391,-0.35104614,-0.78289145
-0.13660458,-0.44200316,-2.6959,-2.6611335,-1.1116642,0.7714102,1.666141,1.7197647,0.6923426,-0.42151883
-0.6161268,-1.1295183,-2.5631251,-2.2173808,-0.59705013,1.1471165,1.2096913,0.93242,-0.5106699,-0.8302084
-0.7201803,-0.7540764,-0.81435454,-1.403638,-0.8830428,0.69344896,1.0128201,0.3574585,-0.094799735,0.023499647
-0.27024278,-1.0830625,-3.1122096,-3.1792977,-1.0229477,0.6557427,1.2569815,0.91510004,0.09068442,-0.8461751
-0.95904225,-1.0606705,-2.1894577,-2.2394795,-0.75716525,1.2674472,1.867223,0.9750651,0.2603268,-0.7679985
-0.50133556,-0.9819757,-2.408058,-2.494647,-1.0131332,1.0417223,1.3723186,0.5922724,-0.23473081,-1.0095991
0.28874806,-0.5969923,-2.0327685,-1.9159224,-1.0405238,0.6052865,1.4722457,1.1074109,0.03148449,-0.70533234
-0.053562168,-1.3729484,-3.8799136,-3.7498963,-1.4888307,0.9893703,2.1735654,1.4405373,-0.04099721,-0.850089
0.05345165,-1.4062847,-2.6407707,-3.0517724,-0.89991975,1.4639528,2.5694804,1.0394446,-0.20560622,-0.1408785
-0.056751173,-0.5058571,-3.1935117,-2.7258263,-1.2082709,1.0750134,2.1751616,0.81695545,-0.0098220995,-0.41809213
0.068215445,-1.6136003,-2.9881563,-2.6294608,-1.07987,0.64593637,1.2824922,0.88751614,-0.41040567,-0.60750824
-0.82809734,-1.6193438,-3.688462,-3.2792115,-1.2487229,1.0203676,1.3329476,1.0068208,0.009580209,-0.95289266
0.038886968,-0.058931693,-2.1117716,-2.4173431,-1.1584712,0.9401612,1.248931,0.51240575,0.07406496,-0.11501049
-1.5632092,-1.8282944,-4.028169,-3.9379635,-1.9709665,0.7687995,2.2760255,1.4427013,-0.06171013,-0.33485743
-0.79184663,-0.6075089,-3.2605326,-2.8220806,-1.5097705,0.27951717,1.0568798,0.75751805,0.06225318,0.26274753
-0.71115935,-0.9073462,-3.609369,-3.791859,-1.3594259,1.2479798,2.2952566,1.3776585,0.35820192,-0.514673
-0.26556242,-1.2116799,-3.028148,-2.8142312,-0.3225055,1.5555506,1.8542547,1.2890037,0.50172853,-0.61912405
-0.3433172,-0.9261614,-2.1771803,-2.1533988,-1.2869277,0.79264987,1.7931293,0.754274,0.04540377,-0.38602212
-0.37462676,-0.7906539,-2.6784146,-2.664553,-0.41038224,1.1354785,2.0875056,0.6203904,-0.07490024,-0.11007635
-0.21322346,-1.0904121,-3.5122826,-2.7029088,-1.1127142,0.405713,1.547315,0.9697495,0.6091676,-0.31583974
-0.47873464,-1.2554429,-3.4918785,-3.114641,-1.0957599,1.1167618,1.6472582,0.6650262,-0.31724545,-1.167239
-0.103129834,-1.6435944,-3.5364904,-3.107951,-1.2317784,0.9379933,2.4029205,1.7029222,0.401685,-1.0898824
-0.21086578,-0.84620184,-1.9061573,-1.9832186,-0.47165862,0.7066987,1.33663,0.9963533,-0.059732515,-0.53145164
-0.33939683,-1.5542638,-3.7818923,-2.8866978,-0.835951,0.93635076,1.4928501,1.7023904,0.8672447,-0.2939494
-0.5583885,-1.180259,-3.3876834,-3.5993803,-0.9468066,0.6600301,1.7016139,0.48238346,-0.15559001,-1.0325115
-0.8678013,-1.0622923,-2.9359112,-2.9859493,-0.7303544,1.413331,1.757181,0.8309045,-0.54411846,-0.8545325
-0.498075,-0.9154852,-3.3671587,-3.3966358,-1.2620181,0.6115735,1.2545053,1.2753719,-0.10038101,-1.3635613
-0.7942293,-1.2550968,-2.7080266,-2.8591044,-1.2187365,0.86278605,1.9133811,1.3914666,-0.18430191,-1.0615089
-0.6733398,-0.75481236,-2.7546585,-3.112745,-1.1063275,0.6431929,1.1384497,1.4749724,0.06586336,-0.32655948
-0.2716688,-1.4920601,-3.6038194,-3.2321565,-0.97910476,1.3960177,1.7479361,0.683715,-0.2681922,-0.117594175
0.0015208827,-0.6844432,-2.5855708,-1.9977765,-0.7549079,1.0187317,1.54682,0.9853676,-0.4912588,-0.056654863
-0.49262094,-0.9142257,-2.7741458,-2.6322913,-0.70548946,0.8476471,1.0384595,0.7577582,-0.09621801,-0.38568705
-0.43971637,-1.6476796,-3.6567705,-3.069509,-0.8746684,1.3254379,1.8763225,0.96519923,0.055924,-0.8023677
-0.22750558,-0.8066969,-3.2314804,-3.036048,-1.0698675,1.4181828,1.9430134,0.9779749,-0.025491305,-0.2778929
-0.13398604,-1.3193988,-3.4066029,-3.3220472,-0.9599395,0.84381604,1.3693781,0.68913597,0.33358267,0.05533272
-0.42925668,-1.0388601,-2.6982453,-3.0778534,-1.4198254,1.2191727,2.2226486,1.1173984,0.076623574,-0.51278263
-0.018863669,-1.0587107,-3.311129,-2.3867977,-0.7451382,1.4181633,1.6951591,0.76749974,-0.32754207,-0.5571986
-1.1834747,-2.8434405,-4.122343,-4.267587,-1.6062398,0.3722876,2.2400987,1.1667672,0.21475355,-0.6488335
-0.5283688,-1.0122669,-2.4452817,-2.7560604,-0.7350364,0.4744746,1.0872288,0.84255266,-0.20321456,-0.4852389
-0.6280899,-1.5359081,-3.5696769,-3.4405825,-1.3623409,0.9492252,2.4261138,2.2208838,0.06411482,-1.6023315
-0.31476253,-1.1502998,-3.035459,-2.7444322,-1.1161046,0.676668,1.1901841,0.73316014,-0.30189487,-0.3181201
-0.38481733,-0.64217055,-2.6498494,-3.062535,-0.67417645,1.6643282,2.2070343,1.0581883,-0.1201273,-0.63172585
-0.55344194,-0.8699445,-2.9017675,-2.792769,-0.4102729,1.2390393,2.0165813,1.0966637,-0.05806689,-0.07478828
-0.27359706,-1.3040444,-1.6684866,-0.7688447,-0.7205567,0.8749684,1.9284161,0.5431585,-3.218957,-1.1732848
-0.21001783,-0.9180927,-2.854459,-2.4027562,-0.62626195,0.81045836,1.4242244,1.1622111,0.11511887,-0.69981796
-0.7489929,-1.3335152,-3.3108327,-2.818458,-1.3596525,1.0281473,1.9966159,1.7993044,0.13849261,-0.38917378
-0.9075048,-1.4811968,-3.4562633,-3.2801154,-0.8213705,1.6567324,2.440805,1.4907935,0.15398245,-0.9934341
-0.50733906,-1.1582,-2.265557,-2.4399927,-0.88667595,1.7286024,2.1992457,1.2336235,0.10563563,-0.08847064
-0.37721327,-1.7015562,-3.5270538,-2.6174505,-1.0643256,1.4012411,1.2473751,1.1394353,0.09668064,-0.26324564
-0.48482975,-0.7283536,0.9155536,-0.7963354,-0.366367,1.2318027,0.79229385,-0.27580044,-0.04278768,-0.43346605
-0.27287406,-1.1295356,-2.5443592,-2.3693972,-0.4336616,1.4914721,1.5084065,0.8460148,-0.16585855,-0.5974017
-0.19451569,-0.9710213,-2.2870612,-2.118643,-0.60771835,0.8767045,1.6860635,1.3081859,-0.07865791,-0.4620194
-0.49828815,-0.8783096,-3.1679745,-3.20474,-0.9389621,0.7550651,2.2938793,1.3637465,0.061379302,-0.74874496
-0.7888531,-0.79885054,-2.9749413,-2.4746199,-0.7893291,0.31504986,1.2322136,1.1582204,0.13403445,-0.2902001
-1.1713654,-1.1924263,-2.9357688,-3.3999116,-1.2567916,0.37139246,1.4173212,0.7453919,-0.08172792,-0.04979423
-0.08489885,-1.4254619,-2.7232456,-2.357795,-0.48717284,0.86644495,2.3192587,1.3536283,0.2448068,-0.6242023
-0.27053294,-1.7659849,-1.9325576,-1.4221966,-0.5189362,1.8862221,-1.965365,0.68652904,-0.2057317,-0.99602
-0.7219105,-0.679801,-2.2637417,-2.4554946,-0.84798473,0.81962454,0.6544709,0.36021996,-0.24713974,-0.55524987
-1.0612044,-1.3291012,-2.8238902,-2.4744098,-0.70634633,0.74805576,1.863119,1.6393856,0.19161052,-0.020713015
0.068165116,-0.7847838,-2.0212066,-1.5660373,-0.90417016,0.8123905,1.4228234,0.46909806,-0.6914098,-0.7109214
-0.2702854,-1.2222587,-2.2601407,-2.2106218,-1.3045965,0.521158,0.97858,0.75284094,0.43878627,-0.46089718
-0.5752673,-1.4571902,-3.1256342,-2.8501039,-0.6286882,1.0504162,1.6007609,0.7589518,-0.34795457,-1.2004309
-0.56977475,-1.3745872,-3.704583,-3.2007346,-0.7156173,1.6465852,1.7252618,1.1429219,0.56417704,-0.76315427
0.19910097,-1.1063052,-2.9973953,-2.7152543,-0.62233067,1.4235768,2.3391893,1.7455083,0.10474567,-1.3235129
-0.37883082,-0.9575339,-2.903781,-2.7867923,-0.8282705,1.5533597,1.6945279,0.7108595,-0.0064290683,-0.6127397
-0.7574915,-0.40622324,-2.483315,-2.9247687,-1.3363385,0.9240829,1.2688123,0.3797957,-0.078330755,0.20389181
-1.4177163,-0.9432196,-3.122034,-2.8836489,-1.1905386,1.1889138,1.7584865,0.54689425,-0.13941348,-0.19339755
-0.64511985,-1.3293532,-2.8679907,-3.3539772,-1.273364,1.3953604,1.7882302,0.95239127,-0.07832785,-0.23453642
-0.9136722,-1.1453373,-3.191696,-2.7875245,-1.2203795,1.69769,1.8114307,1.0827113,-0.23656142,-0.6809153
-0.37960172,-1.4105854,-3.5140283,-3.8723109,-1.2252643,1.4108444,2.2564504,1.826479,0.6366473,-0.10024787
-0.39427355,-0.93730026,-1.8421538,-1.6362323,-0.8880173,0.25476748,0.69589776,0.23651266,-0.52129555,-0.28066516
-0.95364076,-0.6480102,-2.368551,-2.33678,-0.7048621,1.0167042,1.2441636,0.90162194,-0.024072377,-0.22112106
-0.32009083,-1.4478999,-2.7334552,-2.687906,-1.0973015,0.83346456,1.5231924,1.1834437,0.01698925,-0.8865727
-0.061196413,-1.0352932,-2.5309134,-1.8535675,-0.33517513,1.6520082,1.9387407,0.7264355,-0.54317296,-0.8304756
-0.6218165,-1.0409784,-3.0942163,-2.8348665,-1.0166459,0.5290293,1.3981565,0.87246865,0.20759043,-0.5439701
-0.48226398,-1.5010085,-3.7144673,-3.2841847,-1.1645808,1.2603627,1.7611012,0.7960235,-0.41071194,-0.75922835
-0.26607582,-1.2043031,-3.1493244,-2.430673,-0.96209997,1.6227099,1.8044958,0.7019732,-0.5285899,-0.7201934
-0.37616855,-2.0639184,-3.673746,-2.365009,-0.5992397,0.55426425,1.53931,0.77987933,-0.43865225,-1.3817799
-0.64376444,-1.282409,-2.998262,-2.8336437,-0.6658937,0.84697723,1.3642693,1.8322629,-0.10929569,-0.53018546
-0.60717255,-1.5043778,-3.427444,-3.3111436,-1.0532987,0.9397868,1.8877195,1.362649,0.11883564,-0.9149038
-0.3568471,-0.7106626,-2.5265028,-2.6026058,-0.46416903,1.4788923,1.421545,1.2779657,0.3319257,-0.44826213
0.07190216,-0.7733076,-3.076278,-2.5891879,-0.9108919,1.3504766,2.1056697,0.9542792,-0.026423063,-0.82890606
-0.21350169,-0.70818776,-2.4266036,-2.2663236,-0.58460885,1.5345899,1.3488882,0.62481666,-0.2798647,-0.67689854
0.024300916,-0.92177784,-2.1156023,-2.3655427,-0.42148346,1.01932,1.6368444,0.81780237,0.001579184,-0.10127194
-0.07241329,-1.2691448,-3.4224687,-2.9893036,-0.894521,1.0013615,1.8629335,1.0625862,-0.47040412,0.13889226
-0.6072757,-0.8377617,-2.041352,-3.3325288,-1.0272092,0.937805,1.6815047,0.65054256,0.16730681,-0.777031
-0.5133611,-0.8432396,-2.8698447,-2.8234224,-0.7852528,0.24976987,1.0947953,0.91209614,0.19269359,-0.34387466
-0.15795457,-1.2130523,-3.4874086,-3.168569,-1.2079983,1.3837883,2.45306,1.4154835,-0.058949567,-0.86901456
-0.73363775,-1.3282275,-3.257927,-3.261944,-1.034595,1.0439208,1.5778582,0.80198073,-0.6175015,-1.2975695
-0.44293147,-0.8782116,-2.6854813,-2.4840724,-0.47592974,1.6223599,1.710908,0.83245724,-0.031432927,-0.22555053
-0.6784371,0.048008196,-2.701167,-2.609628,-1.0629536,1.1626197,1.4063631,0.81797373,-0.06446921,-0.7299426
-0.6264064,-1.3560297,-3.3440216,-3.4223683,-0.7172109,1.2141091,2.3122306,1.8469261,0.418028,-0.98936415
-0.8186707,-1.0149772,-2.2117865,-2.225732,-1.0899283,1.3820703,2.0474713,0.97831315,0.07459622,-0.55651176
-0.0059165945,-1.0790082,-2.2104542,-2.186719,-1.1243082,0.8042151,1.4751244,0.8937231,-0.5486484,-0.84957176
-0.46410102,-1.5810207,-3.7293856,-3.64699,-0.83177346,1.0693976,2.0837133,1.6732345,-0.32486126,-0.8737411
-0.3515039,-1.0616822,-2.840071,-2.8689873,-0.63551265,0.7909336,1.755046,0.8905867,-0.25266024,-0.42631286
-0.5923462,-0.82368,-2.8119338,-2.3493624,-0.27681398,1.0175046,1.4612159,1.2089444,-0.11752432,-0.7422396
-1.2355634,-1.4469264,-2.3881774,-3.328593,-0.9589068,1.1795039,1.7438335,0.7280477,-0.09880712,-0.5273591
-1.3971556,-1.1141043,-2.685677,-3.1744792,-1.021359,0.82298297,1.32179,0.4573956,-0.07485238,-0.4059836
-0.2273794,-0.93931675,-2.4527073,-2.63292,-0.8835839,0.5730035,1.8983399,1.5804415,0.41789296,-0.6656936
-0.24652834,-1.111086,-1.9813173,-2.1600769,-0.61828303,1.2942119,1.6712465,0.82226616,0.00668571,0.02878802
-0.62192595,-0.8468973,-2.7485528,-2.7999606,-1.1942736,1.0826354,1.79301,1.1449319,0.22408482,0.25434354
-0.4678742,-1.2263086,-3.410715,-3.3067694,-0.749484,1.3222793,1.8574749,1.4439797,0.20757481,-0.93545324
-0.7286114,-0.8611683,-2.6692946,-2.7160425,-1.3837204,0.8844297,1.2259446,0.45973924,0.621921,-0.36485967
-0.86594325,-0.79492307,-2.3423893,-2.740064,-1.1136376,0.87427926,1.4019115,0.8201466,-0.24749833,-0.23522748
-1.0417355,-0.8097079,-2.3089287,-2.6126447,-0.9828378,0.8985507,1.1004293,1.0367466,0.10960706,-0.06811144
-0.8978666,-0.9134734,-3.376126,-3.101541,-1.3577267,0.9650433,1.8904358,0.93017095,-0.15520439,-0.53177065
-0.525964,-1.2905529,-3.3627954,-3.6980443,-1.294515,1.041194,1.6766617,1.079032,-0.0147797195,-0.45263666
-0.49786368,-1.121119,-2.4747953,-2.3870864,-0.5317645,1.2668153,1.1578523,0.6571509,-0.2838353,-0.68346083
-1.3003137,-1.3056887,-3.5899377,-2.8591473,-1.0799828,1.2797015,1.2158391,0.73448986,-0.12878746,-0.862603
-0.7826265,-0.53332007,-2.8711667,-2.6586912,-0.9195147,0.7708798,1.0949998,0.3464368,-0.70825046,-0.6269626
-0.4023413,-1.1909612,-3.2964466,-2.7690196,-0.7384603,1.2837132,2.3113036,1.4403511,0.11236003,-0.16324456
0.24471858,-1.1371679,-3.2118149,-3.0461924,-1.0496578,1.448032,2.0658274,0.88034844,0.032557573,-0.22035368
-0.52985674,-1.4050332,-3.2967176,-2.5450468,-0.5341423,0.78134537,1.9469645,0.6124627,-0.65657383,-0.8042976
-0.9144724,-1.1913981,-3.8233404,-3.6826744,-1.2724698,1.5167584,1.6155515,1.3240321,0.9196713,-0.11530907
-0.53824866,-1.6004466,-1.8484721,-1.5269003,-0.67480505,0.89639765,-0.5638474,0.5191218,-0.5236845,-0.679099
-0.109431095,-0.39578444,-2.2771056,-2.7254083,-0.46973944,0.80923975,1.517808,0.9601244,0.12837951,0.056126557
-0.86636084,-0.7962477,-2.937163,-3.3068573,-1.1936648,0.9569112,2.0491989,1.101194,0.034568053,0.07168589
-0.84568304,-1.4891447,-3.6556237,-3.4228702,-0.9112998,0.23944451,1.3336318,1.0182699,0.011802228,-0.5587457
-0.46579328,-1.6670958,-3.7337017,-2.8345022,-0.90226454,1.036317,1.6720171,0.9219011,0.1587991,-0.7913305
-0.05397173,-1.541472,-3.5920057,-2.9009361,-1.255138,0.8603804,1.4164041,0.5928318,-0.49091387,-0.45121464
-0.3473977,-1.5301577,-3.1643298,-2.8878977,-1.0077803,1.3177724,2.2407959,1.1812754,0.29705262,-0.6095993
-1.1594095,-1.4349104,-3.458585,-2.8650095,-0.52824324,1.4253589,1.7357663,1.0651361,-0.38817397,-0.75962496
-0.6388271,-1.1070504,-3.5574062,-4.1110625,-1.3449484,1.5406246,1.9244773,1.1879511,0.114155106,0.07633661
-0.3739231,-0.49703392,-1.9967464,-1.5865613,-0.6455491,0.7206939,0.5128316,0.2647782,-0.20802873,-0.08435214
-0.55653197,-1.4301794,-2.8824105,-3.2129626,-1.2845817,0.36025998,1.5823249,1.0183343,0.26626363,-1.3788056
-0.669627,-0.88262403,-2.7007563,-2.360006,-0.97004235,0.6638648,1.348776,0.64799815,-0.11617882,-0.40276882
-0.16689181,-1.7502488,-3.2174563,-2.4873462,-1.0867003,1.2104806,1.9523377,1.6697237,-0.008124113,-1.0498286
-0.44798714,-1.3606946,-3.38296,-2.5090814,-0.7307895,1.1398674,2.0159085,1.0626911,-0.2782204,-1.0005052
-0.8227048,-0.7045342,-2.646042,-2.5763757,-0.7259237,0.49187654,1.6283331,1.1210892,0.12356345,0.016293371
-0.8596028,-1.4387053,-3.6638212,-3.4746828,-1.1877158,0.8200028,1.3188739,0.87930846,-0.2630113,-0.47024828
-0.2585388,-1.448812,-3.4942331,-2.7168653,-0.8667245,1.4512702,1.9126183,1.3042763,0.2601701,-0.4445585
-0.3971443,-1.0349082,-3.6550565,-2.947669,-1.3708444,0.5860552,1.2382444,1.3189049,-0.13600208,-0.52346087
-0.19843985,-1.1973128,-2.6155746,-2.984484,-1.3763891,0.9167701,1.6260222,1.2521006,-0.20611884,-0.8189277
-1.0517164,-1.2948864,-3.7207315,-2.7530856,-0.44955006,1.800761,2.027032,1.2338566,0.115812235,-0.5879464
-0.66799855,-1.0842098,-3.8600845,-3.8695726,-1.3026999,0.95131576,1.9375998,1.4568988,-0.3811748,-0.9643337
-0.65893686,-0.7624293,-2.1625686,-2.109193,-0.30412424,1.4233841,1.4132389,0.6215544,-0.26857382,-1.0011957
-1.3245461,-1.3733541,-3.7386022,-3.6122253,-0.6928753,1.0892079,1.6895897,0.7808319,-0.08215955,-0.9820114
-0.19411556,-0.79170215,-2.5466342,-2.2117934,-0.7059827,1.0196316,1.9109908,1.5147071,-0.019576559,-0.8632393
-0.1860183,-1.7389826,-3.6947062,-2.915269,-1.2402524,0.90396506,1.5220282,1.4090205,0.25190985,-1.114661
-0.38583213,-1.5920817,-3.7885654,-2.8088882,-1.1155313,1.0108331,2.1124876,1.6281258,0.3290567,-0.6863153
-0.8165747,-1.3056477,-2.8321877,-2.488391,-0.6626838,1.1641937,1.4709439,0.9520596,-0.5117916,-0.66622305
-0.7342957,-1.1007359,-2.8510237,-3.697445,-1.1552274,0.7179931,1.6740217,0.6650817,0.076516114,-0.48617253
-0.67297477,-1.0211364,-3.2237918,-2.4480062,-0.44258532,0.9286692,1.1373937,0.77436805,0.48618793,0.14652929
-1.2957563,-1.9009312,-3.8195589,-3.1574817,-1.0904038,0.9270806,2.0020843,1.4203241,-0.08644808,-0.6181947
-0.58482,-0.69887847,-2.7563088,-2.4334867,-0.8478797,1.4051226,2.3078196,1.3057735,0.036812756,-0.48516023
-0.82886416,-1.2310425,-2.9551015,-2.6104562,-1.2026142,1.1309626,1.714505,1.048823,-0.1886799,-0.7526118
-0.73076415,-1.2149891,-3.2036076,-2.7871308,-1.2857445,0.5556282,1.6825683,1.2276766,0.61426324,-0.62316823
-0.96092045,-1.1779451,-3.6251912,-3.9732594,-1.4234828,0.38013765,1.4168749,0.43226078,-0.32598254,-0.10092944
-1.3423975,-1.6376575,-3.713959,-3.2380035,-1.228969,1.0041782,1.5001035,0.9956549,-0.29370216,-0.52080953
-0.53201336,-0.94158816,-2.0101466,-1.943349,-0.5884116,0.722048,1.2053661,0.80096215,-0.4231691,-0.79682046
-0.67259395,-1.0065621,-3.3795516,-3.3237877,-1.1763239,1.0163711,1.9535998,1.2878658,-0.24779728,-0.15591763
0.030072499,-0.1066388,-1.4375573,-1.734458,-0.92330766,0.8982765,1.6157094,0.5092294,-0.1885369,0.39715713
-0.45242676,-1.21143,-3.0545995,-2.3124905,-0.5865054,1.311588,1.58048,1.049243,-0.20670493,-0.73810846
-0.57927907,-1.3868973,-3.099572,-2.884852,-1.3049501,0.32189506,1.0364633,0.98859996,0.38640934,-0.35883364
0.014211166,-0.9631129,-3.2279265,-2.540721,-0.87560284,1.4656924,1.9857544,1.2925941,0.2895216,-0.048087478
-0.6132415,-1.8050075,-3.1472547,-2.540071,-0.9236998,1.0105339,1.3801305,1.1110219,-0.5559339,-0.66766113
-0.980889,-1.335693,-3.5832577,-3.0342026,-1.4318272,1.4846123,1.3788753,0.55875456,-0.15178111,-0.9832382
-0.79820895,-1.4521215,-2.8607771,-3.1813343,-1.3560243,0.68996745,1.7988814,1.2641193,-0.12487113,-0.54795116
-0.71560687,-1.6613113,-3.682233,-3.0352623,-1.0926284,0.8243272,1.6962502,1.5130044,-0.032475416,-1.1167709
-0.3613503,-1.3013552,-2.807578,-2.806303,-1.5452777,0.40455925,1.7346956,1.312532,0.36924192,-0.041649666
-0.49975592,-0.9699434,-2.494852,-2.124904,-0.38044658,1.3050843,1.3588703,1.1289998,0.098866835,-0.84215117
-1.0149635,-1.6274621,-3.33432,-2.9682138,-1.4017998,1.0991333,1.5133886,1.0889894,0.084685735,-0.6930624
-0.24852589,-1.0249159,-3.4046514,-3.4406593,-1.1473281,1.6827917,2.0707207,1.3651463,0.19002478,-0.4015457
-0.3139152,-2.5803595,-3.8264596,-3.4806545,-1.3581038,0.88525045,1.925303,1.168036,0.026072433,-0.91207534
0.09741909,-1.6783586,-3.8248336,-2.9800563,-1.2890322,1.2822957,2.7371423,1.8289305,0.2509174,-0.66179425
-0.18986784,-1.3083797,-3.1360743,-2.5374033,-1.4568205,1.0086669,1.9161166,0.7348898,-0.55501944,-0.6316758
-0.7899736,-1.4336492,-2.5591354,-3.2934954,-0.922403,0.7591597,1.482634,1.2181214,0.12874614,-0.6208495
-0.5165702,-1.6732792,-3.7783315,-3.0208237,-0.6339161,1.0001354,1.5057987,1.337946,-0.56291,-1.378643
-0.047937676,-1.0741543,-2.505725,-2.2742686,-0.72176045,1.0363685,1.8300662,1.8499975,0.2143565,-0.8269635
-0.41319686,-1.3870829,-3.5094085,-2.769662,-1.0268718,1.152871,2.198038,0.9315233,-0.32453793,-1.2707433
-0.10922279,-0.93925625,-2.6930099,-2.5915122,-0.8858056,0.88329124,1.5464331,0.98253506,0.12796345,-0.67546356
-1.0390997,-2.4463382,-3.9072561,-3.727855,-1.3000631,1.1904514,2.2294042,1.6987392,0.21918647,-0.74218
-0.368598,-0.5261124,-1.8029491,-2.6972015,-0.9487139,0.9896017,1.4518913,0.52324575,0.20065157,0.30252856
-0.089713186,-0.14620349,-1.66506,-1.9772726,-0.65053964,0.5934267,1.3554722,0.5280107,-0.106531896,-0.30883747
-0.22948436,-1.0700027,-2.5731966,-2.2954648,-0.5893959,0.776287,1.1031194,0.77425617,0.29767224,-0.1657883
-0.37500253,-0.7502862,-2.8340707,-2.794987,-1.0547303,0.8404371,1.0921514,1.2383971,0.40751034,-0.61889726
-0.545087,-1.7022913,-3.5846484,-3.0324516,-1.0467007,0.31425226,1.6978948,1.4035298,0.049513973,-0.9116322
-0.7603995,-1.644485,-3.7189167,-3.9093187,-1.152705,1.5318496,2.213701,1.868164,0.09643234,-0.4127433
-0.13550943,-0.54987496,-2.4321666,-2.0488303,-0.71179724,1.0094445,1.3054527,1.0410117,0.4666587,-0.46466658
-0.43067834,-1.232038,-2.6768236,-3.1915457,-1.3836694,0.98664826,2.279622,1.0079904,-0.29676586,-0.39214823
-0.43790787,-0.9419776,-3.0086296,-2.719163,-0.93661195,0.560474,1.1805172,0.5589566,0.14530167,-0.19602264
-0.48822778,-1.2587013,-2.7582655,-2.8963754,-1.1900231,0.71205753,1.1107211,0.6085966,0.6942242,-0.4211638
-0.40398863,-1.1200892,-2.6642973,-3.0452106,-0.8275157,1.0320057,1.5630571,1.1000496,-0.29504108,-0.5847081
-1.1796526,-1.2079669,-2.712738,-3.4041717,-1.3111564,1.4699817,1.4436266,0.80736125,0.352676,0.27464905
-0.39942136,-1.2621145,-3.4467955,-2.8163323,-1.360154,1.3376651,2.0725796,1.2301719,0.04492317,-1.1782823
-0.87554145,-1.4187373,-3.0885074,-2.6235132,-0.8268614,1.7902353,1.6788657,0.8046814,0.1365624,-0.7108905
-0.2897309,-1.3404449,-3.2567153,-2.9309351,-0.6344188,1.6292855,2.066985,1.0217257,0.1712461,-0.67526466
-0.24764541,-0.8448278,-2.7395709,-2.3829646,-0.66751736,1.121905,1.3139092,1.0775824,-0.052546933,-0.52825224
-0.3630889,-0.77967,-1.6101745,-1.4506795,-0.35307825,1.1422095,1.4479994,0.46887293,-0.16038994,-0.43179086
-0.69755757,-0.9142522,-2.6984396,-3.2036796,-0.8979378,0.8973664,1.4926585,0.84761333,0.023683878,-0.3511775
-0.24164093,-1.0304358,-3.603207,-2.9696643,-1.366471,1.0681777,2.3146641,1.1639706,-0.2431507,-0.14315198
-0.30437255,-1.4436369,-3.360917,-2.8654716,-1.2011209,1.0824988,1.7440718,0.6727412,-0.36325115,-0.036941145
-0.7237834,-0.29484737,-2.908241,-3.6077502,-0.82085186,1.1637616,1.4396455,1.0177779,0.053066652,-0.21953754
-0.4158989,-0.94844157,-2.670532,-2.6254508,-0.7734696,1.4074916,1.4442333,0.9600566,-0.17277223,-0.95280385
-0.2528342,-0.28183338,-2.7710755,-2.9883032,-1.1108829,0.60428923,1.6218747,1.1076391,-0.24147896,-0.51776874
-0.23915565,-1.7841644,-3.4501626,-3.5665493,-1.7215571,0.89527637,2.1393256,1.7559127,-0.3021278,-0.6185739
-1.5193856,-0.92696255,-2.1357017,-2.3889995,-1.5007612,-2.007384,0.14604597,1.1327559,0.6043094,-0.45030567
-0.05220913,-0.14450236,-2.8695064,-2.3973055,-0.83157295,1.2100674,1.3586051,0.62807775,-0.08389792,-0.5378361
0.8699792,-0.90592146,-2.53632,-2.6077907,-0.5370991,1.1475772,1.6088865,1.1636945,-0.029532863,-0.06729432
-1.13102,-1.124471,-3.2709775,-3.2540476,-1.33086,0.76976174,1.8023994,0.9458222,0.09473813,-0.4287819
-0.38228732,-0.9357542,-3.48603,-2.764768,-1.1757773,0.806699,1.6890785,1.3856319,0.14911051,-0.30271292
-0.603448,-1.2839314,-3.1428766,-2.9304404,-1.2971208,0.8742127,1.8358874,1.132368,0.33141214,-0.54100597
0.077290505,-0.9124605,-2.5193276,-2.0726116,-0.68505585,0.946675,1.6306018,0.7484213,0.6158526,-0.23067962
-0.84283954,-1.1747252,-2.8103218,-3.1547098,-1.1059834,0.81046647,1.4589857,0.5343147,0.19377908,-0.3537378
-0.5041914,-1.554477,-3.7213755,-3.4942832,-0.9336585,1.3468779,2.2780452,0.81480545,-0.1746944,-1.2598414
-0.916614,-0.9722776,-3.0082405,-3.0628877,-0.9532248,0.91283107,1.9827251,1.0984442,0.11474082,-0.51264733
-0.85187465,-1.3893762,-3.7458358,-3.3943546,-1.5184622,1.2458749,2.4730337,1.2844162,0.56971747,0.08715836
-0.5872656,-1.128933,-3.100236,-2.910423,-0.9082293,0.8442642,1.4549081,1.440631,-0.041826554,-1.3006083
-0.2028392,-1.1311457,-3.3236184,-2.389933,-0.92573977,1.2033917,1.8255781,0.9312541,-0.402731,-0.6882081
-1.1627582,-2.2548866,-2.9939542,-3.0517972,-1.0715152,1.3245589,2.1909974,0.5985172,-0.24317971,-0.5468534
-0.32254612,-0.74948066,-2.7214997,-2.521921,-0.47295678,1.5351406,1.5457902,0.5814713,-0.14240973,-0.59132546
-0.67111224,-1.5942739,-2.9486833,-2.7123811,-0.8087256,0.6736202,2.167982,1.4283915,0.04764515,-0.40980914
-0.27500886,-1.5111002,-3.8190877,-3.467476,-0.64448,0.88780224,2.01303,1.1645905,0.39029646,-0.4406449
-1.257061,-1.2672808,-2.47451,-3.2968054,-1.0991415,0.96287245,1.7955338,0.828224,-0.15316652,-0.94636315
-0.68507457,-1.2597698,-3.0359104,-2.5759795,-0.8446208,0.66182977,1.8172048,1.3714199,-0.4541623,-0.2201928
-0.71694535,-1.8192992,-3.9301083,-3.5992808,-0.8335243,1.6552964,2.1745586,1.0237962,0.1750191,-1.024571
-0.46071762,-1.3909224,-3.776345,-3.3480139,-1.0534807,1.1524619,2.0101461,1.5774536,-0.154785,-0.77538705
-0.8843432,-0.85735387,-2.515045,-2.1061778,-0.4472602,1.0052968,1.2455561,0.7349944,0.088216,-0.35813382
-0.45900813,-1.349961,-2.57725,-2.7415667,-0.7272579,0.99064195,1.8475254,0.8412397,0.04439829,-0.7535692
-0.41792223,-1.1748255,-3.1377928,-3.557453,-0.83733195,1.189975,1.9674239,0.838471,0.38772812,-0.6625364
-0.33713856,-1.510844,-3.8764837,-3.5026286,-1.3169794,0.7776146,2.3665683,1.3512018,-0.24571252,-1.174772
-0.9615647,-1.3930031,-3.5015786,-3.214188,-0.8169661,0.7393677,1.8669418,1.466195,0.09891325,-0.8486567
-1.1982002,-1.2074343,-3.5678852,-2.6123912,-1.1277297,1.3442975,1.7653815,0.6953895,-0.19419219,-0.6138488
-0.33162233,-0.7913994,-2.7521257,-2.601912,-1.04666,0.92224556,1.3956587,0.9778217,0.0067395247,-0.44252583
-0.2478848,-0.90260077,-2.945963,-3.0968459,-1.1931453,0.969617,1.9328591,1.5241711,0.34695852,-0.630847
-0.9094023,-1.1318532,-3.633613,-3.1020606,-1.1204185,0.34861347,2.067251,1.7914044,0.37229016,-0.17970163
-0.9067138,-0.99643403,-3.4479144,-2.560458,-0.79450756,1.0009539,1.4085006,0.57130635,-0.64273554,-0.66128093
-0.8624421,-0.877286,-3.5169713,-2.7363107,-0.61146706,1.4736449,2.008012,1.0350493,0.05185187,-0.40167788
-0.26359195,-1.5735228,-3.7376866,-3.4964862,-1.0919743,1.2652035,2.0985875,0.77222574,-0.4868674,-0.18248157
-0.19884409,-0.66802347,-2.727381,-2.9375865,-0.8697532,1.036569,2.1181455,0.9528042,0.06498847,-0.93212515
-0.7292199,-0.7216288,-3.2384968,-2.283687,-0.88895935,0.6782124,1.0477945,1.0132146,0.12958527,-0.8101112
-0.8110207,-0.94387394,-3.5163167,-3.0184984,-0.9393319,1.4331182,1.9933871,0.6987036,-0.1343018,-0.1421032
-0.011617792,-1.0966895,-3.3552222,-2.433493,-0.57168424,1.3287905,1.8497611,1.0189856,0.026053013,0.20993032
-0.015526412,-1.119214,-2.9799635,-2.7007658,-0.9540497,1.0719131,1.7656896,1.2450384,-0.30007514,-0.19732699
-0.38843128,-1.6240771,-3.812038,-3.1313386,-1.1068487,0.8523512,2.0571518,0.7502179,-0.18368997,-0.702354
-0.51703584,-0.81217355,-2.3188765,-1.8166322,-0.60441834,0.7239701,1.5464007,0.5176141,-0.1439157,-0.054790135
-1.1712911,-1.2287244,-3.1485004,-2.6000342,-1.1555251,0.67529887,1.9514099,1.2396607,-0.2798633,-1.0978352
-0.7359664,-0.4564515,-1.1376593,-1.8962152,-0.8598308,0.6164603,1.3743198,-0.017888313,-0.05439221,0.6529928
-1.5880731,-2.9466634,-3.8971412,-3.4666734,-1.3686128,1.1312163,1.9062912,1.0599706,-0.60242647,-1.4212096
-0.49506155,-1.203738,-2.520875,-2.7657773,-0.9280924,0.7265667,1.6185119,1.2421023,-0.1385457,-2.0544412
-0.5030602,-1.6034155,-3.6823664,-2.3110063,-0.847301,0.5583352,1.5922179,0.9269202,0.018260198,-0.6564315
-1.2284412,-1.0226406,-3.4116027,-3.5052328,-1.3727654,1.0986866,1.3531694,0.4532637,0.10053404,-0.6775583
0.041865602,-1.0168883,-3.588089,-3.4443529,-1.2771819,1.644891,2.503952,0.87050253,-0.248355,-0.121219404
-0.50564057,-1.602293,-3.2596257,-2.678632,-1.1324238,1.2400111,2.20694,0.7858996,-0.32853878,-0.91289496
-0.34500808,-0.4326011,-1.8387251,-1.7449888,-0.7891842,1.0983359,1.4660321,0.4021477,-0.42381507,-0.4771816
-0.65602624,-1.2373188,-3.3283234,-3.1270967,-1.2538975,0.9373626,1.7726345,1.0717291,0.3118779,-1.1319185
-0.4855483,-0.7784612,-1.2646265,-1.6519039,-0.67429936,0.89626926,1.048699,0.3663894,0.12467923,-0.48978797
-0.70768934,-1.3863955,-3.0034752,-2.494042,-0.7628676,1.1251432,2.3248944,1.4086907,0.005310216,-0.9791938
-0.43759996,-1.0765069,-3.094592,-3.577902,-0.7182563,1.4554306,2.2561305,1.477954,0.031334143,-0.580729
-0.37613747,-0.7676337,-2.6610162,-2.3028526,-1.2113551,0.8124611,1.6171848,1.6106389,0.29235876,-0.54742914
-0.9234994,-1.6409187,-3.85381,-3.5679858,-1.2090245,1.1585609,2.12216,1.0291816,-0.059077106,-1.5025886
4.841182,-0.46804133,-1.5220528,-1.7910086,-0.2971268,1.6836812,2.37919,1.7516065,-0.2907191,-1.0533692
-0.9241178,-0.4767862,-2.119634,-2.62541,-0.9664135,0.8179078,1.198551,0.79490197,-0.2972588,-0.66686535
-0.5848443,-1.0846069,-2.569928,-2.5899527,-0.60165787,1.1276324,1.5780439,1.1912068,0.1867632,-0.04237116
-0.090719834,-1.3353697,-3.2675664,-3.0889344,-1.0651767,1.0057794,1.8155341,1.2277073,-0.07712947,-0.7455916
-0.6885787,-0.9259106,-2.763183,-3.6382723,-1.2773906,0.94562745,1.7097756,1.1496589,0.38202807,-0.06786208
0.20581333,-1.4466145,-2.8853247,-2.4889402,-0.4297674,1.3910551,2.0603058,1.229457,0.27260938,-0.7363234
-0.583179,-0.5617939,-1.1060469,-1.8085955,-0.90428597,0.86182404,1.0633144,-0.038419787,-0.09380741,-0.029435644
-0.53493327,-1.1852368,-3.015338,-3.793401,-1.2294354,1.1184475,2.1023076,1.2292774,0.29066807,-0.3964087
-0.66782284,-1.4739046,-3.7122467,-3.0822995,-0.7848131,1.1150016,2.0086231,0.78639036,-0.1575457,-0.39463982
-0.21640359,-1.2135532,-2.8894722,-3.3986285,-0.726301,1.5859269,1.8746789,1.472878,0.14508101,-0.07807531
-0.51926076,-1.6449856,-3.439506,-2.6211433,-1.1545031,0.5363709,1.8048927,1.0805203,-0.13709666,-0.37665382
-1.2051324,-1.2293168,-2.7971117,-2.4530487,-1.1684505,0.7160602,0.32496026,0.70505726,-0.10415728,-0.36482993
-0.6163555,-1.3283488,-2.5332813,-2.07745,-0.6450824,0.8216329,1.4358754,0.68366486,0.19036232,-0.28318015
-0.5266365,-0.56424946,-1.3915104,-1.8075246,-1.5814509,0.7328741,0.25828707,-1.055959,-0.4962554,-0.7654899
-0.58494186,-1.8038349,-3.559412,-2.8111577,-1.0409964,0.6551902,1.875144,1.1221412,-0.2707541,-0.71548045
0.108371325,-0.8223232,-2.3081932,-2.2430725,-1.1338629,0.79993397,1.2629646,0.93601644,-0.114633344,-0.074487835
-0.5889818,-0.46745548,-2.2486808,-2.508777,-1.0618474,0.46855474,1.2617271,0.8733839,-0.119070165,-0.57165027
-0.42539334,-0.8570199,-3.3100967,-3.101915,-0.79505646,1.695535,1.636105,1.3366036,0.4248418,-0.20305233
-0.531263,-0.95822966,-3.5627317,-2.6898868,-0.75131375,0.67940813,1.7608234,1.3711853,0.28689227,-0.27008733
-0.266081,-1.6956217,-3.6240323,-3.6087534,-1.0461559,1.6469578,2.2696471,1.1510535,-0.07579109,-1.0083668
-0.7904032,-1.4530685,-3.1913111,-3.1076577,-1.18846,1.2785468,1.9016451,1.0960811,0.19624266,-0.40685123
-0.42398998,-0.21711184,-2.0172925,-2.099857,-0.7159239,1.294751,1.7441474,0.75098616,0.24073476,-0.084105395
-1.6935581,-0.7354546,-1.8678492,-2.340038,-1.4191155,0.5843798,0.85355574,0.34322375,-0.11052575,-0.31541213
-0.35372928,-1.3429835,-2.8544173,-2.5902672,-0.43932167,0.9364259,1.6569549,0.9796804,-0.6487422,-0.89952457
-0.5331212,-1.0667268,-2.7642405,-2.8162704,-1.2812775,1.3046968,2.0694604,1.2521044,0.1070064,-0.84453845
-0.58348626,-0.96076065,-3.679938,-3.2426507,-0.99235564,1.1329888,1.8536226,1.2235941,0.20067161,-0.189422
-0.7873793,-0.41674218,-2.7659638,-3.2191737,-0.93764585,0.36388853,0.9269805,0.6974711,0.067309715,-0.05226112
-1.070963,-1.3804107,-3.2129452,-3.4156926,-0.8207389,1.3257234,2.3848817,1.8281159,0.058299005,-0.75399905
-0.81963205,-1.5798876,-2.683962,-2.2339196,-0.8854151,0.99795127,1.5570047,0.3619825,-0.20857754,-0.72737575
-0.8458316,-0.9328148,-3.3283436,-3.6054513,-1.0024467,1.1257627,1.8675574,1.0246074,0.014570825,-0.2131658
-0.92827797,-1.2993042,-2.9838126,-2.4800215,-1.1788826,1.391536,1.8128926,0.73909074,-0.3485554,-0.9163765
-0.50733364,-2.063497,-3.9569387,-3.2148757,-0.8251673,0.8211607,2.3405876,1.4203277,0.022726228,-0.8840288
-1.3496199,-1.5333945,-3.213217,-2.56627,-1.0857916,0.8823094,1.3197992,1.0876359,-0.6618457,-0.7404394
-0.9281349,-1.4408686,-3.1218178,-3.2217813,-0.9849019,1.4489522,2.0955882,0.90301615,0.23806888,-0.69931823
-0.23988916,-1.3452938,-3.3847146,-3.4576993,-0.91692746,1.7467247,2.303377,1.1844406,-0.81820256,-0.7958668
-1.0390534,-0.7659797,-3.1149278,-3.3379428,-1.0647205,0.7362821,2.1433892,0.9007732,-0.050902665,-0.32627976
0.03747232,-1.3558658,-3.7075868,-2.989527,-0.82178295,1.0836949,1.9575616,1.1060141,0.75955945,-0.2476869
-0.14042631,-0.5615731,-3.3849485,-2.427669,-0.610924,0.9032568,1.6459081,1.1207247,-0.09347712,-0.50993484
-0.2529438,-1.1178838,-1.9617143,-2.658575,-0.7647949,1.3760481,2.104467,0.9585915,0.017960815,0.18932515
-0.34971938,-0.74809086,-1.9943608,-3.3237371,-1.0510398,1.1081161,2.260885,1.219449,0.2706462,-0.64054555
-0.64163166,-0.5953439,-2.2727592,-2.8672066,-0.888074,0.9098097,1.6672639,1.5776857,0.10015081,-1.0741285
-0.45611808,-1.2425398,-3.6598363,-2.9055305,-1.0530188,1.108625,2.1350958,1.1644756,0.039904002,0.019120926
-0.8163188,-1.7754649,-3.882631,-4.0114226,-1.3080673,1.1219401,1.6316179,0.70715904,-0.1124115,-0.87726665
-0.59040946,-1.6774949,-3.9484644,-3.8300524,-0.9197702,0.5631835,1.7262045,1.1293536,0.041169688,-0.91165954
-0.20279044,-2.0968103,-3.6868534,-2.8168983,-1.0489628,1.1679101,2.379168,0.99582976,-0.056957405,-0.61647403
-0.3584941,-0.9519388,-3.1320233,-2.7522883,-0.8948745,1.2055581,1.805408,1.1072118,0.08924138,-0.69682616
-0.5205106,-1.199839,-2.6978157,-3.1364481,-1.2142801,1.2403045,1.4018687,0.83002895,-0.22322683,0.030104512
-0.47541523,-1.2147175,-2.6829872,-1.9831109,-0.9371874,1.4137334,1.7692866,0.7167746,-0.15892427,-0.07785698
-0.76982677,-1.3906646,-3.0700943,-2.664598,-1.1517367,0.8659617,1.1248978,0.69560826,-0.61570567,-1.2097715
-0.7833019,-1.7554845,-3.3222406,-2.4356134,-0.8032773,0.84168327,1.816782,0.80288225,-0.5509813,-1.2673326
0.046931446,-1.373196,-2.963746,-3.8228161,-1.5606159,1.026664,2.3764205,1.4889077,0.10774146,-0.27795434
-0.5931243,-0.6603762,-1.9261131,-2.4737222,-1.0192047,0.92771417,1.0226306,0.32019848,-0.6010371,-0.5656267
0.33927384,-0.8446236,-2.5362897,-2.3954034,-1.3139396,0.78690773,1.633994,0.82862335,0.24173023,-0.5004696
-1.0057464,-2.3548465,-3.8616698,-3.6103566,-1.1088,1.042769,2.074912,1.2056875,-0.26079968,-0.8822283
-0.30205712,-0.41139042,-1.6454017,-2.280243,-0.96011215,1.0788383,1.1821334,0.24049458,0.029685872,0.09780836
-0.90383196,-1.1755682,-3.0130832,-2.269711,-0.79403436,0.94194645,1.5161929,0.6288093,-0.95915383,-0.92826754
0.00028769983,-1.2465384,-3.8721218,-2.9573407,-1.0408543,1.0823499,1.7950454,1.310233,-0.00039607243,-0.22957228
-0.82151145,-0.8715383,-3.6626346,-3.5352829,-1.7756945,1.3801153,2.091969,0.940637,0.47019243,-0.24066105
-1.023983,-0.99462354,-3.331152,-2.9416578,-1.0156009,1.0283022,1.7282258,1.055581,0.316508,-0.13657519
-0.6141878,-1.0051236,-3.0448596,-3.14453,-0.86575097,1.1392422,0.96795404,1.075238,-0.0831151,-0.7237486
-1.2069596,-0.9311009,-3.2960126,-3.0306697,-1.054252,0.9512528,1.6153158,1.1003886,0.04008844,-0.30810967
-0.110681176,-1.1522701,-3.0422482,-2.3900099,-0.43170077,1.0548387,1.4577972,1.1689402,-0.393636,-0.40091908
-0.3446116,-1.2815392,-3.748169,-3.243841,-1.2043588,1.3522873,2.4175632,0.7922944,-0.3277427,-0.69397044
-0.4724196,-1.3688898,-3.5790572,-3.6502833,-0.80924433,1.4218187,2.1234508,1.2163807,0.06297028,-0.7413468
-0.33082226,-1.1741499,-3.8465378,-2.9628968,-0.9161413,0.877614,2.0724611,1.3277206,0.6020133,-0.16837242
-1.1359788,-1.0925211,-2.357807,-2.6277344,-1.1932892,0.54643893,0.8398341,0.3375502,0.05983252,-0.48442054
-0.39067835,-1.5504601,-3.6069734,-2.8844445,-0.9184952,1.2777473,2.1268299,1.9517384,0.05094487,-0.7685808
-0.36805168,-1.1672066,-2.8621242,-2.7959576,-0.505611,1.405015,1.6879009,0.6189096,-0.1142752,-0.3744997
-0.04998105,-1.6205273,-3.54051,-3.4840908,-1.078778,0.91785294,2.1255522,1.3452636,-0.114189506,-0.96127045
-0.9108434,-1.0711192,-3.0501266,-3.2553623,-1.0786661,0.9127873,1.7152244,1.0395122,0.19550815,-0.7587513
-0.26546428,-1.7090596,-2.637895,-2.9392524,-1.3625876,0.5860203,1.5635259,0.9077055,0.117758505,-0.015227151
-0.49871337,-0.4608068,-2.167153,-2.4640183,-1.5441004,0.93839395,1.7746296,0.615489,-0.11467516,0.19456466
-0.6267419,-1.2460936,-3.391938,-3.1062293,-0.77514666,1.3850609,1.6837636,0.848634,0.20978762,-0.61556184
-0.21542497,-1.0928373,-2.4220536,-2.207254,-1.0025635,0.91190374,1.3870894,0.8878525,0.21465175,-0.40669087
-1.3054873,-1.214509,-3.186046,-2.1288888,-0.70199436,0.88104165,1.6016763,0.9654915,-0.11400311,-0.302389
-0.33286366,-1.1444294,-2.9430192,-2.8109107,-0.84065217,1.3266761,1.5207092,1.1896098,-0.2239674,-0.3294098
-0.23386845,-0.45091227,-1.8191339,-2.3429406,-0.5826735,0.46024132,1.1648006,0.6637942,0.2685639,-0.0917697
-0.8876534,-1.4682355,-2.436524,-2.4991071,-0.85288566,1.5406649,1.6394303,0.59045726,-0.04714157,-0.7192294
-0.8370162,-0.67355883,-3.1986544,-3.0903795,-0.87712216,1.3100097,0.9894325,0.8717421,0.014671001,-0.39973485
-0.47294456,-1.3677301,-3.0199351,-3.1238227,-1.7347704,0.9821914,2.2054267,1.1738414,0.059683535,-0.35370076
-0.9072371,-1.0990868,-3.3196585,-3.1985579,-0.96405685,0.60047853,2.1636324,1.4907533,0.20530558,-1.1993016
-0.24624634,-1.5502014,-3.7550554,-3.4138649,-1.2487016,0.77825034,1.4121372,1.0224687,0.49748635,-0.41392666
-0.31165773,-0.7888407,-2.7912223,-2.7499084,-1.1709497,1.0848755,1.9796205,1.1982065,0.35803947,0.12327219
-0.39660245,-1.2543441,-2.0482504,-1.9407489,-0.37668148,0.40575913,0.7556,0.2513007,-0.62277126,-0.9674468
-0.122279875,-1.8063668,-3.8352587,-3.0378163,-1.0659842,0.8156416,1.8598567,1.3445748,0.068135835,-0.9175337
-0.12620908,-1.404762,-3.1863925,-2.7893786,-0.97317517,0.83997196,1.4605215,0.80470055,0.20331526,-0.39622125
-0.18944184,-1.0561463,-3.1435714,-2.474283,-0.6545511,1.1678065,1.3811536,0.8134761,0.28799003,-0.09156702
-1.0165056,-1.3065661,-3.1547368,-2.6879222,-1.261591,1.5584787,1.7391735,0.82594335,0.15329342,-1.1393737
-0.11521194,-1.3642486,-2.68071,-2.4339917,-1.0008625,1.0771799,2.131146,0.9247681,-0.10101709,-0.07981916
-0.47447306,-0.9504562,-2.9206483,-3.0833962,-1.0135329,0.761427,1.115245,0.9033254,-0.3337389,-0.7696159
-0.5758325,-0.766747,-2.451137,-2.0566833,-0.664707,0.9260444,1.4084882,0.3899557,-0.49571076,-0.89777863
-0.92379266,-0.67082703,-2.9166687,-3.0764682,-1.3162,0.7678954,1.962794,0.48582193,0.61133885,0.01858284
0.3295782,-1.2718186,-2.2942767,-2.0771756,-0.76863205,0.98746574,1.2230593,0.68030196,-0.042712398,-0.19651091
-0.086491704,-0.8800855,-2.6212122,-2.5868335,-1.1675204,0.82406926,2.2399576,0.5370476,-0.40758792,-0.6603269
-0.37257224,-0.94972306,-3.2358472,-2.8870802,-0.6240695,1.0865796,1.501124,0.94671625,-0.2500412,-0.6702575
-0.59678185,-1.212392,-2.9243286,-3.0197217,-0.6548704,1.4026616,1.8833275,1.2133179,0.014834022,0.061452635
-0.8450371,-0.91612303,-3.052814,-2.5314507,-1.5242865,0.8433819,1.4542162,0.6358719,-0.12735705,-0.76030916
0.16177036,-0.8374058,-2.7425954,-2.1673007,-0.89343894,1.2244033,1.7017156,0.9649243,0.00057604426,-0.5312947
-0.053595632,-0.9289144,-2.8284338,-3.0644126,-0.7385715,1.342782,2.146561,1.4326407,0.31113282,-0.86310494
-0.6915609,-1.1238636,-3.5909455,-3.5025964,-0.86999357,0.8743867,1.678814,1.7380561,0.33794603,-0.94069254
-0.1156163,-1.1681855,-2.675058,-2.3145735,-0.55004406,0.9838173,1.7296019,1.0747484,-0.32691517,-0.5374357
0.06043794,-0.17138831,-2.3396437,-3.1551971,-1.1060319,0.79258454,2.1739593,1.0920641,0.19084588,0.11902131
-1.2345873,-1.6489636,-3.1555686,-3.3020794,-1.4065034,1.3583765,1.9056095,1.2004735,-0.35815185,-1.1822863
-0.96874964,-0.9824702,-2.9090421,-2.832436,-0.8519061,1.0943922,2.3169913,1.0381795,-0.13924065,-0.3284738
0.017602144,-1.5311137,-3.5870717,-2.9395235,-0.45497066,1.7092729,1.8641839,1.221501,-0.20009854,-0.5273668
-0.6274565,-1.3418326,-2.8611085,-2.4424298,-1.0374627,0.60216415,1.3147099,0.76407874,-0.37088674,-0.13193749
-1.048317,-1.0744983,-3.8096025,-3.7923877,-1.292516,1.187398,2.1384182,1.6335715,-0.27895227,-0.8539364
-0.2470073,-1.193186,-3.4423952,-3.6731365,-1.1843381,0.988879,1.8800186,1.5387828,0.16531946,-0.45695266
-0.9061298,-1.4243877,-2.5449219,-2.913302,-1.3863604,0.038675975,1.6623219,0.9500925,0.06321466,-0.44225183
-0.7026291,-1.2953056,-2.7543983,-2.5758674,-0.8105823,0.8716899,1.4362617,0.9917521,0.2789642,-0.994483
-0.0024330728,-1.8551058,-2.770507,-2.6458259,-1.0598884,0.8458985,2.3175178,1.3491594,-0.021101482,-0.8218205
-0.81048244,-0.9289171,-3.361654,-3.050738,-1.2724804,1.2038953,1.9370242,0.9839687,-0.07763814,-0.49292687
-0.42426616,-1.290522,-2.9684348,-3.1988192,-0.955694,1.4199847,1.9515541,1.0377069,-0.018326161,0.4374908
-1.119223,-1.4975449,-3.695952,-3.763684,-1.5933439,1.0009098,1.8645905,1.5412172,-0.2421726,-0.82635367
-0.9325165,-1.3935671,-3.1859868,-2.722077,-0.90222746,1.205136,1.6996098,1.8377795,-0.16010024,-1.2866955
-1.0140655,-0.7056848,-1.9528823,-1.9320465,-0.5048562,0.66559744,1.1772091,0.94282883,0.59791553,-0.14489013
-0.0680523,-1.2706218,-2.86013,-2.4246397,-1.1022452,1.1027025,2.1650407,0.8016199,-0.55691564,-0.8615148
-0.5607532,-0.24800372,-1.8177098,-2.0827246,-0.7690438,0.7705211,1.5060961,0.558397,-0.27314788,-0.44452927
-0.5619021,-1.3282951,-3.1762488,-3.3779879,-1.1991869,1.4705604,1.9025171,1.504438,-0.09220426,0.33357066
-0.9880847,-1.0231601,-3.0629811,-2.7351062,-1.0481998,0.8849175,1.1628884,1.2528678,-0.11563797,-0.368729
-0.31796595,-1.2524688,-3.2693434,-2.5845978,-0.9128765,1.4579217,2.2447183,0.9958369,-0.036034983,-1.1034427
-0.5576463,-1.3247297,-3.5254588,-3.1657994,-0.95533127,0.79714113,2.0857139,1.2373487,0.19899096,-0.14259186
-0.53081536,-0.9907922,-2.133794,-2.3338833,-1.0545028,1.2937865,1.5085194,0.52560246,-0.18695122,-0.35804057
-1.0245901,-0.8319061,-3.0603914,-3.2574985,-1.140157,0.39912713,1.0850195,0.7281905,0.2016227,0.31274757
-0.16703264,-0.7431802,-2.4614432,-2.6307566,-0.4727955,1.0469275,1.3039985,0.8239964,0.004516579,-0.112814695
-0.61345834,-1.3239906,-3.1712372,-2.831411,-0.8899664,1.7868979,1.8861527,1.181645,0.24857278,-0.7063575
-0.5556453,-0.867814,-2.5921917,-2.4581823,-0.9248776,1.0222528,1.6948426,1.0566261,-0.26376677,-0.012685506
-0.23413591,-0.5781588,-3.250917,-2.7627125,-0.40275332,1.39818,1.9351873,1.1210586,-0.4902408,-0.93733174
-0.36376464,-0.83475345,-2.350951,-3.0681674,-0.7809599,1.2179701,1.9855541,0.8446677,-0.3583974,-0.42890272
-0.5467291,-1.2689818,-3.2053883,-2.9566355,-0.542781,0.9776155,1.776008,0.7384434,0.25344238,-0.7208405
-0.5172556,-1.1050247,-2.8422441,-2.5664806,-0.879312,0.7800574,1.6148826,1.1017219,0.31213227,-0.7885737
-0.474207,-0.80009425,-3.5121293,-3.1207354,-1.3283722,1.0946299,2.1028297,0.97587216,0.42393503,-0.23969233
-0.19630376,-0.5667886,-2.0619268,-2.641799,-0.93803495,0.9261871,1.9202523,0.721103,0.14146143,-0.50048745
-0.9460718,-0.69566214,-2.1915843,-2.0839276,-0.6516347,1.006372,0.9587823,0.3542204,-0.57317424,-0.13421531
-1.4625121,-1.2113354,-3.1986847,-3.592833,-1.3182994,0.9606832,2.018274,0.80391586,0.19754477,-0.32464683
0.0180136,-0.6322828,-2.30596,-2.4725847,-0.96876645,1.1022259,1.6161307,0.75551486,0.2580856,-0.1063448
-0.54119444,-1.0828546,-3.3044536,-3.1967785,-1.1430157,1.1177455,2.0439138,1.2930776,-0.49760193,-0.7459555
-0.530035,-0.4144141,-2.0194724,-2.1460485,-0.59390706,0.6611753,1.313582,0.5312797,-0.10240788,-0.59147024
-0.5240399,-0.8883877,-2.6578355,-2.6824994,-0.8386485,1.0378624,1.5963749,0.7827039,-0.14010875,-0.38814884
0.003009119,-1.5057428,-3.527696,-2.7387087,-1.2711228,1.1544093,2.2911365,1.7633563,0.019833667,-0.10405923
-0.7259425,-1.4175829,-3.8366177,-3.871998,-1.7927091,1.134859,1.6899352,1.0484025,0.11053205,-0.32611257
-0.036196053,-1.5584307,-3.5866091,-3.405986,-1.2520194,1.1832182,2.3619566,1.3524343,-0.23097625,-0.17046283
-0.8550685,-1.4673696,-3.3871245,-2.6146674,-0.8363694,0.9417243,1.2716473,0.83437705,0.10139207,-0.3446827
-0.38413814,-0.88058853,-3.5425968,-3.191056,-1.1397511,0.98924667,2.4228497,1.1221191,0.098009974,-0.58557814
-0.61249757,-0.6748138,-1.9546232,-2.359014,-1.1842754,1.0404589,2.3723652,0.8322622,-0.38071173,-0.55274665
-0.700415,-0.6500422,-2.1359386,-2.4409208,-1.0896398,0.82574105,1.446072,0.1107557,0.20073985,0.28249052
-0.1834343,-0.6180318,-2.4942214,-2.2891684,-1.1525953,0.5829674,1.0642492,0.46381307,-0.47267848,-0.36205378
-1.4338169,-1.1221997,-3.2941756,-3.3513548,-0.8788653,0.4208124,1.3140507,1.413217,-0.18401963,-1.216507
-0.871077,-0.8529231,-2.159161,-2.2966955,-1.1970643,0.7578533,1.8858593,1.1638759,-0.1925716,-0.3469301
-0.75432587,-0.94604206,-3.5708587,-3.328682,-0.6337582,0.6770567,1.8799713,0.91728497,-0.041202597,-0.794298
-0.47628546,-0.7436395,-3.518292,-3.148368,-1.2122933,0.9227267,2.0415204,0.92044365,0.1729696,-0.18607236
-0.33131954,-1.4491469,-2.9695525,-2.900275,-1.2486409,0.5748853,2.4856226,1.1343853,0.27369446,-0.49186957
-0.090508744,-1.2657913,-2.8598187,-2.698239,-1.0653093,0.19400847,1.9657856,1.8257316,0.016058743,-0.056082677
-0.7312805,-1.4496098,-3.6004438,-2.8583155,-0.83214384,1.1502804,1.8876019,1.2326664,0.16346756,-0.62164503
-0.3312189,-1.451375,-3.2793987,-2.2090883,-0.68953544,0.9701392,1.5781841,1.0994295,-0.19308347,-1.4855114
-0.28038713,-0.7268982,-2.452019,-2.326908,-1.0775673,1.1061528,1.3300451,0.9039851,0.15643278,-0.19358538
-1.2304327,-1.0888829,-2.741399,-2.914709,-1.2895964,0.82364625,1.7608955,1.1877232,-0.24336295,-0.7901472
0.035009723,-1.462771,-3.7633843,-2.723736,-0.53386515,1.275457,2.0451362,1.3586406,0.12444907,-0.9059151
-0.9331779,-1.0152519,-2.0030546,-2.1178815,-0.91934246,0.65554386,0.890998,0.31999072,-0.4844889,-0.48025486
-0.2516399,-0.23924485,-2.177471,-2.1200938,-0.9490645,1.0336963,1.1160116,0.27278987,0.078133956,-0.12537633
-0.53098303,-1.1046704,-2.5478015,-2.8971817,-1.0883287,1.1502225,1.7040142,0.74478406,-0.12193116,-0.5502191
-1.2458817,-1.4363542,-3.3382022,-3.5372467,-1.0711274,1.1025639,1.9292065,1.0987811,0.08544589,-0.5631589
0.31417018,-0.814909,-3.1126695,-2.6730216,-0.4877597,0.6700696,1.6047736,1.1935695,0.1995863,-0.37289324
-0.7459432,-1.3058554,-3.6603382,-3.020878,-1.3683249,0.5214923,1.8153768,1.1264352,0.26147133,-1.0368005
-0.5698197,-2.6202214,-3.70628,-3.554713,-1.4782677,0.49841288,1.8911403,1.0624819,0.1098923,0.09782396
-0.8476454,-1.5759149,-3.3362763,-3.4076657,-1.7524155,-0.94229525,1.2850001,1.3086721,0.8407266,-0.70616615
-0.4628844,-1.3760056,-3.7113137,-3.060618,-0.7398427,0.8557779,1.2152177,1.1527665,0.41065165,-0.24438292
-0.5558168,-1.8616925,-3.5989902,-2.858495,-0.6438152,1.050005,1.6775076,1.1645654,-0.12992,-0.6348505
-0.15424475,-1.0258036,-3.0765274,-2.9269028,-0.7613774,0.60659957,1.8133434,1.0202937,-0.011666453,-0.8127063
-0.25085998,-1.4231933,-3.107774,-2.9266186,-1.4405346,0.67230874,1.6924237,1.3483453,0.19320457,-0.037535723
-0.6731972,-1.2484981,-3.6158028,-3.1784759,-1.2673925,1.3736159,1.6758565,0.75610167,-0.16871892,-0.4270348
-0.4477278,-0.8218417,-2.8150544,-3.0531895,-1.0248482,1.0553324,1.0633051,0.6242525,-0.15777935,-0.42455477
0.0142785,-0.44527364,-2.2812374,-2.347364,-0.54599565,1.1757772,1.4234421,1.0497464,-0.39240482,-0.8492017
-0.10581427,-0.87024736,-2.1373193,-2.889526,-1.1055785,0.6917928,1.8011513,0.579873,0.10549416,-0.20017532
0.08735331,-1.5244541,-2.7240052,-2.3831763,-0.47098005,1.0900053,0.9215727,1.2363982,0.10042871,-0.5063963
-0.15949142,-0.33194634,-2.0128677,-2.4317095,-1.2750052,1.0611997,1.3888679,0.91867757,0.14847006,-0.059393074
-0.59447384,-1.2414623,-2.520827,-3.253123,-1.4850496,0.8871177,1.7348139,1.0524204,-0.15113172,-0.09199344
-0.5166132,-1.0414428,-2.3273318,-2.7866368,-1.568289,0.37023357,1.6376408,0.8411367,0.19271581,-0.12452968
-0.31627902,-0.657997,-1.9449943,-1.7534724,-1.1281601,0.7663748,1.8722613,0.6996179,-0.22178103,-0.6939377
-0.89563,-1.0878041,-3.37801,-2.9934635,-0.4333783,1.376871,1.8963101,0.868999,-0.2464267,-1.6365105
-0.92816865,-0.7799069,-2.3548934,-2.389834,-0.81242645,1.2660978,2.2849422,0.7158695,0.17785889,-0.3684836
-0.0994159,-1.1912198,-2.4068618,-2.3783748,-0.58989584,0.93339163,1.9162992,0.7265816,0.2543981,-0.87683225
-0.85254747,-2.082038,-3.9268742,-3.3954818,-0.9551353,1.6983606,2.2070243,1.0908772,0.110602446,-1.3110149
-0.36614645,-0.9406763,-2.7319827,-2.2753258,-0.87602496,0.6873577,1.5600882,1.2587548,0.31815183,-0.68991864
0.42281154,-1.5409808,-3.0229127,-2.4388225,-0.9282362,1.4989429,2.1837275,1.3260916,0.0500814,-0.418029
-1.0711397,-0.7356813,-2.4527156,-2.66806,-1.0777539,0.99598163,1.6661531,0.98882663,-0.23216532,-0.009546824
-0.17568296,-1.2058538,-2.6694076,-2.7139013,-0.9448124,0.7429001,1.3151829,0.62973833,-0.09432219,-0.082375765
-0.983003,-0.9069073,-3.6553888,-3.0477052,-1.0646145,0.9314611,2.0191734,1.3856734,0.32732472,-0.6011103
-0.21650635,-0.8896161,-2.712202,-2.1331496,-0.80208755,0.87066513,1.5560869,1.2010574,0.22065195,-0.5921331
-0.68180376,-1.293875,-3.0041997,-3.005706,-0.84516937,1.407028,1.8766962,0.8968987,-0.11177857,-0.22777814
-0.19679359,-0.87790835,-2.6893506,-2.5124443,-0.62013143,1.1175741,1.5749882,0.6803375,0.081617855,0.06396052
-0.7932016,-0.51842356,-2.275173,-1.8820984,-0.5824325,1.0310749,0.91701955,0.3682787,-0.201558,-0.7170098
-0.9206884,-1.4742527,-3.3351796,-3.503241,-1.4730914,1.2548281,1.634926,0.552218,-0.439017,-0.9659328
-0.2024288,-0.8826615,-2.5891688,-2.6779506,-1.3727486,0.26947814,0.8769338,1.049882,0.35045207,-0.18793303
-0.9664888,-1.0510747,-3.4253273,-3.4424608,-1.1106178,1.1704167,1.8224344,1.5026141,0.31224698,-0.25489804
0.066650555,-1.2337724,-3.4009092,-2.57298,-1.0057815,1.2473904,2.2297473,1.3978899,0.3106537,-0.44722983
-1.1568637,-1.5307839,-3.0769415,-3.4230013,-1.6321445,1.0768063,1.2318709,1.0758275,0.19639677,-0.45943508
-0.39638162,-1.3008239,-3.400927,-3.538346,-0.9918033,1.3513746,1.5634786,0.766584,-0.23701428,0.21076837
-0.6625789,-1.2899965,-3.6301234,-3.712621,-0.9247545,0.89854276,1.6943923,1.3301898,-0.100236125,-0.57423776
-0.4430169,-0.35303274,-2.4653888,-3.0263946,-1.237655,1.1885203,1.0864744,0.7107214,-0.6292824,-0.15913524
-0.430332,-1.6887224,-3.8188074,-3.2309284,-0.80061156,1.1957532,2.283019,0.9692252,0.06974975,-0.57689285
0.23497333,-0.9828783,-2.6766527,-2.346855,-1.1353135,1.5022663,1.8072472,1.0950074,0.08604771,-0.30459103
-0.24097615,-0.47211975,-2.0415015,-2.1986113,-0.5404005,0.8904817,1.3508456,0.8417486,0.12448711,-0.06543335
-0.49438068,-1.2685231,-3.0622041,-2.7173965,-0.59296393,0.6281852,1.2579377,0.59871346,-0.11254926,-0.46157962
-0.46872383,-1.8491359,-3.8761723,-3.9658444,-1.3978246,1.6005331,2.5327911,1.841803,0.28486478,-0.67868066
-0.28328842,-1.9570771,-3.572676,-2.7995622,-1.0300254,1.5164076,2.103745,1.291801,-0.40589482,-0.7984925
-0.42084822,-1.4539462,-3.0250895,-2.7171125,-1.1123252,1.1802992,2.0307531,0.6560807,0.112615034,-0.2863429
-0.46978194,-2.1296256,-3.6213756,-2.9433124,-0.43342334,1.7565376,2.2038412,1.1453658,-0.27510485,-1.0419452
-0.21699627,-1.1116557,-2.1332273,-2.497353,-0.48927063,1.3740096,1.4610953,1.6056061,0.14916106,-0.54774946
-0.8228886,-0.5585257,-2.559382,-2.2717752,-0.44493848,0.83669144,1.0423667,0.69813496,-0.23921219,-0.39241078
-0.46331263,-0.8079022,-3.227412,-3.0366154,-1.0863293,1.5061136,1.8026347,1.3235209,0.19245754,-0.55570585
-0.8244913,-0.726429,-2.4400017,-3.140432,-1.1241417,1.077656,1.1199508,0.92835176,-0.30493477,-0.40564856
-0.90812695,-0.95959675,-3.1168277,-3.551824,-1.1829898,0.9666919,1.3140621,0.6166091,-0.12869935,-0.24523017
-0.092447594,0.0774091,-1.8818907,-2.5850403,-1.3975674,0.85971177,1.7323071,1.0763212,0.0057850163,-0.5168224
-0.5451087,-1.384386,-3.0375376,-2.5950708,-1.3144001,1.3826694,1.7171755,0.366928,-0.11929821,-0.7332216
-0.3559554,-0.93815196,-2.1535923,-1.9862008,-1.0725312,0.7013764,1.5279849,0.9195866,-0.31227192,0.017783314
-0.16411796,-1.0049815,-3.0252357,-3.2757604,-1.2712382,1.3672112,2.1282878,0.98967755,-0.14410244,-0.34136933
-0.77935565,-0.19029513,-2.9764528,-2.7445014,-0.75495064,0.47441772,1.6774268,1.0688658,0.36319193,-0.025975386
-0.8856316,-1.0217557,-3.389813,-3.1617794,-1.0807296,0.70864284,1.246835,1.253987,0.19465415,-0.10885096
-0.53663754,-1.7567147,-3.6343932,-3.6378496,-1.350111,0.78484285,2.2070582,2.3926013,0.11423416,-0.16576481
-0.843359,-1.0578865,-3.2291367,-2.8968585,-1.547425,0.5632397,2.05446,0.8348828,0.16885115,0.10251478
0.15539716,-0.39545825,-2.2516932,-2.646054,-0.9242067,0.41991347,1.0875326,0.6119276,0.12379763,0.09892223
-0.88733333,-0.75929844,-1.7745047,-2.6577444,-1.6736305,-0.0064606266,-0.11602181,-2.1843467,-0.113655604,-0.1689604
-0.7796614,-1.4359323,-2.7047803,-2.7250786,-0.97604275,1.517152,1.7514278,0.55859923,-0.49131885,-0.87792206
-0.5559906,-0.73167986,-3.0508192,-2.9165008,-0.9152107,0.32516277,1.345742,0.91854817,-0.19575624,-0.5311427
-0.6177371,-1.2480416,-2.41428,-1.9936016,-0.25349465,1.2301965,1.3576437,0.81421,0.024218235,-0.016543522
-0.41451553,-1.5080187,-2.8846128,-2.3154886,-0.56617576,0.69751406,1.3072278,1.3629882,-0.467277,-0.7379063
-0.85004145,-1.0875672,-2.677357,-2.480539,-1.1474831,1.2274103,1.9341094,0.93006223,-0.4230398,-0.1805106
-0.25908378,-0.9262869,-3.0104587,-2.7820225,-0.97515327,1.51151,2.1305509,0.5899905,-0.08925421,-0.5917029
-0.41985524,-0.82466966,-2.42946,-3.0627673,-1.2427466,1.1883019,1.5455639,0.92677075,0.052242417,-0.29492062
-0.99436593,-1.2334163,-3.300044,-3.303556,-1.1728047,0.9341752,2.0349905,1.3709005,0.083760984,-0.9921699
-0.35108328,-1.7588568,-3.808372,-3.6651683,-1.2693241,1.0565772,2.2559621,1.2130038,0.47611785,-0.69743586
-0.079826474,-1.2524447,-3.1738489,-2.9467745,-0.9710713,0.78557336,1.95728,1.2348595,0.21572927,-0.35383672
-0.40598774,-2.1579807,-3.8935764,-3.2022326,-0.9700611,1.7839633,2.2266374,1.6924934,0.17586905,-0.75000376
-0.14553602,-0.683403,-1.7652622,-1.6868888,-0.43198824,1.3188993,1.0582854,0.32927886,0.1594484,-0.1290735
-0.77244365,-0.9197393,-2.4566555,-3.3385513,-0.8966209,0.7871199,1.5213968,0.74405754,-0.109099194,-0.17041452
-1.1015835,-0.96923864,-2.196825,-3.0279245,-0.8327352,0.87150705,1.0458146,0.43742517,-0.049945053,-0.3044004
-0.021352844,-0.7436542,-2.7285714,-3.0033374,-1.575398,0.7253973,1.6340435,0.9040716,0.3047703,-0.3927122
0.31441212,-1.0703517,-1.9131391,-2.2434304,-0.83637786,0.9266219,1.0245384,1.0371372,-0.03379707,-0.16252993
-0.84387374,-1.232848,-3.3930452,-2.9235637,-1.1369134,0.394373,1.8380463,0.943458,0.12394605,-0.87185705
-0.5479833,-0.66358304,-2.6795654,-2.2241743,-1.2260144,0.74485576,2.0001862,0.97527754,-0.009743286,-0.13276978
0.25870058,-0.46708518,-2.082592,-2.1466734,-0.37673283,1.1170402,1.798678,1.1107,0.21754903,0.15439363
-0.89535296,-1.2144693,-3.7280176,-2.6759393,-1.0341649,1.2822778,3.1715403,0.93970895,-0.13086534,-0.31240943
-0.46199864,-0.63060665,-2.0938823,-1.8247504,-0.7864584,0.9251126,1.0936971,0.55825067,0.33625817,0.43604898
-0.758936,-1.8427635,-3.5628908,-3.1413336,-0.79479563,1.0708199,2.199646,1.1773783,-0.1612181,-1.189778
0.026625566,-1.1535264,-3.0758262,-2.0868452,-0.453422,1.1259154,1.6971,1.3552544,0.03954216,-0.26428822
-0.2232284,-1.431115,-3.25463,-2.7614465,-0.9544527,1.2193847,2.2269108,1.858485,-0.025280783,-0.2223266
-0.84632033,-1.3883346,-2.02557,-2.3640661,-0.63798267,1.4558246,1.6955988,1.5682726,0.22584884,-0.46965042
-0.8423613,-1.410328,-3.290943,-2.9056194,-0.7109311,1.2712085,1.3165021,0.9879607,0.2322465,-0.35379782
-0.19775788,-0.81944764,-3.2216065,-2.6921635,-0.7620875,1.2336855,1.2387469,0.56870854,0.11886696,-0.15043269
-0.5879165,-1.2136719,-3.7209876,-3.0323853,-0.79834855,1.5411805,2.2825713,1.3814573,0.21780106,-0.34495533
-1.1967112,-1.583179,-3.6139827,-3.3752248,-0.86754555,1.0454623,1.5979099,1.1707088,0.17236884,-0.54626805
-1.2039171,-0.8247738,-3.4666667,-2.9042203,-1.6350602,0.47524747,1.6769266,1.0202088,0.2054043,0.25194928
-0.9762732,-1.4327996,-2.7120857,-2.9972138,-1.2229793,0.7343181,1.662989,1.6651858,0.22226247,-0.72243494
-0.45492336,-1.2459539,-2.935618,-3.1806037,-0.65063834,0.9319542,2.106049,1.3879727,0.047908258,-0.21992253
-0.42802683,-1.442484,-2.5682802,-2.7087748,-0.9001982,1.258824,2.0707402,1.0647291,-0.30866525,-0.65161675
-0.67670256,-0.8821649,-3.646946,-3.621471,-0.824464,1.0583758,2.335312,1.156451,-0.08626381,-0.8695885
-0.6644903,-1.0581496,-2.9174397,-3.5159652,-1.2568191,0.76646537,2.3303442,1.6737229,-0.1376558,-0.9042146
-0.7659355,-1.0205581,-1.7641312,-1.7753444,-0.9340781,0.5871967,0.5507607,0.17509624,-0.21318132,0.10899474
-0.29791358,-0.47625682,-2.8096359,-3.1330633,-0.76465887,1.1149737,1.7210943,1.3763518,0.13161886,-0.5104482
-0.15822949,-0.58999,-2.2226207,-1.6451465,-0.5536689,0.9082773,1.2068633,0.47737446,-0.33505666,-0.6840171
-1.2914455,-0.674491,-2.324063,-2.552506,-0.5593613,0.84934026,1.3698074,0.5325626,-0.23052412,-0.39159954
0.036807902,-0.13511096,-2.2378328,-2.103204,-1.2019721,0.56328607,1.2298667,0.058315232,0.6551503,0.32944506
-0.633118,-0.8923286,-2.0507998,-2.2492945,-1.1571182,0.66863346,1.7838548,1.1900455,0.16496642,-0.033528425
0.032710757,-0.5474266,-2.6650393,-2.6764774,-1.3031803,0.4116741,1.437349,0.5997211,0.0030231804,-0.054638747
-0.007595691,-1.1858793,-3.1229038,-2.3826408,-0.8710061,1.3064257,1.7497866,0.891553,0.12832175,-0.6092056
-0.5572999,-1.2978787,-2.6730018,-2.815805,-1.153011,1.2285435,1.5165026,1.0876979,0.23585054,-1.0073782
-0.20675878,-0.8929101,-2.7292364,-2.9728158,-1.0471743,1.7466799,1.9954476,1.1085215,0.21869563,-0.32775334
-0.47767612,-1.4773169,-3.5034904,-3.5627615,-1.1471759,1.398276,2.0974622,0.8389107,-0.21923131,-0.8269652
-0.2505124,-0.9388427,-3.330963,-2.8345373,-0.72783273,1.1015307,2.198537,1.6862167,-0.13322428,-0.86502373
-0.553825,-0.9442955,-2.165731,-2.541315,-1.285833,0.6922593,1.1398792,1.1262753,0.04800046,-0.13346905
0.15006788,-1.3846378,-3.6569335,-3.6366959,-1.3158064,1.1052984,2.4170482,1.2409512,0.23537548,-0.03486266
-0.5968788,-1.6300138,-3.0090702,-3.0034578,-1.3076159,1.124426,2.0669823,1.1641192,-0.024610495,-0.17942919
-0.12725054,-0.83504826,-2.5683155,-2.9894214,-1.3123937,1.0387179,1.59193,1.1694744,0.012727871,-0.60794425
-0.51929224,-1.3172867,-3.743385,-2.9626744,-1.0738938,1.0281492,1.4640591,1.3173562,-0.20417097,-0.13658687
-0.28384656,-0.95223236,-2.2701619,-2.0092432,-1.0463126,0.823351,1.106042,0.5501715,-0.29046896,-0.78591335
-1.1288178,-0.29063216,-2.008979,-2.1952589,-0.65996444,0.6192253,1.0976478,0.6631167,0.09414206,-0.33631217
-0.29549134,-0.7369566,-2.2170677,-2.274034,-1.3310171,0.64802754,1.9187695,0.77722,0.24103495,0.25796947
-0.46710792,-1.6845219,-2.863508,-3.0157828,-1.4925234,0.95335186,2.0502293,1.5055699,-0.15263332,-0.9362631
-0.57262725,-0.39094713,-2.404028,-2.3239713,-1.571247,0.21773033,0.84838307,0.73904,0.104498915,-0.3783077
-0.46805483,-1.2233233,-2.6659787,-3.0815322,-1.0652974,1.2953258,2.018594,1.175838,-0.33321744,-0.48522797
-1.193054,-1.0023457,-2.9878776,-2.971427,-0.7962435,0.6043155,1.6759413,1.4271609,-0.04405448,-0.51337266
-0.46168318,-0.8840402,-2.8087075,-2.5575843,-0.78918433,1.1170777,1.897762,1.1045605,-0.16466027,-1.3732569
0.016457565,-1.2734238,-3.0232298,-2.4373863,-0.97436225,0.70725536,1.2172289,1.050566,-0.33549288,-0.60336775
-0.95530313,-1.2254418,-3.2777183,-2.5073934,-0.4968123,0.9585961,1.6359198,0.95966154,-0.005826668,-1.0600698
0.09905499,-1.2075508,-3.2448537,-3.1757958,-1.3550446,1.5334812,2.4327872,1.253452,-0.23898883,-0.56653434
-0.62514377,-1.4748764,-2.8106015,-2.7266707,-0.92398125,1.0514466,1.3218203,0.99655896,0.03043908,-0.18198958
0.022310568,-0.6911557,-2.0447588,-2.3808644,-1.2174903,1.027556,1.4019451,0.8838066,-0.09600188,-0.5482342
-0.40250146,-0.30630273,-2.352522,-2.853649,-0.9032015,1.0548015,1.548096,0.9254506,0.3322516,-0.45593667
-0.6347159,-0.6831202,-2.6976645,-2.6089723,-0.8189579,1.0166965,2.4733193,1.1028857,-0.21825169,-0.4564614
-0.8256852,1.007171,-1.4674665,-2.066687,-0.769912,0.9062015,0.56609106,0.86799145,-0.12114029,-0.43735057
-1.0383112,-1.0264692,-3.1433566,-3.1257846,-0.83895755,0.8854971,1.6926697,1.3242726,0.47715124,-1.1110892
-1.2540482,-0.6495117,-2.854211,-2.9566045,-1.0494138,1.1940824,1.0812067,1.1084719,-0.09839135,-0.34339842
-0.46055165,-1.0322633,-2.3667076,-2.289068,-1.2634357,0.749678,1.5221529,0.614848,-0.6370237,-0.16081508
-0.38844344,-1.5069441,-3.6501691,-3.6672957,-0.9312533,1.2280655,2.0165038,1.1666784,0.4987257,-0.08168711
-0.3120952,-1.4191389,-3.8062441,-3.8778665,-1.5413468,0.8940362,2.0436695,1.0825356,-0.15746763,-0.124662966
-0.7611647,-1.1639793,-2.1871295,-2.4872098,-1.0623299,0.93755656,1.5835261,0.70164716,-0.28800783,-0.18536185
-0.16547634,-0.7396852,-2.6745727,-2.3764179,-1.260439,0.22866786,1.5333521,1.2101032,0.19132024,-0.2306763
-0.5820268,-1.8628865,-3.9064198,-3.7690704,-0.91955984,0.8304754,2.2532887,1.4745336,0.76457477,-0.5859673
-1.8033261,-0.55197096,-1.7300586,-2.4032784,-3.2893975,-3.0743673,0.06725048,0.5995688,0.52313405,-0.4657533
-0.14000478,-1.6089891,-3.680081,-2.9035826,-0.52593434,1.0180776,1.8824593,1.296826,0.15443997,-0.50501126
-0.45691854,-1.1138288,-2.5335426,-3.0112836,-0.8684811,1.0835017,1.7240069,0.85820085,-0.20308286,-0.3018065
0.08166299,-1.5688409,-3.4406986,-2.7260792,-0.86477387,1.0689762,1.8295803,0.9245984,-0.123782866,-0.7772766
-0.35185677,-1.5021679,-3.841072,-4.1460257,-1.3030747,1.597579,2.578972,1.5276867,0.4003827,-0.6548331
-1.1018715,-0.8742162,-2.6283042,-2.6404502,-0.28817123,1.5007179,1.219132,0.6198976,-0.15816942,-1.0075092
-0.20955491,-0.7807945,-3.1067092,-2.8946643,-0.39741164,1.6123958,1.7979072,1.1626412,0.270338,-0.69089013
-0.7163789,-1.3954864,-2.800427,-2.6276922,-0.5501726,1.558322,1.7580252,1.4981517,0.4834054,-0.7586589
-0.19897264,-1.3553147,-3.8481858,-3.4740949,-1.1765809,1.0311279,2.3935258,1.1697675,0.41191503,-0.6958543
-0.17028116,-1.1120602,-3.314497,-3.2713583,-1.2484794,0.9327699,1.740033,1.0708725,0.39608395,-0.33997756
-0.097664975,-0.7311265,-2.8670506,-2.475487,-0.6823273,1.7688369,2.5001583,1.1864852,0.24554376,-0.5807673
-0.616175,-0.72390693,-2.5758047,-2.0509522,-1.2403976,0.61112446,1.6468271,0.9991656,-0.28217545,-0.18724966
-0.4068872,-1.2069858,-3.0338411,-2.9617646,-1.0592389,1.0941947,1.0776812,0.8692694,0.20803823,-0.2556399
-1.221623,-0.9470961,-3.7377012,-3.4313433,-1.2118995,0.7402334,1.7410213,0.56145376,0.14954759,-0.6757783
-0.8919056,-0.8407236,-3.238363,-2.9926524,-0.51767623,1.2429992,1.5788907,1.1232877,0.30687526,-0.35536292
