-0.09475168,0.62077963,0.82798284,1.4942813,1.5716587,0.7065099,0.9922384,0.3817799,-0.6442601,-0.92762685
-0.24111494,0.029877486,1.5667987,1.7770855,1.6412929,0.90070856,0.58101517,-0.3751228,-0.9613983,-1.2414812
-0.019355211,0.48359635,1.2447287,1.6684493,1.6282055,0.58762324,0.13146257,-0.044093125,-0.93190235,-0.98459584
-0.3037175,1.135423,2.2298007,2.307863,1.6129934,0.73182386,0.44645903,-0.33652693,-0.77950704,-1.0907675
-0.5249356,0.5887986,1.1729178,2.031493,1.2571169,0.36076286,0.26817745,-0.047578797,-0.34063455,-0.67511016
-0.629312,0.5509053,1.4977409,1.9358664,1.9993323,0.69435984,0.78739285,0.22421087,-0.8613602,-1.2336298
-0.2964399,1.094036,1.6346257,1.8745344,2.0193095,0.84218854,0.3884985,-0.11930925,-1.0610256,-1.4336238
-0.35366538,0.5298579,1.3635387,1.4198756,1.1014514,0.5438256,0.12885986,-0.27462766,-0.7576574,-0.722568
-0.2949066,0.42915252,1.5984882,1.932993,1.5462254,0.18233588,0.4526594,-0.080142185,-0.5641037,-1.1194333
-0.25539365,0.65409255,1.1225767,1.7141728,1.7636617,0.8112576,0.74838567,0.113388434,-1.2689797,-0.9312214
-0.18128014,0.69171435,1.7532208,2.300389,2.030568,0.9864123,0.3898971,-0.33167943,-1.3108013,-1.5729858
-0.58231604,0.4894874,1.7618037,3.0370946,2.5982492,1.5514439,0.44499516,-0.056280546,-1.3846048,-1.7539196
-0.17328995,1.0581328,1.8490472,2.069545,1.7791247,1.0306109,1.1316757,-0.26505396,-1.1470883,-1.2593507
-0.022129357,0.46735686,1.8959543,3.167311,3.0304115,1.6625154,1.2336377,-0.027214425,-0.7142838,-1.9726678
-0.72502106,0.690704,2.2386792,2.374022,2.3881707,1.1970026,1.0897988,-0.5764411,-1.3430238,-1.1273593
0.16689652,1.2645034,2.140293,1.8634677,2.0631716,0.9786451,0.94340914,-0.5476141,-1.1109641,-1.0681747
0.16128114,0.59592474,1.028082,0.7634712,1.2191645,0.16578889,0.4009977,0.023881497,-0.62320834,-0.6064073
-0.20618764,0.733407,1.9518389,2.1195967,1.8710881,0.74839216,0.65229386,-0.1016391,-1.1365148,-1.1751155
-0.42811862,0.7715355,1.5426099,1.8817449,2.2610986,0.52228016,0.4175575,-0.45090246,-0.9124356,-0.75928885
-0.2318016,0.5274857,1.3805757,1.7478292,1.4361669,0.91158426,0.891564,-0.17488708,-0.85522455,-0.6446497
0.6325541,0.22382133,1.6858292,2.2655568,1.5765042,0.8286431,0.80489516,0.23188852,-0.8646673,-1.0100178
-0.61719203,0.7294056,2.034438,3.10277,2.3154955,1.6071773,0.92536855,0.21840641,-1.5188284,-1.7122827
-0.5333825,0.63914025,2.0145748,2.0965943,1.9843081,0.36818975,0.20814474,-0.34868833,-1.3680897,-1.2355922
-0.2286616,0.33187222,1.6279801,1.8418736,1.5820853,0.763913,0.8738109,0.2664495,-1.0397094,-0.5109177
-0.20684677,0.695562,1.7917012,1.6250393,1.8804486,0.41450867,0.053627588,-0.0683032,-1.1959238,-1.423919
-0.29257795,0.5606643,1.1368916,1.6482522,1.6290127,0.8328769,0.33888274,0.01742699,-1.0292505,-0.8413338
0.018374616,0.5531876,2.1967838,2.1824584,2.470473,1.1432601,0.30005953,-0.37340242,-1.2589307,-1.5049517
0.010682695,0.8940305,1.1964241,1.3324635,1.4695011,0.6400239,0.31259108,-0.23528191,-0.78544974,-0.64534867
0.187992,0.52337545,1.7165563,1.9868344,2.2420943,1.0052011,0.5930932,0.030080566,-1.0868275,-1.4874582
0.09508898,0.85409445,1.7956419,2.108925,1.9233843,1.1786492,0.6006534,0.016412567,-1.2253455,-1.0129879
-0.613107,1.0801443,3.1059866,2.8933036,1.7479509,1.2900203,0.6131497,-0.03610282,-1.1252618,-0.90398276
-0.15300003,0.8840299,2.1138034,2.3057997,2.3498962,1.070392,0.6710105,-0.1735677,-1.4628149,-2.0584242
-0.90198654,0.6661769,1.1225724,1.7579569,1.4747887,0.4458084,0.09179331,0.3191281,-0.9452958,-1.4038473
-1.6089894,1.4713342,1.7528738,2.2617273,1.8225807,0.5327755,0.30514672,-0.50573593,-1.1602349,-1.390822
-0.018041473,0.48004627,1.6256328,1.7378649,1.6727692,0.18587635,0.6814744,0.075763926,-1.2218461,-0.9722039
-0.6611162,0.47874397,1.0387267,2.1949012,1.9158663,0.7596193,0.18141094,0.15635774,-1.5016333,-1.3383404
-0.31310624,0.35791913,1.656314,2.1149185,2.2323484,1.4870456,0.7335096,0.10980466,-0.8241459,-1.5109063
-0.13172838,0.659639,1.2910912,1.4459915,1.8234547,0.637946,0.01678769,-0.5190647,-1.0464377,-1.1699351
-0.5966712,0.6412627,1.2477692,1.7739736,1.8809353,0.7341872,0.5389744,-0.3731159,-0.99156344,-1.0201936
-0.5465867,0.47356725,1.8801459,2.4770927,2.135421,1.096068,0.7263374,0.34451973,-0.9666832,-1.709765
-1.0432854,0.5558509,1.7537336,2.1277862,1.5346236,0.48634803,-0.13136882,-0.7104375,-1.1921747,-1.226919
-0.5633745,0.41282845,1.5764328,1.7053965,1.839586,0.706582,0.54251987,-0.045846064,-0.5836379,-1.2507857
-0.15760946,1.0504671,2.3584826,2.2501647,1.9412063,0.89679456,0.64598155,-0.14974216,-1.3529916,-1.2682314
-0.358461,0.8663913,2.493845,2.0624502,2.0922132,1.1811994,0.50790966,-0.33654603,-1.3680629,-1.2592639
0.13505727,0.24912418,2.0372643,2.1821911,1.8314835,1.4139516,1.152311,0.28578216,-0.8036655,-0.9553072
-0.78877497,0.17185606,1.1549274,1.2472271,1.0625082,0.1296792,0.45631483,-0.11384408,-0.963199,-0.92937976
-0.99202955,0.934233,2.0880976,2.1096795,1.9810919,1.0348289,0.7904924,-0.09695183,-1.1465368,-1.7978712
0.31928846,1.1890543,2.1538646,2.9420974,2.5874062,1.3436396,0.074132174,-0.4714833,-1.7166941,-1.8266573
-0.7562384,0.4235917,1.1710424,1.8901337,1.2038349,0.83608335,0.4606169,-0.3807931,-1.091616,-1.0679994
0.47172534,1.1659849,2.2975602,2.6859615,2.1747046,1.2167305,0.9056065,-0.006701851,-0.95563525,-1.1931986
-0.4953299,0.5718731,1.5594928,1.843213,2.2665572,1.4734223,0.5514599,-0.089677915,-1.2481636,-1.3861331
-0.62912124,0.3441263,1.6368303,1.9898459,1.5487849,0.5723744,0.44732448,-0.42912176,-1.2781522,-1.2840947
0.10460264,0.7288946,1.2531135,2.2303894,2.4151611,0.6192255,0.016271107,0.076624975,-1.3310096,-1.2586719
-0.60499215,0.899418,2.016048,2.2639587,1.7314318,0.81129277,0.38066092,-0.2962395,-1.316551,-0.9874643
-0.45514616,1.0912974,1.8976024,2.0854645,2.0853636,0.97175694,0.7076179,-0.0027100495,-1.258383,-1.0787462
-0.28188258,0.37314987,2.0525382,3.4067707,2.862231,1.7647225,1.0626125,-0.6242734,-1.5536473,-1.1429925
-0.28514108,0.6874778,1.6822536,2.0728486,1.8086654,0.48494917,0.21868607,-0.33954197,-1.2418652,-1.5673375
-0.69325083,0.26233643,2.0018013,2.189645,1.694511,0.99983203,0.44430533,-0.61785275,-1.447402,-1.3003443
-0.87436336,0.2349961,2.0877357,1.9086118,1.6420352,1.3491588,0.46897215,-0.33167282,-1.0641607,-1.5718389
-0.13585246,0.60576105,1.8126003,2.0092356,1.4144298,1.0474275,0.5853197,-0.34195307,-1.2776955,-1.5745956
0.0279003,0.7438359,1.6321442,2.5371351,2.0258327,0.40336734,0.5193383,0.012030634,-1.3864689,-1.228137
-1.1761005,1.1200367,2.789706,3.549782,3.9982212,2.2703764,1.4548253,0.4522358,-0.85048383,-2.1128695
-0.7096396,0.98540425,1.436579,2.074655,1.3310776,0.27485302,0.4117623,-0.45501906,-1.2698816,-1.322707
-0.25508568,0.25383994,1.6829267,1.5003773,1.0899957,0.8515145,0.27032912,-0.4158828,-1.0831193,-0.96713996
0.074188896,0.18867996,1.5702556,1.9594281,1.8717494,1.5045859,1.0841639,0.045982737,-0.77288306,-1.7941029
-0.049881496,0.67033684,2.1692035,3.341491,2.6223404,0.9856142,0.8317961,-0.18197115,-1.7465305,-1.5874393
-0.8603498,0.6441155,1.5873238,2.2805507,1.9223641,0.73072004,0.085554555,-0.35529783,-1.3319306,-0.78976554
-0.14096972,0.7570658,1.4609259,1.410588,1.6243137,0.24064912,0.39682257,-0.36795375,-0.8281232,-0.7738343
-0.56159925,0.56097794,1.2203465,1.9543314,2.0848875,0.94843554,0.65886194,-0.0008898014,-0.815128,-1.1796643
-0.35390395,0.4629887,0.8441329,1.4008266,1.3950838,0.688721,0.4077597,-0.13836205,-0.98919857,-1.0370508
-0.38193354,1.2825732,3.2786481,3.1942337,3.1993854,0.83396333,0.21492255,-1.1532702,-1.8647379,-2.1026785
-0.21076542,0.3092961,1.2861422,2.133693,1.8784829,0.7893409,0.68276644,-0.20011653,-0.9997754,-0.97641486
-0.74251336,0.55316055,2.079533,2.0056684,1.613003,0.6922787,0.22784692,-0.6928628,-1.3280293,-1.4292322
0.15398994,0.61144465,1.1753355,1.558215,1.2397016,1.0614259,0.49977964,-0.03873451,-0.3790196,-0.5267568
-0.010227518,0.33552432,1.1287578,1.8648102,1.8992959,1.0245632,0.7147668,0.09339774,-1.1581452,-0.88698447
-0.1821742,0.60817266,1.652493,1.9627669,1.8062268,0.69420576,0.28464964,-0.094024144,-0.6539285,-1.4042968
-0.56419206,0.6841233,1.6454786,1.4926397,1.8301815,0.74015033,0.5269519,-0.25034535,-1.2450597,-1.7240345
-0.47981286,0.8269414,1.8283296,2.0749674,1.3111336,0.49355996,-0.23060644,-0.49312568,-1.1308239,-1.149035
-0.102684006,0.5065778,1.7859554,1.7536743,1.6363163,0.9901717,0.64700025,0.026600404,-0.74435645,-0.85426205
-0.43982553,0.06575187,1.2354236,1.1528633,1.4268124,0.3132519,0.46266732,0.1923964,-1.150949,-1.1329403
-0.9269077,1.1738191,2.7731476,2.2151828,2.1684313,0.99316216,0.4302012,-0.43593517,-1.2388136,-0.7650257
-0.2064586,0.5260814,2.4940474,2.3542023,2.5233698,1.4277226,1.2516766,-0.08765284,-1.2886411,-1.5141578
-0.3465461,0.4106401,1.7206733,2.1133409,1.9355252,0.32257247,0.4457179,-0.09311961,-1.2065126,-1.2966031
-0.4825888,0.20654836,1.4462135,2.138778,1.8177873,0.7021418,0.949438,-0.009863956,-1.0974083,-1.3432702
-0.4819537,0.37755263,1.4970466,1.9616373,1.7496191,0.639868,0.13682051,-0.13829848,-1.1296121,-1.4109802
-0.0480183,0.4057383,1.4128011,1.4260814,1.6759888,0.66358465,0.696132,-0.1227701,-0.5406934,-0.4378801
-0.9690059,0.7317939,1.6808102,2.0014486,1.5378115,0.67170984,0.6572441,-0.033442874,-1.1616307,-1.480932
-0.06399249,-0.121215425,0.9688486,1.8392193,1.72424,0.5293734,0.44513825,-0.41474724,-0.8511003,-0.6476092
-0.24967158,-0.027806524,1.5266883,1.4245793,1.4240074,0.6073083,0.8847542,0.047925737,-0.9926256,-1.2172885
-0.5088869,0.24458496,1.1111249,1.6700976,1.6216625,0.5023485,-0.0066341776,-0.15874834,-1.2652202,-1.3307909
-0.5383988,0.46473768,1.3120369,2.02473,1.9094821,0.34892428,0.24897507,-0.21104382,-1.0474204,-1.5200046
-0.27553815,0.27431118,1.249798,1.4628972,1.5689396,0.40265986,0.8054244,0.37725863,-1.0083044,-1.0473804
-0.46133164,0.5712326,1.6614094,2.086621,2.003399,1.0945935,0.6980506,-0.0025929105,-0.98869514,-0.81136596
0.05884387,0.44050324,1.0720025,0.8141946,1.3440807,0.5555583,0.6545827,0.30364776,-0.7203441,-0.8210467
-0.4416902,0.8822897,1.9538451,2.270339,1.732749,0.8646651,0.5673919,-0.15056497,-1.5657367,-1.6568156
-0.3853894,0.36405012,1.9431194,2.0588253,2.0067668,0.7965446,0.7745487,0.1657714,-0.96401227,-1.6947027
-0.29022866,1.0412174,1.6611211,1.9986478,1.846435,1.2934997,1.081424,-0.12496537,-0.9284796,-0.6936939
-0.54896253,0.7468967,1.6867111,2.779548,2.1516194,0.90149426,0.1678054,0.15186556,-0.8901474,-1.3078426
-0.6440737,0.74864054,2.125508,2.244926,2.4901166,1.0135031,0.778166,-0.2753519,-1.0641022,-1.3655322
-0.31691074,0.44617623,1.4288015,1.7268369,1.3574488,0.84806925,0.53369933,-0.29220718,-1.0583203,-1.1571918
-0.0789174,0.6865339,1.6367879,2.1327314,1.263674,0.31067815,0.5151833,-0.1170263,-1.031176,-0.9631877
-0.5269086,0.2701038,1.312665,2.1491437,1.8739867,0.809593,0.8990616,-0.20142429,-1.049056,-1.4487044
-0.37186852,0.08331726,1.6086164,1.7769448,2.1081595,1.2905568,0.8688308,-0.02437641,-0.8531221,-1.1601403
0.32898408,0.35494003,1.4327315,2.1424167,2.2305632,1.3634372,0.25966614,0.30324936,-1.1161593,-1.768255
-0.35090622,0.45749435,0.9998332,1.7518443,1.510718,0.7494403,0.77495706,0.3219666,-0.9664084,-1.2545375
-0.8027418,0.96342057,1.4289087,1.6871458,1.5715294,0.34715602,0.5423011,-0.11373604,-0.9624031,-0.952842
-0.59698725,0.7783845,1.5004919,2.1342072,1.98126,0.90044314,0.10617161,-0.2225133,-1.3469262,-1.0418292
-0.26573387,0.70120656,1.757504,2.7198107,2.6451244,0.9317651,0.27149013,-0.18356554,-0.952639,-1.1020293
-0.26197946,0.57041144,1.4738971,1.9118648,1.553963,0.6603909,0.31265867,-0.12201859,-0.91473913,-0.9230738
0.5470607,0.68451524,1.4338516,1.6344554,1.7435136,0.8135586,0.41109896,0.091424234,-0.55113584,-0.9537568
-0.70336545,0.542677,1.4761106,1.5889109,1.3918436,0.47091794,0.6116512,-0.17366922,-0.6467474,-0.9139314
-0.40851504,0.16808744,1.8995016,1.8473992,1.5734735,1.0672021,0.65810204,0.22754996,-0.61851317,-1.3753942
0.34629932,1.1876477,2.2787452,2.8085213,1.9672462,0.67852,1.0720755,0.07749801,-1.483702,-0.96299446
-0.09289108,0.30074692,1.5600827,2.1808305,1.7330496,0.7262981,0.24469131,0.120658144,-0.66937435,-1.1442467
-0.5244668,0.2684047,1.7345666,2.4954422,2.5246317,1.2923685,0.9472424,-0.15737163,-1.5196805,-1.4383243
-0.5584389,0.16166644,0.90791893,1.8183985,1.3813729,0.7927145,0.26973802,-0.39527112,-1.2061976,-1.5945486
-0.9247115,0.6490119,1.4851962,1.8363209,1.5939714,0.51913154,0.6747035,-0.3004972,-0.67357475,-1.3999636
-0.07363446,0.39829096,1.6919003,2.3589227,2.005936,0.75232095,0.4382113,-0.31545538,-0.9465452,-0.9058833
0.20877013,0.7488917,1.6120167,2.0451405,2.2164211,0.9830332,0.7694201,0.22125503,-1.1554414,-0.94169223
-0.07180224,0.6015527,0.87155277,1.4616334,1.2284042,0.6323021,0.5003846,-0.18500118,-0.7976369,-0.51394165
-0.5301297,0.33006427,0.90811753,1.1522205,1.1721047,-0.042023424,0.29284316,-0.19593853,-0.548478,-1.0243113
-0.8499204,1.007153,1.8812486,2.4022071,2.2206032,0.9013459,0.5987902,-0.38718614,-1.0893707,-0.9636759
-0.002954919,0.7146036,2.374428,1.7340122,2.1071417,1.0296373,0.81464607,-0.34010625,-1.0306107,-0.8272247
-0.3951231,0.44370365,1.3501786,1.7226729,1.5481842,0.065852165,-0.026209794,-0.22768715,-1.4487123,-1.2176098
-0.48625508,-0.041647565,1.3582008,1.7519726,1.7747115,0.9237429,0.32428768,0.04566652,-1.0908165,-0.97297084
-0.42241612,1.1355898,2.0137422,2.3534777,2.1747406,1.0931113,0.7746903,-0.08296269,-1.1591133,-1.3845981
-0.5495095,0.40425402,1.4930751,1.3197082,1.4584233,0.49725538,0.20835255,0.012396526,-0.85625714,-0.5398923
-0.17799881,0.054928835,1.8693458,2.2947981,1.658225,0.67261934,0.6016246,0.28810424,-1.2159022,-1.3012336
-0.29719076,0.63150424,1.9684842,2.2762725,1.9796814,1.3375263,0.38713074,-0.45367566,-1.0805653,-1.6806736
-0.040964134,0.61353606,2.8887982,3.6246865,2.8574474,1.8887256,1.2342453,-0.1057677,-1.4744421,-1.511293
-0.036428414,0.8682906,1.9785401,2.709132,2.8885946,1.180383,0.6110284,0.12187536,-0.97461355,-1.5876858
-0.93403596,0.55380166,2.5250814,2.6910348,2.8387148,1.9193445,0.69791085,-0.810612,-1.7769278,-1.8083838
-0.6890043,1.2251801,2.227651,2.4737418,2.3922389,0.86406523,0.17900892,-0.8345388,-1.7405733,-1.5623635
0.16468212,0.60441893,1.8876185,2.3428714,1.4831504,0.9009047,0.8416544,-0.092262626,-1.0978353,-1.1754946
-0.96172744,0.727557,1.6938407,2.217529,1.9259143,0.68732923,-0.021137346,-0.84437346,-1.1442955,-1.716119
-0.5822366,1.2188497,2.408734,2.567719,2.53264,1.0085881,0.2363374,-0.99480504,-1.6572626,-1.2734807
0.2522588,0.50804055,1.3335307,1.4611614,1.4471598,0.6572258,0.45193925,-0.42712322,-0.9895575,-1.0524669
-0.7156613,0.40249225,1.5105953,2.079414,1.9283427,0.8418728,0.6828225,-0.4034532,-1.2725152,-1.8954928
-1.012519,0.5363989,1.8169273,1.9453348,1.6645206,0.5865352,0.27335006,-0.660659,-1.5083624,-1.3008553
-0.5899586,0.682181,1.9889075,2.2031267,2.2327962,1.146725,0.8986817,-0.26234987,-2.0893915,-2.1150792
-0.63927346,0.53012514,1.5491458,1.8348657,2.0868628,1.1808614,0.3945493,-0.121197045,-1.2749037,-1.390864
-0.06879034,1.0233408,1.9207661,2.3603976,1.7712698,0.70448583,0.36995232,-0.40123782,-1.2750825,-1.3820293
-0.79613304,0.57760787,2.145836,2.9318914,2.2938213,1.3722664,1.1578928,-0.7894139,-1.8901052,-1.4639384
0.3727669,0.79680485,1.8518205,2.0426362,2.2696466,0.9461396,0.508805,-0.6546166,-1.242037,-0.7205624
-0.1050517,0.44822064,1.6096935,1.7122642,1.5005296,0.72329587,0.70120037,0.023930939,-1.0022746,-1.0637524
-0.522272,1.7576673,2.5012765,2.9520345,2.6276617,0.66780204,0.5939131,-0.24712151,-1.5997262,-1.1705396
-0.41545394,0.70481604,2.2592342,3.1187208,1.9936436,1.2557422,1.1383708,-0.3800759,-1.6185607,-1.4310055
0.08535591,1.1094332,2.0849922,2.4736896,2.7607715,1.4955697,0.9801482,-0.26127756,-0.97434723,-1.1731141
-0.143964,0.42938247,1.5498853,1.626438,1.3510579,0.6069083,0.30614597,-0.28847617,-1.1007842,-1.3558719
0.20257175,1.0374695,2.1910245,2.1239762,2.2937682,1.146965,0.7138458,0.37004057,-1.6020803,-1.1719451
-1.0180321,0.8991655,1.9492303,2.4327564,2.1270163,1.3298553,0.7245118,-0.45544845,-1.2750447,-1.8830079
-0.08369504,1.0959196,2.6295483,3.1599524,3.1191752,1.2306063,-0.20467676,-0.59764427,-1.8229427,-2.2627833
-0.737435,1.0006462,2.5663764,4.067921,3.706448,2.6478298,1.57286,-0.16820726,-1.4323223,-1.5425987
-0.88499886,1.5712653,4.11951,4.0060644,3.6235256,2.0483215,0.55070496,-1.1877464,-2.3835208,-1.6125294
-0.1153313,0.7038973,1.5690577,2.9040606,2.8884912,1.3669096,0.5736365,-0.37634,-1.2213858,-1.4794192
-0.09322362,0.8747628,1.8214821,2.0282466,2.3533778,0.9627317,0.5781154,-0.09412816,-0.9673363,-1.1679541
-0.66559005,0.61451566,2.1488872,2.4818313,1.9652313,1.0570163,-0.10388155,-0.7351234,-1.2656817,-1.5366396
-0.18777382,0.3819013,1.1804637,1.5234265,1.9355487,1.4413378,0.90102565,-0.106387734,-0.8522517,-1.3307416
0.20277211,0.784418,1.8136157,1.8155934,1.7030948,0.5470901,0.25571135,0.16851902,-0.60156935,-0.6122141
-0.016680885,0.9366907,1.6446313,2.5708027,2.3859608,1.0914631,0.69491065,-0.03474097,-0.79514694,-1.07323
-0.4509573,0.81509835,1.397708,1.8952287,1.8730054,1.1809808,0.6661658,-0.021810219,-0.732964,-1.1738007
-0.5396899,1.1427414,1.9882795,2.189193,1.9331405,0.6590995,0.3916872,-0.33832592,-1.4062358,-1.4061602
-0.065975286,0.2390161,1.3951751,2.0551968,1.7589757,1.0701612,0.82256573,0.4071372,-1.0649761,-0.98718303
-0.33556256,1.0465707,2.3006067,2.6808035,2.2553165,0.8793702,0.69261765,0.03900853,-1.4316266,-1.8492615
-1.0103278,1.1667887,1.8378152,2.498049,2.1382322,0.59529257,-0.040906925,-0.3081427,-1.0285996,-1.9875135
-0.15587622,0.59789383,2.1117973,2.7230659,2.595487,1.2275026,0.59224916,0.34651938,-1.0066562,-1.3568356
-0.5022365,0.6983771,1.3452439,1.3442966,1.4852126,0.8112401,0.64198285,-0.104907915,-1.2536634,-0.99515367
-0.34242284,0.6599788,1.481976,1.610965,1.3564912,0.87266254,0.30339518,-0.34306473,-1.1885408,-0.6818606
0.23255593,1.1474969,1.6446102,2.2420166,1.7600908,0.4763741,0.9424547,-0.08572431,-0.9987298,-1.2685112
-0.3684384,0.9187507,1.7890785,1.7576044,1.6777365,0.5083808,0.20727259,-0.079808705,-0.25733492,-0.6537972
0.12862265,0.23584183,1.4116074,1.8301221,1.7059686,1.3963922,1.0973068,-0.48064166,-1.6182512,-1.2307638
-0.096240245,0.27114597,1.3865579,1.8106554,1.916986,1.0330873,0.25237772,-0.3535945,-0.66982573,-0.9105102
-0.14894593,0.15755075,1.0776533,1.8434497,1.5185323,0.4161871,0.5409508,0.3461449,-0.6401042,-0.96963763
-0.3689598,0.40862864,1.6501188,1.863318,1.7358452,0.71310264,0.30911884,-0.50423163,-0.8857488,-1.2389864
-0.5238226,0.50747925,1.4080257,1.8280597,1.5636005,0.46505886,-0.004321331,-0.4238284,-1.0667257,-1.3726159
-0.18448818,0.6006252,1.407711,2.2461145,1.9627343,1.2880113,1.2201871,0.14278027,-0.839618,-0.9842213
-0.62935793,0.3018791,1.1218503,1.8880069,1.7577147,0.27058095,0.53202856,-0.079296075,-1.1449959,-0.9411376
-0.031327054,0.73472375,2.1249032,2.8169756,2.4774792,0.59634674,0.41882902,0.17732614,-1.1711016,-1.6517184
-0.3034297,1.1048546,1.8117894,3.0695724,2.7609446,1.160227,0.6249503,-0.6554703,-1.7270633,-1.7422147
-0.58508927,0.26159555,1.0046096,1.5724943,1.6891457,0.8843094,0.3275991,-0.0049944627,-0.9155712,-1.0685011
-0.85363686,0.86165583,1.8371719,1.8906316,1.666097,0.7384225,0.2971897,-0.2783397,-0.86577874,-1.2971007
-0.5632223,0.6502166,1.286092,1.8348523,2.0325322,0.7247055,0.0058516636,-0.11882359,-1.231302,-1.3606995
-0.7548521,0.28363374,2.214711,3.1812077,3.015233,1.5843431,0.67752475,-0.13748461,-1.5444703,-1.5059032
-0.22342873,1.1022174,2.3881888,3.065018,2.552887,1.1685534,0.6360089,0.054045882,-1.0255573,-1.6335576
-0.7037834,1.2794116,1.9931642,2.1393375,1.5233736,0.5833304,0.3894453,-0.46739963,-1.5566447,-1.4035082
-0.8611103,1.2228303,2.404136,2.9134073,3.0761962,1.5977223,0.5979749,-0.60974866,-1.2875029,-1.9266984
-0.16860276,-0.07209909,1.5557511,2.4562604,1.7112302,1.390553,0.7683187,-0.19706063,-1.2163198,-1.5261449
-0.8532703,0.69726264,2.3808835,2.841517,2.5527544,1.1897552,0.6896232,-0.3163243,-1.7006019,-1.2352126
-0.6201813,0.84542215,1.7550747,2.1169252,2.1778724,1.0697519,0.44483584,-0.922655,-1.1665918,-0.92097694
-0.12348419,1.3176963,2.728342,2.7033324,1.9391487,1.0033602,0.32671317,-0.6307096,-1.6968781,-1.4747987
-1.5108509,0.893205,2.583107,2.5736675,2.3657618,1.8313355,1.0920131,-0.5915054,-1.4643066,-1.2047153
-0.6193448,0.86498964,2.5201416,2.435743,1.9747797,1.1885548,0.5353614,-0.5022876,-1.0295118,-1.7563137
-0.7912315,0.5690764,1.9682615,2.4879558,2.2590163,1.110678,0.31409505,-0.53457344,-1.6843824,-1.5383245
-0.75914896,0.5178002,1.397243,1.7480056,1.2598804,0.4378221,0.09809181,-0.39748037,-1.2527088,-1.3933039
-0.67196804,0.6399798,0.9033823,1.7353752,1.2749897,0.32912183,0.17276628,0.021148277,-0.90949094,-1.2506164
-0.029901143,0.3086682,1.9284029,1.9378797,1.7063941,0.45627707,0.8833172,-0.100642115,-0.76082885,-0.67715603
-0.61260873,0.68916255,2.2483633,2.5078447,2.018137,1.6582098,0.8471161,-0.6830271,-1.942404,-0.9393323
-0.23670602,0.5109579,1.7665551,2.2358494,1.5963908,0.67476076,0.67590123,-0.14810325,-1.1115661,-0.8248224
-0.63255465,0.95152813,2.2046542,1.8196558,1.8547516,0.65731704,0.3724568,-0.24125756,-0.7440344,-1.179108
-0.55342156,-0.030773485,1.0696042,1.9756163,1.3640366,0.47430754,0.4629999,0.08310214,-1.2968814,-1.324803
0.0030839304,0.61636686,1.6126362,1.7539067,1.422294,0.39453384,0.2015867,-0.18637313,-0.930266,-0.9409141
-0.34303284,0.4966195,1.783665,2.1786566,1.9044042,0.99169195,0.67553425,-0.0062213778,-1.3259037,-1.247953
-0.19591674,0.4975517,1.2126596,1.1790235,1.3497069,0.7753373,0.6834617,-0.22743405,-0.5758841,-0.87962717
-0.290165,0.89932114,2.0768182,3.0477197,2.0815547,1.1922737,0.3500014,-0.34277603,-0.9441576,-1.1033782
-0.9388234,0.77854973,2.997632,3.4183483,2.749963,1.3910793,0.122103184,-0.7255665,-1.9897172,-2.2190728
-0.34546626,0.4141366,1.8772464,1.5554662,2.144537,0.8522685,0.7111903,0.08160931,-0.45337155,-1.0254564
-0.62012935,0.6024412,1.5301377,1.9278772,1.8260889,0.6906114,0.45630214,-0.73551965,-1.2988499,-0.62651175
0.11109122,0.32654077,1.4895909,1.8591067,1.5894257,0.4685169,0.34416527,-0.19466573,-1.2265328,-1.005384
-0.29852417,0.5162856,1.5110694,1.9651316,1.958116,0.76461065,0.83035237,-0.5242466,-0.94669676,-1.2720743
-0.34985963,0.7923172,1.4898072,2.0662446,1.8596289,0.8223038,0.69855714,-0.07524144,-1.1953752,-1.0786403
-0.056995437,0.37975726,1.1548109,1.4299562,1.5133325,0.4056152,0.34469926,-0.23891546,-0.7830514,-0.8312691
-0.29358435,0.8567444,1.3275561,1.4384096,1.7275828,0.6179351,0.9428445,0.093365,-0.9905194,-0.8587644
-0.13760334,1.5471138,3.5935082,2.945136,2.891577,1.3652992,0.63684857,-0.18264316,-1.0313638,-0.818752
-0.88937175,1.3127164,3.5164626,3.8933852,3.7630281,1.9131098,1.0146573,-0.8388721,-1.9782038,-1.8188193
-0.7743607,0.31607202,2.5191035,3.211545,2.0465825,0.8828509,0.21597773,-0.46294641,-1.3025591,-1.5731504
-0.3865997,0.55507684,1.2370708,1.6344682,1.3526227,0.40712354,0.19507377,-0.31684682,-1.008866,-0.98413956
-0.3251186,0.58706963,2.0231533,2.575001,2.5567052,1.0001554,-0.09169698,-0.6878581,-1.4271858,-1.7113106
0.17033994,0.47924823,1.5004202,2.1439755,1.8110332,0.6131176,0.28661275,-0.301374,-0.99141073,-1.1273901
-0.4565214,0.7801778,1.7324038,2.710113,1.8227144,0.87405807,1.0076464,0.44278517,-1.3119563,-1.6366713
0.07183415,0.8724337,1.5708042,2.1835566,1.8984708,1.141496,0.17722963,-0.061270863,-1.1206802,-0.94482607
-0.17366934,1.124977,3.448834,3.4770315,1.7230401,1.279532,0.4637317,-0.9617051,-2.1497464,-1.0173012
-0.6007367,0.5409117,1.6697992,1.8357099,1.757111,0.88029045,0.23409066,-0.26504555,-1.3069414,-1.5193429
0.23122832,0.5896229,1.322219,2.5075893,1.9482336,0.73370796,0.7044433,0.2231051,-0.97826505,-1.435322
-0.40361625,0.82315964,1.6103784,2.6502912,2.2941954,0.97123456,0.47745818,-0.1454215,-1.3294194,-1.3318901
-0.13638219,0.7086573,1.9007744,2.445132,2.2126389,0.9640088,0.019800913,-0.4885248,-1.740119,-1.6147611
-0.46737924,0.8577156,1.5106958,1.5727507,1.6080868,0.70576775,0.41833568,-0.02336625,-0.76056004,-0.81792665
0.15631321,0.46647125,1.6860267,1.6081469,1.8166761,0.6909619,0.2733972,-0.24635029,-1.0936384,-0.6064779
-0.28494066,0.12757705,1.0134032,1.3533783,2.021733,0.6204508,0.10543576,-0.3750442,-1.3467216,-1.1643994
-0.27932066,0.5260033,2.069115,1.8796065,2.1518893,1.1718255,0.7766668,-0.07387764,-1.1365334,-1.0153993
-0.44059524,0.34516832,1.27284,1.4155568,1.6600595,0.54224825,0.44534808,-0.035126917,-1.0330042,-1.1029866
-0.2006326,0.6383028,1.7625201,1.789873,1.8032187,0.532053,0.3625745,0.072733134,-0.8505804,-1.2173175
0.052956987,0.6423707,1.429507,1.856907,1.7785926,1.0169717,0.46738172,-0.13000098,-1.2231402,-0.85442156
-0.2849402,0.5032388,1.6067699,1.4830539,1.6203293,0.615027,0.30628073,0.16289479,-0.52320206,-1.0617008
-0.4107935,0.24426211,1.5774472,1.7943376,1.7096175,0.5414903,0.71335495,-0.3022677,-0.7797125,-1.2079041
-0.54474205,0.92999417,2.1589954,2.265956,1.9251127,0.7991123,1.0157174,0.5780952,-0.7177574,-1.3894569
-0.33251208,0.6516965,2.0334413,1.8791213,2.111279,1.0863394,0.93515587,-0.06319445,-1.3977737,-1.1020269
-0.18011603,0.3760729,1.3035063,1.6852436,1.4556525,0.57258075,0.72502583,0.092837036,-0.33537444,-0.7115101
0.19979396,0.9133989,1.4312929,2.161193,1.9632474,0.71180713,0.8279869,0.10097877,-0.9605942,-0.8012212
-0.75983214,0.48007905,1.8919737,1.9618672,2.3826935,1.1306859,0.8846407,-0.22405301,-1.2450076,-1.5163097
0.057144046,0.2193569,1.0408255,1.0766032,1.2181672,0.6420243,0.73913544,0.18462476,-1.0081818,-0.6819765
-0.15005842,0.16478622,1.5137297,1.5651848,1.9126835,0.52104646,0.7564682,0.33957675,-0.6914304,-0.9792574
-0.636128,0.2856195,1.6882722,2.1581085,2.1326745,1.0576286,0.26003116,-0.7037059,-1.1799147,-1.1368674
-0.36169234,0.3892167,1.0972606,1.5121537,1.0673877,0.48625487,0.12446612,-0.058021925,-0.9975171,-0.8763018
0.0062547354,0.6240285,1.2485977,1.7068076,1.7055799,0.8081112,0.63143945,-0.09377204,-1.0892375,-0.7994804
-0.34593803,0.5485717,1.7265947,2.1283314,1.558345,0.6859978,0.96363807,0.22648907,-1.07705,-1.5919557
-0.6018401,1.0769283,2.0207994,2.1916237,1.9690481,0.73277944,0.060581535,-0.52457726,-1.5864577,-1.9151627
0.3279432,0.454287,1.6098818,1.6466001,1.8240144,0.49553758,0.25309008,0.0143732615,-0.83950526,-1.5115426
-0.27150255,0.26008373,1.5787445,2.0007765,1.9018581,1.1854916,0.19437356,0.033585668,-1.2922144,-1.5151746
-0.96676886,0.6732158,1.4879184,1.9525568,1.5915008,0.69837284,0.4973321,-0.4006547,-0.6551316,-1.1287856
-0.4862164,0.6572216,1.1783464,1.1589481,1.439169,0.3988021,0.013962138,0.061387338,-0.8055639,-0.7402469
-0.82804614,0.5343327,2.2588673,2.6195228,2.938111,1.9192913,1.0295998,-0.087538525,-1.169902,-1.4898946
-0.4705312,0.28885677,1.6329252,2.2488725,1.6617417,0.6144304,0.61576056,-0.45192823,-0.88817364,-0.47949716
-0.06355127,0.6041496,1.3819245,1.2667261,1.1782857,0.76847804,0.4921612,-0.18260561,-0.8280037,-1.0389731
-0.3676425,0.3198939,1.5500026,2.0653303,1.3166012,0.81210357,0.6201897,-0.40522498,-1.0740628,-1.1886481
-0.512198,0.028379166,1.4838192,1.8507615,1.5336002,0.4153282,0.5772353,0.025011506,-1.0135897,-1.4443076
-0.07765496,0.5722892,1.7449511,1.2619265,1.7367015,0.38629282,0.236123,-0.07369254,-0.8928577,-1.7082065
-1.2823647,0.6045361,2.2057018,2.423135,2.3038118,1.0852113,0.6847514,-0.34374043,-1.2040572,-2.0019913
-0.297716,1.1147162,2.2797322,2.489778,2.3503985,1.1236482,1.0418319,-0.2628188,-1.5661536,-1.3695105
-0.18125856,0.6073309,1.4160032,2.7033772,2.5058434,0.6951691,0.41122136,-0.21850678,-1.1595058,-1.2687838
-0.4760512,0.74215716,2.3057587,1.9099225,1.8318343,0.599919,0.3008666,0.07068269,-0.8556869,-0.9220603
-0.5180664,0.8235044,1.5352266,1.871177,1.986991,0.8971369,0.5238509,-0.47680417,-1.2046365,-1.42245
-0.30536917,0.9417255,2.4253469,2.0605114,2.0055892,0.7395081,0.670615,-0.35078117,-1.0412302,-1.2757792
-0.007680159,0.5528567,1.0412159,2.069457,2.1580954,0.6631178,0.71138275,-0.19230586,-0.62966365,-1.3142194
-0.32959852,0.64581776,1.4634905,1.2277781,1.3084114,0.24076949,0.41693527,-0.19067375,-0.8207752,-1.0730971
-0.31901625,0.33151233,1.8005337,1.9369668,1.7253021,0.8844619,0.22340289,-0.94553554,-1.2289639,-1.1730494
-0.07603814,0.50261486,1.1553319,1.8118049,1.4767947,0.40673938,0.30132878,-0.042187825,-0.8953654,-0.95684326
-0.3630384,0.6215108,1.5702424,1.343458,1.5345278,0.47632718,0.69008404,0.0134687815,-0.7346442,-0.8747255
-0.18143696,0.12641475,1.6712065,1.9819008,1.4143364,0.4178267,0.5381254,-0.4572371,-1.0481741,-0.9290292
-0.18666384,0.07044085,1.36043,1.590516,1.4987997,0.8420027,0.74837124,-0.06875729,-0.8058137,-0.83787674
0.015569946,0.78043145,1.7549253,2.0934215,1.999498,0.66935366,0.44312692,-0.32582113,-0.94286835,-1.306374
-0.54970574,0.90546435,1.6662579,1.7311245,1.7046105,0.61301124,0.72214925,0.033060946,-1.0363824,-1.6736044
-0.38857692,0.64781713,1.3554411,1.3622843,1.8230066,1.2533451,0.44748893,-0.5006763,-1.2008784,-0.92735785
0.016805952,0.95251334,1.4899553,1.6198746,1.5815408,0.7138219,0.49501652,0.010015609,-0.70884544,-0.7459146
-0.5161805,0.15274148,1.524246,1.6080842,1.8484766,0.7966687,0.86749655,-0.43403557,-0.66353476,-0.7601619
-0.30100688,0.7499888,1.5738841,1.6979264,1.6050113,0.3277302,0.28782263,-0.13295062,-1.2600404,-1.2013153
-0.009021545,0.7853999,1.4669785,1.6303661,1.92291,0.3752449,0.61160064,0.49364084,-0.62558377,-1.1020979
-0.19154125,0.22751866,1.4394871,1.8022147,1.390443,0.5207254,0.6068871,-0.25035602,-0.93485034,-0.9542905
0.42959183,0.46277234,1.3596703,2.0203063,2.0469003,1.3756667,1.0037942,0.21398997,-1.2830696,-0.951921
-0.50183153,0.62283623,1.6755731,1.811511,1.849405,0.628982,0.25824636,-0.5456271,-0.9763777,-0.8789917
-0.064054064,-0.1344743,1.8163201,2.5232697,2.2119575,1.2763573,0.5234054,-0.48639217,-1.5454594,-1.0863848
-0.41707155,0.4000504,1.4510349,1.7703184,1.5248028,0.3673262,0.15061888,-0.46996212,-1.2038885,-0.8978588
-0.2584904,0.5258758,1.4665369,1.4500284,1.4252781,0.28213346,0.33274296,-0.324787,-0.6050139,-1.1892726
-0.55068827,0.6002344,1.4681066,2.3097372,1.7425287,0.62269235,0.49773788,0.24791764,-1.0926292,-1.4380323
-0.425484,0.5155881,1.4549855,2.2820308,2.0269616,0.45437855,0.47085047,-0.3876574,-1.1266522,-1.0240027
-0.45579204,0.8865661,1.3451903,1.6288366,1.5563558,0.61588174,0.18329965,-0.42123947,-0.9686701,-1.0395107
-0.7681841,0.9313468,1.7022729,1.6794983,1.3481826,0.6636045,0.5391869,-0.3818058,-1.3176858,-0.993013
-0.40616167,0.26529628,1.3726941,1.7112904,1.3510925,0.24101745,0.57104087,-0.20271665,-0.97517776,-1.0813092
-0.7471973,0.9568465,2.041951,1.6134791,1.464077,0.41869906,0.30995703,0.03820953,-0.90154314,-1.0089066
-0.20209762,0.874376,1.973371,2.6589165,2.6372237,0.926522,0.5977936,-0.14298214,-0.8759606,-1.1087687
-0.2847251,0.6209824,1.8973227,2.0645645,1.6062286,0.8147668,0.6385923,-0.17335868,-0.7688061,-0.7249019
-0.15997472,0.8717349,1.4702897,1.505843,1.5386618,0.2915536,0.5602047,-0.11164502,-0.69870627,-1.3143214
-0.4297549,0.5797476,1.2782198,1.3254939,1.4214363,0.5293522,0.46512955,0.04695543,-0.2549034,-0.6645956
-0.43987194,0.92085683,1.8581617,2.1100307,2.0062275,0.608248,0.57532936,0.32853583,-1.0231283,-0.922735
-0.5762276,0.73018855,1.2735015,1.7858493,1.3601722,0.8017658,0.47745728,0.023200434,-0.9509646,-1.0294969
-0.62156546,0.54353976,1.7312771,1.9165125,1.9650277,0.60968167,0.8954635,0.15314844,-1.3705662,-1.78269
-0.6262679,0.31733444,1.7367387,1.92345,1.1860615,0.6265068,0.094493106,0.029008366,-0.8492072,-1.1527904
-0.85011536,0.19456474,1.2718726,2.0209987,1.5621537,0.85034865,0.2322183,-0.6042602,-1.1991677,-1.4006916
-0.07498639,0.5357383,1.5442979,1.1829967,1.4452204,0.8055344,0.21576878,0.122679986,-0.7486385,-0.9524776
-0.052880093,0.62891537,1.9475226,1.8651057,1.6295649,0.67687833,0.52547914,-0.36198607,-1.3255255,-1.1111597
-0.15293464,0.43953037,1.6195321,2.2721848,2.1181295,0.9444474,0.9837377,0.13510533,-1.1430779,-1.1063977
-0.41843688,0.33407563,1.8140122,1.8954053,1.3934373,0.82936174,1.3005061,0.13815702,-1.532911,-1.6766763
-0.32367802,0.16169253,1.3279334,1.6489806,1.8079242,0.50134665,0.74842775,0.24416934,-1.0523442,-0.83525515
-0.5884334,0.6688409,1.6196094,1.4113264,1.4768484,0.76976275,0.036401853,-0.43884844,-0.85760176,-0.80953795
0.35007712,0.49892637,1.6021839,1.5903221,1.2478254,0.82933146,0.65372837,-0.24925852,-0.9220536,-0.42955077
-0.37197852,0.62527275,1.8561966,1.6821538,1.0997219,0.7426668,0.65553916,0.14510769,-0.7098389,-0.96696377
-0.60776186,0.59911907,1.3296995,1.3310603,1.5309823,0.5694751,0.32651302,-0.54361576,-1.3647052,-1.1583874
-0.75861484,0.36660284,1.6188582,2.1291742,1.9165016,0.7881297,0.5642255,-0.13225198,-1.3169451,-1.7728186
-0.45633388,0.5633512,1.3538646,1.7998655,1.7449361,0.85221416,0.44859675,0.14375673,-1.0375938,-0.9893548
-0.66746074,0.783848,1.7698524,2.535672,2.0319152,1.55609,0.93277484,0.10631426,-1.3416044,-1.2349489
0.018799728,0.3976046,1.5359287,1.7401366,1.7891382,0.7291395,0.56848997,-0.3529165,-1.0291566,-1.2207946
0.09746718,0.59807736,1.7502867,2.3844988,2.0541053,1.1111223,0.9393206,-0.03198562,-1.0453622,-1.024207
-0.5743372,0.70272654,2.185656,1.5473783,1.6269156,0.5093695,0.24572441,-0.51401216,-1.0298979,-0.49119535
-0.58545357,0.58959585,2.7271476,3.0307198,2.3692198,0.42539245,0.27332413,0.07553408,-1.1648116,-2.1016433
-0.41396332,0.80651313,2.851579,2.8667192,2.029314,0.9534087,0.110324174,-0.53317636,-1.403646,-1.3841223
0.0522209,0.29346395,1.4461752,2.1128702,2.3275726,1.2731789,0.9308637,0.51618385,-0.34384528,-1.5007114
-0.14973706,1.1120347,1.8667973,2.163233,2.142089,1.1198006,0.11468162,-0.20956062,-0.7868766,-1.2074667
-0.28839448,0.55626804,1.6391742,2.1129117,1.9818548,0.7157789,0.5996829,-0.097457625,-1.2374083,-1.5475441
0.38089925,0.5100946,1.3010696,1.8891946,2.1848867,0.70816535,0.33477545,0.16639914,-0.7938604,-0.6158843
-0.12497359,0.28203484,1.7364109,1.6109114,1.4275739,0.89333606,0.43898872,0.085751995,-1.1538142,-1.3226007
-1.0472045,0.86119264,1.4235665,2.0470502,1.3929493,0.6848346,-0.07664155,-0.6872828,-1.3556067,-0.9319056
-0.15872413,0.48848388,1.8415513,2.4166305,2.112734,0.43333262,0.8002978,-0.13766444,-1.0846033,-1.1577365
-0.06390099,0.48360598,1.6377248,1.6815492,1.3899196,0.5929608,0.028249726,-0.50838083,-1.039331,-1.1278951
-0.1820355,0.80517364,2.2488136,2.2028863,2.1878796,0.8508748,0.5422742,0.33123437,-0.92154115,-1.4778955
-0.26047033,0.38936284,1.5648081,2.4709034,1.890997,0.21503241,0.18386301,0.036377713,-1.0344139,-1.6573381
-0.18609813,1.0574359,1.1493198,1.8310547,1.7586399,0.41169795,0.124029934,-0.36181384,-1.0570593,-1.5884639
-0.18808663,1.0218831,1.3703033,1.6312358,1.9901322,0.69832474,0.550282,-0.5390958,-0.93863785,-1.081779
-0.53709114,0.86311626,2.4530764,2.7056546,1.9020052,1.425179,1.2682654,-0.40332517,-1.3845005,-1.331911
-0.42805058,1.1894234,1.8818223,2.1399558,2.2023184,0.40024137,0.31387264,-0.25114402,-1.246484,-1.553631
-0.26290217,0.32210496,1.4590663,1.8965682,1.7490983,0.7949477,0.7983858,0.061667085,-0.9782239,-1.6304673
-0.0968293,0.9379895,2.1789763,2.1954918,2.2867453,1.3786875,0.4655885,-0.42060503,-1.3373758,-1.378408
0.07566316,0.6255603,2.0650773,2.6823888,2.0397673,1.2241772,1.3319329,-0.26577193,-1.5659146,-1.5500731
-0.23539716,-0.0328071,1.4841486,1.8148166,1.4724516,-0.043597464,0.51955414,0.035767082,-0.6997293,-1.0134246
-0.12999934,0.9266771,2.982109,3.2550888,2.908014,1.0658764,0.07168457,-0.82672405,-1.8096515,-1.859773
-0.019381717,0.6118378,1.4284084,2.4498553,2.2512455,0.9376408,0.76990515,0.46582866,-0.840684,-1.4918687
-0.5478949,0.5915626,1.3754199,1.4614896,1.6610565,0.88926995,0.32559857,-0.3356712,-0.78407055,-1.2146953
-0.1512152,0.5303757,1.3354567,1.9747244,1.7653753,0.76717055,0.5244078,-0.15391825,-0.9305128,-1.5593084
-0.28917277,0.22565053,0.902418,1.4696708,1.7826728,0.4198326,0.4731832,0.041440926,-0.7820273,-0.8714496
-0.10204483,-0.009611138,1.2205745,1.900147,1.824927,0.48841888,0.58461547,-0.42300007,-0.96012366,-1.0809041
-0.8251144,1.1455309,3.1306005,3.1830616,2.9875913,1.2915347,0.8597291,0.0019569485,-1.5300465,-1.7239252
-0.5724872,1.4426098,1.9377813,1.6109211,1.7476101,1.0181081,0.30251318,-0.34323767,-0.99285436,-1.2297558
-0.43821648,0.7601012,2.6150513,3.3099682,3.5211673,1.768872,0.9439163,0.073390886,-1.6487697,-1.1663529
-0.49819157,0.91458124,1.0814542,1.7422686,1.3685381,0.5142702,0.30382752,-0.4654686,-1.4049284,-0.70938444
-0.12186473,0.56382436,1.2434809,2.3459094,1.5517082,0.6612125,0.7089713,-0.3509537,-1.3208865,-0.96118337
-0.25115308,0.6224455,1.6227726,2.0471182,1.9119327,0.54775023,0.58876073,-0.015285464,-0.5364071,-1.1361736
-0.3124387,0.8650102,1.5872856,2.1354885,1.9441547,0.9969504,0.2648924,-0.0037095896,-1.5863632,-1.3547802
-1.571243,1.0707805,2.3007486,2.2359734,2.3014915,0.87155074,0.70670164,-0.7537843,-1.6146919,-1.1251712
-0.40209317,0.9271942,1.9856747,2.2969372,2.0697982,1.0510544,0.18778051,-0.39262387,-1.2940775,-1.8609405
-0.5531995,0.50968844,1.7079109,2.239524,1.7118882,0.4833877,0.86310655,-0.8688992,-1.5151716,-0.99425495
-0.72656167,1.02184,1.4862114,1.4549164,1.7295192,0.31195733,0.35550585,-0.3570882,-0.6204856,-1.1483079
-0.3265952,0.6892131,1.6460408,2.4544501,2.3098829,1.0817075,0.07537919,-0.87788767,-1.5519283,-1.5303626
-0.55148655,0.42995983,1.384273,2.3389268,1.6801629,0.91339517,0.591237,-0.30801266,-1.0380902,-1.5208225
-0.1085336,0.81819075,1.4328558,1.5839088,1.3675984,0.8689338,0.72723544,0.078834794,-0.9980676,-0.79449517
-0.8426021,0.46175176,1.7336938,2.0409005,1.7084081,0.95960057,0.7296769,-0.5693599,-1.0494453,-1.7384183
-0.5060036,0.45231453,2.247098,2.5744014,2.164539,1.4893794,1.0524162,-0.4458385,-1.446517,-1.39971
-0.49790528,0.6251711,1.9020072,2.5014362,1.5276049,0.324951,0.35207078,-0.7038889,-1.6684244,-1.459496
-0.7954099,0.5933268,1.4717572,2.047824,1.4146705,0.9201751,0.6966463,0.28554118,-1.5053982,-0.97952896
-0.0073594283,0.19731924,1.3740311,1.6720433,1.7437787,0.5357385,0.71717465,-0.27768004,-0.95812714,-1.0210011
-0.33132234,0.4704536,1.3862667,1.9343494,1.4675894,1.1004605,0.34887058,-0.12284967,-0.38781682,-0.6380544
-0.31097943,0.47309735,1.8533849,1.9725541,2.0101898,0.75485986,0.987468,0.6718794,-0.7216,-1.1992112
-0.54281497,0.8892659,2.0362082,2.5356631,2.3238525,1.0052358,0.64506733,-0.59286445,-1.2960601,-1.4676269
-0.5586873,0.2746115,1.3297967,2.3582835,2.0364785,0.4882878,0.07343936,-0.5599225,-1.2143781,-0.92297316
-0.73220634,0.9333669,1.950376,2.5093243,2.0536418,1.2692583,0.3361726,-0.9395038,-1.8478317,-1.7283046
-0.6996949,-0.009205394,1.453431,2.686305,1.8743695,0.5715979,0.6882514,-0.18341427,-0.9645117,-1.5649472
-0.70221937,0.60949385,1.3843044,1.9456209,1.3833411,0.53365636,0.6599112,0.11886092,-1.109739,-1.0110307
0.26101226,0.30810615,1.2780824,1.7632967,1.1549811,0.8884171,0.6667747,0.50464517,-0.9977325,-0.64226604
-0.25315854,0.9188759,1.6933776,1.8392915,1.7508721,1.2854359,0.5483911,0.059748523,-0.83266866,-0.61919755
-0.1196317,0.81284624,2.0027437,2.0593488,2.2259355,0.65353614,0.36379775,-0.2662218,-1.257489,-1.5226023
-0.5771657,0.3034102,2.3859773,2.2911258,2.1463828,1.3084483,0.66979927,-0.19043472,-1.2106051,-1.0988419
-0.2626357,0.45127842,2.7966697,3.093671,2.6535456,1.7781825,1.3089728,-0.8072119,-1.5118467,-1.575839
-0.8865759,-0.10252893,1.6388817,2.184874,2.2077446,0.61504,0.19785418,-0.67144245,-1.5481986,-1.5244994
-0.49854448,0.3286594,1.8757396,2.675635,2.3664658,0.7980823,0.45575267,0.14309444,-0.940524,-1.3766505
-0.8772625,0.4258049,1.5480274,2.016445,1.9443035,0.93168783,0.21431497,-0.073104024,-1.6797788,-1.2407522
-0.79613,0.8534181,2.2413526,2.610816,1.6664813,0.6063901,0.2805006,-0.5996645,-1.2575034,-0.9193651
-0.45992404,0.3086303,1.187876,1.8012122,1.4472992,0.181999,0.15180832,-0.02875133,-0.62368745,-1.2334222
-0.493305,0.4536883,1.0640168,1.865357,1.8510342,1.014687,0.20830728,-0.021087214,-1.2460263,-0.9448178
0.061177947,0.6861019,1.3403616,1.5477644,1.748362,0.6342726,0.65214336,-0.09620395,-0.87111956,-0.6901638
-1.1427504,1.3367094,2.343307,3.2800457,2.2630396,1.2380043,0.4613478,-0.6079091,-1.2891678,-1.1145467
-0.63013554,0.7323032,1.3894447,2.1650896,2.0684316,0.3519024,0.3849698,-0.056293175,-0.89641225,-1.3470223
-0.81961507,0.8271555,1.7427657,2.0081618,1.783365,0.7688911,0.2829114,-0.27535337,-1.3922043,-0.7800671
-0.64073676,0.22022286,1.8183773,2.578448,2.3387277,0.8718519,0.46893305,-0.097880326,-1.338025,-1.413297
-0.13025528,0.71297556,1.5587462,2.120687,1.4239652,0.6060278,0.68272454,-0.20716126,-1.2754275,-1.0880312
0.18205938,0.40250617,1.2110889,1.4950613,2.079738,0.6718417,0.6614383,0.376779,-1.0407959,-1.0597667
-0.53571266,1.594025,2.5517378,3.07999,2.628587,1.3552952,0.6568443,-0.4126671,-1.2730755,-0.6258372
-0.3481197,0.9704494,2.4342883,2.8877332,2.4716434,1.3232217,0.54619426,-0.51022077,-1.4418558,-1.7005938
-0.7086162,0.6525198,2.2808495,2.5352004,2.8997645,1.7608147,0.48223865,-0.8164384,-1.4254341,-0.7185944
0.32696226,0.19313547,1.0708373,1.805977,1.4385606,0.51172185,0.28402066,0.5354935,-0.8063757,-0.7719157
-0.59132427,0.62235874,2.3206882,2.2300515,2.0269864,1.1391222,0.5095773,-0.26461828,-1.0985698,-1.6372039
-0.09676606,1.0534996,1.7331947,1.8541069,1.8900208,0.6147948,0.19629113,-0.4288273,-1.381742,-0.7747875
-0.490644,0.7054212,1.9346616,1.7556839,1.6588581,0.98562753,0.059189282,-0.34268865,-1.1534848,-0.90774924
-0.6779083,0.5106341,1.553834,1.5223385,1.0984726,0.44501778,0.051474825,-0.75941545,-0.63243794,-1.3998833
-0.25221598,0.57743347,1.6603887,2.0957096,1.6659715,0.6408674,0.17554404,-0.03888131,-1.3998979,-1.5878454
-0.090681836,0.62571037,1.9829763,2.07924,1.6747248,0.32152757,0.26127744,-0.21677998,-0.7294695,-1.0407867
-0.28802833,0.094363764,1.4060432,1.6141095,1.6758966,0.5937052,0.22261935,-0.06786655,-0.9557937,-1.3213521
-0.40151376,0.24712612,1.1309636,1.6576694,1.7170956,0.44759583,0.44977733,-0.030952511,-0.57633203,-0.98238933
-0.3003486,0.2007838,1.803193,2.4792225,2.3663793,0.9403693,0.31351766,-0.4388937,-1.3355234,-1.832025
-0.19189489,0.3649,1.3875008,1.6158093,1.6002539,1.3389343,0.6590299,-0.620854,-1.1623523,-1.2734224
0.005504241,0.5459703,1.658041,1.8021318,2.1198025,0.79959965,0.30798808,-0.11087178,-0.22770089,-0.9025393
-0.45260558,0.6898167,1.9918321,1.938098,2.096846,1.1228371,0.61316305,0.011443319,-0.96067166,-1.1144376
-0.2508813,0.7445477,1.4813195,1.7399142,1.8679539,0.81768787,0.052317597,-0.013311068,-0.6272178,-1.0589912
-0.33519435,0.28559503,1.5702695,1.5488677,1.6275553,0.42808795,0.0034758113,-0.036144502,-0.90149677,-1.1636257
-0.048301898,0.5709082,1.0103277,1.4319695,1.7610068,0.19456863,0.093175426,-0.26687977,-0.90774846,-1.031567
-0.56005734,0.11563084,1.5206221,2.2652173,2.3867598,0.60785294,0.6004101,0.10257781,-1.0575274,-1.2431761
-0.33063737,0.29459623,1.3991188,2.1855521,1.7297668,0.7379214,0.87999517,-0.26192716,-0.841037,-1.152787
-0.5044942,0.8511092,2.0022995,1.9918963,2.0316193,0.7270563,0.29610166,-0.49504274,-1.1674944,-1.4886863
0.23012054,0.66541755,1.3973343,1.2565625,1.3983319,0.324125,0.5673856,0.07951721,-0.6393596,-1.1277425
-0.47068745,0.43576473,1.1512152,1.4257685,1.3466814,0.60291994,0.3672255,0.16128708,-0.6710018,-0.7510809
0.019376978,0.754855,1.1066471,1.4585838,1.8381621,0.3466651,0.29784757,-0.32767007,-0.81855446,-1.0561854
-0.5967435,0.33444786,1.1632981,1.8690834,1.4291304,0.38801053,0.29034323,-0.4616128,-1.2826535,-1.1091377
-0.16694951,1.0704297,1.6790968,1.8750535,1.9314991,0.9990305,0.23418775,-0.32667166,-0.8635274,-0.7244308
0.14426303,0.2277246,1.4261521,1.7219912,1.3388984,0.8032797,0.45443577,0.028123897,-0.997378,-0.99101144
-0.3018931,0.6172795,1.5589545,1.6586771,1.2571832,0.3275835,0.1959257,-0.42005363,-1.0827338,-1.1688809
-0.021924358,0.24770154,1.2841978,1.5017828,1.4921995,0.8521598,0.5945586,-0.3909596,-0.92126375,-0.92503846
-0.6697283,0.8353503,1.4952192,1.6328686,1.9771444,0.5208445,0.029234134,-0.5924599,-1.0882266,-1.0314027
-0.42051154,0.5697618,1.7365022,1.7723205,1.5224688,0.7250862,0.6103268,0.084081456,-0.82285357,-1.2439348
-0.97727454,0.53654855,1.2809387,1.5326664,1.8500055,0.8178739,-0.029916264,-0.47833845,-1.4022123,-1.0416998
-0.13851252,0.68858176,1.0819833,1.5104539,1.8494318,0.40214118,0.35040316,0.04187037,-1.0303705,-1.0038748
-0.49505052,0.41010562,2.5901146,3.1725903,2.893963,1.1881534,0.82591975,0.19176729,-0.9549607,-1.8973413
-0.7181115,0.7358509,1.7629128,1.5961411,1.515316,0.34983206,0.40898117,-0.54519826,-1.0487278,-1.522588
-0.21272519,0.6004705,0.9659927,1.957041,1.7949827,0.2598847,-0.1397324,0.27396214,-0.45841023,-1.1979529
-0.44081217,0.9376372,1.603449,1.3699416,1.4941707,0.57259345,0.18803354,-0.39135545,-1.2085359,-0.6697909
-0.29860514,0.5380611,1.8555521,1.8137897,1.385723,0.8924697,0.23831004,-0.26315832,-1.216864,-0.8542352
-0.5924345,0.5282938,1.8584943,1.9305043,1.7626753,1.057664,0.3876026,-0.43138805,-0.7122615,-1.1332
-0.1430457,0.6642725,1.2738775,1.7845155,1.4719872,0.8920312,0.5207839,-0.09224821,-0.6775599,-0.7704271
0.073880054,0.4626125,1.614372,1.5058317,1.7644008,0.44796997,0.5047953,0.047809854,-0.64368,-0.8539064
-0.44481635,0.939693,2.2112536,2.5891929,1.9469002,1.3854326,0.5869731,-0.5028981,-1.4395101,-1.2509234
-0.99107254,0.09525989,1.6364824,2.1160831,1.4758552,0.24362327,0.6383847,-0.6025351,-1.2456543,-1.0640293
-0.96325517,0.55871886,1.7418795,2.124905,2.0831563,0.7949129,0.5499941,-0.22561258,-1.9186045,-1.6775383
0.13768604,0.41903752,1.5257739,1.8512648,2.4314864,1.8283895,0.94055605,0.45236993,-1.099466,-0.9243
-0.30572632,0.059411276,1.1791776,1.8032931,1.6122957,0.6849507,0.44168124,-0.22185859,-1.3961818,-0.83072275
0.025093142,0.58791155,1.8406427,1.9874023,1.3487036,0.57546365,0.6463168,-0.27017495,-1.2061865,-1.1765947
-0.40509012,0.9842726,2.2275975,2.084286,1.9549551,0.90932745,0.9348968,-0.035112415,-0.9387544,-0.64605594
-0.7205868,0.43040052,1.2372453,1.5809019,1.277082,0.44878924,0.5377914,-0.2035358,-0.7531989,-0.9331843
-0.41098928,0.07482471,1.1429981,1.3607409,1.8322542,0.73014027,0.11315812,-0.186912,-0.5687335,-0.7884481
-0.0015549678,0.53614616,1.3593593,1.7197056,1.7211086,1.090247,0.6021156,-0.1953634,-1.0208874,-0.9762964
-0.49218562,0.7060087,1.5811206,1.7822827,1.439017,0.58874995,0.3447713,0.011808988,-1.1610103,-1.5196046
0.19453916,0.48218665,1.6946692,2.2276504,2.1560514,0.58129495,0.37975022,-0.10878125,-1.3201965,-1.3206327
0.034472287,0.24767347,1.5830139,1.9373873,1.6140983,0.30621707,0.5454567,-0.43276522,-0.8830444,-0.7570112
0.3915794,0.9809037,2.4710424,1.9036969,1.8065321,0.75179493,0.65085334,0.12593514,-0.65921277,-1.0532334
0.24878293,1.12667,1.6591619,1.6056788,1.6861271,0.6281416,0.47916126,-0.15781954,-0.660471,-1.0985718
-0.27836263,0.46890265,1.5450325,2.4423804,2.7590992,1.1585038,0.20135729,0.027466148,-1.2771382,-1.9127619
0.07907169,0.89098024,1.9988862,1.8551452,1.7054532,0.6528237,0.102112055,-0.49586338,-1.4566951,-0.80129606
-0.35245487,0.5801137,1.2666616,1.3867949,1.1660427,0.32941726,0.35280725,-0.42040697,-0.92117566,-0.7693706
-0.20237115,0.7562929,1.8585666,1.7337676,1.5995697,0.7742503,0.2388039,-0.66715086,-1.1676512,-1.0196413
-0.8004434,0.29148018,1.4953697,2.1071126,1.9221358,0.6342315,0.18644868,-0.63780504,-0.9263285,-0.94913393
-0.4516837,0.64480853,1.5794312,2.426737,2.2218792,1.2862139,0.68407804,0.41591972,-0.87381166,-1.1323677
-0.60819685,0.47416726,2.21893,3.140169,1.9883896,1.171528,0.69015497,-0.15788694,-1.1204138,-1.5531555
-0.85451394,0.7490781,1.9118885,2.1887612,1.676853,0.7508943,0.6574572,-0.7239499,-1.134668,-0.8068776
-0.8227177,0.534827,1.2867368,1.0119619,1.1717864,0.47391462,0.09292716,-0.07125642,-0.44770816,-1.1310198
-0.2109774,0.5580267,1.4913138,2.3721414,1.717205,0.5632125,0.7292891,0.47962782,-0.8519219,-1.4641316
-0.43579328,0.66634464,2.2096782,2.7770221,2.3609896,1.2356642,0.8354635,-0.832062,-1.5228778,-1.3945795
-0.469501,0.42183414,1.6520684,1.7907497,1.8111233,0.6090133,0.17294402,-0.18945122,-1.190664,-1.2361443
-0.9920591,0.59866524,1.9725969,2.816171,2.012334,0.90047425,0.11717287,-0.717628,-1.4899095,-1.561165
0.2473281,0.34937227,1.6022841,2.5014668,2.5380018,1.1528984,0.8517086,-0.047989126,-0.7127184,-0.9832623
-0.18480057,0.26898712,1.7698754,2.279251,2.1343412,1.0569654,0.75422496,-0.4363865,-1.2552322,-1.5735077
-0.6058044,0.26890478,1.265321,1.9788572,1.4544202,0.68763816,0.29948395,-0.22621232,-1.1944438,-1.5903766
-0.06857924,0.5808518,1.7730662,2.2737813,1.7671168,0.645049,0.32114118,-0.3527994,-1.111914,-1.2058269
-0.1916027,0.47330528,1.0099721,1.3179547,1.3704937,0.84939516,0.20548955,-0.12735105,-0.8563315,-0.91019
0.54237354,0.64915323,2.069735,2.0225184,2.1430905,0.8101824,0.49621952,0.16643497,-0.71266073,-1.1007444
-0.69906473,0.67647994,2.0007334,2.476356,2.4603164,1.4853612,0.7317439,0.09415194,-1.0091873,-1.4620129
-0.23725328,0.8428052,1.8831735,2.7640665,2.7447624,1.1501725,1.4656831,-0.17304496,-1.4137784,-1.5662514
-0.7324057,0.94129664,2.4193056,2.5670915,2.456919,1.4586623,0.904623,0.24517974,-1.192204,-1.5515367
0.1647777,0.78179693,1.4244562,1.8265781,2.06459,1.0288572,0.74415886,-0.35302192,-0.5406714,-1.1612219
-0.34515363,0.21763328,1.7440643,2.1097345,2.1532848,0.7683693,0.61770517,0.04440427,-1.2273974,-1.9555542
-0.586616,0.5783696,1.622369,1.8084925,1.4663035,0.7876527,0.50528574,-0.27715555,-0.98443377,-1.0387998
-0.10953852,0.33642796,1.3412507,1.7955643,1.2082354,0.5762795,0.29112923,0.013266258,-0.772007,-1.0947171
-0.6484319,0.3423039,1.5396838,2.079858,1.7455742,0.63339394,0.7104231,-0.18400152,-1.2181102,-1.5625699
-0.46337977,0.82046807,1.5532329,1.5352347,1.8462691,0.90777737,0.4355348,-0.30445126,-0.89616585,-1.3193858
-0.060346976,0.22855978,1.2198288,1.5610554,1.653235,0.7515225,0.61368626,0.08700678,-0.65538996,-0.74254894
-0.3164121,1.234063,2.1205857,1.9364676,1.6184415,0.7742136,0.35697386,-0.284542,-1.0286114,-0.8365155
-0.034922764,0.76211613,2.2092226,2.16353,1.7076695,0.5305439,0.73869866,0.23868068,-1.2261878,-1.0458399
-0.9871497,0.85713863,2.0112004,2.8944867,2.2034733,1.1977994,0.43179443,-0.41603836,-1.1842004,-0.97055453
-0.16684929,0.92928874,1.4248104,1.6412135,1.2298545,0.62270224,0.61759955,0.009798998,-0.70279217,-1.2374499
-0.10402145,0.2120458,1.0993859,1.6446382,1.5620309,1.0360006,0.38257876,0.4145464,-0.75836724,-0.8178963
0.10452015,0.44838157,1.5399584,1.9686475,1.6776873,0.49302673,0.5159296,-0.07493234,-0.9762739,-1.4290304
-0.03708466,1.0403258,2.4237118,2.573921,2.205218,0.8481032,1.1288935,0.15550976,-1.1398258,-0.9493335
-0.76013213,0.72441405,1.873732,2.535687,2.274451,1.0268009,0.7968674,-0.26570925,-1.512906,-1.1200173
-0.07216724,0.2342069,1.4504983,1.9944621,1.535604,0.57090706,0.47671944,-0.38005927,-0.5617626,-0.7428272
-0.38284028,0.62735695,1.6641937,2.3437126,2.1927552,0.27458084,0.18026118,-0.482162,-1.1186569,-1.4030244
-0.0073968507,0.48437014,0.9610079,1.7363479,1.5233402,0.9304266,0.27863538,-0.115461685,-0.8776649,-1.3126273
-0.50408554,0.49205974,1.9761537,2.2980492,1.8525118,0.8139266,1.0499929,0.5781864,-0.95105964,-1.1524009
-0.45991907,0.16866201,1.4123378,1.623182,1.7082537,0.44834095,0.17429566,-0.23635644,-1.0462041,-0.91068923
-0.37134153,0.20518704,1.3742591,1.7890496,1.4890263,0.34722647,0.2706672,-0.42437896,-0.8811901,-1.0236737
0.02049429,0.85098284,1.662652,2.7704983,2.4757314,1.0272232,1.062202,0.10008211,-1.4830064,-1.2512758
-0.019483492,0.27147478,1.8474288,2.1694767,1.6502932,0.7567408,0.41532022,-0.12651105,-0.74520314,-0.9424526
0.061229184,0.87181556,1.3087062,1.4865193,1.3071908,0.58178115,0.30767685,-0.17330961,-0.892445,-0.71708214
-0.65985495,0.8700413,1.8993505,1.4953206,2.0492601,0.9041537,0.22229111,-0.30720067,-0.8080457,-1.1676794
-0.5571147,1.4822816,1.9825381,1.6679201,1.5262991,0.04426567,0.5306533,0.01295553,-0.99338484,-0.9186602
-0.08999566,0.74277323,1.0707225,1.6832068,1.5602102,0.6923698,0.24920553,0.03628994,-0.51205057,-0.87876177
-0.21608141,0.6813432,1.6164567,1.4326525,1.7383981,0.5169756,0.23578355,0.11992337,-0.59830326,-1.2511864
0.14886245,0.8081947,1.5737923,2.0906126,1.7596183,1.2967165,1.1872365,-0.20689487,-1.1390129,-0.83655953
-0.15417498,0.67098355,1.4467118,1.8277656,1.6612458,0.85306484,0.1874443,-0.644931,-1.3848863,-1.1647947
-0.46594054,0.6934229,1.4742972,1.574159,1.3109154,0.64709383,0.25592867,-0.22130236,-0.9207683,-0.9718601
-0.440169,0.5522879,1.7766923,2.3846388,2.1350935,0.7651348,0.75307983,-0.6030131,-1.5318522,-2.0010662
-0.57325673,0.4707553,1.7206874,2.353477,1.9487884,0.64100903,0.62512696,0.35014275,-1.1739197,-1.1321213
-0.11312912,0.50079685,1.5013554,1.3225672,1.4502959,0.841278,0.57418907,-0.14363708,-0.29758,-1.0958867
-0.07680152,0.6937993,2.1146972,2.0959303,2.044236,0.87617904,0.8462289,0.022660209,-1.1890819,-1.4184595
-0.40923047,0.8034076,1.626818,2.1496947,1.6834413,0.86113507,0.91248673,0.44325998,-0.73003894,-1.0161071
-0.4132309,0.9619482,1.7205346,1.7851291,1.8642144,0.9134009,0.07357788,-0.3135022,-1.0274894,-0.97520554
-0.50763786,0.41563624,1.5577927,1.9451007,1.7274177,0.8023714,0.06381263,-0.398774,-1.0082407,-1.5485727
-0.768004,0.47864786,1.6484221,1.4962513,1.3964999,1.1287361,0.7694209,0.14648496,-0.8032101,-1.5292344
-0.63920784,0.30542132,0.9607219,1.4939573,1.0180986,0.5115377,0.56320035,0.057721753,-0.6070311,-0.97717917
-0.029726334,0.23853813,1.5188686,1.8013467,1.5345048,0.5960661,0.29122204,-0.28574288,-0.56187904,-0.6903412
-0.2959945,0.29769042,1.6997601,1.9624923,1.9594874,1.2188227,0.51477396,-0.30771407,-0.8669455,-0.8911432
0.44827625,0.7024508,1.7336245,2.066543,2.5174646,1.1120778,0.4779926,0.29275987,-0.69434774,-1.4734137
-0.26763597,0.5743383,1.8659451,1.8189405,1.4165703,0.66164315,0.4442354,-0.4426801,-0.82270044,-0.96617264
-0.2020888,0.6785141,1.71669,1.8991153,1.8755575,0.8860421,0.61310834,-0.3135673,-1.3280731,-1.153843
-0.322001,0.9531066,1.5281616,1.7708861,1.7204994,0.4876302,0.5925341,0.06631288,-0.9563914,-1.1720314
-0.14159077,0.33258125,1.9285622,2.456015,1.9679283,0.9099073,0.5007326,-0.5328816,-0.9396198,-1.5905213
-0.78864187,0.6148387,1.7908349,1.7619736,1.7563771,0.9240073,0.36611748,-0.5922993,-1.1155276,-1.6078966
0.08063978,-0.03021475,1.5256348,2.159295,1.4460653,0.85009533,0.30074656,-0.71163327,-1.015243,-1.3138219
-0.15903926,0.7378359,1.7342896,2.259127,2.065039,1.1874015,0.79014796,0.12691362,-1.247419,-1.4941388
-0.7690467,0.54448515,1.5540214,1.8396415,1.5573647,0.94951606,0.85054046,-0.5104641,-0.8853787,-0.78813463
-0.07818578,0.1654182,1.4086336,1.7789805,1.4925866,0.52600896,0.37360325,-0.09761585,-1.2613789,-0.7701777
-0.07386395,0.62642395,1.5943202,1.7469263,1.0536257,1.027564,0.68370616,-0.41933283,-0.5783564,-0.7615988
-0.32256597,0.6297311,1.4861162,2.0815437,1.8844472,0.8339666,0.6928686,-0.017998165,-1.4016656,-1.960565
-0.3310079,0.6067246,2.6976247,3.0428102,2.346033,0.9652878,0.7871245,0.13454616,-2.0741758,-1.50202
-0.07912192,0.5130378,2.3316977,2.7388902,2.195278,1.068081,0.81055766,-0.44167668,-1.4163015,-1.0111207
-0.2607414,0.57183594,1.631688,1.7301564,1.5179147,0.740868,0.47953063,-0.09047814,-0.67653865,-0.92031956
0.0697621,0.60073835,1.4736049,1.9885377,1.5066398,0.58362234,0.2817183,-0.07951762,-1.3815567,-1.0990139
-0.7583363,0.56069064,1.7471734,2.155569,1.7498118,0.51893383,-0.040980957,-0.35308918,-0.9252716,-1.0689515
-0.0721846,0.43867505,1.5577033,2.424953,1.7782059,0.80338687,0.7973428,-0.14611861,-1.2073132,-1.4509739
-1.2354057,1.7039038,2.8101113,2.632836,2.570943,0.99544346,0.44759372,-0.49060395,-1.1927668,-1.704689
0.1512996,0.21728413,1.4283228,2.1322978,1.9846946,0.75415224,0.55813074,0.22157162,-1.2589129,-1.2767603
0.35252753,0.25044432,1.5981518,2.0284152,1.9679114,1.3301753,0.7963624,-0.35291946,-1.0755904,-0.5294436
-0.2243844,0.40409124,1.1783308,1.6183311,1.110328,0.40620288,0.6224185,-0.0069972505,-0.8123732,-0.72475153
-1.0308928,0.52562183,2.3217754,2.8934014,2.590782,0.92687136,0.43971705,-0.6210898,-2.2827384,-2.1147003
-0.7789788,0.9353702,2.390488,2.9888873,2.5680866,1.2120117,0.8391351,-0.5232019,-1.7842475,-1.9749362
-0.04056792,0.41213718,1.0850185,2.322053,2.5169075,0.804246,0.584248,0.18417877,-0.94606787,-1.2743969
-0.17496485,0.7492872,1.9968117,2.133411,2.178004,0.6707647,0.38626722,0.0078105084,-1.2836767,-1.6310502
-0.21901777,0.9772154,1.7819701,2.0950112,1.9106182,0.27830267,-0.01950662,-0.6301793,-1.1642992,-1.6947899
-0.6120817,1.1602076,1.9155838,2.1404808,1.632132,0.56342477,0.5303218,-0.5257332,-1.2664547,-1.519674
-0.41213888,0.49218366,1.8188434,2.2548623,1.4064724,0.9123652,0.65019953,0.15532538,-1.4510479,-1.4017696
-0.7992061,1.5356917,2.8512995,2.2763672,2.1303942,1.4290904,0.85725707,-0.5843224,-1.3500999,-1.2883729
-0.79993415,0.57762885,1.5978568,2.3779237,2.121272,0.6066845,-0.008926701,-0.8273329,-1.4145246,-1.24162
-0.50099725,0.46350157,1.0169816,2.3340304,2.1426132,0.8676567,0.17906678,-0.24477705,-1.1483792,-1.0129377
-0.21272999,1.025263,1.9369205,2.089019,1.8051686,0.3670167,0.041228414,-0.3940581,-1.1571438,-0.77565944
-0.4318832,0.20525615,1.6044736,2.0514014,1.5330355,1.0892084,0.61881053,-0.3407,-0.8126262,-0.8259345
-0.5851482,0.7992606,1.8887973,1.8135667,1.7076504,0.350992,0.41975817,-0.298718,-1.2169647,-1.1340001
-0.53558904,0.491302,1.4782095,1.5601405,1.5317633,0.76070553,0.3270933,-0.4036781,-0.9979727,-1.1091876
0.24812612,0.6335349,1.3169427,1.3185722,1.0987483,0.5447785,0.5102091,-0.32058385,-0.85864735,-0.7731458
-0.3374689,0.6705901,1.6668375,1.9937848,1.2335773,0.43072897,0.6681095,-0.3681658,-0.7754136,-0.63644695
-0.5474935,0.6741266,1.6377567,2.0746891,1.6594626,0.70144343,-0.009267006,-0.6308601,-1.0602704,-1.0739492
-0.12198376,0.56004214,1.7409232,1.7530004,1.5451049,0.5429398,0.33654612,-0.12540008,-0.94846576,-0.94390994
-0.026644807,0.5504984,1.8507875,1.6783352,1.7960217,1.0611271,0.78076065,-0.08305905,-0.8317214,-0.8264104
0.018239787,0.7143136,1.2585824,1.3988205,1.6003138,0.4141709,0.09275971,-0.40525544,-0.85431,-1.1690563
-0.7993937,1.3371888,2.4093435,3.3968468,2.3282619,1.855033,0.6266268,-0.6124602,-1.6566879,-1.8282837
-0.032341022,0.78626984,1.6748425,1.9668673,1.9881939,1.1690617,0.57905996,-0.6025608,-1.2985859,-1.2173722
-0.3242744,0.50584984,1.7489413,1.8092461,1.729607,0.52292395,0.45279488,-0.51802677,-1.0997341,-1.1935737
-0.17760664,0.6373281,1.9320023,2.396767,1.5472968,1.0763543,0.6448485,-0.54337126,-1.8255776,-1.4900217
-0.5894863,0.465357,1.5307289,1.7178158,1.7531908,0.6343586,0.3560218,-0.29478472,-1.0507193,-1.0664513
-0.5723601,0.2730074,1.3502159,1.9835902,1.9275875,0.7509308,0.63320553,-0.14305373,-1.1778557,-1.0995505
-0.15396443,0.5658517,1.8190445,2.0336108,1.8512175,0.6624718,0.49385118,0.041601337,-0.90798336,-0.89823955
-0.3819362,0.4676002,1.1144874,1.5725763,1.6344419,0.5248563,0.5166898,0.06717189,-1.1220446,-0.8874214
-0.012003597,0.678067,1.6836513,1.5558727,1.2244405,0.7139312,0.52791846,-0.3477412,-0.7528587,-1.0287449
-0.51634145,0.35274875,1.4292247,2.1659725,2.222095,1.1681176,0.68121904,-0.21477222,-1.4546455,-1.3723459
-0.2593305,0.35954252,1.4799525,1.4880959,1.3633934,1.1479743,0.8603905,0.08967393,-0.74640083,-1.0567477
0.10270332,0.6020268,1.5447654,1.6588376,1.5911585,0.34908694,0.036011733,-0.5051987,-1.0066785,-0.77583534
-0.29011545,0.5890725,1.7246321,2.0117865,2.022901,0.62212974,0.6583204,0.25776023,-1.2011843,-1.5469632
0.0760072,0.82494175,2.4055574,2.5176775,1.7586161,0.81344765,0.2624974,-0.36201617,-0.931065,-1.2269678
-0.7520696,0.1978024,2.1689796,1.940767,1.9103609,1.1487385,0.61415875,-0.014254967,-1.2379148,-1.3896858
-0.33726302,0.50878656,1.5871032,1.8355533,1.4646462,0.62330204,0.6290812,-0.30053392,-0.7098855,-0.9796326
-1.0338397,0.74419105,1.6553411,1.7501415,1.1339495,0.75023836,0.2368325,-0.313994,-1.0545353,-0.6984115
-0.7958714,0.49637368,1.6867471,1.7008523,1.3215526,0.36204514,0.2090673,-0.23197779,-0.9823017,-1.0067754
-0.36878553,0.26476973,1.6765031,2.033141,2.0007613,0.69828534,0.6175025,-0.25763902,-0.948022,-1.3553467
-0.20924479,0.76169556,1.4189262,2.028987,1.8587013,0.75306785,0.5180229,-0.17789046,-0.71003574,-0.846502
-0.3910065,0.6677824,1.3911102,1.8196828,1.5495819,0.85190755,0.61071754,0.013314122,-0.4709741,-0.64475405
0.02985356,0.37559393,1.2099562,1.455693,1.3949419,0.5496676,0.3833416,-0.24726808,-0.62786895,-0.9027709
-0.63263917,0.7364322,1.512509,1.930845,1.274371,0.37281832,0.26450995,-0.25293738,-1.2393852,-0.90225
0.08366759,0.7788956,1.3373169,2.17914,1.99288,1.0216007,0.66868174,0.29350194,-0.86991745,-0.919866
-0.32248062,0.5966264,1.482177,1.5237066,1.6724896,0.7255014,0.4274226,-0.33865288,-0.4773316,-0.6064838
-0.63806474,0.8955092,2.4621851,2.2548888,1.2550718,0.7132674,0.49019247,-0.46392784,-1.4453416,-1.2958238
-0.44048843,0.44853836,1.5958927,2.1978395,1.98955,0.6580226,0.96874404,-0.3902373,-0.8205544,-0.5797221
-0.62288314,0.71019214,1.6236947,2.2400684,1.4996861,0.75441986,0.9531374,-0.016534543,-1.3971524,-1.7901068
-0.3884971,0.73662025,1.3146073,1.9981319,1.645809,0.67171687,0.66269654,0.21975948,-0.8112164,-0.9428194
-0.19063085,1.218534,1.8990535,1.7600478,1.251324,0.3200545,0.5673893,-0.43550357,-0.89413625,-1.4841899
-0.38254306,0.3692566,1.053894,1.9683291,1.9506892,0.59342283,0.37577653,0.25048372,-1.0663159,-1.2927312
0.30355826,0.8813386,2.1303298,2.120447,1.8436488,1.0102315,0.6717078,-0.42348868,-1.3872957,-1.2375163
0.031553425,0.8535491,2.06112,3.239513,2.4154644,1.0554051,0.8953366,0.057443123,-1.2902969,-1.489425
-0.1990163,0.6399463,1.5311842,1.822204,1.4826163,0.45588177,0.2817366,-0.21656635,-0.7935463,-1.1185251
-0.265903,0.8281998,1.5672773,1.5984824,2.18631,0.63419425,0.26474845,-0.65660644,-1.2470137,-1.1917443
0.5589662,0.6372609,1.8876185,2.30335,2.2935164,1.3299034,0.5640448,0.08368018,-0.8705177,-1.1767155
0.015002364,0.51461893,1.2921242,1.857557,1.689937,0.15930356,0.21754745,-0.47904563,-1.0468545,-0.8918234
-0.3289835,0.1629794,1.0378275,1.6565909,1.2234435,0.6302396,0.21455666,-0.40647012,-0.86004364,-0.7273565
-0.33432338,0.29269657,1.9825159,1.7736014,1.6161722,1.1189961,0.35065335,0.104884475,-1.127473,-1.3005191
-0.09458362,1.489538,2.3901799,2.8090155,2.5557365,0.7716071,0.6501509,-0.13098857,-1.389016,-1.4015568
-1.0226878,0.5055184,1.752739,2.0596457,1.3302484,0.485942,0.16973959,-0.49873453,-1.3450761,-1.023975
-0.33744562,0.47415528,1.7272007,2.1506581,2.2140522,0.9508779,0.6758475,0.056024186,-1.0338628,-0.9705882
-0.4948326,0.76127195,2.51429,3.0478926,2.0837426,0.6128184,0.48002434,-0.087584116,-1.4696562,-1.2601897
-0.7690414,0.49736074,1.3744539,2.1716778,1.6095889,0.535118,0.47791648,-0.28823343,-1.063941,-1.2323809
-0.1307225,1.7490911,2.198336,2.6044993,2.3468227,0.985796,0.7941757,0.42241004,-1.3265381,-1.0463954
0.14363167,0.26546848,2.1469097,2.898467,2.1949594,1.3728461,1.2539425,-0.2956488,-1.0818866,-0.96531975
-0.4018014,0.04032677,1.156449,1.5463697,1.3480779,0.45822203,0.63748467,-0.24561056,-0.7395513,-1.5034374
0.0038031638,0.9965019,1.9633559,2.6290917,2.0358155,1.1278046,0.6217968,0.23517978,-1.5230229,-1.5142809
-0.010821732,0.30579305,1.4161558,2.3498197,2.258859,0.09692773,0.24755907,-0.29264173,-1.1543607,-1.4067551
-0.3109386,0.6443618,1.4084524,1.6310749,1.3771031,0.4477514,0.40102094,-0.014689591,-0.73212105,-1.1239988
0.0542235,0.39682955,1.4468415,1.550321,1.2026818,0.5236759,0.7012495,-0.22066644,-1.0180541,-0.7479171
-0.98415375,0.9216434,1.6365032,2.475709,2.0898392,0.761419,0.42320123,-0.802262,-0.98786557,-1.7758225
-0.11920836,0.9857035,1.7742429,2.634724,2.5929003,1.1415781,0.3700822,-0.1478112,-1.4716076,-0.9707198
-0.55787015,0.43891552,1.5752537,1.5370766,1.3261526,0.47275698,0.52245957,0.08633643,-0.8157428,-1.0577667
-0.3133743,0.41262496,1.8624696,2.0504422,1.6683925,0.4176926,0.27939546,-0.3712818,-1.1702064,-1.1450834
-0.36142966,0.49636295,1.1736377,1.5714349,1.502427,0.6543417,0.6571545,0.016549297,-1.1125708,-1.2498896
-0.79150647,0.43744326,1.3405867,1.9022909,1.8349029,0.791572,0.6650807,0.44145566,-0.7384756,-1.0606736
0.026085917,0.15934075,1.986876,2.1230505,1.827987,1.1655971,0.594873,-0.2411628,-1.016395,-0.9644962
-0.7279064,0.45393407,1.34785,1.6998354,1.4791331,0.57880104,0.31970486,-0.21770343,-1.2195913,-0.99254435
-0.41834056,0.32379454,1.3568887,1.5817174,1.7503269,0.4610988,0.310131,-0.21492164,-0.5170665,-0.9288215
-0.22939733,0.1429258,1.1042281,1.743495,1.5807853,0.68000937,0.59797573,-0.00587332,-1.0659627,-1.3023827
0.07361315,1.0862888,1.3317318,2.0319827,2.0331597,0.9152703,0.79163104,0.118374094,-0.8737343,-1.0574591
-0.1579153,0.68266124,2.1434193,2.390808,2.4727976,1.3632959,0.40281397,-0.32032093,-1.5961509,-1.7161167
-0.018055405,0.19401194,1.5115091,1.749083,1.4731349,0.44918615,0.42872846,-0.1635937,-1.1124759,-0.8895614
-0.71347964,0.58694774,2.2147706,2.2576869,2.2032328,0.92371994,0.48514855,0.011778537,-1.2279909,-1.3765187
-0.24560466,0.18781613,1.6272612,1.8477691,2.1201093,0.5525039,0.4481857,-0.07914648,-0.9763197,-0.9753877
-0.046061434,0.20056233,1.1725081,1.661711,1.7442198,0.6364903,-0.05358572,-0.6601758,-0.9888607,-0.87383246
-0.3655724,0.40926507,1.9616009,2.2575178,1.7722638,0.046626892,0.026538823,0.047218136,-1.1811796,-1.476927
-0.064607315,0.41376877,1.2181278,1.5673689,1.4689939,0.91367567,0.2745338,-0.06204439,-0.72003114,-0.75812334
-0.32783365,0.28503945,1.241015,1.9167227,1.332482,0.333279,0.77720994,0.14624225,-0.708492,-0.9306623
0.57616645,0.37388125,1.2470677,0.64872223,1.2604455,0.41524395,0.18183668,0.08327487,-0.7096186,-0.5920932
-0.5723481,0.71358114,2.1909652,2.3779864,2.1879604,0.6481552,0.638463,-0.3950745,-2.0175602,-1.5012978
-0.7155164,0.70572776,1.8114709,2.2975307,2.007059,0.78630245,0.35748568,-0.15464774,-0.6875749,-1.3518927
-0.58423984,0.41323143,1.5198864,1.5346144,0.83417326,0.90131223,0.5013113,-0.17125879,-0.42666078,-0.8427056
-0.40955204,0.95228225,1.9984199,1.9092082,2.38431,0.7519938,0.39427465,-0.12051161,-1.2357476,-1.1114664
0.031576376,0.21626261,1.3859607,2.0387824,1.4810492,0.77798194,0.64699435,0.19509508,-1.0567063,-1.0100234
-0.69440335,0.8228616,1.9326388,2.2876754,1.9511575,0.6031045,-0.17709294,-0.08858252,-0.58244467,-1.3553863
-0.6134312,0.3789147,1.6504773,2.2410123,2.0012314,0.9049778,0.5398749,-0.54056895,-1.0077027,-1.1033702
0.09186667,1.2149464,1.6705711,2.3945107,1.4721279,0.4440787,0.3827499,-0.40778252,-1.5600966,-1.3170296
-0.33799174,0.15631153,2.0465007,2.2596786,2.19567,0.63489354,0.47598392,-0.40497756,-1.2914324,-1.499812
-0.5849821,0.9894158,1.3803383,1.8208458,1.4393338,0.56933784,0.39325428,-0.23721656,-0.8765663,-0.812457
-0.6862934,0.94795614,2.31464,2.129477,1.7570293,0.7591876,-0.06350079,-0.09552924,-0.95148844,-1.098424
-0.33131722,0.2659458,1.1251123,1.7514353,1.5299435,0.7986828,0.4430482,0.07079123,-0.8754364,-0.80020297
0.40503675,1.220942,2.0177977,2.6663241,2.1705954,1.1201433,1.0944364,0.049736552,-1.1218132,-1.2894008
0.05422538,0.9603174,2.6077106,3.1616611,2.4593458,0.74541897,0.22161996,-0.6661785,-1.4836653,-1.089551
-0.7738323,0.717594,1.5157788,2.1266797,1.989477,0.77667785,0.3778696,-0.16645971,-0.8364323,-1.421343
-0.7559411,0.22715236,2.0060968,2.0394356,1.9498804,1.3633527,1.271095,-0.64035124,-1.4760377,-1.2941787
-0.37318978,0.7498194,1.7690772,1.5161564,1.8412693,1.1033994,0.5055917,-0.052076567,-0.97194636,-0.7535511
-0.49013755,0.6540655,1.3263205,1.9329296,1.4278893,0.8204789,0.28589258,-0.63937,-1.1039046,-0.6892173
-0.58831924,0.863751,1.5355872,1.7693248,1.6718842,0.64310354,0.4903999,-0.43011284,-0.9696615,-0.9524921
0.08038938,0.7748595,1.896234,1.5812132,1.256051,0.48908734,0.47510374,0.010224152,-0.71440446,-0.84749156
-0.41434184,0.46886107,1.6646861,1.2021397,1.463694,0.86121297,0.35259113,-0.3032958,-0.58344495,-1.2828789
0.40993863,1.1909642,2.0401711,2.943072,2.4619017,1.09766,0.76009184,0.45592165,-1.303812,-1.1082015
-0.06278354,0.086767435,1.3903345,1.8017018,1.3829794,0.2833935,0.39495596,-0.025295934,-0.7564933,-0.86612284
-0.05024796,0.6763621,1.6554164,1.6392587,2.1257093,1.2648544,0.8240439,0.24858376,-0.9152858,-1.2622081
-0.9035425,0.3768183,1.3601893,1.4905508,1.3667489,0.53813624,0.29043168,-0.5869853,-1.2496611,-1.6536086
-0.61909294,0.5618191,1.5922339,2.4422889,1.5827525,0.5649652,0.87005335,-0.48043793,-1.4055095,-1.31195
-0.49962184,0.6902829,1.4231162,1.7405984,2.0700798,0.9467001,0.7100982,-0.29856884,-1.0465838,-0.6194674
-0.46742234,0.43777168,1.9135315,1.8711703,1.6708117,0.67126703,0.35847878,-0.7192104,-1.299385,-1.6646371
-0.68340087,0.6964309,1.887265,2.1386976,1.7921431,1.0858994,0.9631835,0.2817997,-1.0960908,-1.8083514
-0.14165598,0.5179433,1.4974517,1.9591049,1.715259,0.43343198,0.4645128,0.0773834,-0.90955746,-1.46346
-0.30614576,0.72388846,2.22273,2.072097,1.6076773,0.51772577,0.20705767,-0.3319367,-1.3635076,-1.6857316
-0.3242453,0.77604353,1.6608418,1.1125746,1.6061387,0.68148327,-0.029869128,-0.37012157,-0.9213979,-1.2008903
-0.377086,0.84677446,1.3150965,1.6537899,1.6610888,0.41697204,-0.1265851,-0.54633045,-0.71579343,-1.1009897
-0.3364961,0.42349815,1.415267,2.1069705,1.8900578,1.0612948,0.0060900263,-0.5618018,-0.817794,-0.9285836
-0.59970033,0.72944796,1.5764297,1.6435844,1.3956933,1.0187542,1.0958667,-0.5014181,-0.6798352,-0.97641385
-0.13161567,0.38194683,2.0622056,2.4920723,2.283153,0.804653,0.35642248,-0.10032122,-1.0591993,-1.6013716
-0.42882276,0.5710729,1.6317167,2.0154903,1.9603336,1.104351,0.6577744,-0.28585008,-1.4357151,-1.4713782
-0.63214666,0.8684258,1.4370619,1.6405022,1.6555761,0.48213255,0.4094502,-0.4764059,-1.3696886,-0.98787934
-0.62749237,0.590116,1.8080148,2.1124787,1.6779041,0.6353201,0.24669135,-0.42379403,-0.95858896,-0.99844193
-0.05140966,0.7417969,1.5594069,1.6610832,1.5031301,1.0523485,0.472952,-0.23190995,-1.0506462,-1.0089341
-0.34213355,0.33552274,1.4776844,1.886632,1.8250917,0.5828874,-0.058336325,-0.123043954,-0.75409997,-1.748571
-0.4836385,0.6577573,1.4878179,1.910007,1.4251413,0.6275413,0.18907589,-0.50090784,-1.2294612,-0.6644685
-0.68063295,0.6479743,1.7298484,2.4030828,2.1165159,0.6656333,0.52420247,-0.6338202,-1.157035,-1.2573408
0.23033571,0.4668651,1.1617832,1.4519712,1.4654112,0.6302058,0.91325307,0.102899745,-0.73222244,-1.0384092
-0.32091382,0.7862037,1.4227982,1.7384415,1.2366892,0.57886624,0.69282883,0.17190629,-1.2426634,-0.9559215
-0.69280696,0.4510472,1.7150182,2.4547045,1.8357197,0.96476686,0.56030786,-0.16097136,-1.086504,-0.8826965
-0.2755557,0.4779844,1.5949472,1.7645755,1.888952,1.0239998,0.71880114,-0.19707344,-1.1137823,-1.1810614
-0.11660836,0.694295,1.5594969,1.6995486,1.6828951,0.4066387,0.5780753,0.19037206,-0.6774297,-1.3339989
0.2652188,0.3269706,1.6996675,1.8235098,1.6259254,0.7300445,0.6487976,-0.28198612,-0.7274801,-0.64256483
-0.18734238,0.6124737,1.5084947,1.6838585,1.9415454,1.1826404,0.10568698,0.16790493,-1.0992477,-1.3212463
-0.11874903,0.22709066,1.649569,2.403767,2.6298783,1.0429776,0.3499504,-0.5660179,-1.3556699,-1.6219738
-0.09124685,0.19237198,1.5100754,2.25984,1.815142,0.6282248,0.56600326,-0.1153136,-1.1720804,-1.161499
-0.0838521,0.39478266,1.550643,2.331998,2.0179307,0.34080082,0.4601649,-0.13404468,-1.2737594,-2.2996109
0.019884733,0.752607,1.9803843,1.7529025,1.6218051,0.9528835,0.2334378,-0.115331806,-1.1356769,-2.13086
-1.1779583,1.1585747,1.7532736,2.3360138,1.7296417,0.61511123,0.6201023,-0.7559557,-1.4079556,-1.4805197
-0.44276378,0.6927275,1.754506,2.1007595,1.8044891,0.66174656,0.77880824,0.19499926,-1.0242702,-1.3858243
-0.39783686,0.6039225,1.023824,1.5730897,1.5486798,0.5232105,0.6268001,-0.2022024,-0.65642726,-1.1749645
-0.21606725,1.0350469,1.939149,2.1118057,1.9610157,1.0389858,0.57582676,-0.1422544,-1.2479558,-1.492228
-0.061250076,-0.074456565,1.2444259,1.58777,1.3423111,0.8345409,0.45935854,-0.21783595,-0.90764594,-1.2079222
-0.1301224,1.0073993,1.8870971,2.2580345,2.1744685,1.1488155,0.58776367,-0.54485255,-1.0529064,-1.1543366
-0.2723925,0.39741716,1.303828,1.7113461,1.3586931,0.9424574,0.5079971,-0.40634638,-1.033496,-1.0466274
-0.18856135,0.466426,0.9592153,1.6085395,1.3926063,0.6518288,0.630604,0.16336647,-0.7612141,-1.1380267
-0.4374454,0.58972687,2.4071846,2.5994194,2.0214534,1.3495272,1.0305785,-0.14192644,-1.3900037,-1.2906492
-0.28249127,0.613976,1.8763013,2.1738577,1.8381832,0.73136866,0.25465706,-0.39234528,-1.3294238,-0.7231358
-0.2847925,0.7253767,1.6226672,1.6787289,1.253269,0.7572258,0.4830923,-0.5402903,-1.1738226,-1.0189013
-0.35937762,0.3020222,2.0070374,2.0310688,1.7724091,0.68589526,0.7492239,-0.41430035,-0.7413525,-1.1145875
-0.37469557,0.9733233,1.8623025,1.5158702,1.5861826,0.8028044,0.26786882,-0.042149946,-0.81044877,-1.0410599
-0.19302288,0.32266343,1.2400751,2.0336587,1.413571,0.54472136,0.1646476,-0.17208453,-0.88026696,-1.1056272
-0.24508375,0.76891965,1.3817505,1.9303036,1.8026907,0.42847648,0.23785165,-0.4547664,-1.1973836,-1.2795548
-0.61051786,0.7300144,1.324722,1.7418683,1.368298,0.069716975,0.12971129,-0.612651,-0.76104236,-1.2953229
-0.15925363,0.507426,1.5274085,1.6663855,1.5560045,0.7794211,0.22568765,-0.22843154,-0.7510848,-1.1955509
-0.1711109,0.4049224,1.9567727,2.709411,2.799139,1.5329249,0.7869311,-0.11115978,-1.464367,-1.196831
-0.3117729,1.0130211,2.2327769,2.5019014,2.302925,1.1022047,1.0644525,0.021350827,-0.96639174,-1.5639845
0.5416756,0.82456297,2.108744,2.2790394,2.0653288,1.1477121,0.9085146,0.20746051,-1.1338888,-0.81330335
-0.7367263,0.92874724,2.6606355,3.1369183,3.0133924,1.3220966,0.39778483,-0.8121976,-1.4594096,-1.4291222
-0.7525998,0.803591,2.855616,3.453585,3.363053,1.9950973,1.7760777,-0.14290392,-2.1856315,-1.9501437
-0.39311895,0.667676,1.1256523,1.7349179,1.8671354,0.9977702,0.58270264,-0.27488714,-0.77413684,-1.069861
-0.009807471,0.5899396,2.0085094,2.4598563,2.1678188,0.55738246,0.3723856,-0.36074027,-1.1507782,-1.1924781
-0.2503134,0.5822997,1.8735625,1.8564975,1.7006983,0.34135726,0.16008683,-0.45469844,-0.90639454,-0.89668953
-0.3681745,-0.12008072,1.118254,1.8613997,1.896734,0.9212104,0.9520417,-0.17504066,-1.2792832,-1.0593648
-0.61895233,0.7460095,1.9091476,2.1257212,1.9562658,0.9295492,0.60550743,-0.31789452,-1.1673235,-1.1492689
-0.7291419,0.27880117,1.5855651,2.0170972,1.3436273,0.6293045,0.5241299,-0.2673861,-1.3420379,-1.0572389
-0.48637608,0.34777996,1.5096637,2.0251129,1.4964457,0.490247,0.35284173,0.3106276,-0.86256486,-0.7626315
-0.37899968,0.4657088,1.0745718,1.9838203,2.1385362,1.0191736,0.47280115,-0.12861085,-0.95610917,-1.0117986
-0.09422722,0.30145353,1.1111443,1.2877259,1.3593744,0.43565825,0.47631675,-0.10392107,-0.73693484,-0.57819897
-0.26483965,0.19634002,1.7599503,2.102777,1.4928646,0.41510567,0.17098454,-0.08855946,-1.188385,-1.236708
-0.118886985,0.7176268,1.1241182,1.6707377,1.4920337,0.64180875,0.10866542,-0.22716081,-0.9880556,-1.2889754
-0.39973056,0.93684125,2.004126,2.4652307,2.4994862,1.1547055,0.31835777,-0.83831,-1.8840314,-1.3801658
-0.72923446,1.3524697,2.3408372,2.4950233,2.147315,1.166109,0.79881644,-0.79584676,-1.6629688,-1.2036813
-0.4646368,0.5777007,1.1949304,1.6499596,1.3103232,0.78622633,0.74372596,-0.26709375,-1.1090012,-1.0104606
-0.95789963,0.9204153,1.3747073,1.3039931,1.5146582,0.32988983,0.1592012,-0.33407038,-0.76518965,-1.0673237
-0.41588038,0.27007574,1.253887,1.6652209,1.4603027,0.53746414,0.29246986,-0.05300735,-1.0721077,-1.087996
-0.6082561,0.5480838,1.2894946,2.0006764,1.6541507,0.848621,0.669934,-0.26508602,-1.1325787,-1.2173855
-0.14414603,0.67184436,1.5626794,1.2950945,1.4900974,0.6657558,0.69455147,-0.23122475,-1.0096585,-1.3786267
0.080994554,0.4433146,1.3996298,2.3174922,2.1289465,1.1687335,0.8542142,0.1150105,-0.9718632,-1.1785889
-0.79549223,0.90263885,1.3819914,1.6980288,2.1022549,0.95590687,0.32818538,-0.26860127,-1.2055277,-1.7774084
-0.3380903,0.22793579,1.2606672,1.6958199,1.6227751,0.58056325,0.4307499,-0.27953202,-0.7249155,-1.0841118
-0.7481772,1.1309327,2.1627047,2.753338,2.6478207,0.99941003,0.514554,-0.74896765,-1.8636703,-1.3988346
-1.1237538,0.6064451,1.8945504,2.282539,2.5186436,1.075537,0.5408812,0.2096158,-1.4075036,-2.0229175
-0.10517897,0.22834876,1.7026224,2.5345962,2.3587255,1.0178034,0.8971475,-0.3283315,-0.9263806,-1.4518089
0.43639067,0.50131184,1.594778,1.4247211,1.6896747,0.44511926,1.0222507,-0.19545168,-0.94959366,-0.9416289
0.274711,1.1538113,2.288377,2.7522056,2.4614673,1.6565671,0.9804193,-0.0427389,-1.2157795,-1.68174
-0.79968834,0.8552603,1.617444,2.1105697,1.6880678,0.53814435,0.05232226,-0.36066318,-1.223828,-1.3407406
-0.2288442,0.698783,2.1060467,2.591201,1.9119295,0.73042,0.7903128,-0.116110735,-1.461635,-1.2648649
-0.2790887,0.5507118,1.6756651,1.8669248,1.4824187,0.6920388,0.45183936,-0.46401,-1.3171699,-1.1475263
-0.10935751,0.6429535,2.3484616,2.2919757,2.2731752,1.1235801,1.1494666,0.15357767,-0.51845306,-1.1924752
-0.61060494,0.5956824,2.1280978,2.1555567,1.9162049,0.94117045,0.5335686,-0.34717473,-1.1771327,-1.0588168
0.09195193,0.6999248,1.7091857,1.736669,1.7310281,0.7310142,0.87805897,-0.04794753,-1.1461924,-1.2320682
0.26721933,0.52464557,1.0397127,1.3923525,1.5982695,0.5399001,0.32611302,0.1750763,-0.92201144,-1.1280425
-0.40506965,0.53469914,1.4005281,1.6182901,1.4841726,0.4828775,0.3509225,-0.3186972,-0.9709263,-1.4786408
0.20488337,0.46236444,1.9414258,2.4178345,1.9084312,1.211366,0.9241029,0.006300046,-0.5719899,-1.2580909
-0.7382593,0.6759022,1.7946335,2.1805756,2.126567,0.7951345,0.270268,-0.26497748,-1.9070978,-1.5086312
-0.21637088,0.99384236,1.6210059,2.4071167,1.6994666,0.87904024,0.74677086,-0.34738213,-1.3756473,-1.28505
-0.35806078,0.19829988,1.5922797,1.7341671,1.1321241,0.92963105,0.6770024,0.08128166,-0.5390297,-0.56832325
-0.38034254,0.50151515,1.5625074,1.7998904,1.7629395,0.7863637,0.7524369,-0.5489166,-1.3351669,-1.0748043
-0.50013673,0.3719952,1.6771655,1.9838997,1.701227,1.0189683,0.5554881,-0.33662257,-0.9797367,-1.1294137
-0.99711406,0.11374321,1.270971,1.9066198,1.4214648,0.7972294,0.39841,0.3527161,-0.8411658,-1.0975177
-0.5920297,0.50755584,1.7495546,1.7454187,1.0331508,0.56723744,0.22164246,-0.0052018394,-0.9007333,-0.96339947
-0.24938309,1.0271417,2.048693,1.4885782,1.5101646,0.5396767,0.91759,-0.30189735,-0.68393177,-1.0734737
-1.2288364,1.2399995,2.301442,2.585744,2.5183084,1.5585018,1.0559078,-0.54867387,-1.329753,-1.2955005
-0.84129095,0.584602,2.384455,3.0584893,3.010477,1.8300046,0.023189597,-1.1445955,-1.8048353,-2.1080022
0.0006391369,1.1763265,1.8011888,2.3143961,1.8211812,0.6452648,0.46161562,-0.31872335,-1.31932,-1.0977644
-0.6012451,0.39049238,1.9929181,2.1022582,1.1593682,0.7673137,-0.081785984,-0.7350825,-0.92996866,-1.2959398
0.328996,0.935948,1.8721266,2.3090146,2.1497452,1.4015282,1.148029,0.05554465,-1.0374496,-1.3501922
-0.49859115,0.79607433,1.995839,2.3239214,2.3182971,0.956637,0.3265224,-0.39887607,-1.132507,-1.3794354
-0.22565433,0.76428056,2.5456133,2.741666,2.4615989,1.5311359,0.75322634,0.06937079,-1.0892615,-1.2324759
-0.4162796,0.9705019,2.0310292,2.074713,2.015005,1.4112084,0.5404184,-0.2999914,-1.3320547,-1.2326689
-0.6831775,0.97056717,1.3858945,1.802745,1.8189051,0.65786797,0.65376604,-0.018087514,-1.3532647,-1.0939223
0.07617372,0.9242238,1.9241204,2.3954353,2.0130548,0.59176326,0.114007205,0.09260083,-0.70756936,-1.2917991
0.042256773,0.20507978,1.7501423,3.0278456,1.9922384,1.1864094,0.71159065,-0.04075731,-1.1961471,-1.344912
-0.1759266,-0.117644355,0.79655695,1.8185153,1.2931436,0.33303887,0.34119037,-0.08328606,-1.2789584,-0.93168694
-0.31129262,0.5440435,1.0611542,1.9710644,1.1572155,0.2573259,0.67528796,-0.36858308,-1.001828,-0.94937813
-0.031730603,0.6695425,1.9681398,3.2341216,2.800508,1.2973447,1.1192957,-0.7497241,-1.9128622,-1.0974046
-1.0562836,0.48255613,1.2330298,2.2580316,1.8838991,1.2335856,0.86329967,0.071396194,-1.3865486,-1.5182886
-0.08820614,0.70456165,1.6863295,1.8607407,1.6493424,0.5639813,0.35720223,-0.021568153,-0.7939753,-1.154344
-0.15484712,-0.074037425,1.1349465,1.8053095,1.5787174,0.57780796,0.2792357,-0.55832374,-1.1805197,-1.0305265
-0.12732294,0.24006107,1.164542,1.3281181,1.6464334,0.54864645,0.39240804,-0.14400832,-0.70957917,-0.866387
0.22956145,0.66151476,1.4255164,1.4927124,1.3396002,1.055282,0.44754383,0.19174819,-0.95777315,-0.6166064
-0.18575421,0.37697172,1.8475746,1.7761028,1.8801912,0.76881284,0.25487757,0.20428322,-1.0170523,-0.91412777
-0.60390335,0.4713057,1.232816,1.2982135,1.0398562,0.63942933,0.5402072,0.024789922,-1.0987155,-0.7267123
-0.19881558,0.18730488,1.1287359,1.7805616,1.2765886,0.5496112,0.62193155,-0.04415181,-0.94119906,-1.1819671
-0.2876139,0.67336863,1.5155807,2.361536,2.1953168,1.0828425,0.72443116,-0.351303,-1.336396,-1.3777822
-0.12605861,0.3324623,1.2356106,1.6283133,1.5614202,0.9406987,0.775032,-0.06479998,-0.77821046,-1.051421
-0.45066807,0.3717063,0.99487066,1.6307623,1.1646538,0.5674318,-0.07926403,-0.40204096,-1.0997218,-0.9780722
-0.13410199,0.43207732,1.5787474,2.1055007,1.8130628,0.58291173,0.39954454,-0.45617345,-1.5992998,-1.4058781
-0.2404584,0.29320088,1.5863339,1.6982392,1.3409032,0.8289388,0.97428834,-0.34699798,-1.2422699,-1.2503521
-0.15232506,0.47011653,1.5800382,1.8816488,1.5781083,0.405964,0.3633859,0.060405783,-0.8088962,-1.6424539
-0.093421355,0.96272475,2.013616,2.398904,2.4712892,1.1680882,0.091199026,-0.07376444,-0.9960778,-1.4745237
0.04512556,0.546421,1.3518459,1.9793702,1.7709273,0.652441,0.764532,0.20358603,-0.873736,-0.8362933
-0.452215,0.5894062,1.6253096,1.9157029,2.2236724,0.70468205,0.69935817,0.05674207,-1.1081675,-1.472061
-0.23166212,1.0476199,2.0621238,2.0887847,1.7107385,1.2539738,0.7424231,-0.05767961,-0.8916724,-0.90508705
-0.8842925,0.9322129,1.6173319,1.939926,1.7905545,0.778486,0.44102576,-0.54655933,-1.3371954,-1.2599854
-0.2699824,1.1609647,2.1173959,2.5178866,2.843319,1.3032134,0.6551148,-0.20926061,-1.7321796,-1.2545216
-0.58683884,0.8822338,2.001548,2.7238185,2.3968024,0.75698173,0.10641596,-0.45969957,-1.4805614,-1.3827682
-0.45617554,0.30730048,1.6829334,1.7750323,1.7754846,0.44930917,0.17618424,-0.008759607,-0.7720791,-1.3200599
-0.6490249,0.6201936,2.1217647,1.8124647,1.9218915,0.8528143,0.21762267,-0.28824955,-1.0378878,-1.4502488
-0.06177652,0.5504708,1.532954,1.9589063,2.1182244,1.0590507,0.44280803,-0.4224268,-1.3457377,-1.1450275
-0.92348546,1.0533998,2.2972178,2.272764,2.3911483,1.0749968,0.09964347,-0.87806666,-1.1665133,-1.7739358
-0.12054076,0.7717416,1.6176798,2.4012961,2.4678314,1.3431696,0.92834973,0.014279863,-0.95852596,-1.0413319
0.5748469,0.79632014,2.3553126,2.9024796,2.6257198,1.4342498,0.57685196,0.2189735,-1.1291579,-1.4176255
0.26490563,1.3083844,2.3584168,2.5540128,2.275287,1.2854078,0.7505784,-0.12572412,-1.3294991,-1.2079905
-0.7947613,0.57325846,1.463565,1.9526087,1.3785125,1.1645443,0.43038192,-0.025680872,-0.7709672,-1.3807054
0.3184693,0.52470946,2.0404415,2.3415496,1.5861002,0.84967136,0.45438904,-0.4072104,-1.0311118,-1.4659954
-0.38984913,0.59342796,1.1282964,1.8070179,1.4799763,0.4385383,0.4129804,-0.07009072,-1.0531055,-1.3785504
-0.42397428,0.32196516,1.671272,2.0099998,1.5311936,0.7893481,0.74230665,-0.04245908,-1.2133781,-0.94684994
-0.16760579,0.23455714,0.7536677,1.3654102,1.325695,0.42214367,0.2111058,0.077808484,-1.0812126,-0.38544482
-0.3208128,0.2507759,0.92171705,1.4722611,1.8359313,0.3925652,0.5712819,-0.1958165,-0.6919893,-0.6123551
-0.011994496,0.55009764,1.2849346,1.7731167,1.2572826,0.4692033,0.30448198,-0.41145462,-1.0089488,-0.8288736
0.41386122,0.6662531,2.1174302,2.5344934,2.0624244,0.9704521,0.91000116,0.10362292,-0.9668129,-1.2117207
0.06783177,0.2758489,1.3284202,2.3409405,2.2254493,0.9399929,0.48238313,-0.10846231,-1.0869801,-0.8529546
-0.2662165,0.5546947,2.2706017,2.9196079,2.4607246,0.8950605,0.44127735,-0.46022013,-1.6886977,-1.6201235
-0.75796765,0.17998524,1.5726901,1.7764093,1.6891725,0.8647001,0.6397359,-0.032600507,-0.8154861,-1.4599078
-0.7830229,0.37603432,1.7745676,2.3965507,1.8451698,0.6431102,0.6956433,-0.41616797,-1.3145387,-1.5923222
-0.3356041,1.0057479,1.1620522,1.7613696,1.6743323,0.52112573,0.28990728,-0.4373066,-0.7360339,-0.94462115
-0.45111272,0.35884768,1.4937842,1.8977458,1.2580535,0.6348685,0.60058063,0.21586546,-0.7064917,-0.8603171
-0.49525246,0.5204152,1.6886191,1.8220971,1.3680457,0.93156767,0.74988556,0.08753388,-1.2749262,-1.300582
-0.4068161,1.2147869,1.8948507,2.3343837,1.7633169,1.1085945,0.6969145,-0.168856,-1.3616383,-0.95858717
-0.049742796,0.240672,1.533266,1.954484,1.7581613,0.48365432,0.37036282,-0.40089458,-0.91883826,-0.98899657
-0.11863465,0.8063718,1.964883,1.8332843,1.9658343,0.7689563,0.5025323,-0.4469696,-1.2047807,-0.63247055
-0.38011238,0.21750195,1.1663147,1.775398,1.7653652,0.68978184,0.31602386,0.18322033,-0.91545564,-1.5249549
-0.3574541,0.54639375,1.8305563,2.0736434,1.9734994,1.1184692,1.094688,-0.35996717,-1.4991733,-1.0303531
-0.6762031,0.42453372,1.3773848,2.0815535,1.840199,0.7762381,0.5318902,-0.15797105,-1.164504,-0.75640684
-0.04752046,0.56213176,1.3332491,1.6660658,1.5067208,0.38443694,0.84195334,0.04117822,-0.5956604,-0.5750423
-0.11951592,0.6233508,1.3342832,1.8804225,1.6053255,1.1577189,0.30201596,-0.21728863,-1.1833549,-1.2298928
-1.0740442,0.46233395,1.2936456,1.8595527,1.1874124,0.6682495,0.65436834,-0.16190514,-0.979339,-0.86193496
-0.7380399,0.10477606,2.3321545,2.89771,2.4560196,1.0991268,0.6793642,-0.0691422,-1.3427062,-2.0178964
-0.31496778,0.44579628,1.7634335,2.3517325,2.5648932,0.88055205,0.5411723,-0.13108318,-1.5962566,-1.4760251
-0.2010054,0.5599616,1.3671404,2.117453,1.6762683,0.32330304,0.70632243,-0.23038472,-1.4248142,-1.1614377
-0.27728692,0.58241177,1.7808522,1.6133051,1.3608036,0.73760164,0.34320626,0.08213142,-0.79254264,-0.9524016
0.21177843,0.6688779,1.3272928,2.3266187,1.6385707,0.7587709,1.1207508,0.23478389,-1.3169332,-0.9455819
-0.48815742,0.65032685,1.7546033,2.2188885,2.164094,0.9352452,0.60895395,-0.23965788,-1.0937848,-1.3271008
-0.42781287,0.13294278,1.2625426,1.7922902,1.3790766,0.71532696,0.7332142,-0.08718198,-1.3301289,-1.5944847
-0.1644538,0.30575627,1.3565037,1.5748402,1.4396312,0.6360919,0.54838794,0.29838634,-0.66261107,-0.9694834
-0.63429546,0.48161757,1.5067286,1.7058599,1.3720806,0.63181967,0.52028525,-0.48760733,-1.7059488,-1.4257733
-0.7159433,0.36834338,1.6118187,1.9850038,2.0311136,1.3689042,0.5241453,-0.31520063,-0.97955656,-1.257138
-0.015661329,0.7671748,1.4942386,1.8533443,1.6446111,0.34669784,0.48428327,0.037931077,-0.7606637,-1.6338235
-0.5994568,0.6086342,1.4978354,1.4413145,1.2181416,0.3031467,0.23971489,-0.5251249,-1.1008341,-0.8875974
-0.53775376,0.56784356,2.2104867,1.7233583,2.310951,0.7945949,0.01104207,-0.7196967,-1.5456845,-1.542909
-0.0317003,0.1925795,1.4008336,1.7250574,1.6943488,0.78121525,0.8295875,-0.110583015,-1.1966821,-0.83524686
-0.54778254,0.67589605,1.810211,2.4193227,2.2178879,0.947135,0.8244061,-0.5067871,-1.4114597,-1.1074579
-0.18450707,0.12869298,1.1864079,1.7555113,1.3050659,0.74698526,0.5100551,-0.05536249,-1.1786375,-1.3896652
-0.21425098,0.39305416,1.445991,1.451153,0.98380446,0.39992052,0.6357066,0.4273194,-1.1323857,-0.7509084
-0.96015126,0.75700724,2.1208954,2.1195989,1.5238161,0.721705,0.7911953,-0.38994664,-1.2210789,-0.8069049
-1.1610974,0.460945,1.9221848,2.1649961,1.7724415,1.0522406,0.79256046,0.115080625,-1.3218727,-1.5804121
-0.35245115,0.36465412,1.414435,1.7759421,1.4529514,0.42403108,0.15787521,0.031816326,-0.693882,-0.83110976
-0.054250285,0.72178537,2.4777243,2.9253933,2.6960835,1.466756,0.7594794,-0.6548754,-1.4109135,-1.0372171
-0.46545038,1.4166893,2.6842868,2.990166,2.9388587,1.6238647,1.1787841,0.14088137,-1.7916973,-1.7367718
0.17692149,0.24138983,1.1530514,2.081856,1.9906665,0.807824,0.59774965,0.11692108,-1.0098095,-1.1167693
-0.15072268,0.54901946,1.4448414,1.159109,1.5573461,0.24207295,0.26575714,-0.637398,-0.40737426,-0.9480433
-0.31246418,0.88351697,2.0819097,2.8757272,3.033001,1.5916846,0.8220837,-0.3361116,-1.6732428,-1.8038079
-0.21618044,0.91075534,1.6653016,2.5872858,1.5036538,0.9297643,0.8002953,-0.10220478,-1.4243145,-1.1073099
-0.21814612,1.0193343,1.8303578,1.7327408,1.8729918,0.7131381,0.35296288,-0.38816816,-1.0945058,-1.3377441
-0.42253911,0.37927252,1.7949744,2.044105,2.1712945,0.8486529,0.9823071,-0.09384184,-1.062518,-0.61732304
-0.88637155,0.5049967,1.654955,2.0475547,1.727199,0.57877326,0.34979722,-0.74407923,-1.5908678,-1.4464868
-0.091285534,0.43369168,1.2894782,1.5578259,1.9250735,0.62471133,0.5294145,-0.10492275,-1.2489638,-0.9373011
-0.16851184,0.75548387,1.945043,1.9987358,1.5283515,0.81851417,0.6263994,-0.28254813,-1.3209561,-1.1933999
-0.2171818,0.8261585,2.5539212,2.9215176,1.7568988,0.8023503,0.91387546,0.19579776,-1.0972413,-1.0611966
-0.11528299,1.2497321,2.1154747,2.7858813,2.719762,1.2878089,0.7528865,-0.52840227,-1.1004273,-1.1589653
-0.9022722,1.5837005,3.1421897,3.1162684,2.5694547,1.36512,0.7676118,-0.5710272,-1.5681311,-1.5416002
0.22735259,0.70999223,1.7404091,2.112105,2.0505648,0.8806766,0.47435713,0.18945006,-0.92566913,-1.7271658
-0.6379158,1.0902902,1.9931146,2.2491636,1.8133087,0.7716609,0.6918375,-0.020622134,-0.80324626,-1.0669487
-0.10703198,0.3414967,1.3651294,1.5344666,1.2337378,0.17629805,0.43968332,-0.31221616,-0.7368502,-0.9351688
0.22298977,0.9458412,1.7115145,1.8192718,1.9916307,0.9602009,0.51797986,-0.011094833,-0.95041513,-0.6777721
-0.34216455,-0.18685205,1.2726307,2.2831361,1.5434694,0.6406531,0.8799134,-0.23226708,-1.3807343,-1.2401797
-0.5865834,0.8426136,1.4660059,1.8855082,1.4638238,0.5872514,0.11628856,-0.4993667,-1.0705035,-0.8674678
-0.3935595,0.8436623,2.092738,2.2463505,1.9111065,0.8244154,0.1263602,-0.2992474,-1.1136563,-1.3736843
-0.26088834,0.27846482,1.4197619,1.350987,1.2121346,1.1254481,0.7936944,-0.50596124,-1.4180841,-0.9170345
-0.2979239,1.4158359,2.352435,2.4576228,2.6472886,1.1109946,0.22047076,-0.39592648,-1.5663081,-1.5696971
-0.71923727,0.34544322,1.1241792,1.8098373,1.682127,0.6843818,0.37825182,-0.14971279,-1.0233127,-1.9830959
-0.6239362,0.6330989,2.1870224,2.7487059,1.9787,0.73866856,0.56230456,-0.41404507,-2.0499127,-1.3043193
-0.52182686,0.7479354,2.0351644,1.5083731,1.4997066,0.46730375,0.58302695,0.39197028,-0.51626575,-0.7078057
-0.036447003,0.86069864,2.1865265,2.5923839,2.056794,0.84379596,0.8008319,0.34309348,-0.40623578,-1.0692137
-0.26685858,0.4289002,1.2412027,1.3199333,1.1340762,0.1447305,0.35104325,-0.14112778,-0.8392768,-0.9677652
-0.57661194,0.4288345,1.459753,2.0037792,1.8819718,1.2862042,0.8251012,-0.15308057,-0.8290431,-1.1812065
-0.8660392,0.81979614,2.5450134,3.029845,1.9818634,1.3827729,1.1089883,-0.38299105,-1.8806152,-1.1084673
-0.8527656,1.1864519,1.7379048,1.9808434,1.6837575,0.7890759,0.27979854,-0.44093227,-1.0405722,-1.074726
0.21928254,0.43555608,1.0057901,1.1500565,1.1359129,0.5639609,0.33736426,-0.18807794,-0.8773237,-0.7982772
0.052460827,0.7641277,0.9250414,1.8765497,1.7919167,0.63537,0.39838916,-0.13413417,-1.0464009,-0.8646642
0.02297886,1.4700091,3.534094,3.7673447,4.068329,3.3382893,1.208731,-0.62228495,-1.7350645,-1.735211
0.37984025,0.37036654,2.652916,3.8389578,3.5763786,1.1903325,1.1448236,0.11233406,-1.5593528,-1.8496788
-0.12540504,0.7550813,1.7492967,2.2807791,2.0105944,0.80356276,0.28982005,-0.537318,-0.8580644,-1.3001542
-0.43698958,0.8373038,1.7686017,2.0642207,2.0355494,1.0290067,0.5560955,0.15351568,-0.76565105,-0.8956497
-0.6355347,0.2792241,0.9194816,2.275326,2.0833678,0.91745776,0.5219796,-0.042880926,-1.560951,-1.8906425
-0.09340282,0.5426526,1.7178764,2.6528697,2.2929704,1.0896147,0.67499804,-0.2485474,-1.0539396,-1.0497792
0.063779704,0.65073746,1.7276462,1.9254508,1.3861964,0.8170637,0.52561915,-0.08073665,-1.4628356,-0.79863715
-0.7181878,1.3735932,2.2869911,3.5209782,2.0739405,1.5519304,1.0586989,-0.10790361,-1.1191368,-1.7134863
0.12726665,0.22960521,1.0365212,1.4143207,1.6171579,0.57085484,0.60871017,-0.049196985,-0.7463228,-0.7473789
-0.57971597,0.6628947,1.1897696,1.6934086,1.2793211,0.76099294,0.3667425,-0.19056761,-0.6941528,-0.81577986
-0.58872366,1.0106025,2.3297899,3.1934698,2.7665153,1.1963388,0.85006124,0.054272875,-1.1991414,-1.324267
-0.41368562,0.7993334,1.6607811,1.8774687,1.8670938,0.9671346,0.6983945,-0.3308029,-1.2402487,-1.2490846
-0.32864365,0.22052203,1.7057377,2.0838122,1.781916,0.88419807,1.1361927,-0.0081079975,-1.2288477,-1.1301677
-0.3038481,-0.16986811,1.3462316,1.8592545,1.7606864,0.6642762,0.20652929,-0.099559575,-1.0208391,-1.4614881
-0.9708747,0.7391983,1.6677573,2.1220896,2.2340057,1.0497718,0.8109953,-0.073755704,-1.3991561,-1.1958736
-0.6110597,0.3646499,1.8715326,2.402002,2.4821458,1.1487036,-0.18158124,-0.9371959,-1.005738,-1.6065097
-0.29841518,0.4785019,1.9997059,1.8219563,1.7415315,0.4461298,0.3474656,-0.015876241,-0.6036578,-1.1575073
-0.22178468,0.17139995,0.9873882,1.893918,1.8078625,0.11113079,0.8768163,-0.39355528,-1.5181444,-1.1640412
-0.18427461,0.7337883,2.166891,2.472669,2.2160819,0.6705827,0.24584532,-0.7918481,-1.2595179,-1.1548684
-0.24812648,-0.076212056,1.1587943,1.0576305,1.3732467,0.69817305,0.08523144,-0.2170789,-0.9110196,-0.8133219
-0.45482612,0.14535122,1.4438944,1.9503295,1.3665532,0.39430815,0.0572839,-0.777583,-1.1357664,-1.6090852
0.042165697,0.62631,1.3234007,1.3525224,1.3440657,0.3984171,0.6205453,0.11431071,-0.7733202,-0.95607877
-0.2910543,0.67081165,1.1088537,1.4003313,1.3819178,0.10918689,0.22013092,-0.30507085,-0.74819845,-1.0300473
0.0087090535,0.84760946,1.9330243,2.4781144,2.241077,0.6818806,0.47789794,-0.1906671,-1.3551031,-1.1425903
-0.25811416,0.9655218,1.7686447,2.46846,2.232005,1.1460323,0.720059,-0.47666046,-1.5683583,-1.9640453
-0.148139,0.6076259,1.8705621,1.728951,1.7510536,0.80232394,0.6897494,0.1676474,-0.8630874,-1.4228594
-0.23056361,0.7369764,1.2590474,1.6255939,1.5563791,0.5131229,0.27834925,-0.2382346,-0.7183972,-1.0772399
-0.2653661,0.22068308,1.5979928,1.567493,2.1342757,0.48638594,0.32948893,-0.32662785,-0.9528561,-0.92965657
-0.3076482,0.23905239,1.3427637,1.6265508,1.3504635,0.23774032,0.33051884,0.1544136,-0.9190816,-0.74745667
-0.098841794,0.45971262,1.4908175,1.3566208,1.194709,0.052445423,0.24407044,-0.4093334,-0.9823985,-1.0237107
-1.1043811,0.75162804,2.226055,2.2979672,2.5485508,1.1951346,0.8030617,-0.11932418,-1.2337143,-1.1237507
-0.6150994,0.54756767,1.286079,1.8221734,1.5679389,0.8771786,0.39668915,-0.41236338,-0.89464355,-1.0962265
-0.2544697,0.7750565,1.5927991,1.7163806,1.5140593,0.25136554,0.41792408,0.12778232,-1.1485732,-1.0478506
-0.7083131,0.711919,1.3930837,2.229136,1.7498223,0.35608187,0.2540146,0.09261876,-1.0446373,-1.6082224
-0.4516999,0.35517934,1.4839816,2.4063737,2.2702136,0.7790763,0.81598234,-0.49703848,-1.4561905,-2.2702029
-0.087827206,0.67602414,1.9001447,1.67012,1.4382718,0.49025816,0.43583313,-0.42974833,-0.8812152,-1.0642852
-0.07892094,0.58765686,1.9347701,2.240466,2.0974278,1.1896144,0.8669912,-0.16055737,-0.72175926,-0.91157585
-0.2200548,0.6265457,1.8625358,2.0436883,1.7969497,1.1707487,1.0956435,-0.19812346,-1.5399133,-0.9478867
-0.6488365,0.9566447,2.2102714,2.8690064,2.287938,1.0316275,0.1975685,-0.433164,-1.642022,-1.8971303
-0.8401571,0.31586224,1.2085756,1.9584409,1.2125124,0.20346193,0.4212516,-0.4180215,-1.3136712,-0.8716805
-0.73214495,0.66151357,1.3603182,1.5757682,1.2767793,0.5882303,0.2709871,-0.66163146,-1.0738045,-0.95615077
-1.0118093,1.0573089,2.197276,2.389608,2.4417758,1.1932468,0.45939642,-0.9825266,-1.6139607,-1.4259799
-0.60561866,0.5561859,1.9886795,2.308237,2.0591972,0.7597098,0.6314698,0.13324457,-0.90066594,-1.3764691
-0.31763136,0.35646275,1.0903915,2.0863836,1.9888507,0.93955916,0.60235816,0.1284108,-0.9442825,-1.1890876
0.16798395,0.92882204,1.8936567,2.1837225,2.0209682,0.80831057,0.3238422,-0.0062739016,-1.1240366,-1.6329792
-0.29658827,0.13385889,1.1533446,1.3707601,1.6572604,0.24924548,0.30541894,0.044124514,-1.21655,-1.1442829
-0.26940075,0.3613862,1.5904557,1.9862007,2.0024204,1.1346014,1.119736,0.4129824,-0.94419944,-0.98929584
0.17806318,0.6031236,1.5260932,1.9463494,1.823999,0.945147,0.42722335,-0.31663406,-1.2811228,-1.3491261
-0.069764815,0.51071393,1.6632416,1.9860102,1.4708804,0.72281665,0.61035657,-0.08146958,-1.0239573,-0.8420727
-0.13101077,0.5580945,1.733002,2.294311,2.2663982,1.0854338,0.39249456,-0.3336921,-1.3924628,-1.1217954
-0.4971728,0.6829736,1.3446711,2.2314339,1.6697378,0.3604949,0.38888907,-0.3278955,-0.9764805,-1.182493
-0.5223872,0.6643887,1.7617327,1.9639283,2.0836473,0.8579892,0.52980864,-0.28372017,-1.0411887,-1.1369117
-0.22104445,0.8995454,1.7067124,2.2503042,2.241185,1.0874485,0.9032451,0.2080127,-1.0926485,-1.2914449
0.24703544,0.50729764,1.5093427,1.8501748,1.8484962,1.0309553,0.63391256,0.035578977,-0.5332323,-0.7573563
0.2484096,0.4655962,1.3132265,1.4397837,1.558918,0.6620138,0.38199958,0.100889534,-0.8716267,-0.51236767
-0.455815,0.79179996,1.5937152,2.0084531,2.0444834,0.698995,0.7238745,-0.4062494,-0.909978,-1.1295143
-0.14730436,0.1354241,1.1589658,1.808023,1.8949429,0.23915662,0.296468,-0.23094401,-1.0336517,-1.0857079
-0.42373663,0.4919181,1.5216758,1.8025454,1.2077824,0.47657794,0.23940763,-0.25978816,-0.9477715,-0.9837213
-0.46951175,0.3486944,2.0241768,2.1326923,1.786466,0.348357,0.5951389,-0.19138557,-1.3129091,-1.258318
-1.3775394,1.0158116,2.7362728,2.897036,2.6197832,1.3750719,0.53146935,-0.5686085,-1.1912051,-1.8690621
-0.90024513,0.72465616,2.0616517,2.5813732,2.5239582,1.2770934,0.7003979,-0.06762959,-1.4185483,-1.6841397
-0.5684614,0.728522,2.0059638,1.9934579,1.806357,1.0138432,0.5636961,0.015575925,-1.446567,-1.883375
-0.11732801,0.6923359,2.288817,3.123248,3.0263205,1.9080266,0.6476508,0.05401267,-1.0865719,-1.8744235
-0.19914404,0.95136917,2.0364337,2.6952813,2.5996745,0.9383804,0.15223105,-0.59719014,-1.462022,-1.50205
-0.27671567,1.1499311,1.9967142,2.5644953,2.1739402,0.754926,0.51895434,-0.4752201,-1.492169,-1.3707494
-0.004440911,0.5681262,1.5911611,2.3410134,2.6765556,1.0314611,0.46331677,-0.12864815,-1.3640758,-1.429598
-0.13893369,0.696789,1.4458598,2.0103388,1.7220922,0.49082077,0.17608798,-0.11778018,-0.6813154,-0.90662235
0.08306399,0.8747852,1.5641252,1.6570711,1.4182247,0.48256433,0.46848202,0.18758035,-0.8996323,-0.8982269
-0.067178726,0.37565663,1.4421892,2.2397404,1.7060385,0.8797253,0.45006874,-0.15758607,-1.2252336,-1.2600461
-0.9796429,1.116722,2.1986806,1.977974,2.1029866,0.87212765,0.13865955,-0.7800875,-1.5402927,-1.1810313
-0.5426332,0.35663652,1.5804992,2.2149124,2.4069898,0.766034,-0.050894257,-0.66640973,-1.8880078,-1.8329688
-0.6472909,0.48319104,1.5461674,1.708406,1.5363909,0.7801962,1.0597243,0.3434303,-0.8446196,-0.7701677
-0.13671228,0.7977191,1.6439872,2.0043423,1.1836712,0.57744247,0.31378138,-0.44991425,-1.0945314,-0.64022493
-0.58090293,0.47296238,1.766529,2.3348215,2.2102356,0.43069878,0.59553194,0.02268407,-1.0961356,-1.4040473
-0.7365785,0.8044227,1.6673496,1.8551521,1.6430783,0.6070744,0.2546911,0.17110048,-1.0810834,-1.4033878
-0.21405661,1.0813115,1.9699777,2.309636,2.3321018,0.68329316,0.5927376,0.394198,-1.1314553,-1.2325248
-0.14255512,0.70833987,1.7001513,2.263518,2.141455,1.0684301,0.68025726,0.033145856,-1.3153356,-0.6646058
0.09401824,-0.02043704,1.7463655,2.2401826,1.9285492,0.5422201,0.5806408,0.16724305,-1.0412921,-1.4695556
-0.38919774,0.33384943,1.2122935,1.9603969,1.8052938,0.5932549,0.39551026,-0.23892047,-0.86216813,-1.6167549
-0.8802018,1.0028312,1.6746616,2.0016544,1.3150381,0.8518364,0.41056442,-0.1783997,-1.2164751,-1.5791634
-0.4026345,0.21147996,1.3327913,1.7800845,1.568797,0.441604,0.5792159,0.07501184,-1.2056134,-1.345405
-0.40801722,0.65518427,1.2421267,1.9696922,1.9126154,0.44463024,0.5604347,-0.13138206,-1.2293655,-1.1711576
-0.5162724,1.1589427,2.2508986,2.2112021,2.051701,0.6853223,0.033130012,-0.13390562,-0.37734812,-1.141482
-0.68116534,0.42876992,1.9330333,2.0480056,1.5111687,1.0470133,0.7564358,0.08737342,-0.8280426,-1.0844442
-0.4650145,0.4779441,1.7699937,2.6355908,2.61018,1.5420772,0.75214845,-0.43336797,-1.2825089,-1.3762634
0.11891287,0.5582615,1.7339059,3.189183,2.5306249,1.3190616,0.5483617,-0.0056898748,-1.1077875,-1.2378316
-0.19517002,1.0371553,1.7520214,2.4898875,2.0353327,1.074287,0.38335794,-0.08623764,-1.5377693,-1.3396972
-0.39146444,0.60277414,2.0655656,2.0406086,1.5592552,0.7560068,0.7250173,-0.26241088,-1.283107,-1.2099533
-0.23179299,0.39110094,1.0161444,1.9677993,2.116793,0.7541851,0.53599805,-0.191993,-0.8698849,-1.2568636
-0.38558853,0.7953136,1.1164463,1.4226319,1.9191422,0.8501403,1.1909658,0.415003,-0.4095739,-0.8582574
-0.6380124,1.4232016,2.9618292,2.7692056,2.5809891,0.9594244,0.3995591,-0.7286802,-1.8623266,-1.2611464
-1.4485517,2.2101822,3.1594162,3.4424555,3.134645,1.7043966,0.70423573,-0.74053496,-2.478155,-1.6915143
-0.8015972,0.5637512,2.0042489,1.9343052,1.7904831,0.8073922,0.6284509,0.12535593,-1.1514245,-1.2744958
-0.21270722,0.37984517,1.5498872,1.6511394,1.6354544,0.83308494,0.52228177,-0.0998762,-0.6877637,-0.41872883
0.04533827,-0.13107021,1.4266258,2.1072295,1.8500775,1.280842,1.2715832,-0.18783195,-0.9797317,-1.5914347
-0.96387726,0.40438056,1.3875787,1.7895072,1.343161,0.4849279,0.3494992,0.08762808,-0.8575263,-0.6213451
-0.36954784,0.53445834,0.9259164,1.2401067,1.3712534,0.60093087,0.67558455,0.07846408,-0.5098009,-1.0131218
0.07564479,0.5098371,1.4240085,1.8459741,1.6747012,0.8578525,0.63736403,-0.04116614,-0.9307002,-0.7057429
-0.5373768,0.6274433,2.3304665,3.6420636,3.2811785,1.44858,0.69274586,-0.19707352,-1.7276795,-1.884219
-1.9718812,1.8217807,3.9816825,4.3099403,3.9094455,2.182462,0.34046453,-1.3506359,-2.4031217,-2.5580266
0.025595006,0.7724962,2.8724918,4.765715,4.0152316,2.3091986,0.81836766,-0.7726917,-2.0167038,-2.893787
-0.9245212,0.31332877,2.3984985,2.8571284,3.1474342,1.5996498,1.6262125,0.95183533,-1.0940741,-1.466642
-0.25009,0.56352437,1.3575501,2.4059212,2.0921175,1.1222442,0.79094946,0.28752923,-0.8079901,-0.9156166
-0.44637468,0.69205266,1.4696585,1.4622887,1.3658239,0.2094393,0.42667794,-0.068114296,-0.8079481,-1.2422835
0.20374328,0.22091873,1.4443722,2.1529074,1.939115,0.9638599,0.7206459,0.7375626,-1.085917,-1.4005768
-0.4676159,0.06966281,1.4638022,1.9437762,1.4985888,0.53010845,0.51192826,0.13818534,-0.9238431,-1.713601
-0.19817743,0.0920199,1.0015718,1.6997975,1.5686702,0.93274397,0.27736142,-0.1297137,-1.0350051,-1.3537169
-0.3169015,0.47416478,1.2254295,2.2510028,1.5258105,0.6499783,0.3885509,-0.03162822,-0.85116124,-1.2828771
0.026394991,0.8517588,2.3285065,1.9979776,2.089752,1.0605445,0.42797804,-0.177539,-0.5276826,-0.96800935
-0.35022438,0.2998282,1.2393512,1.5989646,1.4140468,0.5929339,0.21128626,-0.36695263,-0.89849794,-0.90940124
-0.13955382,0.6442753,1.4626621,1.6374704,1.5001535,0.1931984,-0.044356674,-0.3736453,-0.85241514,-0.84873646
-0.36365303,1.0003973,2.4370914,2.390375,2.3493829,1.0917132,0.487911,-0.49104866,-1.136335,-1.291217
0.042053968,0.2622592,1.810718,1.7347273,1.7638531,0.96332383,0.57718676,-0.5022365,-0.84391385,-1.4588346
0.26808363,0.8176405,2.4254055,2.215378,1.9482726,1.0894179,0.71079856,-0.20355296,-1.2058698,-0.98800534
-0.47645745,0.34720087,1.2930834,2.1874056,1.7401432,0.95022726,0.29540047,-0.43944925,-0.9597249,-1.3700755
-0.9092949,0.7014053,1.8146284,2.0865245,2.0079198,0.6913551,0.41824058,0.28430107,-1.022281,-1.4147604
-0.16763008,0.10843911,1.3967551,2.0422268,1.8534526,1.2123232,0.20403163,0.23556796,-1.0550287,-1.1955054
-0.0826935,0.17083974,1.335905,2.287264,1.549009,0.44638932,0.39463255,-0.3291035,-1.0752985,-1.2652919
-0.13210845,0.84509164,1.4140674,1.7087564,1.8767251,0.15227695,0.90907717,-0.36736327,-1.2783716,-1.216792
-0.83072925,0.60706043,2.001677,2.2104437,1.784907,1.2737534,0.41847453,-0.6519249,-1.3194536,-1.4692813
-0.22861516,0.11712262,1.1931759,1.3676378,1.4910914,0.68906015,0.4765244,-0.0033324645,-0.73201585,-1.0068003
-0.24612916,0.38320795,1.7148893,2.0787444,1.7123587,0.64338976,0.2939528,-0.43521848,-1.2872664,-1.1729677
-0.09385685,0.26227236,1.686299,1.8435475,2.1194234,0.6933174,0.1632838,0.027980322,-0.9143414,-1.6554686
-0.18952951,0.5540647,1.6675713,2.0725396,1.5603418,0.41776296,0.65420043,-0.14357497,-1.0551625,-1.2836561
-0.37572935,0.5101243,1.279424,1.4948821,1.6779407,0.89426076,0.19278783,0.18513526,-0.94949144,-0.9407447
-0.049193755,0.40591723,1.7430952,2.164495,1.6935382,0.8570696,0.6939663,-0.032419972,-0.8601058,-1.3925737
-0.74487466,0.6048508,2.1434598,2.131263,1.732421,0.6166066,0.36432746,-0.30107576,-1.8055551,-1.7155985
-0.85897124,0.6852788,1.7383384,1.9730328,2.039296,0.7011417,0.4946465,-0.51590574,-1.3430091,-1.1630079
0.17306194,0.28092358,1.5244513,2.2507195,1.6892823,0.70865613,0.41990975,0.4120879,-1.3717585,-1.0382392
-0.30204552,0.6573349,2.0456276,2.3908792,1.6566164,0.8952191,0.5289966,-0.16021316,-1.2486446,-1.289917
0.14585742,0.7286207,1.538758,1.9949442,2.0557644,1.0178745,0.8273753,-0.010256207,-0.76659775,-1.0369313
-0.13796511,0.687867,1.9808358,1.8095455,1.3831365,0.61315966,0.8790372,-0.25634512,-1.789351,-1.4401761
0.24796647,0.28073376,2.004833,2.1524029,1.9414774,1.0422897,0.35655996,-0.40203035,-1.3639529,-1.0066885
-0.3352971,0.66540027,2.3083014,2.3528705,2.0656164,0.90612435,0.43881524,-0.15980956,-1.0776047,-1.1688979
-0.5620546,0.778775,2.8070042,3.0607467,2.545248,1.8416716,0.79767615,-0.25402278,-1.5779364,-1.904663
-0.414155,0.035370607,1.464183,1.9933659,2.0183215,0.7290848,0.6171349,-0.2945625,-1.0489537,-1.7698282
-0.5500182,0.31311,1.6545426,1.9087884,2.0260916,1.0509799,0.9321501,-0.21151516,-1.6115544,-1.6590923
-1.0312184,0.6604724,1.6580559,1.9112148,2.03655,0.4874243,0.32115096,-0.34193373,-1.5917118,-1.8273528
-0.7864515,0.79700965,1.4592186,1.7892804,1.669946,0.43477562,0.37330788,-0.5736306,-1.3205013,-0.8248543
-0.48308888,0.38125262,1.4132204,1.9918326,1.8262677,0.92310435,0.45192286,-0.41379124,-1.1776547,-1.1948004
-0.9918653,1.3720242,1.9747274,2.172233,2.0467458,0.8996391,0.6085941,0.22730377,-1.5129889,-1.1655474
-0.23234898,0.5716154,1.1409209,1.2897112,1.4352112,1.0303988,0.5807535,-0.269472,-0.5531298,-0.97130406
-0.39061442,-0.09091589,1.3980888,1.6281952,1.5229276,0.8691043,0.6342028,-0.09660113,-1.3027619,-1.3197427
-0.61324984,0.45823258,1.5994061,2.097907,1.5751817,0.30416214,0.43658334,-0.33309612,-0.9240194,-1.3697728
-0.40282628,0.42994362,1.3949406,2.1068738,1.6657517,1.1156504,0.6656636,0.06422907,-0.8643914,-0.9777698
-0.28675798,1.1649126,2.2742748,2.1171496,1.5480244,0.8080759,0.22655189,-0.18807992,-1.1752015,-1.0495378
-0.793196,0.111803114,1.2881922,1.905135,1.8394414,0.956596,0.46906602,-0.14900583,-1.2316253,-1.7306008
-0.59493375,0.33366564,1.2689697,1.8300772,2.3031209,0.69625044,0.054706633,-0.14299761,-0.74774444,-1.1429893
-0.52632356,0.36072686,1.8316275,2.9921076,2.3842576,1.666177,1.0367299,-0.16339648,-1.3618549,-1.7460263
-0.38264444,0.415623,1.3766848,2.1389632,2.3068879,0.92202187,0.5722993,-0.42088595,-1.0859805,-1.3298565
-0.4664709,0.67855054,1.7978323,1.9882463,1.874582,0.8821638,0.48817217,-0.12474039,-0.85881406,-1.1252645
-0.7831648,0.29149258,1.1444852,1.6935346,1.6675948,0.69378763,0.21659008,-0.30614644,-1.104571,-1.3151966
-0.093177386,0.26872358,1.5269047,1.5733166,1.6291146,0.4928785,0.72606176,-0.10555137,-0.7168579,-1.0231999
-0.109932326,0.60487926,2.1175632,2.688999,2.3764105,0.9501054,0.64092124,-0.3261036,-1.201518,-1.4482785
-0.21897122,0.34272107,1.3762069,1.8672276,1.5454128,0.8254506,0.52779037,-0.5189454,-1.2434897,-1.3507783
-0.22946247,0.24555309,1.3894368,2.143545,2.1377733,0.7285994,0.33139834,-0.091360606,-1.597209,-1.8582164
-0.5566072,0.684678,1.7588775,1.9833184,1.8713924,0.6868253,0.6208335,-0.25401613,-1.3819793,-0.8457165
0.0054944055,0.5502993,1.3153331,1.8818903,1.491777,0.56340224,0.34020552,-0.5179517,-0.95963,-0.83877456
-0.933289,1.0478559,2.4311883,2.2182462,1.8699403,0.81743556,0.12137072,-0.97819173,-1.4975172,-1.616671
-0.43689334,0.7300305,1.4615185,1.6301097,1.5876725,0.4384892,0.030119404,-0.3973031,-1.0221906,-0.9025996
-1.0236603,1.0338372,2.324699,2.6462648,2.224361,1.2445577,0.4658965,-0.7335441,-1.1355345,-1.6326109
0.13879015,0.20104346,1.8145975,2.2404552,1.9944443,0.7837181,0.8036354,-0.10407494,-1.4884139,-1.1754097
-0.5340867,0.5509224,1.6611328,2.0683913,1.9260354,0.9172536,-0.28249708,-0.62193024,-1.4601462,-1.5598692
-0.63508093,0.5518706,1.538454,1.8388621,1.3538744,0.2276734,0.35146067,-0.2345012,-1.3613608,-1.0218068
-0.13669011,0.4451708,1.1712525,1.5619417,1.3716145,0.8399457,0.7679449,-0.060828,-0.54606164,-0.83175796
-0.6903329,0.5927654,1.8242819,1.9742209,1.7822236,0.56392777,0.12166563,0.11916026,-1.2225466,-1.0675256
-0.4317532,0.91625184,1.9430519,1.8058833,1.7578391,0.8545426,0.97902346,-0.015310008,-1.14156,-0.9572722
-0.36025465,0.5066425,1.2471935,1.9494662,2.1596758,1.0567809,1.0407495,0.24138576,-1.2140688,-1.7393969
-0.7542777,0.27660578,1.2757323,2.3982313,1.9075094,0.8156286,0.5331528,-0.13818476,-1.1363112,-1.2543215
-0.5532279,1.0626968,1.5461072,2.4763107,1.7913587,0.9446713,0.23562405,0.02376632,-1.120201,-1.8066878
0.06013681,0.7486409,1.6408212,1.957087,1.6890744,0.7184065,0.6381603,-0.38702253,-1.1196971,-0.788828
-0.17824736,0.15697971,1.4303291,1.9190255,1.7088925,0.46503043,0.53466165,-0.08067686,-1.3413762,-1.023444
-0.04700198,0.7246611,1.7172922,2.3347538,2.0910864,0.5620022,0.8848687,-0.009771394,-1.0665728,-1.5212164
-1.1425859,0.19155928,1.4305327,2.0705044,1.326335,0.8810636,0.8654667,-0.10580062,-0.9857428,-1.2313619
-0.37919417,0.52778125,1.8395684,2.0118768,2.0995998,1.071475,0.34382188,-0.61963403,-1.0428699,-0.84650755
-0.09445496,-0.0065289782,1.5079471,1.8321476,1.4319353,0.69968206,0.19803804,-0.40837264,-1.2622244,-1.4698757
0.24319074,0.6728157,1.3624492,2.0759203,2.0013022,0.79935026,0.44317716,-0.19712502,-0.7548535,-0.9219419
-0.61007434,0.42873922,2.111072,1.5316556,1.3499963,0.88492936,0.28614303,-0.027730046,-0.72450453,-1.1397525
-0.65847033,0.7248035,2.1149843,2.6691089,2.4884038,1.5310129,0.9631262,0.058576632,-0.7664317,-1.2982926
0.10279172,0.63169193,2.292937,2.9463644,2.158332,1.0695947,0.29278487,-0.5205216,-1.6302847,-1.7781755
-0.2700126,0.685658,1.6341742,2.6139717,1.9273647,0.92738235,0.32826123,-0.17799976,-1.4848859,-1.5822508
-0.12833703,0.93212813,1.9157963,2.157863,1.9047401,0.57599956,0.6302561,-0.46478504,-1.6476982,-1.6912459
-0.44403425,0.18933539,1.1969836,1.6179181,1.4461385,0.6556407,0.02820243,-0.37553427,-0.892701,-1.0874084
-0.55364984,0.3864743,1.0304712,1.7393485,1.7865958,0.740134,0.40502608,-0.14693983,-1.034853,-1.1477522
-0.6051347,0.2652942,1.5329893,2.2676146,1.5592829,0.9211164,0.6612561,0.12567516,-0.6617482,-1.195087
-0.4553839,0.6337988,1.9876516,2.1073797,1.4552702,0.6983307,0.84304935,-0.086625114,-0.81068426,-1.2864305
-0.015978366,0.7475444,1.3206989,1.3696517,1.3569896,0.36445114,0.26651338,-0.35316125,-0.66950876,-0.8285994
-0.7011824,0.9062659,1.6217792,2.2059612,2.3271632,0.74493843,0.25522262,-0.3708316,-1.6049246,-1.5310527
-0.45144686,1.112203,2.0105124,2.1313128,1.4339181,1.226836,0.40835866,0.002798041,-1.1679142,-0.8914346
-0.20720473,0.29422668,1.1317291,1.6077335,1.4849652,0.52000606,0.44538194,-0.18718265,-0.50590175,-0.9923911
-0.0065895654,0.6636347,1.1078755,1.6414027,1.5442559,0.21723162,0.9110989,-0.2302086,-0.82061315,-0.81196755
-0.28437322,0.2169691,1.303483,2.1953132,1.9666911,0.8369573,0.48466563,-0.577204,-1.3258209,-0.9464074
-0.8271534,0.34234443,1.9441322,1.6306044,1.9754461,0.6450709,0.49666184,-0.1304307,-1.0538633,-0.6424537
-0.6814721,0.7598568,1.9064406,2.221181,1.8713562,1.2398896,1.107514,-0.3864536,-1.2478876,-1.2070538
-0.12404097,0.20670089,1.0438471,0.94636494,1.4135814,0.56521624,0.29066375,-0.22865076,-0.68218213,-0.89183277
-0.04050467,0.3428171,1.747795,2.1073952,1.8966887,0.75458187,0.5203325,0.20447299,-1.0209227,-1.2476268
-0.024684146,0.3428147,1.6614777,2.1901712,2.0945928,0.64629364,0.28847048,-0.10358802,-0.91706157,-1.1451398
-0.21044937,0.12281823,1.3394357,1.6909915,1.5311658,0.65586275,0.36858827,-0.14385901,-1.085269,-0.82926613
-0.07793229,0.60737276,1.3842044,1.1402591,1.5192084,0.4819466,0.4955917,0.057636477,-0.68773323,-0.902497
-0.3021212,0.06928961,1.6657765,1.3959463,1.3926042,0.33614066,0.33783308,-0.10331595,-0.8995127,-1.0735229
-0.32200035,0.49590275,1.9033473,2.257381,1.9644586,0.87466305,0.86195177,-0.20333788,-0.9209027,-1.3808426
-0.7308986,0.93244815,1.9360662,1.7143321,1.6403017,0.91634166,0.435406,-0.37462938,-1.6914518,-1.3741935
-0.8789279,0.6379661,2.3313437,2.611906,1.9242406,1.2348615,0.52328676,-0.7350813,-1.4227103,-1.4885956
-0.7783688,1.5105289,2.9958656,3.1039073,2.8026097,1.7096,1.1414909,-0.71870446,-2.2301314,-2.1004972
-0.25709683,1.232191,2.5778825,3.435507,2.5132358,1.4773858,0.42424253,-0.5984982,-1.6273218,-2.3340943
-0.43068743,0.67315906,1.1663897,1.8378819,1.2830461,0.22676186,0.57584476,-0.34271073,-1.2603939,-1.2725818
-0.73467875,0.79864913,1.6061487,1.8633323,1.667619,0.3467482,-0.22732626,-0.09684761,-0.89460164,-1.1710585
-0.39097366,0.41249782,1.0082984,1.496599,1.4939319,0.52698714,0.5032053,-0.41994092,-0.91173625,-0.34986898
-0.5632781,0.51904,1.0671003,1.5586635,0.92796373,0.2904539,0.3175698,-0.2272136,-0.97402966,-1.1934141
-0.9299401,0.36195815,1.9820722,2.2149608,1.9348252,0.7909893,0.8317871,-0.08475533,-1.25563,-1.408325
0.11508294,0.5248024,1.3515384,1.608938,1.3075856,0.33001128,0.34304544,0.08650438,-0.8400489,-0.9346827
0.11002789,0.60669184,1.2905382,1.6160223,1.4505074,0.9112648,0.81103265,-0.100516394,-0.802725,-1.2462231
-0.8062219,0.3873093,1.4437327,1.5128431,1.8755178,0.7930592,0.7930161,-0.469523,-1.1189673,-1.2081046
0.08599616,0.8320451,2.0071409,2.018046,2.0171838,0.95508933,0.62302047,0.23964958,-1.2003697,-1.1770456
-0.49268904,0.66628927,1.3800448,1.4173083,1.0300255,0.26599318,0.6167514,0.30359408,-0.80527407,-1.5574894
-0.20457289,0.7537626,1.6849529,1.8359536,1.6082431,0.6408245,0.5208422,0.1623953,-1.0863514,-0.7740735
-0.704058,0.49758372,1.7494433,1.8226799,1.4965138,0.7061454,0.5079516,-0.4032372,-1.0798423,-0.48114905
-0.24762914,0.35520184,1.1568127,1.1243049,1.2508447,0.92074007,0.48816997,-0.10032012,-0.6601504,-0.8635146
-0.15278953,0.22554249,1.2876308,1.3969489,1.3104607,0.70048356,0.38332063,-0.3265824,-0.8213226,-1.4167577
-0.29592174,0.40891218,1.2587137,1.6526871,1.9336754,1.012039,0.43442807,-0.48753077,-0.5131436,-0.4974347
-0.29590032,0.39425558,1.5540061,2.043887,1.4244351,0.5524174,0.6836009,-0.020536149,-1.1058173,-1.3859096
-0.006004637,0.78536195,1.796461,2.1844823,1.9990307,0.28152475,0.023893066,-0.44640854,-1.1341851,-1.1792036
-0.16585189,1.0602473,1.7683319,2.0880415,1.779546,0.571701,0.6355227,-0.14198962,-0.9926876,-0.94791895
-0.11014078,0.56503665,1.5533257,1.8726951,1.1119951,0.40545183,0.41644508,0.103755906,-1.0515442,-1.5984567
-0.50041646,0.52986956,1.4780784,2.0400996,1.8350909,0.9337946,0.4802915,-0.54471564,-1.2928787,-1.4580112
-0.7203284,0.73428094,2.1763058,2.862842,1.7628876,1.1728613,0.7726485,-0.29039332,-1.338246,-1.4203403
0.023146192,1.0649065,2.240427,2.3713474,2.1633153,0.9829122,0.373811,0.08690982,-1.2464733,-1.2696701
-0.50878906,1.0971471,2.4226358,3.0991533,2.4884305,1.1078936,0.62843776,-0.6150875,-1.7264783,-1.7380389
-0.6415686,0.45564398,1.3450731,1.696428,1.3236357,0.68085945,0.6759591,-0.27699202,-0.91943043,-0.9008488
-0.4278038,1.091217,2.8469052,3.5941062,2.7867563,1.5802882,1.2126836,-0.2977665,-1.4696147,-1.9382207
-0.104637176,0.48060393,1.016168,2.2308743,2.4087963,1.9012223,1.3752905,0.43627104,-0.8592609,-1.259747
-0.3716756,0.5080157,1.7063864,2.219584,1.5955422,0.54439634,0.31948024,-0.07985378,-1.1603632,-0.6773048
-0.14646289,0.5225396,1.6574606,2.0628765,1.8806384,0.66840124,0.29689398,-0.003462424,-0.766451,-1.0648195
-0.68335104,0.35164732,1.6952316,2.4022477,2.3672633,1.1304855,0.5731083,-0.23054217,-1.3890129,-1.9244045
-0.19036171,0.32178473,1.7950287,1.1337847,1.6101462,0.8385986,0.16803575,-0.25385237,-0.683684,-0.8882177
0.089121275,0.6375816,1.6874039,1.8841344,1.4933635,0.46183085,0.80122584,-0.15040009,-0.65534407,-1.3221538
-0.062768705,0.37283733,1.4227352,1.5303024,1.335113,0.7021425,0.72866887,0.044659197,-0.802181,-0.8975805
-0.42351004,1.085051,1.8303006,1.4965078,2.023337,0.8353877,0.09946014,-0.31823516,-0.77870214,-0.5640771
-0.24962538,0.64218974,1.8803049,2.2413628,1.5175159,0.9899912,0.43900523,-0.11951159,-0.5583818,-1.1175424
-0.33550802,0.9055556,1.5516366,1.8982484,1.8792002,0.65210354,0.014399834,-0.60338384,-1.3779057,-0.9876921
-0.52446955,0.7251727,1.5541586,2.560951,2.2846305,0.8382845,0.61141104,-0.013893418,-0.82335865,-1.1155802
-0.8877014,0.6007673,1.456123,1.8338035,1.3339257,0.5969953,0.6685563,-0.3070155,-0.9259741,-0.8286846
0.0746198,0.97877437,1.8307962,1.7162659,1.699021,0.7739375,0.764937,-0.01905033,-1.0462817,-0.93697965
-0.0119541865,0.6254226,1.7408841,2.3764384,2.5341105,0.1773435,-0.3882463,-0.9745851,-1.5943537,-1.640562
-0.12415709,1.1906086,2.1536825,2.7421737,2.4101548,0.9320956,0.06825117,-0.49660218,-1.4874432,-1.8701915
0.16568223,0.04258916,1.7144305,2.77066,2.7960792,0.93691206,0.7789646,0.26733756,-1.1978811,-1.3865417
-0.66531396,0.6855913,1.7810149,2.085665,1.7953959,0.65120566,0.49001098,-0.3558456,-1.3833307,-1.4336361
-0.121808715,0.35580704,1.4745946,1.6279902,1.7161291,0.895583,0.3087754,-0.4438701,-0.9566265,-0.75295216
-0.62237674,1.0762446,1.6515303,1.9494796,2.3023398,1.3110828,0.8648634,-0.044453725,-1.1079452,-1.3336493
-0.24247026,0.65042734,1.4114286,1.9687508,1.8817494,0.791557,0.5260796,0.13310304,-1.3032444,-0.89726406
-1.1634722,0.90432894,2.7714405,3.0005558,2.7941933,1.3054172,1.3195331,0.3955322,-1.8239728,-2.7091243
-0.9707428,0.12789501,1.975642,2.3079934,2.5287127,2.0234077,1.0499272,-0.2869253,-1.5705278,-1.772507
-1.0932727,1.1592549,2.168341,2.5747402,2.0752544,1.00698,0.52532125,-0.46749163,-1.2004263,-1.0014086
-0.4124592,0.3425536,1.1172721,1.3610542,1.3688948,0.79949874,0.51717156,-0.0059378757,-1.2128519,-0.8911449
-0.46642408,0.47459242,1.494288,1.4724503,1.4531842,0.54203564,0.183332,-0.24545544,-0.9739002,-1.1234939
-0.40973353,0.78001577,1.8332163,2.5548232,2.7799814,1.0492437,0.5200741,0.083406575,-1.348884,-1.2524676
-0.52930754,0.6675243,1.8220173,1.7568803,1.6013905,0.7352496,0.40169105,0.040830955,-1.0346751,-0.94487774
-0.35321572,0.917963,2.1811552,2.3845985,2.2267604,1.1136379,0.99595964,-0.1917148,-0.87048095,-1.0088646
-0.25996557,0.47979125,1.5102783,2.1568093,1.7477318,1.0703495,0.6842459,-0.257018,-1.1396365,-1.4196074
-0.26300016,0.7047541,1.5923878,2.0229943,1.635197,0.9793043,0.8831457,-0.2706064,-1.2921383,-0.7819203
-0.22866222,0.5700849,1.6060138,1.8597105,2.0236473,1.0271899,0.56574416,0.076285526,-1.2208388,-0.76558447
0.5018913,1.0815814,2.346498,2.835067,2.5288112,1.6650201,0.22332644,-0.22389005,-1.2524598,-1.407427
-0.2739971,0.40945902,1.8798977,2.6520627,2.9503481,1.1070664,0.46468997,-0.20486563,-1.3619804,-2.0377796
-0.73597455,0.75815886,1.3982744,2.2524421,1.6763436,1.068455,0.4297312,-0.5135073,-1.0743842,-1.308348
-0.874684,0.99338746,2.256145,2.317706,2.410165,1.3451685,0.72791195,-0.39929166,-1.7483367,-1.2579101
-0.7726703,0.6532853,1.695768,2.1495764,2.1142282,1.1135707,0.31311196,-0.6021434,-1.3538214,-1.6911237
-0.022278197,0.31031895,1.3404021,1.2525178,1.3277056,0.16324222,0.3674709,-0.25376728,-0.5053448,-0.9475596
-0.23846033,0.049068496,1.2630507,1.9173752,1.566309,0.953006,0.9834745,-0.117463484,-1.3802627,-1.2375383
-0.44777808,0.4667284,1.8109008,1.9613253,1.7361407,1.0767523,0.7058135,-0.75146216,-0.9579198,-0.9964682
-0.23216471,0.14459577,2.7172172,3.7605038,3.6365979,1.7319291,0.61683166,-0.06833628,-1.7029054,-1.231945
-0.6410231,1.3711873,2.9440954,3.6050115,2.4531207,1.7865307,1.1931958,-0.21298878,-1.5714763,-0.9206168
-0.18131438,0.51082796,2.0649137,2.82546,2.3383088,1.4182693,0.57533914,-0.046961863,-1.433503,-1.6055653
-0.3188156,0.3493144,1.4333845,2.0127609,1.7045265,0.6773487,0.7166371,-0.29560685,-0.90239775,-1.0428473
-0.0255736,0.2748808,1.2011925,1.3999113,1.4778174,0.6619664,0.2620895,-0.62574315,-1.262899,-1.271952
-0.6896678,1.1699053,1.9993097,1.9319346,1.6379473,0.5961459,0.1488261,-0.22567657,-1.2993758,-1.1218927
-0.4280734,0.43107256,1.5559331,2.109972,1.2591094,0.8192141,0.99591863,-0.2506597,-1.0985606,-0.8643351
-0.42108557,1.0182837,1.4843951,1.5882702,1.3022196,0.8544572,0.25833622,0.060003847,-0.90182155,-1.3729268
0.09379209,0.62141603,1.3897874,1.5346215,1.8597257,0.89434165,0.579836,0.014021285,-0.6936295,-1.1276327
-0.830339,0.29735032,1.6919506,1.5247188,1.4760808,0.96491516,1.1539353,-0.22331922,-1.3520759,-0.68324816
-0.46199355,0.23440205,1.2747294,1.9820698,1.7750553,0.9414701,0.8967882,-0.3638959,-1.1195651,-1.144485
-0.013324749,0.2573873,1.5450777,2.3690767,2.0090249,0.9701315,0.8254256,0.048703253,-1.287357,-1.2617357
-0.13372755,0.94320226,2.48009,2.3428829,2.4496047,1.1481755,1.1300235,0.067616776,-1.1589214,-1.3887837
-0.490823,0.861476,2.0737271,2.5999982,2.2560105,1.0691698,0.559408,-0.45946223,-1.0775201,-1.1256055
-0.13667381,0.45539543,1.9413054,1.7767711,1.9681231,1.1304554,0.8068464,-0.24048668,-1.2157605,-1.5350039
-0.48693523,0.35739306,1.316324,2.4922066,1.6547083,1.0313413,0.27926108,-0.0040914197,-1.1091661,-1.3736564
-0.1594212,0.7083261,1.5194913,1.6641538,2.1257424,0.9369815,0.87090874,0.18711112,-1.023575,-0.57796645
-0.50416636,0.6047257,1.5554808,1.8167868,2.4160774,0.77335304,0.33634576,-0.51699305,-1.2007402,-1.4758039
-0.5601343,0.5728509,1.6297328,2.1321695,1.9113151,0.54878014,0.5387434,0.024425527,-0.720663,-1.0072058
-0.16768378,0.49856552,1.2852136,1.939549,1.6327606,0.36714822,0.6123295,-0.48383108,-0.7631977,-0.8365708
-0.08759052,0.45834175,1.255198,1.9017915,1.5742357,0.9358024,0.91440105,-0.31694016,-1.3190495,-1.5326952
-1.0070553,0.65257484,1.8320051,2.6170292,2.2531962,1.885941,1.0746516,-0.50535256,-1.3634546,-1.321764
-0.08132572,0.31305787,1.5983377,1.649406,1.0345273,0.90847176,1.4017749,0.23041439,-1.1579545,-1.004635
-0.75451213,0.22658122,1.1741029,1.6326436,1.9760355,0.6857504,0.3754199,0.28132588,-0.8259551,-1.0663968
-0.19988978,0.78539175,1.7688884,2.1610274,1.659661,0.6770548,0.3560539,-0.1895685,-1.2342668,-1.1781182
0.00015949458,1.0103433,2.0678916,2.3679988,1.9828497,0.4860381,0.8973496,0.5102416,-0.89703035,-1.2023424
-0.4514697,0.28531602,1.2283176,2.2009196,1.1249694,0.5529441,0.31248713,-0.4777927,-1.0607063,-0.90092295
0.14134765,0.28338093,1.4427674,1.9165785,1.5887703,0.6793334,0.4833902,-0.25880373,-1.2336143,-0.95369434
-0.27960208,0.58761144,1.2771031,1.6695923,1.2862622,0.4965645,-0.07153189,-0.2879243,-1.319788,-1.0011268
-0.10935154,0.5814378,2.671456,2.6204,1.8987461,0.5202972,0.8374211,0.2988767,-1.1125169,-1.2081724
-0.20328286,0.6188515,1.6041685,2.1854324,1.704973,0.7654928,0.6328644,0.38372552,-0.84773755,-1.286739
0.06259247,1.0131905,1.7233869,2.7055433,2.1416402,1.0001034,1.0292243,-0.041596968,-1.0093054,-1.4074937
-0.7039035,0.35291526,1.743784,2.2162552,1.6240728,0.95761275,0.28826275,-0.113552965,-1.0384808,-1.3456247
-0.64442223,0.33674416,2.5982075,2.893396,2.4386737,1.1243219,0.33195767,-0.35392112,-1.3618646,-2.325622
-0.28805003,0.45518205,1.5531375,1.842351,2.1019948,0.4227169,0.54041624,-0.43495482,-0.9422415,-1.2064508
-0.42056718,0.27443823,2.214428,2.5883262,2.131996,1.3706833,0.7295123,0.16038504,-0.9468924,-1.1487658
-0.123384364,0.8772744,1.4924934,1.0788989,0.89181525,1.0900509,0.80124474,-0.14381486,-0.77655077,-0.5925731
-0.5113598,0.69798726,1.3092536,1.3118058,1.7621384,0.5816871,0.27256233,-0.45315275,-0.43394986,-0.76517165
-0.885666,0.95195013,1.8028985,2.1805644,2.001517,0.52858245,0.19039585,-0.41814482,-0.96467257,-1.3665487
-0.6612042,1.4414297,2.2577405,2.59885,2.2628129,0.8663021,0.7429,-0.037157446,-0.9927007,-1.2559198
-0.068840615,0.15131225,1.735316,2.166203,1.862399,1.037422,0.9016542,-0.19470218,-1.2944266,-1.4931445
-0.35615095,0.8084933,2.12046,2.2420826,2.0187016,0.7017626,0.19170812,-0.22012804,-1.2248673,-1.5816547
-0.08552704,0.26904833,1.6160269,1.9621449,1.9669985,0.77981234,0.67333174,-0.048132017,-0.8411771,-1.1315525
-0.5666374,0.7283474,2.5546234,2.6438982,2.3450086,1.2692648,0.60842323,-0.41692057,-1.4817386,-1.9634525
-0.22107255,0.44618905,1.4793974,1.4803711,1.6171699,0.7206215,0.7444813,-0.29601902,-0.83101404,-1.0037442
-0.9474509,0.95914555,2.5730195,2.082072,1.7961177,1.1270436,0.0966218,-0.4779484,-1.011371,-1.2715409
-0.05468922,0.8889715,2.0241292,2.1696084,1.292164,0.3730192,0.537806,-0.44750512,-1.27019,-0.85390806
-0.24492142,1.2185087,1.7583284,2.3352668,2.3783603,0.9949647,0.47048467,0.023950085,-1.0303956,-0.95937836
0.17334491,0.32943687,1.2074898,1.4200982,1.7246121,0.81892693,0.7361685,0.71213126,-0.27047944,-0.60167617
-0.29933137,0.14566337,0.8793518,1.6261284,1.431112,0.82692087,0.30492526,0.027970519,-0.58107376,-1.1854066
-0.7938398,1.1791157,2.073305,2.3598266,1.7468252,0.9294378,-0.030263511,-0.75922304,-1.1499473,-1.43235
0.026925944,0.4235528,1.477475,1.6295234,1.6970966,0.7743223,0.55439985,-0.3775414,-0.9244134,-0.75189716
0.024128018,1.3703814,1.4244063,1.7621313,1.8493164,0.83789134,0.5975425,0.21279933,-1.4802407,-0.9172211
-0.20473391,0.5633169,1.4430537,1.8121036,1.4275192,0.8520458,0.43192336,-0.30860987,-1.2088879,-1.3707232
-0.2222065,0.38200414,1.323454,1.4913843,1.5348203,0.36243933,0.6044971,-0.28585377,-0.31730637,-0.70379215
-0.28424022,0.8726,1.4796515,1.7858486,1.9392779,0.056360092,-0.015292114,-0.11933829,-0.99205756,-1.6572613
-0.25687432,0.5582887,1.2997624,1.6532735,1.4958372,0.18169504,0.30616495,-0.21634631,-0.7983365,-1.0896004
-0.528679,0.29729024,1.3628105,1.6429387,2.0260682,0.5046799,0.08295511,-0.36728546,-1.183891,-0.94004714
-0.22472194,0.64570343,1.9562474,2.5908623,2.1183152,1.0625886,0.75627166,-0.38390613,-1.6501987,-1.7496412
-0.6211231,0.6065306,1.7991745,2.550066,2.6272836,1.537497,0.84793586,-0.35043937,-1.6929011,-1.8566004
-0.14538577,0.2648776,1.1480744,1.5959804,1.8868929,0.31554097,-0.10958649,0.16444135,-0.45844555,-1.1109502
0.024496358,0.3779027,1.3282562,1.163364,1.0890082,0.2549847,0.55889666,0.08901213,-0.626531,-0.7617667
-0.6253163,0.3923233,1.4212056,1.1022427,1.3706762,0.45678502,0.2645386,-0.2365808,-1.1751779,-1.5214767
-0.63551897,0.47930568,1.5210186,1.8409528,1.8054827,0.70464927,0.42616543,0.05621804,-0.9057714,-0.82786393
-0.7697642,0.5670822,1.7679846,2.0844417,1.9253321,1.0343269,0.19504528,0.04849757,-0.9537735,-1.4910433
-0.70500785,0.5601559,1.6599438,2.1132886,2.0888207,1.2850984,0.8344555,0.6567852,-0.6504756,-1.3142691
-0.4948075,-0.30684796,1.1094958,1.6532305,1.9916576,1.0167398,-0.009552777,-0.6916063,-0.92487997,-0.6871753
-0.74535614,0.3867101,2.5112872,2.5912404,2.5849736,1.5254006,0.55188334,-7.488299e-06,-1.1403977,-1.3205858
-0.54324263,0.18198769,1.3933164,1.9938105,1.9355729,0.5499276,0.14084582,0.090887345,-0.55832195,-1.503839
-1.1278203,0.13850649,1.6156466,2.6640882,1.9545146,1.4506161,1.3530086,0.005691785,-1.7761871,-2.2176297
-0.2510539,0.48147818,1.1746389,1.689403,1.3319801,0.57099825,0.6497793,-0.36917517,-1.0305043,-1.0266081
-0.63725865,0.68124855,1.5632675,2.0808291,1.8839264,0.5947405,0.52184796,-0.2790041,-1.2192353,-0.96128726
-0.24402183,0.3389388,1.1447115,1.8589574,1.7498357,0.52321786,0.4915064,-0.33414447,-1.0619117,-0.87352306
-0.6945714,0.13495092,1.932373,1.9027766,1.8110132,0.754055,0.22243977,-0.18019332,-1.05984,-1.3420781
-0.055255778,0.37131372,1.4776069,1.647126,1.6085052,0.57498056,0.32239196,-0.4829748,-0.63945323,-0.8505858
-0.7258098,0.8957626,2.151325,2.15969,1.5145514,0.72305596,0.5632253,-0.5469871,-1.4275112,-0.8186967
-0.080880046,0.7308501,1.4652838,2.1010468,1.8937865,0.9793496,0.7373585,-0.3338376,-1.1543533,-1.0777597
-0.28285563,1.0240769,1.9040912,2.8865838,2.6015837,1.3608283,0.8618794,0.22843029,-1.0798898,-1.2877641
-0.7558772,0.5885623,2.4831114,2.8637009,2.19036,1.011221,0.52064013,-0.19012795,-0.69219774,-0.8342436
0.1793116,0.40116623,1.7366078,1.8204156,1.7315964,0.5496532,0.07609994,-0.29492497,-1.0363536,-1.0351095
-0.34731552,0.75706524,2.0724304,2.308896,1.6335958,0.19703422,0.5971433,-0.06261792,-1.4603245,-1.3112267
-0.50845224,0.28970745,1.726869,1.6838179,1.3261752,0.43264875,0.60935175,-0.57206887,-1.3130801,-1.2110649
-0.08573302,0.8813888,1.1624943,1.600296,1.497233,0.36799318,0.28151494,0.12835866,-0.79233843,-1.1225456
-0.060128577,0.44976866,1.2050421,1.8586246,1.7485275,0.80877936,0.64253443,0.1055077,-1.028347,-1.1075888
-0.33219478,0.6300944,1.2857375,1.6040243,1.6496031,0.35804856,0.65237725,-0.4358076,-0.80662346,-0.89975137
-0.04844524,0.4565832,1.7326745,1.8513899,2.0274477,0.971612,0.396442,0.1085023,-0.88737226,-1.0348079
-0.49797693,0.25514758,1.4433023,1.065362,1.3925383,0.55130446,-0.019094137,-0.58059967,-1.128235,-0.87081885
-0.14048144,0.5747134,1.7390426,2.3184676,1.9856869,1.0250597,0.64607114,0.35609856,-0.9971392,-1.2698933
-0.309478,0.5047658,1.7026322,1.7984961,1.4863753,0.39952934,0.12056458,-0.26279104,-0.81156886,-1.1008254
-0.54876983,0.44936675,1.6254863,1.7014033,2.0257082,0.9405235,0.61479026,-2.8129201e-05,-1.0859704,-1.224022
-0.38810027,0.6146902,1.7413408,2.1610923,1.8566651,0.72733873,0.30395654,-0.26332664,-0.87949544,-1.3807607
-0.520726,0.46018815,1.0253147,1.5424536,1.2589328,0.87866807,0.5342203,-0.11139985,-0.82916576,-0.93875027
-0.64001393,9.786198e-05,1.8336588,2.398228,2.520139,1.1748003,1.0528822,-0.3047452,-1.6377451,-1.3171009
-0.06577011,0.22306006,1.509921,2.0950117,1.7976686,1.279454,0.48312062,0.032053832,-1.0049233,-1.309074
-1.0100135,0.5521462,1.6339389,2.0084393,1.693084,0.4481184,0.33820352,-0.3013142,-1.2305156,-1.911063
0.1612052,0.7188862,1.6950191,1.8370113,1.5799341,0.95746744,0.53377205,-0.2513391,-1.1030887,-1.0430832
-0.5794984,0.326684,2.0342162,2.1969876,2.190595,0.98893654,0.15806589,-0.135872,-1.026527,-1.8703681
0.34459764,0.6577184,1.8098694,2.4185205,2.0109138,1.0429548,1.0067469,-0.43727764,-1.0390671,-0.70598865
-0.13070449,0.5887779,1.6778721,1.9745125,2.0657082,1.2276894,0.67449397,-0.22675169,-1.14778,-1.2726284
-0.38552123,0.42327556,1.3815691,1.4414368,1.3457907,0.45827883,0.41435647,0.007892964,-0.67583483,-0.49501297
-0.3701371,0.7337712,1.5330583,2.0567288,2.1857843,0.7431063,-0.002382569,-0.26644427,-0.91940075,-1.2185525
-1.0690737,0.44031566,1.5168525,2.4454157,2.1914396,1.0087568,0.5366953,0.1068558,-1.2587777,-1.5436398
-0.1731376,0.49634358,1.5512618,2.4277794,1.8549881,0.88917273,0.8555965,-0.43042704,-0.8941005,-1.6946949
0.0036834246,0.44985542,1.1849027,1.3602794,1.1142503,0.39103115,0.44825852,-0.24098082,-1.2104032,-0.8509356
-0.3139181,0.23186585,1.1175158,1.7166572,1.48442,0.72780997,0.8760422,0.079184316,-1.0812759,-1.207335
-0.24522153,0.65053153,1.3867552,1.3833294,1.11989,0.16843043,0.24363443,-0.32219476,-0.7878402,-1.1783183
0.1784608,0.32796523,1.2351805,1.6226676,1.8235141,0.3357413,0.3207093,-0.21682294,-0.9249277,-0.8839641
-0.14254236,0.5387765,1.8146368,2.1048708,2.1021283,1.001293,0.20355242,-0.35737845,-1.6569341,-1.2511324
-0.2675233,0.7117083,2.118326,2.1050987,2.0562193,1.20805,1.1386108,-0.31364748,-1.0329256,-1.0273519
-0.48179382,0.2503464,1.1942937,2.2488878,1.8468267,1.1735514,0.7963307,-0.11652809,-1.0675105,-1.5073551
-0.30885935,0.22348103,1.2723604,1.7572294,1.6114726,0.42255837,-0.037349988,-0.11196234,-0.7639529,-1.1521866
-0.35221657,0.43397176,0.59002376,1.4586657,1.5704787,0.49463028,0.19424386,-0.089756854,-0.8120001,-0.9380332
-0.598716,0.8357463,1.7073096,2.1207056,1.4746128,0.43478024,-0.28025287,-0.4635883,-1.0582823,-1.2760671
-0.1225699,0.35553533,1.6822724,1.7147831,1.2803525,0.75789577,0.18590641,-0.31425932,-1.4005425,-1.241112
-0.17612651,0.37766287,1.8200048,2.1237683,2.0011156,1.029063,0.38119048,-0.26549903,-1.078326,-1.062034
-0.35681874,0.36933863,1.7999498,1.973677,1.6792017,0.5953094,0.20338142,-0.6458321,-0.9882808,-1.2042571
-0.2180812,0.32095844,1.9909838,1.8980467,1.9628712,1.1815003,0.9295043,0.0879879,-1.2634028,-0.9958068
0.222368,1.3375893,2.5523062,3.0152256,2.3797965,0.91246784,0.41681528,-0.3491794,-1.6333874,-1.452941
0.16583574,1.0526162,2.6408522,3.2982793,2.8159084,1.0435874,0.6166798,-0.7454681,-2.0066984,-1.5372475
0.12494725,0.849641,2.0572293,2.5235965,2.2807033,0.782337,0.44896266,-0.976237,-1.6185274,-1.0823765
-0.28377444,0.4941211,1.84764,2.3406613,2.2127821,1.148242,0.5527594,-0.24458453,-0.723943,-1.3210635
-0.3575356,0.35633096,1.651278,2.4111547,1.8348402,0.6062383,0.7406511,0.17071459,-0.9306912,-1.6244216
-0.2408323,0.6672334,1.6267191,2.2275078,1.6875093,0.6193701,0.40598217,-0.3920519,-1.3420459,-1.08902
0.21573418,0.7578547,1.9384997,1.6372284,2.1696215,0.9452013,0.5591214,0.058601957,-0.9718555,-1.1923101
-0.37615642,0.4416083,1.3795736,1.535592,1.3788105,0.53095686,0.5752669,-0.5286014,-0.9360596,-1.3367012
-0.04679124,1.0112983,1.6899927,1.9727167,1.3011355,0.39634502,0.3690751,-0.20845167,-1.0729322,-0.8401385
0.09075926,0.20055208,1.0137993,1.3083534,1.5304819,0.3992199,0.47459954,0.068463884,-0.72903967,-1.1950977
-0.24279493,0.5427077,0.8452116,1.7225926,1.7528397,1.0665869,0.3718792,0.16946018,-0.84956264,-0.65501535
-0.04813508,0.64104986,1.3148632,1.7270386,1.2461745,0.41080394,0.49215573,0.25326088,-0.99249256,-0.7226696
0.068274245,0.31415427,1.7780124,2.0684934,1.9950536,1.1397437,0.4538226,0.14643832,-1.0889437,-0.8819442
-0.16869986,0.6077974,1.8239189,1.4850876,1.6209502,1.0678662,0.5501843,0.048443273,-0.9371294,-1.1866556
-0.509774,0.346475,1.497556,2.2248955,1.6567966,0.5943411,0.19627093,-0.048261106,-1.2591184,-0.5212416
0.34297633,0.41850328,1.4355543,1.3982202,1.2255453,0.16386141,0.2735816,-0.36781508,-1.1864848,-0.9709613
0.008273161,0.512695,1.0555785,1.4845872,1.2863691,0.67909604,0.33636662,-0.26905343,-0.89223814,-1.0022931
0.27819005,0.31131744,1.2174098,1.5458394,1.65636,0.77095485,0.66206497,0.34663126,-0.75934166,-0.80553335
-0.17249808,0.37792274,1.2357459,1.7023392,1.9195843,0.5050087,0.34837335,-0.085478865,-0.7924492,-1.2326088
0.007504288,1.0068648,2.075826,2.2228234,1.9071769,1.1374836,1.1898204,0.20639615,-1.0534434,-0.8898003
-0.33253253,0.835314,1.5471393,1.8304231,1.1777322,0.76771337,0.73555046,-0.41765887,-1.0706993,-0.9112274
0.18212149,0.5830243,1.6727495,1.7988179,1.6883548,0.6968208,1.2175807,0.4592598,-0.80130583,-1.1853188
-0.22819352,-0.44437164,1.898447,1.9973403,1.4122357,0.21537466,0.26207098,-0.15698503,-0.8376034,-0.9106996
0.12406155,0.60734093,2.109492,1.9589465,1.455515,0.7551347,0.4058912,-0.2831856,-1.3971362,-1.0805267
0.069757,0.74199176,1.1998521,1.3969183,1.5541574,0.7177456,0.5490435,-0.2511967,-0.40545005,-0.51783967
-0.5301185,0.33449143,1.6699932,1.9854034,1.7930635,0.8452644,0.80148464,-0.34869733,-0.93825275,-1.4447345
-0.2083402,0.8120914,1.6269802,1.2578044,1.5338801,0.4146164,0.23772249,-0.18549654,-0.90002453,-1.1591336
0.48366088,0.76305485,2.4247687,2.570939,2.235737,1.2705054,0.61892724,-0.3189894,-1.3676662,-1.7027456
-0.5381554,1.0206513,1.7202823,1.6350224,1.4884168,0.4125207,0.19843584,-0.280479,-1.0294688,-0.5668731
-0.114529945,0.692328,1.546174,1.7815231,1.3926041,0.56130576,0.29448777,-0.07582911,-0.9282941,-1.1284059
-0.45615685,0.80692536,2.0461028,1.9712495,1.6207886,0.40886799,0.2780856,-0.01559962,-0.76194644,-0.97000724
-0.39608702,0.4696433,1.1137462,1.4489166,1.1413887,0.3858706,0.33854643,0.07683767,-0.38042268,-0.98931307
-0.51570654,0.41510123,1.5030097,2.3126998,1.6029526,0.84165376,1.201837,0.061707836,-1.105431,-1.4053292
-0.07211385,0.1896402,1.196464,1.8844624,1.5281147,1.1386031,0.5827048,-0.06639739,-0.9667365,-1.1212711
-0.30652028,0.09570268,1.2303764,1.9565505,1.7407876,0.7010265,0.95148253,0.32117376,-0.9945966,-0.9869458
-0.14445683,0.13487262,1.3385259,1.3929567,1.2226266,0.55269927,0.29123503,-0.34748363,-0.9362863,-0.94449556
-0.37782,0.6418308,2.0268812,2.5564485,2.2115483,0.8348497,0.20697762,-0.51631624,-1.1682204,-1.2174503
0.45316616,0.4526799,1.5937253,2.0803547,1.1670704,0.72403246,0.0015571751,-0.108523294,-0.9639758,-0.6012741
-0.5622517,0.21672215,1.6095418,2.3979049,2.2620447,1.0574768,0.36101043,-0.15527275,-1.2372195,-1.2711147
-0.1674406,0.8433524,1.845245,2.041276,1.7872651,0.869329,1.0877215,0.094135016,-0.7343999,-0.67004883
-0.696773,0.88195395,2.1557171,2.4044924,1.8934393,0.6185733,0.39753032,0.19154887,-0.81888306,-1.1692483
-0.1928519,0.4587207,1.4760847,2.377808,1.6564139,0.99338853,0.8662959,-0.32325068,-1.3894012,-1.1570659
-0.24088898,0.75817853,1.4787009,2.0052028,1.6036869,0.8852641,0.21599525,-0.18822448,-1.2040638,-0.8728467
-0.13857535,0.8721468,1.970571,1.6937766,1.8288004,1.0209696,0.25277677,-0.41528702,-1.1638391,-1.0077839
-0.33557558,0.89150685,1.5629674,1.7052898,2.1659458,0.86828136,0.4602378,0.36529455,-0.7388969,-1.3892488
-0.19087401,1.6853843,4.067985,4.4936557,3.448652,1.8215909,0.6236307,-1.0268459,-2.2005708,-1.6556195
-0.40736246,0.78571427,1.8767157,2.8895447,2.4690566,1.7207562,1.0526527,-0.44976985,-1.7306285,-1.5293225
-0.27486378,1.4482032,2.095308,2.6809149,2.5922556,0.7586935,0.40273258,-0.4309193,-1.7028981,-1.4456756
-0.7826341,-0.020381985,1.4100294,1.8150845,1.3186204,0.170961,0.41192743,-0.52245694,-1.157011,-1.0931188
-0.14209333,0.5896288,1.6174856,2.0785003,1.7809302,0.32104963,0.1624151,-0.12745796,-1.3715327,-1.7610561
-0.28311738,0.6373523,2.0551794,3.0542653,2.2620895,1.4730413,1.0467701,0.28099892,-1.051895,-1.2390459
-0.35312587,0.4719839,1.6970884,1.9923652,1.7461842,0.43761972,0.36871585,-0.33342123,-1.254115,-1.2261438
-0.16100496,0.51777345,1.5792747,1.6579267,1.4890183,0.60953957,0.13886708,-0.34883246,-0.92027426,-1.1546316
-0.37598616,0.19353263,1.231942,1.6321864,1.5364155,0.9394908,0.22487298,-0.14518219,-0.9003349,-1.0877402
0.42397255,0.62670064,0.9906256,1.8707584,1.9416761,0.62361276,0.55132526,-0.1450812,-0.92176855,-0.6511405
-0.067320645,0.4846223,1.2983068,2.1897085,2.0602942,0.94781137,0.741015,-0.45803076,-0.83412874,-0.82074535
-0.4345057,0.584347,1.8895448,2.6423423,2.3496513,1.1536818,-0.126115,-0.37187147,-1.2739547,-1.9190733
-0.7385044,0.6624647,1.9646826,2.1392515,1.8073771,0.5515993,0.33665654,0.0175661,-1.0886223,-1.3825177
-0.6092343,0.7614895,1.6344479,1.893444,1.6017197,0.54699296,0.4107759,-0.19815654,-1.2445022,-1.3836241
-0.8664589,0.5810623,1.3504926,1.8414584,1.653235,0.7991284,0.3891701,-0.36951214,-1.1471602,-1.2936391
-0.14685374,0.56432736,1.586227,1.9741608,2.062242,0.8150399,0.41413164,0.25634766,-0.8829014,-0.9836929
-0.57242554,0.9483062,1.627722,1.6359307,1.7906775,0.44777822,0.18370323,-0.3207533,-0.70407367,-0.9883874
-0.7753224,0.67157775,1.3257984,2.2053652,2.0582752,0.56537163,0.4988472,-0.9160571,-1.4550217,-1.3529284
-0.12855679,0.63549477,1.6655487,2.5637565,1.9447632,1.2689952,0.46210986,-0.6404697,-1.4185086,-1.3269736
-0.46323746,0.5858725,1.5298052,2.0254526,1.8748584,1.341566,0.37659243,0.08489581,-1.2669553,-1.395917
-0.5817072,0.6279898,1.5788945,2.0977225,0.96710885,0.6999543,0.29995987,-0.3331903,-1.0709589,-1.0539334
-0.11086849,0.64484376,2.1180997,2.293162,1.9350663,1.0822659,0.98935664,-0.25400087,-1.0426967,-0.94014853
0.31574577,0.49256498,2.5166004,3.8135397,3.5397184,1.9002532,0.84575826,-0.5501103,-1.833575,-2.4555016
-1.0733722,1.0307052,1.9966303,2.7186525,2.7945442,1.5311557,0.8343238,-0.7244391,-1.7464519,-1.0878017
-0.6961075,0.4437687,1.4990414,2.4341528,1.8917681,0.957641,0.36645868,-0.381436,-1.4416572,-1.5519694
-0.85913014,0.42826384,1.7760206,2.064634,2.2379591,0.6225594,0.24466535,-0.6025214,-1.1906974,-1.2353684
0.16876012,0.5034537,1.3301339,1.3884617,1.4733148,0.020546827,-0.2371394,-0.21239457,-1.0492622,-1.0263095
0.039364494,0.5550702,1.0932081,1.7155409,1.3723588,0.576166,0.43837923,-0.39965138,-1.0193905,-1.1226534
-0.04509574,0.22037566,1.3768989,1.792365,1.7052759,0.89865583,0.42703447,0.08014792,-1.1380192,-0.72949564
-0.5972096,0.65586114,2.1076086,1.8230255,1.664397,0.5901559,0.58267224,0.038480423,-1.2221571,-1.6005794
-0.24565008,0.3404706,1.5599952,1.9133914,1.3770344,0.39558807,0.38520628,0.06920396,-1.1387503,-0.7505675
-0.25591144,0.05861095,1.5971594,2.850114,2.5544302,1.1860423,0.5398647,-0.34852475,-1.6142285,-2.0269868
-0.77658975,1.5972651,3.6341343,3.684644,2.6617813,1.1447643,0.03738664,-0.2738816,-1.9932411,-1.3317597
-0.41123268,0.3167499,2.1871803,1.9948665,2.1735985,1.2724168,0.983474,0.22407879,-1.105267,-1.3169652
-0.12797531,0.4888445,1.42398,1.9251819,1.6634914,1.1608411,0.5663864,-0.1260094,-1.4999294,-1.5092785
-0.48180574,0.2123025,1.4831486,1.8002464,1.5099422,0.5846952,-0.14619035,-0.105295196,-1.0768843,-1.4206443
-0.3396145,0.7789967,2.4070065,2.6266034,2.0083127,0.59397954,0.5635786,-0.5712409,-1.3442928,-1.4367876
-0.5165072,0.26135033,1.1927757,2.036297,1.7386298,0.33387533,0.45366266,-0.007717839,-0.7547461,-1.1303451
-0.7164958,0.7720955,2.0628433,2.4621284,1.7222118,0.7005867,1.2659695,0.10605108,-1.2101525,-1.2680459
0.000513684,1.1338661,1.6103457,2.0777957,1.75103,0.775823,0.13861772,-0.10030032,-1.0912746,-1.0983399
-0.19868842,0.15151046,1.2936841,1.9001848,1.7136666,0.49842697,0.61860526,-0.23947419,-0.9864414,-1.4224178
-0.20032695,0.68778086,2.096442,1.5247271,1.5666411,0.8083523,0.57435393,0.21463111,-0.7752199,-0.8180636
-0.5125851,0.15796813,1.301922,1.6574134,1.5998918,0.7389871,0.44817528,-0.2555588,-0.9839386,-1.1740836
-0.45938113,0.61634266,1.3955574,1.3914037,1.5298483,0.41999587,0.3978601,-0.60061896,-0.8259512,-1.2952169
-0.62135667,0.5141003,1.6231802,1.620803,1.6992487,1.0314707,0.7183883,-0.047557835,-1.4307238,-1.1570796
-0.08782273,0.4415834,1.8876079,1.6923709,1.1081085,0.2552907,0.3284966,-0.32172534,-1.0643432,-0.9784813
-0.008918468,0.5231722,1.322201,1.829505,1.6547668,0.8454944,0.7131451,0.39206114,-0.6308248,-1.2307761
-0.12956482,1.2233171,1.6989523,2.58826,2.2858377,0.9578737,0.595181,0.11800675,-1.0540482,-1.6106523
-0.850961,1.2718441,2.3077977,2.0302548,1.6811554,0.46061146,0.21735188,-0.20612693,-1.2621262,-0.67159945
-0.5891658,0.92233634,1.9910673,1.8994042,1.8936133,0.9143867,0.36815348,-0.16712856,-1.2446966,-0.8486174
0.05835727,0.09004238,1.416361,2.0708582,1.5237145,1.1748259,0.79545045,0.024414238,-1.1369243,-0.50764257
-0.08982786,0.6384911,1.7888782,2.2100816,1.8665477,0.7235343,0.8057775,-0.40812388,-0.9015215,-1.09034
-0.7276125,0.89374727,1.5652822,2.040704,1.5153483,0.21407627,0.12830359,-0.5443656,-1.1756524,-0.9248152
0.07443526,0.35542402,1.6680444,1.6108315,1.359089,0.79562443,0.42041174,-0.22877006,-0.84210724,-1.0876669
-0.18695235,1.0397855,2.4484663,2.6858513,1.9950029,1.1893413,1.0861026,0.6258486,-0.85830545,-0.73304003
-0.22693571,0.79248464,1.756073,2.9361768,1.9466661,0.7625125,0.5342354,-0.13109158,-1.4666843,-1.6319575
-0.3714228,0.45615992,1.3740354,1.7095772,1.3482428,0.6919754,0.3274515,-0.46820164,-1.3499676,-0.7424817
-0.32699776,0.23877887,0.96316844,1.1396905,1.2740473,0.2921423,0.24666902,-0.116107285,-0.26243806,-0.6688218
-0.5115251,0.51457846,1.8158652,2.4443974,1.7137951,0.8038076,1.1641328,-0.059339978,-0.9076582,-0.9599545
-0.19062787,0.70903313,2.1076097,2.8176408,2.0346258,0.69949263,0.39916718,-0.3397016,-1.0113056,-1.193507
-0.7789913,0.8891047,1.6952853,2.294175,2.18752,0.55251706,0.8352862,-0.43423218,-1.2640883,-1.5431752
-0.4064258,0.4908512,1.4811866,1.4821811,1.2669063,0.6373396,0.46612722,-0.22041741,-0.7837966,-0.6678712
-0.63601905,0.4694006,2.133502,2.2808259,2.400154,1.2153509,0.448168,-0.68581235,-0.7762213,-1.4787452
-0.035714082,0.780053,1.5904008,2.0548646,1.7699322,0.89934,0.85230035,-0.16571225,-1.210621,-1.2812334
0.0070213117,0.7101052,2.0156627,3.4200945,2.4587138,0.9699702,0.80116814,-0.36794624,-1.1183747,-1.4243768
-0.33184934,0.8886126,1.8767126,2.080236,1.404536,0.3430666,0.3953742,-0.3686406,-1.4802375,-1.2287295
-0.55563307,1.5840845,2.3950284,1.9839777,1.8438346,0.3490674,-0.12819341,-0.5462028,-1.1167948,-1.4675763
-0.0459105,0.32166946,1.451813,1.5474114,1.3745365,0.67048377,0.58621323,0.08887522,-0.6829304,-0.74223876
-0.9314343,0.89996403,1.8984048,2.3231797,2.3288147,1.2033533,0.21709111,-1.0060508,-1.6127464,-1.4620562
-0.37696347,0.6067452,1.420108,1.4770676,1.6908958,0.4061876,0.3262653,0.04510871,-0.75708205,-0.85261047
-0.42076504,0.2396563,1.3416598,1.5208893,1.1599665,0.644584,0.11653754,-0.48955035,-1.158011,-1.4472429
-0.44486132,0.6450867,1.2677594,2.075662,1.7540759,1.1277245,0.74599165,-0.0934637,-0.7337829,-0.9634074
-0.41210273,0.30335888,1.4839294,1.6423272,1.2880275,0.47236115,0.53206104,-0.19456656,-1.0077268,-1.0304335
-0.87294257,0.9320801,2.1650605,2.6049752,2.6338832,1.7220002,1.00358,-0.10850623,-1.2307963,-1.2466136
0.19324824,1.068107,1.8844913,1.9349217,1.5794653,0.87246853,0.53739214,-0.23731159,-1.2678665,-1.3039026
-0.55005383,0.9347387,2.3564768,2.2350938,1.6963423,0.8647087,0.6886269,0.41520244,-0.92636865,-1.0691898
-0.047781304,0.44879383,1.8972224,2.363908,1.9064819,0.5607104,0.4236378,-0.6555251,-1.3447607,-1.0229175
-0.8232218,0.8932817,1.3254981,1.9304324,1.7682179,1.1220993,0.31307945,-0.7522342,-1.3743889,-1.3811872
-0.11987791,0.5974467,1.1196518,2.3495765,1.6500158,0.23269476,0.55770314,-0.2842752,-1.1950595,-0.7043936
-0.30266607,0.11938384,0.7584078,1.3691934,1.2174348,0.4506451,0.35051215,0.25375783,-0.7597148,-0.63965553
-0.8671514,1.0110253,1.9039434,2.1117098,1.8282388,0.8289044,1.1596918,0.04513257,-0.9684598,-0.75650036
-0.31855738,0.39753723,1.0491132,1.6521386,1.6736426,0.601821,0.1721326,-0.4122037,-0.650971,-0.75380635
0.045929484,0.7895017,1.1183254,1.5216825,1.5793489,0.79087526,0.9019559,-0.03610675,-0.9017214,-1.1099309
0.06657481,0.5987201,1.2305703,1.5494192,1.4720062,0.5436167,0.4340698,-0.11191651,-1.2920971,-1.3109385
-0.07927977,0.28800714,1.4154269,1.8603749,2.0648625,0.79561573,0.4794579,-0.27467123,-1.0675151,-1.1422772
-0.44804183,0.6672446,1.5595237,1.5139363,1.8792819,0.30814055,-0.06541567,-0.608305,-0.9067828,-1.1335218
-0.6697479,0.5835956,1.9008756,2.0468073,1.5744255,0.8102575,0.43284756,-0.29489118,-0.93472505,-0.771187
-0.3245144,0.52674687,1.2555571,2.467476,2.1134562,0.7294553,0.6354978,-0.108823545,-1.1017225,-1.6194108
-0.38935262,0.5718965,1.845146,3.1526172,2.8951027,1.2505996,0.57442987,-0.16080159,-1.007495,-1.6492401
0.15321139,0.8006625,2.168453,2.2649722,2.1305017,1.2357091,0.8202851,0.1122585,-0.92307055,-1.539202
-0.45501447,0.6405315,1.581905,2.1343756,1.3788209,0.550573,0.9107508,0.21516588,-1.1309583,-1.0118004
-0.34846103,1.1140252,1.3887428,2.0169256,1.5730999,0.84158874,0.405649,-0.61491793,-1.5361814,-0.9958801
-0.44429997,0.56792194,1.881407,2.2618396,1.9911994,1.6741184,0.4879359,-0.8993782,-1.3066103,-0.73478234
-0.5200814,0.63245595,1.7238524,1.8654233,1.4275398,0.5451422,0.55889356,0.16940147,-0.43007648,-1.6303221
-0.19019255,0.29129207,1.5774007,1.7000278,1.12348,0.53794694,0.58675444,-0.25345865,-0.941673,-1.122281
-0.8050131,0.4387193,1.5523988,1.5661056,1.4255694,0.92295897,0.10098952,-0.81608,-0.88691396,-1.6400182
-0.14791155,1.3932686,2.467172,2.4130166,2.0169575,1.588447,0.66080844,-0.33037865,-1.4641159,-0.70305085
0.0015150923,0.7085794,1.6118021,2.0281525,1.7173297,1.0422449,0.7986,-0.32046947,-0.873904,-1.06524
-0.3390553,0.37060374,1.3296759,1.5517118,1.2689046,0.23889257,0.4401929,-0.09406517,-0.84265196,-0.83363914
-0.64284664,1.0299673,2.1362443,3.139751,2.8327045,1.5654211,0.4628629,-0.42814466,-1.7026072,-1.9112701
-0.56747484,0.8576096,3.1336336,3.461781,3.3325915,1.4149652,0.8406854,-0.6680515,-1.7624137,-2.4957936
0.21643871,0.93925536,3.377278,3.8754969,3.617992,2.242705,1.5144231,-0.028504567,-1.1152679,-1.9565651
-0.7782244,0.19112904,2.6760764,3.5145261,3.162108,1.2661152,0.43230698,-0.29134995,-1.1577318,-1.3049651
-0.8813491,0.7816496,1.6045605,2.0919385,1.9860896,0.9265741,1.0165993,0.10133673,-0.8825791,-1.4022535
-0.12269787,0.1555302,1.6695694,2.2208726,1.8784571,0.67054427,0.5217362,0.40735057,-0.72857964,-1.0138072
-0.5210114,0.5644548,1.1698016,2.4117844,1.6418171,0.8062277,0.7794709,-0.18832387,-0.9392742,-1.1550748
-0.52368766,0.742856,1.7107528,2.9127069,2.474556,1.4033141,0.679161,-0.37417772,-1.2811694,-2.1004224
-0.86310005,1.0082376,1.7512474,2.2307327,1.6689194,0.71889436,0.61490506,-0.2113124,-1.3260852,-0.8587052
-0.3064236,0.4874434,1.5401417,2.466606,2.260337,1.3181115,0.5734036,-0.7631544,-1.4192761,-1.3040338
0.54405206,0.5347565,2.0786548,2.3149326,2.1454947,0.7405834,0.6773023,0.17618208,-0.7887813,-1.2045698
-0.2905628,0.7885284,2.258936,2.3707566,1.9865283,0.8795101,0.59097105,-0.6145235,-1.6541001,-1.4657146
-0.54518497,1.0462519,2.1735473,2.7719796,1.8734365,0.43809158,-0.17038867,-0.46193194,-1.6036134,-1.4863027
-0.8517792,0.7951915,2.5613084,2.8299427,2.3043327,0.9140941,1.0883445,-0.31934536,-1.3563957,-1.6179479
-0.07530179,0.67044073,1.6310445,2.324479,2.1419911,0.9074104,0.4988156,-0.25224352,-1.3135909,-1.2932876
0.20528775,0.9671147,1.8830177,2.6331873,2.064631,1.1142142,0.7973268,-0.34178856,-1.2529032,-1.2383516
-0.21336833,0.23734778,1.5413582,1.8273119,1.3047355,0.39912063,0.29834563,-0.061294444,-0.9436535,-0.70019805
0.039922096,0.3442927,1.2368721,1.8401548,1.8712664,1.3522522,0.533817,-0.3386638,-0.9172477,-1.6031507
-0.29819292,0.58987856,2.1293788,2.935827,2.5068278,0.98527956,0.7663687,0.24246809,-0.45454863,-1.194613
-0.42594522,0.26990643,1.1663785,2.3882444,1.8120157,0.6812441,0.58699304,-0.074496895,-1.0447992,-1.2208035
-0.31378156,0.90370077,1.6240846,1.6573839,1.7737874,0.31475118,0.49910808,-0.06643585,-0.9816357,-1.167311
-0.11452728,0.5556193,1.9915603,1.9441526,2.063534,0.27868304,0.58111453,-0.08271611,-0.97299445,-1.3381389
-0.5582203,0.28193432,1.5983859,2.3431711,1.8755543,0.72410995,0.24482724,-0.37855384,-1.3721592,-1.6640453
-0.6815493,-0.072599605,1.7631303,2.8197086,2.605836,0.82207024,0.5708161,-0.18447462,-1.3496413,-1.8443656
-0.32475123,0.44000062,1.0109986,1.5558009,1.2156844,0.8772129,0.108940765,-0.30196115,-1.0492144,-0.62841904
-0.3971705,0.20212133,1.0671039,1.5240598,1.1401427,0.3678217,0.19186527,-0.1797381,-0.83770156,-0.9860861
-0.46160367,0.33689925,1.9015812,2.0164478,1.8693595,0.8457761,0.2095232,-0.5594969,-1.7205546,-1.5529959
-0.31106797,0.38404793,1.1583992,1.8883774,1.544015,0.470141,0.7966133,-0.2458264,-0.92147845,-0.55757827
-0.50619584,0.59149057,1.1538407,1.7966199,1.8030968,0.5823497,0.2035415,-0.15832949,-1.0055575,-1.0504849
-0.20414871,0.21136434,1.375846,1.4462862,1.7518889,0.48452854,0.4401684,-0.11017167,-0.88255185,-0.79770887
-0.4049668,0.6873065,1.5489206,1.297341,1.4714545,0.5713789,0.2962789,-0.4599546,-0.59206,-1.0991172
-0.5845579,0.5127736,0.9415797,1.5540588,1.1792463,0.5331462,0.08300703,-0.21480396,-0.7125174,-0.88783514
0.17063448,0.93165576,1.7926942,1.827602,1.8045064,0.84492195,0.85147995,-0.38815084,-1.6970413,-0.73958915
-0.29249474,0.8373515,2.2682662,2.658356,2.2066984,0.96429193,0.7819948,-0.4440485,-1.8000087,-1.4131181
-0.3378087,0.6648985,2.2746727,3.0849082,3.2050066,2.493683,0.7991903,-0.18905497,-1.5998713,-1.586959
-0.61013883,0.90532815,2.1822827,2.9489925,3.3408122,1.7817918,1.2854365,-0.5021987,-1.3510995,-1.302597
0.54482967,0.5302131,1.5488474,1.9646096,1.8394665,1.3897777,0.9442326,0.22821523,-0.95243466,-1.3498031
-0.66987467,0.3870418,1.3423046,1.7466251,1.8271954,0.6713678,0.64396065,-0.12737378,-1.4745576,-1.0254724
-0.05574751,0.5052082,1.4380358,1.7072004,1.481268,0.1835832,0.4496677,-0.346831,-0.9817244,-0.86058986
-0.17620727,0.56096274,1.1955513,1.253986,1.4812943,0.4556257,0.34292817,0.049433116,-0.8992266,-0.5079812
-0.13715336,0.4606853,1.6596707,2.0555623,1.5985861,0.81562877,0.7310741,-0.43029216,-0.67670316,-0.886613
-0.052034095,0.3948435,1.3222039,1.6976547,1.6654477,0.8057041,0.42611843,0.20648284,-0.6170628,-1.2028351
-0.49529198,0.37525588,1.1677576,1.2396598,1.6539121,0.29535794,0.33050922,0.10797382,-0.34199613,-0.78492886
-0.25331017,0.5385232,1.9013779,2.0834122,2.0250819,0.86317,0.79757047,0.15095043,-1.083358,-1.6775346
-0.20498306,0.42144042,1.3577482,1.8589011,1.9321806,0.89398795,0.253386,-0.54455996,-1.6583711,-1.5800176
0.00935684,1.3540198,2.8452156,3.2912612,3.0925798,2.0742352,1.3013842,0.08178568,-1.7026496,-2.145416
-0.6736816,0.5691854,2.2348967,2.230706,2.0474067,1.0122942,0.5146393,-0.3259396,-1.0948166,-1.5448983
-0.52234125,1.0401253,1.8720305,2.1156814,2.342836,1.0560509,1.0828117,-0.23865551,-1.4495472,-1.4532514
-0.14338413,0.7746198,2.4509287,2.2544563,2.2212934,0.79703534,0.4556414,0.3887647,-0.8694854,-1.0258172
-0.2561596,0.5929826,1.6888934,1.9898814,1.5296602,0.5441578,0.5486018,-0.4094052,-0.9432514,-1.6732715
0.32612002,0.46800727,1.962859,2.1954584,2.2772062,1.1292433,1.0979319,-0.23026794,-1.3210267,-1.0138483
-0.60574293,0.58912283,1.9515473,2.485425,2.1640348,1.2052028,1.1499234,0.46187693,-0.87791985,-1.5782002
-0.46466053,0.6809064,1.9512975,2.4050293,2.1244109,0.74469906,0.58092296,-0.35473353,-1.3110193,-1.5961447
-0.17582029,0.40112448,1.2343122,1.852753,1.2554567,0.9584912,0.41326332,-0.45700347,-1.2759322,-0.7719797
-0.35047567,0.88429224,1.5975064,2.4059498,1.872465,0.5987937,0.36286062,-0.39481252,-1.1630379,-1.2617439
-0.040346455,0.3052933,1.486588,1.5093176,1.2132219,0.92501533,0.46391308,-0.4787126,-0.59735173,-1.0783355
0.37958258,1.2050595,2.2571144,2.663864,2.1082869,1.4905238,0.7540271,-0.58245164,-1.7931062,-1.386782
-0.97570544,1.3106391,2.4121733,3.6192198,2.9202197,1.3163378,0.48383313,-0.22767057,-2.1631293,-1.8774137
-0.4067964,0.87556875,2.395556,2.8913484,1.898032,0.9394809,0.7954523,-0.25887188,-1.5333834,-0.8519188
-0.5068187,0.46021768,1.7537491,2.0934908,1.7778997,0.6105637,0.4347657,-0.5284277,-1.2067797,-1.379418
-0.75500554,0.586429,1.226871,2.1526642,1.7894574,0.55906886,0.33402875,-0.003018295,-1.317145,-1.1460178
0.0762199,0.69426477,1.8237536,1.8795797,1.618646,0.46824032,0.8899751,0.24232659,-1.4303275,-1.2205521
-0.16419578,0.15086173,1.2617067,2.0993183,1.9418675,0.73351127,0.42997947,-0.12987724,-0.98834515,-0.70514935
-0.13929713,0.632163,1.4450066,1.6989971,1.955067,0.6268842,0.32190776,-0.6223215,-1.2980474,-1.1699456
-0.5053403,0.39643756,2.3717008,2.4845862,2.0591772,1.4921638,1.4892203,-0.119528905,-1.5812514,-1.5244197
-0.14260218,0.97782683,1.9342432,2.2189534,2.1802404,0.7660749,0.821018,0.26116782,-0.5805964,-1.2446918
0.0068532526,0.41260976,1.2851177,1.6394234,1.2805942,0.47284865,0.61940616,0.075953476,-0.56306726,-0.51121604
-0.3702149,0.93852204,1.9011359,2.3279862,1.6815147,0.7556999,0.2992788,-0.29490927,-1.2034498,-1.7406354
-0.56997794,0.5589154,1.8164049,2.2655754,2.1030586,0.9038985,1.1061656,0.2917849,-1.4587902,-1.9420176
-0.1885629,1.026022,1.8834047,2.3304813,1.3019023,0.83122855,0.5175669,0.12645262,-1.1231024,-1.0590776
-0.2635578,0.7695639,1.7952151,2.3568487,2.1086686,1.0015389,1.0891236,-0.36150548,-1.5839059,-2.0257428
-0.1781848,0.44935915,1.60596,2.0660734,1.7572919,1.0391072,0.98103106,-0.19705977,-0.83595324,-1.1717726
0.22189993,0.5031591,1.6889188,2.037575,2.2159994,1.2868434,0.73688674,-0.11512952,-0.80566937,-0.9035446
-0.75974524,0.6009557,1.5022153,1.9427785,1.6435838,0.68598855,0.112863556,-0.25229016,-0.9635604,-1.050222
-0.5444812,0.7744561,3.1982965,3.1674361,2.1549182,1.2005848,0.78514093,-0.58976936,-1.2155724,-1.3495809
-0.36358908,0.9249813,1.2447164,1.5272964,1.6004069,0.77434355,0.5177616,-0.5009077,-1.3216892,-0.8332316
-0.341286,0.04663582,1.2223775,1.806812,1.4744649,0.54637444,-0.108072735,0.20328504,-0.70327556,-0.8717797
-0.38305843,0.43549067,1.3025805,2.0062754,1.6601943,0.673621,0.5065661,-0.15878011,-1.2531623,-0.8194508
-0.81622726,0.7957253,1.5694646,1.9838945,1.4418674,0.6706632,0.39479953,-0.07332042,-0.78163475,-1.4558395
-0.046423256,0.58702356,2.0778742,2.6284552,1.8933412,0.60526085,1.0987027,-0.18292914,-1.2706745,-1.5058651
0.07784961,0.10032838,1.1360682,1.4532307,1.4222624,0.48393732,0.6380759,0.33665088,-0.99693406,-1.0885832
-0.53018844,0.6930638,1.9012904,2.5911374,1.7003031,1.0059046,0.41974223,-0.5332789,-2.145185,-1.8945428
0.022103416,0.74578756,2.1809657,2.9801643,2.4182055,0.98648524,0.48601097,-0.3351364,-1.7272335,-1.4133478
0.09907348,0.6811642,1.2405428,1.8669575,1.8181202,0.5288389,0.36349562,-0.185751,-0.5692528,-0.9729482
-0.45672888,1.1217556,1.7096958,2.0041037,1.6108681,0.74183947,0.88202035,-0.36317572,-1.358902,-0.97216696
-0.2613574,0.824873,1.7114247,1.1410046,1.2529852,0.23710804,0.6634137,-0.23026548,-1.1632179,-1.0073436
-0.19089895,1.0907571,1.2347447,1.7756788,1.4320438,0.38616762,0.7318821,0.17249517,-0.69891864,-0.85166323
-0.7861701,1.5767739,2.38044,2.5843172,2.5715413,0.5603791,0.1407514,-0.43745652,-1.5099996,-1.4363021
-0.5096603,0.6699788,1.3206133,1.7906574,1.5179329,0.5286131,0.65446115,-0.37170038,-0.6960091,-0.8964631
0.011146923,1.1107559,2.1532338,2.918771,2.6992989,1.1390964,-0.05188544,-0.44575325,-1.8520119,-2.0725772
-0.713761,0.69077027,2.2961056,3.4670968,2.9331453,1.730319,0.91915274,-0.29421514,-1.726691,-1.9216226
-0.52879536,0.63144255,2.8002853,3.9892,3.045136,1.9969548,1.0110222,0.00863561,-1.7434026,-2.0091014
0.259771,0.4997951,1.3554124,2.9396684,2.4605887,1.536274,0.5972006,-0.53118443,-1.516789,-1.4647973
-0.31232658,0.25947163,1.3321221,1.2696992,1.644406,0.81748104,0.5922303,-0.17660877,-0.7344899,-0.9419945
-0.19091827,0.007170742,1.5592871,1.9558895,1.4999533,0.71803045,0.24942133,-0.20926592,-1.1008115,-1.5061967
-0.0010247678,0.83534634,1.7770777,2.1186154,1.6455059,1.0949128,0.3984593,-0.07829025,-0.92013884,-1.3334237
0.15113711,0.9414365,1.1395481,1.7250819,2.082489,0.9868499,0.5693343,-0.2269992,-0.7536796,-0.6219758
-0.45706066,0.64966065,1.9173942,3.1497273,2.4475636,1.2096387,0.05513476,-0.8398977,-0.8415572,-1.1533345
-0.5975929,1.2869786,2.4424295,2.6214066,2.5588808,1.5110148,1.0921494,0.18893273,-1.8515725,-1.3506999
-0.022479407,0.49905983,1.8431809,1.6979504,1.8911941,0.70475364,0.48131943,-0.2721346,-0.7349452,-0.7960011
-0.25855207,0.3185635,1.7233661,2.1517253,2.390073,1.1885744,0.68554723,-0.0859263,-1.2007977,-1.1022986
0.010714423,0.96765566,2.1280518,2.2723439,2.2547355,0.79246163,-0.24319923,-0.8423848,-1.2878036,-1.6583172
-0.76527965,0.3953771,1.5916486,1.8265911,1.677838,0.5698262,0.7476604,-0.086554594,-1.6588099,-1.2845931
-0.30371383,1.1689402,1.2826743,1.9345504,1.5626285,0.6499402,0.66635305,-0.07180768,-0.8044372,-1.2854754
0.052015234,1.1746124,2.1019924,2.3034623,2.4692929,1.1190842,0.5392776,-0.155226,-1.0347978,-1.3341258
-0.54182005,0.648746,1.2747537,1.407664,1.7362131,0.5736358,0.024590008,-0.40022823,-1.2011095,-1.367331
0.12899841,0.6983646,1.4804018,1.7782457,2.0758333,0.6971972,0.5130129,-0.2499356,-1.0191855,-0.54567504
-0.09562633,0.8179773,1.6315182,1.8655994,2.0102463,0.72501504,0.2932051,0.44220963,-0.5492136,-1.6159894
-0.4495678,0.51296395,1.5742885,1.2394661,1.4475272,0.53813744,0.22725335,-0.31094104,-0.85100985,-0.56202537
-0.42831984,0.8436206,2.108201,2.7012746,2.3005795,1.2454479,0.56164074,-0.48067412,-1.184819,-1.3127692
-0.34095708,0.56142956,1.8480016,2.4247856,2.1777396,1.3459815,0.511466,0.032161005,-1.0541267,-1.7613305
-0.7191362,1.1520618,2.2035713,2.6375878,2.390984,1.0969133,-0.05645714,-0.47823521,-1.6136585,-1.2350596
-0.7344225,0.80208254,1.3033483,2.5078006,1.8483821,0.4637701,0.39733332,-0.38169524,-0.9850966,-1.1407526
0.11437085,0.26617315,1.6598403,2.323764,1.6194797,0.9342832,0.26274937,-0.06434505,-1.2972136,-1.0699981
-1.1202128,1.2231164,2.3606675,2.285502,2.1752253,0.6291428,0.3318868,-0.3009701,-1.1781299,-1.0657089
-0.4604836,0.79949796,2.5664463,3.2230964,2.2146823,0.5006116,0.98535454,-0.4301564,-1.4589554,-2.1925948
-0.94651836,0.6084623,1.9250331,2.076517,2.0864756,0.9203675,0.5680976,-0.05036668,-1.0074619,-1.6298738
-0.26079318,0.5746832,1.4704081,1.6558758,1.9646059,0.2156051,0.39410865,-0.40304595,-0.66883165,-0.57967633
-0.33346307,0.2707199,0.9835761,1.3919603,1.3147509,0.57722193,0.16765885,0.12814267,-1.1195744,-1.1200323
-0.18142664,0.4067945,0.93146586,1.5055809,1.654106,0.9384014,0.26190135,-0.3398032,-0.46946177,-1.0085521
-0.6840211,0.53487015,1.3779769,1.9386187,1.2423776,0.8539013,0.1334608,-0.041515324,-0.85842276,-0.5590381
-0.17468554,0.506968,1.4617939,1.6724181,1.5685003,0.657107,0.6172885,0.58044213,-0.99341977,-1.1890217
-0.03931648,0.8468653,1.287582,1.9240817,1.9805292,0.47292054,0.47211736,-0.3231318,-0.9286187,-0.88333637
0.045591272,0.53429884,1.4517925,1.9449631,1.3456513,0.5435605,0.3984694,-0.022344464,-1.2467669,-1.1406559
-0.5239481,0.48907116,1.4448036,1.685173,1.6823535,0.527954,0.54731673,-0.0007631285,-0.9416889,-0.8716478
-0.3746993,0.99131095,1.2791423,1.589325,1.4191108,0.6263333,0.68469274,0.6126568,-0.68765444,-1.1262474
-0.063233525,0.37977204,0.80263925,1.4173375,1.1198021,0.22207479,0.14360961,-0.19878635,-0.35320967,-0.8434445
-0.5711299,0.11576639,1.2791336,1.9868001,1.5418041,0.6856057,0.5794084,-0.25704968,-0.95022047,-0.53758436
-0.24096653,0.6608611,2.1128733,2.7983038,2.5894654,0.97003686,0.7135757,-0.40472662,-1.3364319,-1.5078527
-0.43847093,1.0235236,2.7278728,2.215032,2.0776308,0.9655882,0.4705624,-0.08210159,-1.2789897,-1.324804
-0.5151736,0.46808836,1.9544058,1.8703659,2.0968678,0.8361121,0.75191355,0.36894456,-0.68956345,-1.2921982
0.30172682,0.23877376,1.3107364,2.1946316,2.0057886,0.86996675,0.7179546,-0.16007194,-0.9450426,-1.699871
-0.27878836,0.55295223,1.6286007,2.073031,1.4851259,0.27519855,0.6252493,0.23624156,-0.94787174,-1.2301112
-0.94292057,1.2382451,2.8514197,2.9484584,2.5531201,1.5138401,0.9015688,-0.4919951,-1.5551049,-2.1030061
0.09911341,0.43728384,1.4490738,2.133989,2.2089806,1.075197,0.5575337,-0.3666384,-1.1286548,-1.4455458
-0.5404078,0.78175807,1.769069,1.8390535,1.9127251,0.51520795,0.5233977,-0.41626886,-1.2278305,-0.7738702
-0.2314519,0.6780928,1.5771321,1.370289,1.7781485,0.82576615,0.38615632,0.18948948,-0.44619378,-0.611815
-0.37385675,0.7053564,1.7395968,1.5608187,0.8882117,0.345418,0.2721003,-0.24287502,-0.77838874,-0.9155075
-0.9007918,0.6400321,1.1394594,1.8252659,1.5187899,0.33296967,0.29011348,-0.4016116,-1.3630515,-0.65061927
-0.0730093,0.45972836,1.8158503,1.5841602,1.554045,0.15000044,0.07391822,-0.7210944,-1.0443479,-1.0041257
-0.4229372,0.2063498,0.836553,1.4909011,1.0056697,0.40042457,0.58950955,-0.18110785,-0.8984194,-0.9672734
-0.50928175,0.99823403,2.5942316,2.8533108,2.276159,0.9637861,0.4353595,-0.3402451,-1.2549462,-1.5962591
-0.1302197,0.8136825,1.5190518,1.9316009,1.3944097,0.69814676,0.4443463,-0.3032075,-1.007947,-1.3333001
-0.35912213,0.7363696,2.116292,1.5762733,1.2216909,0.5904844,0.67016006,-0.27972132,-0.9609334,-1.053475
-0.14892644,0.3510067,0.9191194,1.6348261,1.3646415,0.67704,0.47275573,-0.0896263,-1.0412449,-0.6969527
-0.07869253,0.8165059,2.058233,1.4848047,2.0496283,0.8791754,0.62863475,0.06824511,-1.0739557,-0.69530636
0.17857265,0.42024904,1.7166958,2.2555842,2.3587205,1.0617636,1.0988886,0.14956097,-0.9897131,-1.5559951
-0.19796729,0.19487026,0.7758248,1.3671999,1.6499342,0.926539,0.5458112,0.11298753,-0.6470505,-0.9371748
-0.43608543,0.8399592,1.8559018,1.9975628,1.6018885,0.5465664,0.83881265,0.15945248,-0.6195841,-0.9384767
-0.18202862,1.1092837,1.782029,1.6458218,1.3973888,0.50905216,0.65956575,-0.282037,-0.8720641,-0.7744163
-0.34349984,0.44734338,1.2998154,2.129919,1.9208677,1.1908735,0.39874288,-0.18617663,-0.8063714,-1.2204554
0.17026347,0.6581871,2.0615125,1.9528306,1.6785482,1.3178144,1.2594856,-0.23695678,-1.1231183,-1.3006786
-0.48641303,0.62435025,1.8948725,1.5297267,1.619746,0.48963732,0.21277583,-0.28373674,-0.7880323,-0.85579515
-0.04148474,0.63207024,1.5255102,1.8410916,1.8563036,0.42564267,0.26393566,-0.060244925,-1.1139547,-1.1534047
-0.49342594,0.41765133,1.212311,1.9671919,1.4652368,1.0876741,0.99733114,0.22676855,-0.8100374,-1.0616516
-0.7580179,0.7949865,1.753472,2.1424055,2.251618,0.71518236,0.576846,-0.28466812,-1.3483131,-0.92351764
-0.503208,0.48235616,1.5580236,1.6350756,1.321334,0.56049097,0.25070113,0.06461802,-1.1073254,-0.9893948
-0.77177405,0.11067084,1.372724,1.8306606,1.3976574,0.704342,0.19928981,0.2327434,-0.98526525,-1.3554888
0.009191424,0.19049636,1.437956,2.104945,1.5365828,0.79669493,0.8971195,-0.19806728,-0.8851512,-1.3633494
-0.005733043,0.46042773,1.5141889,1.965715,1.4540132,0.53165185,0.34091923,0.5946884,-0.7488887,-1.367428
-0.040707782,0.6299387,1.6333542,1.8977259,1.8722903,1.0541193,0.6050024,-0.1199455,-0.9161354,-1.1517842
-0.09755644,0.35006222,0.92693156,1.3674965,1.1905795,0.66616124,0.5835074,-0.2475602,-1.0089633,-0.793851
-0.13444534,0.43471438,1.7043185,1.822398,1.3809364,0.9369783,0.71159285,-0.009923769,-1.2031204,-1.1798677
-0.4478972,0.32141736,1.7688304,1.900215,1.9730409,0.9124473,0.9073537,-0.13385455,-1.118773,-1.0434618
0.13964051,0.16478665,1.1506428,1.3856355,1.1687899,0.70683503,-0.09826531,-0.31380957,-0.86870044,-1.4648279
0.10543478,0.7292158,1.9761167,2.2838101,1.6052246,1.0041496,0.43300977,-0.36232343,-1.1423801,-1.1091719
-0.49191365,0.8426072,2.1747947,2.0041044,1.5032549,0.8240915,0.47405487,-0.08515144,-1.1729817,-1.5565549
-0.44602507,0.79329604,1.3230617,1.2795582,1.3281472,0.6784824,0.37858036,-0.42832983,-1.0556724,-1.1651337
-0.26922834,0.53606606,1.2718233,1.5312651,1.598128,0.45498747,0.49780196,0.019051896,-0.7102734,-1.0324789
-0.7104433,1.5262334,2.0510845,2.4157088,2.0909405,0.8273975,-0.2258233,-0.61024356,-1.6122291,-1.2775122
-0.23315978,0.8766583,1.7792712,2.358223,2.0493402,0.6677678,0.3360743,-0.17181173,-1.9517752,-1.6802038
-0.5125554,-0.07272207,1.1597778,2.1204507,1.8473823,0.68934965,0.61888456,-0.25980112,-0.841028,-1.0128304
0.36303154,0.4744857,1.8579385,1.6222693,1.802277,1.0476846,0.17406431,-0.18913044,-0.77685136,-0.8818508
0.044850733,0.85867923,2.277296,2.1140852,2.1167045,0.8978465,0.63419664,-0.27276346,-1.1777283,-1.4979863
-0.46634716,0.51854336,1.3788838,1.3522209,1.8313994,0.71388465,0.38610613,0.12369067,-1.2941158,-1.0993246
-0.6657374,1.061684,2.1038027,2.0195637,1.9792923,0.8998127,0.50351524,0.050086144,-1.1531663,-1.0232801
-0.665178,0.45018992,1.6048776,2.0156422,2.1375194,0.76611274,0.47093952,0.07498755,-0.89666533,-1.12526
0.3553853,0.50984603,1.6507907,2.0956573,1.6829852,0.7572516,0.60563254,-0.02731268,-1.1987752,-0.782001
0.0017889403,1.2232627,2.176897,2.233121,2.1036208,0.6695335,0.2800232,-0.3093541,-1.1269047,-1.0303458
-0.6179353,0.55351514,1.644921,2.4838214,2.2974586,0.7076586,0.78540653,-0.25235608,-1.3495244,-1.5995469
-0.34009218,0.8604278,1.2863339,2.16767,2.0763638,0.6440124,0.26186037,-0.12424429,-1.3860725,-1.6299465
-0.21194345,1.1516267,2.0243483,2.3571818,1.6862317,0.2940136,0.31988424,-0.48089793,-1.0981898,-0.9309696
-0.7871832,0.71383387,1.7474937,2.3223114,1.7044677,0.7870926,0.20572811,-0.65151966,-1.7376816,-1.1905575
-0.5293037,0.8994925,2.0195613,1.8770342,1.8033677,0.35413548,0.44314018,0.039418887,-1.1246829,-0.8861039
-0.6607301,0.5840429,2.2824025,2.6281853,2.5298665,1.5845304,0.9178029,0.31619796,-0.62827635,-1.2229851
-0.018212102,0.6841328,1.7662965,2.0015428,1.3667754,0.65819,0.74535596,0.19111134,-1.4926151,-1.0477821
-0.020644132,0.3756427,1.4953573,2.263826,2.0561693,1.2094982,0.6574972,0.4301334,-0.7660669,-1.0648963
-0.066261336,0.4434739,1.9364228,2.6713517,1.780889,1.1019478,0.9397456,-0.017863162,-1.4565655,-1.7589351
0.18680239,0.53877485,1.5781007,1.6332562,1.4432594,0.5754706,0.23033246,-0.41041476,-0.6979316,-1.0684428
0.051341135,0.97666544,2.2613087,2.2873204,1.7915074,0.94155234,0.5517855,-0.19280066,-0.9613511,-1.9283079
-0.18557346,0.25340047,1.189358,1.3786875,1.1159106,0.34198415,-0.043991666,0.12823936,-0.6846362,-0.8244044
-0.15893334,0.6475431,1.1184388,1.1604812,0.9823104,0.588036,0.35081592,-0.076383285,-0.75651026,-0.07736721
0.031060172,0.33620763,1.848931,2.1280975,1.8442869,0.8577945,1.0718061,-0.13894172,-1.5976144,-1.4363878
-0.23030546,0.5963191,1.594447,2.1366816,1.616008,0.71475357,0.18517265,-0.52216655,-1.132179,-0.9872246
-0.09657925,-0.0705458,1.5166644,2.1038806,1.9771918,0.74965584,0.5627021,-0.10717589,-0.94469464,-1.372791
-0.30987057,0.7821694,1.5268085,1.8159416,2.0630848,1.0584812,0.56212044,0.5861798,-0.62375605,-1.2082038
-0.7296141,0.53019744,1.3412818,2.5573475,2.3866086,0.72653997,1.0963826,0.055351984,-0.88101274,-1.6815277
-0.45865667,0.37140515,1.5920124,2.1513388,1.7866317,0.43489906,0.5671467,0.20464739,-1.1387465,-0.91722435
-0.1693415,0.7882476,1.7043438,1.9541351,1.7952629,1.0858113,0.63813883,-0.15418805,-0.40792084,-1.2691146
-0.18026161,0.2826249,1.4212996,1.4011204,1.4510466,0.1635289,0.17902985,-0.21650493,-0.8210951,-1.0069671
-0.0821844,1.0260022,2.2497163,2.2559707,2.1663468,0.90228665,1.0186924,-0.15950255,-1.0572597,-1.1405752
-0.6409385,0.710994,1.7855527,2.2372007,2.0382993,0.8420374,0.5039536,-0.51345026,-0.94663537,-0.956106
-0.9169904,0.34233606,1.0743124,1.5796429,1.8184048,0.594142,0.3935078,0.079143174,-1.2609956,-0.848356
-0.068632655,0.5158594,1.350908,1.815754,1.5278013,0.5648098,0.49627876,-0.19343999,-0.6721725,-0.7182163
-0.3999695,0.54737824,1.2142045,1.4880259,1.5191803,0.5962139,0.5471112,0.17988782,-0.8569687,-1.1594284
-0.25933263,0.68088627,2.065782,2.0545065,1.2620257,0.41810662,0.75752443,0.37355337,-0.9082441,-1.2496706
-0.38705033,0.30313802,1.57423,2.301674,1.613938,0.42237732,0.7435648,-0.32595992,-1.6473824,-1.4342374
-0.7193316,0.368727,1.5293206,1.7640015,2.0850236,0.7368961,0.313848,-0.29237303,-0.9284728,-1.2731471
-0.11339586,0.3131265,1.6570051,2.6715753,1.885831,0.7070623,0.80125356,0.25543198,-0.7921975,-1.3453978
-0.9221032,0.09889111,1.2600911,1.520974,1.7676215,0.59492016,0.1762483,-0.28718612,-0.4367998,-0.8381594
-0.7223318,-0.08611649,1.4531513,1.6612977,0.938563,0.5883972,-0.19306257,-0.817466,-1.5328047,-0.9015371
-0.47451487,0.45082688,0.9840919,1.5370713,1.4882221,0.42111912,0.55910003,0.16660765,-0.96460134,-1.1248972
-0.36676833,1.0430923,1.5086795,1.4589769,1.6561668,0.8904525,0.62593967,-0.5034508,-0.860052,-0.819234
-0.20676178,0.56115055,1.4651884,2.339325,1.761899,0.41707698,0.6127286,-0.33205765,-1.1244764,-0.92725635
0.15032828,0.44873074,2.113407,2.2972724,2.270264,1.5127993,0.6571083,0.6576069,-0.9006482,-0.8440717
-0.53647065,0.55853045,1.8040657,1.9564319,1.4443521,1.0418435,0.24839076,0.14986801,-1.1638308,-1.1205984
-0.29722,0.8643342,2.5139427,2.4309936,2.0254846,1.0475861,1.1120301,0.012147715,-1.3485464,-0.921844
-0.8880533,0.39336538,1.325463,2.1852047,1.6560328,0.9863844,0.8820298,-0.7002929,-1.0712894,-1.3100611
-0.08276181,0.8040975,1.5522122,1.8113067,1.2914788,0.49516952,0.32781723,-0.5849907,-1.1487544,-1.0991364
-0.0029777866,0.35097107,1.2254363,1.8835273,2.2243042,0.5912586,0.46044892,0.27960667,-1.0531144,-1.3084272
-0.6134888,0.6565453,1.482028,1.5520885,1.1376084,0.57429546,0.4528907,-0.113962285,-0.98343384,-0.9927203
-0.22381282,0.46196198,1.5018089,2.205503,1.6984603,0.8906636,0.56311643,-0.19479485,-1.4452637,-1.4465657
-0.745652,0.68024707,1.5739661,1.8483281,1.5542662,0.6236197,0.04274396,-0.31832218,-1.0048627,-1.5569526
-0.46974856,0.75646377,1.9738533,1.8997214,1.832472,0.9026903,-0.021475123,-0.17816804,-1.002254,-1.1893737
-0.16253787,0.8432341,2.4062986,2.8904,2.389274,1.3118472,0.4580851,-0.89025074,-0.9244906,-1.2498261
-0.5444289,0.68229663,1.5020609,1.6442441,2.073111,0.5070101,0.058482826,-0.06562504,-0.60681653,-0.7228823
-0.27434644,0.61197305,1.2868749,1.6145551,1.6962525,0.7324373,0.6250083,-0.38418007,-1.180788,-1.2569582
0.03334349,1.290921,1.2073954,2.049068,2.1693807,0.87642443,0.83093965,0.04375738,-1.0374094,-1.6683905
-0.038316347,0.54612505,1.757981,1.7856339,1.1461338,0.6546426,0.9469465,-0.027995342,-0.9226553,-1.2400707
-0.76562715,0.84363025,1.3859737,1.5928413,1.6607015,0.5110425,0.41967925,-0.008321283,-1.0853469,-0.7096203
-0.29812312,0.33155817,1.3873426,2.4325418,2.022113,0.91934097,0.7130812,0.41191536,-1.1537542,-0.99717546
-0.43186852,0.56000376,1.7413312,2.3502018,1.4743301,0.6631269,-0.044297006,-0.54156065,-0.8603742,-0.9742893
0.250881,0.52846485,1.0093207,2.1061282,1.5459539,1.1678886,0.5356578,-0.19499572,-0.7827024,-0.7647322
-0.35198656,0.4650995,1.5540968,1.490002,1.2205145,0.512412,0.21231115,-0.080039404,-1.1090622,-0.9702794
-0.14516768,0.10945539,1.0472912,1.5837866,1.3501277,0.61512226,0.47948432,-0.32644966,-0.76521504,-0.68116003
-0.43448076,0.22448894,1.3498498,1.6801673,1.7744311,1.1630409,0.7207473,0.21097484,-0.58484834,-1.3590773
-0.26119292,0.18306392,1.3941735,1.3553115,1.4670557,0.36896384,0.21873653,-0.23768839,-0.7407004,-1.0403371
-0.5918507,0.3380958,1.425052,2.1754317,1.3201623,0.3181856,0.26365113,-0.043374155,-0.99964845,-0.9505104
-0.08010025,0.0705689,0.9896115,1.5620573,1.4120895,0.6984152,0.39966333,-0.31760374,-0.95612407,-1.054998
0.11452216,0.9625798,2.3189602,1.7047904,1.529212,0.7076352,0.5226255,-0.25011015,-0.97428095,-0.8871256
-0.082209185,0.5010288,1.9974107,2.5891862,2.8650343,1.9900161,0.9844917,-0.13477343,-1.502406,-2.3228467
-0.6227641,0.69099134,1.7950232,2.2738404,1.599499,0.62951493,0.17742932,-0.21261525,-1.0310869,-0.8762609
-0.7054162,0.50744665,1.5015955,1.5213747,1.408601,0.4986263,-0.014636068,-0.38115898,-0.87382865,-1.219887
-0.37687096,0.49671605,1.5891715,1.6266944,1.9966666,0.5988074,0.40998292,0.030441208,-1.0684521,-1.3380278
-0.5021411,0.09677463,1.4780177,1.8450958,1.8250489,0.59410435,0.85812134,-0.348552,-1.4176633,-1.4230721
-0.046625547,0.29678693,1.1642678,1.5502021,1.5877949,0.18995988,0.17367183,-0.42077017,-1.0156027,-0.9847347
-0.39095023,1.1172943,2.05551,2.1771858,1.5913947,0.90358233,0.6183959,-0.25437045,-1.6983219,-1.1418238
0.015447385,1.525864,2.7312403,2.4631724,2.1594012,1.2446175,1.107566,-0.10398605,-0.36740214,-0.068803765
-0.10919731,0.48150823,1.1510998,1.6073928,1.5676796,0.86627144,0.79126126,0.003602145,-0.82497525,-1.0094584
-0.35407585,0.36842036,1.6196753,1.4130745,1.3378819,0.54817545,0.38331407,-0.06013239,-0.7118211,-1.28097
-0.37192363,0.76547766,1.134884,1.6229229,1.4749712,0.23993777,0.14556742,-0.009853039,-1.0221027,-0.9339131
-0.23739171,0.41019246,1.6106676,1.9535793,1.5534894,0.9447287,0.25195643,-0.51522356,-0.8573506,-1.2939883
-0.6240764,-0.096417174,1.8455073,1.9740208,2.093189,1.0160352,0.7404124,-0.5553629,-1.3670161,-1.3896891
-0.19687665,0.2731363,1.2568116,1.7725017,1.3824236,0.6832016,0.73207015,-0.32077065,-1.0825912,-0.95622504
-0.080651276,0.5432473,2.6130517,2.1367867,1.9579638,0.9774908,0.59368676,-0.7003171,-1.3239803,-1.7603468
-0.055285737,0.5145521,1.8589932,2.7666063,2.480917,0.53431857,0.85990727,-0.74388164,-1.2721372,-1.4517109
-0.008959359,0.65110075,1.2124172,1.7880892,1.5902517,0.7252899,0.6239382,-0.10186027,-0.7050479,-0.86520404
0.057473313,0.4417316,1.4214501,2.2255561,1.6406212,0.84644043,0.5324371,-0.4815868,-1.1364653,-0.91207594
-0.2199701,0.44562605,1.3449869,1.8331852,1.6988597,0.84987825,0.4785391,0.07960018,-1.1710728,-1.3382899
-0.28633997,0.40750995,1.4548818,1.5929384,1.1864082,0.40877786,0.54575044,-0.37199447,-0.8494556,-1.004631
-0.21342868,0.29449496,0.9042178,1.7459139,1.5216758,0.4669181,0.48903108,0.32467642,-0.8477309,-0.8977081
-0.19446862,0.3891357,0.8713124,1.4562246,1.5195031,0.17889489,-0.00033059716,-0.002983036,-0.5640227,-1.1089715
-0.7831713,0.37305966,1.845115,2.3818614,1.8397688,1.009473,0.44029087,0.15225567,-0.86950505,-1.6187336
-0.4469042,0.5202423,1.1440305,1.4851707,1.09533,0.21801446,0.4721322,-0.2269931,-0.80400443,-1.2293346
-0.22378781,0.5063943,1.6383792,1.7876018,1.4448496,0.42187405,0.4975593,-0.2379605,-0.96706384,-1.1020174
-0.27267137,0.08061692,1.6936096,2.243272,2.0715623,0.91361094,0.6857852,-0.0763301,-0.77238905,-1.3444788
-0.7140957,0.3728656,1.562889,2.389417,1.369173,0.6576862,0.31453186,-0.10462052,-1.6419814,-1.4476347
-0.11695262,0.21492754,1.5397477,1.7252468,1.8200755,0.8759553,0.60682416,-0.108959384,-1.372784,-1.5472939
-0.47234637,0.2592595,1.2869467,2.233596,1.5773534,0.6162251,0.35642338,-0.13711977,-0.99921346,-1.2047907
-0.19949734,0.099076465,1.2133781,2.3337793,1.9654802,0.55373985,0.2238805,-0.18263583,-1.0525215,-1.0256511
-0.88055336,0.6950076,1.3279114,1.7998652,1.975099,0.32476604,0.014354568,-0.7241054,-1.0175779,-0.78537714
-0.64379853,0.89060605,1.9327748,2.009539,1.5299503,0.50366515,0.54752564,-0.35577425,-1.0979614,-1.0870017
-0.49177423,0.80186385,1.4318893,1.8375396,1.421557,0.8003013,0.46321505,-0.192472,-1.1623212,-1.1549841
-0.39624646,0.53159523,1.6217172,2.1836035,1.800831,0.7999376,0.12083939,-0.13333942,-1.0658,-1.8286662
-0.65370077,0.23626533,1.0571915,2.0211687,1.9751908,1.2783604,1.4598944,0.8527296,-0.22222629,-0.64973766
0.1318032,0.47713566,1.463443,1.899163,1.8666114,0.90201676,0.8608307,0.29923657,-1.3663754,-0.8293293
0.15719143,0.27727172,1.8745756,2.2259147,2.0054712,0.8376831,0.38523817,0.19529471,-1.1610634,-1.0145035
-0.13073856,0.917033,2.2464,2.1354554,2.3690736,1.1568869,0.45466375,-0.017892113,-1.2647202,-1.6201804
0.16255593,0.2661462,2.291292,3.0296752,2.241011,1.2732649,0.7224758,-0.4153364,-1.6759247,-1.2017046
0.2168763,0.37238646,1.862827,1.7534263,1.5042921,0.588872,0.7137795,0.32695904,-1.0774686,-1.2191845
-0.31461886,0.44823146,1.395485,1.5557752,1.4407626,0.7206855,0.38137397,-0.2884109,-0.82027,-0.7786263
0.37162942,0.72196585,1.3442655,2.2112296,1.892607,0.9482932,0.6272772,-0.7301558,-0.6234353,-1.058812
-0.23758227,0.5312261,2.045097,2.2235126,1.930962,1.2229109,1.0509411,-0.31010172,-1.3817185,-1.2191094
-0.1271011,0.8668575,1.8423481,2.2294588,1.7806909,0.84040105,0.5608926,-0.45227784,-1.2852012,-1.2417607
-0.60071266,1.0246785,2.6695614,2.5237482,1.8490486,0.6253435,0.34353045,-0.07267146,-1.68529,-1.1319621
-1.2473739,0.462746,1.7121781,2.3174362,2.407875,0.4501363,0.41185197,-0.89201427,-1.5582472,-1.1444609
-0.30096117,0.6869397,1.6199267,1.4061005,1.5523248,0.94061065,0.35693,-0.27318934,-0.69846314,-0.21389851
-0.7540196,0.87631875,1.6390908,1.5942284,1.6420294,0.5821847,0.23375571,-0.19466613,-0.9508392,-0.59091747
-0.5775843,0.27814785,1.2253512,2.0433824,1.7631099,1.1793653,0.8466583,-0.2478526,-1.4793998,-1.1174746
-0.05425468,0.91169965,1.817462,2.8475118,2.202556,0.8254284,0.6946947,-0.50594324,-1.541135,-1.4884878
0.40944862,1.1755528,2.8272073,2.5351038,2.3509054,1.0065335,0.8890651,-0.070038825,-0.8990077,-1.3583835
-0.53060484,1.1583899,1.9775195,2.496574,2.3722093,0.888849,0.18232992,-0.28730598,-1.6600654,-1.713623
-0.06241239,0.49685726,1.9912306,2.4958198,2.7392824,1.3252741,0.52557564,-0.5806813,-1.2001773,-0.9455471
-0.8058957,0.59724027,1.9554054,2.668617,2.8488507,1.6528223,0.8039089,-1.0574304,-1.9692663,-1.9111733
-0.60249895,0.5972635,1.4687161,1.4524767,1.3775167,1.0606815,0.30120245,-0.12990719,-0.8100192,-1.1144329
-0.19043365,0.72498876,1.4037522,1.7681338,1.6800935,0.8467815,0.45166934,-0.15540026,-0.7055078,-0.79456955
-0.7182621,0.9911223,1.725248,2.0990157,1.6464173,0.6131364,0.81918347,-0.393258,-1.6333859,-1.3813794
-0.5922175,0.60492826,1.7994165,2.2696729,2.046969,0.53368986,-0.095600635,-0.3793955,-0.93999577,-1.1568466
-0.2101784,0.6775456,1.9756681,2.1936753,1.8098588,0.73907405,0.817981,0.13925786,-1.1986529,-1.6472337
-0.73047805,0.41463238,1.4977005,1.3059211,1.6228029,0.9115741,0.24815169,-0.62838703,-1.1401697,-1.4192537
-0.7860384,0.5070714,1.6600637,1.5900124,1.4172179,0.56865203,0.2526135,0.21677741,-0.9795455,-1.4718122
-0.28823483,0.4086127,1.3165847,1.5261254,1.728696,0.909917,0.14170295,-0.30113345,-0.76375777,-1.3154968
-0.451541,0.44793013,2.1422505,3.0039563,2.6640704,1.2534894,1.0766332,0.1250357,-1.2128278,-1.235031
-0.51855564,0.69032615,2.4468055,2.0728629,2.0341337,0.89564806,0.68288565,-0.11701457,-0.9264442,-1.5726093
-0.83934337,0.40160418,1.465257,2.0037713,1.920271,0.96203303,0.61708707,-0.23083602,-1.5191423,-1.3424116
-0.84730697,0.6123143,1.4568598,1.7133349,1.8839108,0.61765444,0.31159034,-0.36582747,-1.370109,-1.0932872
0.012935782,0.4331575,1.9583879,1.9194338,1.690324,0.41693312,0.06580715,0.04186,-0.67383325,-0.85899407
-0.6263182,0.956868,2.546503,2.4072402,2.3444893,0.6852767,0.3383376,-0.5973637,-1.0743662,-1.4212819
-0.5628851,0.15461557,1.4298553,2.0624983,1.738674,0.9079799,1.1995897,-0.5708668,-1.2174587,-1.819791
-0.82680315,0.73068243,2.096146,2.934482,2.8903308,1.2543776,0.52900344,-0.019385686,-1.5133847,-1.9410753
-0.34921345,0.45819002,1.4420033,1.9232624,1.4214354,0.5195945,0.34075445,-0.17454994,-0.8317738,-1.3130935
-0.12128731,0.49346355,1.3849927,2.668819,2.2808194,1.3355825,1.210666,-0.07393514,-1.2069838,-1.8134727
-0.044345208,0.8656141,1.3072942,1.3621428,1.75929,0.8932621,0.48967785,0.16973649,-0.6470045,-0.7143877
-0.3337794,0.4530464,1.5641836,2.2144547,1.8510184,0.8685483,0.7627416,-0.2170326,-1.5238696,-1.3197645
0.0514346,0.46056062,1.3279662,2.1998858,2.049415,0.38457882,0.16805999,-0.4231498,-0.95961094,-1.0332394
0.106528714,0.38194552,1.354962,1.5961887,1.5934154,0.683832,0.35320064,-0.0120728,-1.2376865,-1.4378647
-0.674672,0.563555,1.428404,1.6515089,1.2474073,0.57929796,0.3944998,-0.24465993,-0.99716735,-1.0270286
-0.5255138,0.7242829,1.4107708,1.6136354,1.1128304,0.6884046,0.026144058,-0.48573858,-0.76955044,-0.17216212
-0.5193894,0.6405957,2.0077255,1.9050055,1.5724374,0.8097212,0.56095517,-0.47031868,-1.1005425,-1.0160191
-0.57177603,0.5502749,1.4955957,1.6157322,1.9911803,1.0700347,0.67007744,-0.050468966,-0.9406316,-1.1701547
0.046026833,0.76456136,1.4323394,2.2289083,1.8656381,0.8758895,0.8204416,-0.09476695,-1.0520508,-0.7197683
-0.023405954,0.834626,2.2136147,3.0197701,2.2296581,0.93210423,0.54880726,-0.17960022,-1.2115113,-1.3086438
-0.10683333,0.6615998,1.7479756,1.7953002,1.8350081,0.96242654,0.61260206,-0.09380229,-0.99309766,-0.9307519
-0.758453,1.3608856,2.1887002,3.0205493,2.5954533,1.3094399,0.7194519,-0.13948667,-1.1794853,-1.2102449
-0.60789156,0.97279644,2.6804535,3.060417,2.4157796,1.1760242,0.5192574,-0.3227669,-1.1675175,-1.3503752
0.15898567,0.7964967,2.4485621,2.5643933,3.0347178,1.3038125,0.9912628,0.1764974,-1.2721118,-1.2163024
-0.5654716,0.7012684,1.4790882,1.8047471,1.3784863,0.5341169,0.3482724,0.32533625,-0.9090223,-0.94298416
-0.109293826,0.3727645,1.405653,1.7850683,2.1258752,1.2191219,0.27469754,0.22288357,-0.6328538,-1.352638
-0.32647693,0.8840036,2.2079768,3.333529,2.7567203,1.1047264,0.85997516,0.13264297,-1.6208453,-1.879055
-0.23534101,0.38619426,1.3892856,1.5034127,1.6733183,0.8468717,0.58681375,-0.3517828,-1.0489019,-1.0381444
-0.6112807,0.46135044,1.3424804,1.5064632,1.6979003,0.79571503,0.77060914,0.13963212,-0.84957445,-1.4828405
-0.67695147,0.8115909,1.7977623,1.7983587,1.7079705,0.60891145,0.35691336,-0.29132763,-0.513535,-1.4391413
-0.46251947,0.34198096,1.4672996,1.7313348,1.7443163,0.69293606,0.3664111,-0.14354451,-0.54401314,-1.1807042
-0.3816253,0.8672929,1.9576885,2.0009897,2.085505,0.7930224,0.2909714,-0.33135837,-0.7988287,-0.9265722
-0.49522045,0.6964964,1.1735647,1.7222301,1.579651,0.8894079,0.72552377,-0.061699413,-1.0628707,-1.2474501
-0.32699007,0.72491956,1.3279479,1.8659729,1.2564061,0.7027269,0.4030038,0.17600994,-0.931043,-1.165176
-0.36774945,0.09351989,1.6109384,2.0132859,1.5087477,0.7358633,0.54076135,-0.122283146,-0.71253455,-1.2774282
-0.4787528,0.6214673,1.5749016,2.247883,2.0908372,1.2406666,0.6860307,-0.42308426,-1.4136021,-1.5559841
0.33110982,0.8850879,1.5788013,2.204025,2.2194846,0.6033937,0.8099901,0.25194973,-0.8362899,-1.1246886
-0.16123322,0.52303845,1.4475099,1.9483625,2.0641677,0.46579248,0.51539284,0.6479727,-1.1010554,-1.6199185
-0.1302318,0.45061955,1.5914692,2.0232425,1.6738458,0.75332737,0.5804218,0.04016462,-0.713375,-1.069698
-0.085477866,0.2702101,1.4328517,1.8056512,1.5402921,0.3239197,0.33342865,-0.034059778,-1.042666,-1.1220782
-0.23089775,1.4735829,2.6923585,3.165825,2.4807534,1.2870184,0.84089714,0.08804629,-1.0128156,-1.0879427
-0.6257895,1.0631503,2.7464108,2.93196,3.0381482,1.3092786,0.9032057,-0.88058156,-2.0046387,-1.6701773
-0.8042203,1.2267274,2.0581975,2.6455464,2.981391,1.6667603,1.392643,0.6391624,-0.9249287,-1.788825
-0.40937355,0.66150653,3.138803,3.2143764,2.1314516,1.6566339,1.2573857,0.15837486,-1.4368595,-1.7556651
-0.24072298,0.3279892,1.1195477,1.6338742,1.4384902,0.23698322,0.77151966,-0.3554069,-0.7496585,-1.0871904
-0.3828393,0.4213237,1.2839357,1.7617503,1.7684582,0.7658757,0.6162559,-0.2112849,-1.1551092,-1.2469984
-0.19879258,0.07211124,1.6948295,1.6151094,1.0186955,0.9618459,0.4194021,-0.39795613,-1.0185403,-1.1190985
-0.38231385,1.056192,1.6767948,1.7325646,1.6570836,0.5691389,0.06021058,-0.05502775,-0.9603485,-1.1155552
-0.2614826,0.32904944,1.5366294,1.6955523,1.3038852,0.41154817,0.398656,-0.005147044,-0.76271665,-0.48947495
-0.74618506,0.6177961,1.50145,1.8493409,1.7870151,0.30282256,-0.42611292,-0.6600554,-1.0390844,-1.4843534
-0.65796435,-0.11894712,1.2899972,2.1952186,1.8951931,0.9750792,0.6409115,-0.16378056,-1.1109223,-1.8769397
-0.63829654,0.32197183,0.94090825,1.8103607,1.7160367,0.91942465,0.7805296,0.42816922,-0.7990451,-1.1846615
-0.22465429,1.0286652,1.729127,1.8897759,1.6409181,0.5664731,0.2798393,-0.06410776,-1.0426745,-0.65398675
-0.4496345,0.36593643,2.2701216,2.5095725,2.1601648,0.62857753,0.5403411,-0.11489038,-1.0331575,-0.9970356
-0.13026494,0.6554135,1.5435237,1.7402999,1.5712887,0.6135322,0.28479627,-0.36761525,-1.0143465,-0.6292927
-0.2507229,0.5735911,1.8978924,1.8943583,1.6677657,0.7332981,0.15026154,-0.14253363,-0.9535195,-1.1807439
-0.017580468,0.5771771,1.2668892,1.6032345,1.9211265,1.1737322,0.45285827,0.36260322,-0.84244394,-1.5947127
-0.19074145,0.24327947,1.7169538,2.4557092,2.1090205,1.4135183,0.7647784,-0.6599126,-0.7198309,-1.194183
-0.5630462,0.31497708,1.6470082,1.5485966,1.8137839,0.60907096,0.14332984,-0.5198206,-1.1122167,-1.7549306
-0.897589,0.65798724,1.4312878,2.130389,2.0466464,0.40233946,0.41923842,-0.665549,-1.512079,-1.0654057
-0.51907474,0.8256849,2.0551527,2.5905776,1.7970874,0.9200414,0.50779486,-0.340307,-1.2506386,-0.96365035
-0.024610061,0.87116486,2.1205814,2.1853018,2.7537332,0.9029713,0.103854045,-0.17992476,-1.3712579,-2.3572056
-0.34592086,0.7235965,2.4134297,2.4007306,2.0974882,0.8955145,0.9561007,-0.10411969,-1.0084739,-1.8827115
-0.5927139,0.50848806,1.4510403,1.5327013,1.7043997,0.5856916,0.44476917,0.13048777,-0.30781394,-1.2707095
-0.2445131,0.25786203,1.255555,2.0828393,1.3440166,0.19333336,0.32549056,-0.35775036,-1.0743595,-1.1316762
-0.8708567,0.6306001,2.0624616,2.539425,2.2495244,0.8528123,0.13945076,-0.41354635,-1.3513,-1.772843
-0.64111894,0.6993379,1.3988032,1.9799968,1.906216,0.7443719,0.32891494,0.20540754,-0.71623856,-1.5556008
0.058630425,0.13104834,1.7638059,2.0231113,1.9586891,0.7155136,0.9491753,0.29011458,-1.268296,-1.5442775
-0.63918126,0.25527954,2.1274173,1.6939608,1.4093288,0.77208817,0.6189564,0.009809371,-0.82814497,-1.1214672
-0.14847127,0.05155929,1.2182324,1.4779856,1.4403756,0.5703557,0.5076422,-0.12232593,-0.8456909,-0.84380275
-0.46261483,1.0387175,1.8986819,2.33963,1.9979187,1.0484561,0.8934656,0.026381869,-1.1762427,-1.0196061
-0.34832528,0.45009142,1.3634108,1.3459321,1.239492,0.6546264,0.23651433,-0.64873177,-0.6563335,-0.8546566
-0.5717913,0.4427149,1.6720654,1.7957052,2.0311852,0.4566059,0.34697062,-0.5723551,-1.3837782,-1.851141
-0.77768373,0.90612704,1.75694,2.334491,1.8787737,0.87938017,0.36477494,-0.01827829,-1.4056487,-0.92515
-0.46528682,0.67637473,1.3911104,1.9200578,1.6886646,0.8410634,0.5729615,-0.010001719,-1.3209287,-1.2729617
-0.22007021,0.25734046,1.283562,1.5073253,1.251277,0.6691227,0.7507269,0.14836383,-0.82860464,-0.96375555
-0.31919217,1.0023563,2.4233713,2.5326676,2.2702243,1.0104909,0.51708704,-0.29155174,-1.1507615,-1.9152744
-1.0667033,0.4915174,2.1024442,2.5274615,2.1121821,1.1771029,0.6137051,-0.9034207,-1.5687139,-1.4715986
0.1446934,0.35408238,1.6145419,1.7176868,1.5165057,0.80767065,0.04657556,-0.16857332,-1.068471,-0.69978964
-0.061957993,0.3588412,1.5492812,2.0051367,2.0416684,0.50081056,0.26588035,-0.12886095,-0.84639657,-0.5108341
0.13226193,0.5819621,1.3957598,1.3789256,1.4005264,0.6666522,0.77735853,-0.014528127,-0.8746896,-0.86832595
-0.18462175,0.64028096,0.8866867,1.0954831,1.52341,0.20389898,0.21374875,0.026008112,-0.9539286,-0.9156037
-0.14625025,0.673057,1.7794982,2.0827606,1.4749463,0.99401474,1.0944642,0.059985645,-1.071569,-0.8674522
-0.3507433,0.36157733,1.0462334,1.9160511,1.4804685,0.73230946,0.15049534,-0.14227413,-0.41360104,-0.9347928
-0.042921565,1.0058354,1.7877457,2.1441238,1.8411545,0.8052709,0.24669063,-0.32277018,-1.7204167,-1.2789427
-0.2654618,0.69388723,1.6415217,1.8327067,1.6620225,0.58808404,0.3260191,-0.23569049,-1.2062562,-1.0461606
0.25879484,0.6896502,1.8730123,2.2655609,1.6980358,0.94407547,0.6502841,-0.6086742,-1.1964724,-1.296131
-0.13357088,0.3313335,1.6899965,1.5752957,1.5302414,0.51204973,0.09376615,-0.54394907,-0.8299374,-1.6246122
0.2869297,0.4318687,1.3769118,1.4311129,2.1348493,0.5683559,0.48169076,0.14030269,-0.4948049,-0.81019115
-0.3437265,0.1456279,0.982337,1.8842398,1.4843843,0.50115,0.54789656,-0.119013846,-0.9904213,-1.0067806
-0.33616805,0.46042073,1.4264438,2.3271587,1.9193166,0.700969,0.7681756,-0.10999114,-0.8854189,-1.1540213
-0.15520453,0.20302767,1.5813994,1.5802772,1.5340489,0.55538344,0.4394613,-0.05457975,-1.0724599,-0.7232181
-0.037039306,0.49457565,1.5333668,2.2532032,1.5112038,1.0877644,0.47870952,-0.051999703,-0.9113501,-0.6925031
0.3050844,0.4506514,1.3146341,1.9625864,1.6900684,1.1189681,0.8796398,-0.14527832,-0.8045806,-0.8151229
-0.841415,0.857443,1.7291278,2.002525,1.7240478,0.7480995,0.20585278,0.058752548,-1.4465325,-1.7729483
-0.2508609,0.5014419,1.3119277,1.954519,1.561983,0.61179215,0.7199714,-0.42364943,-1.1214825,-1.4282812
-0.8114248,0.8862398,1.666487,2.0704615,2.0935082,0.5966669,0.1003245,-0.61675245,-1.87038,-1.7444688
-0.38430908,0.8453653,1.5734974,1.6860532,1.5597231,0.8016999,0.45422727,-0.1677282,-1.3666319,-0.8808348
-0.16906002,0.51921546,1.5918686,2.0405118,1.900104,0.984892,0.1795545,-0.36178228,-1.3195164,-1.3906196
0.096898586,0.23317115,1.4702591,2.5388498,1.9439429,0.8623176,0.83773667,0.18868902,-1.1614885,-1.4569519
-0.22512639,1.1545439,2.628759,3.182561,2.5070014,1.1405317,0.92577446,-0.7385122,-2.0021956,-1.7692819
-0.49879572,0.35432607,1.5906339,2.4638646,2.2526233,1.0178568,0.3948875,-0.6479084,-1.5551987,-1.4591063
-0.3221253,0.7002215,0.9689384,1.1645521,1.4188876,0.30985555,0.40681487,-0.19729966,-0.6617566,-0.73595023
-0.5412198,0.99359536,2.092137,2.399085,2.0056024,0.88621277,0.47089458,0.19049531,-0.9842994,-1.3090122
-0.35104245,0.30605945,1.9147513,2.314351,1.5543746,-0.13126738,0.2456893,-0.07157788,-0.75716525,-1.7859113
-0.017166164,0.06465926,1.070173,1.2547383,1.349946,0.5653702,0.59108067,0.23416469,-0.79083586,-0.7241776
-0.25636148,1.1689285,2.3166513,2.046853,1.9191574,0.5493061,0.48600054,-0.21092889,-1.5073547,-1.146483
0.29394108,0.77700806,2.631481,2.7737303,2.7019901,1.7679505,0.84594357,0.45783448,-1.1284732,-1.1724126
-0.7550889,0.47763485,1.5257833,1.7612208,1.1880759,0.63611275,0.2981565,-0.47079885,-1.1008713,-1.316596
-0.182646,0.20371357,1.680296,1.6517391,1.5547926,0.40734196,0.49999332,-0.48466167,-0.92986214,-1.0977515
-0.7445474,0.97102463,1.4913169,1.7420925,1.5384685,0.92867005,0.41600257,-0.36112157,-1.0091928,-1.0651677
0.062807225,1.0179541,2.3399465,2.1441605,1.3484148,0.7143343,1.0440207,0.114854485,-0.80195796,-1.1155413
-0.19064733,1.0717901,1.7479043,1.9546062,2.0559042,0.78468347,0.05516947,0.07955363,-1.0300092,-1.3837066
-0.7378477,0.79096353,1.8722383,2.388929,1.835389,0.6224168,0.6297545,-0.31788197,-1.2212406,-1.4432508
-0.005134275,0.7269449,1.673961,2.4073176,2.2277477,1.0043746,0.6210074,-0.573893,-1.4469166,-0.78142875
-0.52588207,0.8684708,1.7441736,2.1775749,2.1033955,0.86660033,0.77658165,-0.3978474,-1.5661368,-1.1496227
-0.9606175,0.83602154,1.6481416,1.9625263,1.6510301,0.25681245,0.12966263,-0.5099007,-1.0823059,-1.5852757
0.02111708,0.15594071,0.91247565,1.8527186,1.6892891,0.7523024,0.65187967,-0.30127665,-1.0683995,-0.9871209
0.046273276,0.57521766,1.8241137,2.208668,1.7748622,0.91837823,0.25453517,-0.3570778,-1.2778943,-0.84555835
0.018734874,0.36436698,1.6709481,1.6165231,1.4087111,0.6917091,0.5869695,0.03240112,-1.1052603,-0.89198387
0.07007019,0.58640844,2.114635,1.8823433,1.741417,0.5150048,0.09426741,-0.414688,-1.0675718,-1.2215197
-0.2691251,0.66009504,1.234216,1.6919158,1.6744121,0.97966254,1.0457456,0.22610952,-1.0456108,-0.7979046
-0.38231114,0.39269415,1.4476085,1.8044431,1.4523208,0.31170687,0.32462037,-0.23517826,-0.7350009,-1.0582999
-0.6121807,0.8466022,1.5670307,2.1406682,2.013394,1.0533149,0.1630208,0.043228395,-0.9204166,-0.70496875
0.41027182,0.46392095,1.8874779,1.7640166,1.4805689,0.8523673,1.166098,-0.5584445,-1.6835753,-1.1676725
-0.3509208,0.7266323,1.5878495,1.571151,1.8155291,0.6660683,0.36932895,-0.0054030525,-0.2996674,-1.1672654
-0.3408856,0.24745004,1.5497173,1.478293,1.2434425,0.43369004,0.27698684,-0.19404215,-0.6299034,-0.6805186
-0.9328214,0.43946758,1.9019961,2.2934527,2.025393,0.8552111,0.5899299,-0.4076982,-1.7222022,-1.574555
-0.057961576,0.669706,1.5529538,1.7033226,1.6541014,0.9507121,-0.036901794,-0.4568561,-1.0660981,-1.0202334
-0.40567356,0.84785616,1.5835485,1.9526619,1.6714953,0.5641354,0.5290561,-0.013185767,-1.0700423,-0.8283553
-0.37612167,0.6671322,1.0647681,1.3401712,1.3978552,0.63333464,-0.034468785,0.085757785,-0.9797747,-1.1266673
-0.25337064,0.54905635,0.7295042,0.92514616,1.057104,0.13722187,0.29110295,0.060109172,-0.63978744,-0.63406247
-0.23314601,0.38103333,1.7777231,1.7639443,2.1353552,0.5763164,0.21371561,-0.06646688,-0.9125511,-1.6348081
-0.039377484,1.1529266,1.841715,1.8809742,1.7579271,0.9816152,0.6175734,-0.2321556,-1.1813865,-0.94840616
-0.7601545,0.43345127,1.5103422,2.12648,1.9304426,0.7702805,0.22712535,-0.28737807,-1.334464,-1.4421533
-0.12597233,0.48391995,1.5830864,1.7788663,2.0199096,0.998539,0.58103555,-0.110158995,-1.3263507,-0.7209392
-0.18856004,0.7653725,1.4739387,1.9722527,1.7617459,0.35215077,0.5192094,0.13755909,-1.4870298,-1.4881109
-0.646477,-0.20480184,1.0740501,1.6156006,1.8898222,0.83055675,0.14210725,-0.7280704,-0.84262604,-0.996662
-0.20948455,0.86709535,1.7943573,1.6374332,1.6082988,0.7545696,0.30980614,-0.0020268508,-1.2212898,-1.2516327
-0.3386924,0.6125047,1.3669083,1.3396966,1.4997443,0.36393338,0.22511709,-0.23772669,-0.86346644,-0.69835895
-0.30664504,0.56899977,1.5000584,1.8712556,1.936342,0.8385064,0.78225225,-0.025482768,-0.8114067,-0.99529004
-0.7477193,0.71836764,1.9464619,2.2249002,2.0496972,0.9376105,0.6040599,-0.50705695,-1.1945049,-1.2460616
-0.35642898,0.55679935,1.2326484,1.5196393,1.9257436,0.54018116,-0.05043566,-0.39064288,-1.0993024,-1.6201882
-1.0430254,0.6947764,2.3298488,2.7466116,2.289937,1.2095906,0.2773167,-0.5352666,-1.3312179,-1.5368199
-0.23338842,0.7105272,2.13872,2.0738814,2.3346643,0.6708842,0.16028233,-0.48083442,-0.91141534,-1.9461313
-0.5772165,0.32030642,1.2968948,2.0248005,1.70639,0.7351596,0.4772845,-0.24494824,-1.1288481,-1.1559352
-0.3801892,0.827881,2.120203,2.241109,1.6297003,1.3122526,0.425438,-0.20414889,-1.3456595,-1.0464133
-0.48913422,0.3747097,1.5380431,2.018151,1.8181067,0.7233999,0.69245857,-0.2792779,-1.2446414,-1.6342859
-0.44713315,0.6690988,1.5954652,2.0932891,2.0181315,0.4883951,0.9583135,0.2242505,-0.71229863,-1.4797056
-0.72040886,0.5273761,1.7814381,1.8350067,2.267905,1.1995646,0.09003739,-0.7975236,-1.3333234,-1.9287776
-0.079016715,0.7600099,1.4453202,2.4766405,2.4078987,0.70621896,0.4188549,-0.30426994,-1.2366979,-1.8204336
-0.69700956,1.151808,2.1218932,2.2754407,2.3939383,0.5421184,0.3276673,-0.22303513,-1.3386686,-1.4010062
-0.48730883,0.5886436,1.5893718,1.6278632,1.9690784,0.5844396,0.08122447,-0.23808378,-1.242574,-2.027775
-0.5467976,0.19917546,0.79629666,2.2053218,2.3293326,0.8680824,0.3155409,-0.509917,-1.185369,-1.0677028
-0.56141526,0.48676795,0.83924687,1.7133747,1.1841835,0.20058458,0.0025743656,-0.27918777,-0.77717227,-1.2172633
-0.27372903,0.9059662,2.2354243,2.386674,2.1630943,0.8819454,0.62072355,0.41917652,-1.0872061,-1.1372275
-0.06217297,0.5584555,1.8926026,1.9648426,1.4257519,1.0898067,0.43791616,-0.05133695,-0.7640173,-1.3330531
-0.9133706,0.48098287,2.2076433,2.5519135,2.258815,1.2339553,0.28374544,-0.14590676,-0.6715527,-1.055482
0.15443707,0.78141165,1.9850817,2.7526057,2.5745585,0.7302639,1.0006766,-0.35384348,-1.578617,-1.2492282
-0.5929631,0.70734316,1.9874595,2.517557,2.3265414,0.66340375,0.44597918,-0.354473,-1.4151344,-1.4411159
-0.2686144,0.75355136,1.7095873,1.7016997,1.3099182,0.35554236,0.53583074,-0.06887536,-1.0481366,-0.9863787
-0.06625449,1.0677667,1.9772323,2.3365777,2.0288005,1.1205488,0.37333414,-0.40574464,-1.3304398,-1.100323
-0.64319414,0.4861441,1.4762262,1.9297504,1.6571025,0.5710566,0.3346183,-0.37254173,-0.9422697,-1.6796271
-0.55349696,0.07938713,1.0535657,1.789906,1.2757254,0.53939414,0.50486,-0.18615842,-1.221461,-0.8499128
-0.44333544,0.78359044,1.1996769,1.8964189,1.4143229,0.6653588,0.6541751,-0.1996111,-0.992504,-0.9889788
-0.15141422,0.39070168,2.173432,2.0092285,1.6093144,1.0195217,0.8894559,0.42907417,-0.98883224,-1.1216575
-0.7798515,0.8661386,1.3873187,1.9160335,1.7480578,0.5287127,0.44115427,0.023509573,-1.1980103,-1.3354064
-0.38359675,0.44244924,1.5496354,1.8812541,1.2325258,0.36249465,0.42314896,-0.31141043,-1.071032,-0.77730757
-0.28189942,0.6457712,1.6704146,1.6549821,1.8318412,0.999364,0.5974583,-0.44651136,-1.0400405,-0.9711226
0.0053946236,0.5409449,1.5203412,1.8649844,2.0097108,1.0712726,0.8464795,0.021670986,-0.9686079,-1.068737
-1.0182807,0.905089,2.552419,2.8036423,2.4297738,1.1393988,0.3508069,-1.1097056,-1.0816365,-1.3138413
-0.062182777,0.44432297,1.1810356,1.7248324,1.4954569,0.96587014,0.45310292,-0.2465879,-0.77851707,-1.0328953
-0.11004769,0.39199647,1.717186,2.1762664,1.5142021,0.61482906,0.53533655,-0.32657003,-1.043162,-0.8468807
-0.49189827,0.48779544,1.1755456,1.8350334,1.7716515,0.8368103,0.42324778,-0.5641678,-0.9519957,-0.8982446
-0.72100645,0.71958554,1.6732404,2.4499633,1.7460893,0.81769896,0.11056541,-0.50201744,-0.92351186,-1.1619532
-0.08320023,0.36842406,1.1824399,1.8080976,1.6065981,-0.04164149,0.19844882,-0.40823066,-1.0691601,-1.1746581
0.20175907,0.62447,1.8440112,1.5029969,1.5654659,0.80914134,0.03505864,-0.17794512,-0.840074,-0.8836243
-0.14002138,0.1917098,1.344349,1.8574641,1.3466337,0.80987674,0.8297565,0.08060415,-1.1271068,-1.2189043
-0.14276391,0.4924427,1.4992504,2.1672163,2.1968133,0.9444125,0.9099211,-0.047554977,-0.64275223,-1.4479611
-0.4174714,0.18235084,1.4206661,1.6261629,1.4175677,1.1584406,0.48198766,0.15441135,-1.4143903,-0.9021604
-0.26098913,0.52919656,1.347615,1.7223123,1.1826209,0.620195,0.086265534,-0.012637809,-0.58811945,-0.6498724
-0.36611363,0.39422813,1.3271897,1.8880011,1.4904722,1.0604941,0.26030624,-0.19591716,-1.1192579,-1.4908353
0.35887733,0.6157402,2.4958677,2.392233,2.426225,1.4654562,0.68014646,0.016906751,-0.80296123,-1.394776
-0.40406898,0.4621801,1.7871052,1.8295312,1.4778099,0.60198873,0.6151376,-0.22229823,-1.0551494,-1.7277193
-0.514067,0.52383417,1.769035,2.049636,1.5230464,0.9506005,0.75778097,0.12689202,-0.84093297,-1.0262512
-0.03822833,0.97794133,1.3724711,2.0059786,1.8587217,0.8030372,0.9986726,0.26795232,-0.87552273,-0.77571136
-0.907675,0.6416624,1.3062329,1.4804062,1.7209638,1.126374,0.7302954,-0.28039744,-1.065623,-1.4807245
-0.58170676,0.1259211,1.506359,1.9224383,1.5817218,0.43474758,0.61939734,-0.1875814,-1.2084336,-1.044842
-0.4086268,0.5340458,1.4220424,2.1757872,2.0121655,1.2603469,0.37763062,-0.21859127,-1.0496141,-1.5447317
-0.4281909,0.80555415,2.0561988,2.3359535,2.3186514,1.063555,0.4529975,-0.36770043,-1.0550417,-1.1682392
-0.741886,1.2056481,1.8834049,2.3474462,2.6763914,1.1855055,0.87625676,0.056428045,-0.8578589,-1.0558472
-0.15505779,0.8731129,1.3167323,2.3998299,1.9319963,1.2793405,0.9904016,0.029667847,-1.1470011,-0.97580713
-0.16192451,0.6203992,1.422813,1.6917624,1.8306718,1.1037929,0.7413413,-0.3600954,-1.3397771,-0.957889
-0.37110987,0.42406026,1.4148718,1.7781793,1.8707006,0.74897677,0.5295924,0.03298001,-0.88893884,-1.042199
-0.26829815,0.33412653,1.5129759,2.2593088,2.0102382,0.8910821,0.43193796,-0.49860477,-0.7864767,-0.6019269
-0.24249536,0.22281992,1.8977236,2.480398,2.2933137,1.4675477,0.88341826,-0.6157654,-1.6954426,-1.287955
-0.2526322,1.2305988,2.361549,2.5978327,2.3067143,0.8223658,0.028998636,-0.11811852,-2.2850702,-1.3242732
-0.2506319,0.7726701,1.748026,2.0481882,1.5225385,0.68213576,0.28183043,0.5032275,-0.35638165,-0.9969202
-0.08260295,0.94828176,2.02369,2.2366507,1.9283489,0.6859513,0.8186554,0.05611235,-1.1785531,-1.3525999
-0.38407436,0.49214092,1.269018,1.6544567,2.0961351,0.72015715,0.22368523,0.08310581,-1.022631,-1.0225635
-0.14160517,0.27792156,1.3964664,1.7418793,2.0720758,0.77319276,0.33082232,0.19327088,-0.8896669,-1.5838816
-0.1831766,0.4462473,1.5408379,1.8176271,1.6047162,0.4536236,0.35757282,-0.24178109,-0.92707264,-0.9537396
0.1865601,1.1438347,2.4142644,2.786262,2.3507628,0.85687256,0.16027239,-0.19065799,-1.5212572,-1.2220715
0.2327883,0.3228531,1.8212466,1.8694087,1.5127186,0.66319704,0.65472275,0.42906246,-1.071505,-1.4697049
-0.4805467,0.57289034,1.8181361,1.8816649,1.7484666,1.059822,0.5891132,-0.62988317,-1.0049539,-0.6358358
0.22778675,0.32060117,1.6276729,1.9615933,1.8851714,1.0193807,1.1218324,0.40329137,-1.1283863,-0.5776821
0.20459384,0.51159215,2.1305332,2.535697,2.5379362,1.1251838,0.8043829,0.20106544,-0.7534181,-1.3455497
-0.40507823,0.7682521,1.4558443,2.1817367,1.7845674,0.72241694,0.77239275,0.15761226,-0.76895756,-0.9023989
-0.0078282915,0.8354712,1.5200009,1.9222509,1.7079324,0.6253479,0.21679533,-0.21990244,-1.2297148,-1.2419399
0.33078116,0.44338146,1.3713456,1.8703431,1.706568,0.42128345,0.542556,-0.06269323,-1.129125,-1.1494877
-0.25301188,0.61906284,1.3628767,1.6348507,1.9589355,0.7811452,0.23891708,-0.037620384,-1.0192018,-1.2181243
-0.9406679,0.46785507,1.8711721,2.054303,1.8865974,1.3020792,0.76059294,-0.043206263,-1.3685834,-1.6697816
-0.13169053,0.9210798,1.7927243,2.305108,2.3987784,0.8565838,0.55602866,-0.42520404,-1.1088248,-1.1007905
-0.61041594,0.9098173,1.8712891,2.2929955,2.1958897,0.73901266,0.14260657,-0.20303033,-1.0991256,-1.4573414
-0.08307629,0.30462435,1.5817797,1.9887208,1.4374669,0.22650798,0.43087965,-0.20569529,-1.1707143,-1.0650663
0.06380136,0.29379985,1.1653571,1.955098,1.9001062,0.57447803,0.52004117,-0.2475864,-0.99061954,-1.0768518
-0.36798736,0.82189447,2.6220343,2.9803903,2.7634616,1.5302943,0.54536533,-0.4210649,-2.150556,-1.9509425
-0.19456959,1.6274807,2.7164338,2.2047029,1.8206613,0.34626818,0.85131586,-0.21349578,-0.929229,-0.6646842
-0.11477987,1.3353902,2.4609303,2.2919455,2.1874363,1.2898061,0.8455745,-0.21462946,-1.4704964,-1.1924766
-0.1972143,0.7122008,2.7989545,3.8236723,3.6902633,1.7568343,1.0715901,-0.057231843,-1.2322233,-2.0626855
-0.8037567,1.9577246,4.2032533,4.7738786,4.0902257,2.171424,1.1395369,0.08648194,-1.3828521,-1.4671603
-1.2119793,1.0133225,3.0842922,4.33405,4.0929747,1.5487719,0.061710864,-1.6346197,-3.3678951,-2.1597242
-0.3447639,1.2736838,2.543445,2.9164715,1.9449809,0.9603951,-0.06338696,-0.49265337,-1.5243293,-1.847112
-0.017364122,0.52394384,1.8430567,2.025576,1.7969906,0.19030342,0.27002764,0.4137433,-0.91983426,-0.6839308
0.04941041,0.38526842,1.0109487,1.9611186,1.564246,0.39800674,0.4371606,-0.25664833,-0.51860535,-0.82257396
-0.39240137,0.59431493,1.8209891,1.9047623,1.7821362,0.7422997,0.3492582,0.36170402,-0.8087287,-1.1272578
-0.27355137,0.56165624,1.5416639,1.6422517,1.5830691,0.4032638,0.615988,-0.17317393,-0.8876645,-0.8793647
-0.37087741,0.73195416,1.8414658,2.0574644,1.8793205,0.43692833,0.09920712,0.07716712,-0.76947874,-1.258126
-0.35571203,0.276487,1.300345,1.7194233,1.3756667,0.6711646,0.3506982,-0.38825268,-1.4413325,-1.3785046
-0.4270125,0.6278413,1.3727057,1.5508392,1.4660021,0.41208324,0.0029436313,-0.009175859,-0.8978705,-0.97523683
-0.1592674,0.55329883,1.0782504,2.4148424,2.2464967,0.7640321,0.12541422,-0.31415662,-1.6213661,-1.5398563
-0.3975469,0.4416946,1.3337197,2.0069087,1.6350175,0.6912928,0.97348225,-0.40036374,-1.2271819,-1.111823
-0.7407673,0.07368956,1.3914816,2.0289319,1.6894193,0.8594883,0.48230344,-0.8347986,-2.124902,-1.0025777
-0.66665936,1.0598284,2.90566,3.9660175,3.1924808,1.7081993,0.49119073,-1.0424852,-1.901596,-1.4458044
-0.5667159,0.6999024,1.7421817,1.8527704,1.3429205,0.20985119,0.67133325,-0.07975673,-1.045585,-1.0613303
-1.0026555,0.40098593,1.3056943,1.8702835,1.8800136,1.0003796,0.6844034,-0.4103088,-0.73273814,-0.9337167
-0.37607625,0.34286964,1.7901683,1.7544096,1.5373198,0.58997905,0.37272003,-0.32357293,-1.4660501,-1.02371
-0.47539937,0.30688694,1.4693968,1.9578718,2.2027972,0.5914422,0.7424207,-0.60707456,-1.3421386,-1.2222372
-0.4371932,0.5702774,1.4817997,1.810371,1.6024715,0.71465033,0.76854855,-0.09518714,-0.74076545,-1.2326623
-0.13045973,0.6476481,1.1566559,1.554287,1.5090228,0.4219156,0.32387903,-0.14105557,-0.69096595,-0.94722646
-0.06206485,0.41929698,1.3528941,1.3230721,1.5398047,0.45947564,0.14924033,0.014911439,-0.6030502,-0.83120173
-0.38911277,0.31340185,1.3762002,2.117927,1.335996,0.60888386,0.36535016,-0.0050186436,-1.3428072,-1.1298541
-0.7102049,0.7775714,2.6936123,2.2065609,1.7432859,0.88164693,0.3998078,-0.8196185,-1.1124742,-1.8611935
-0.1789583,0.5970118,1.4889772,1.8692986,1.2510352,0.83886147,0.5422433,-0.3299128,-1.2677777,-1.332876
0.08199967,0.35011247,1.9016572,2.816312,2.3186524,1.5290302,0.96256894,-0.11670265,-1.4930469,-1.3074864
-0.27048063,0.10640948,1.4549452,1.6788826,1.8676149,0.52462906,0.3306977,0.087591894,-1.0650163,-1.5212972
-0.57336605,0.64904416,1.8842446,1.8604565,1.5258403,0.6777015,0.32992175,-1.1053786,-1.7573292,-0.75280404
-0.57326275,0.65970844,1.9692899,2.7281892,2.544843,1.240138,0.6375068,-0.42389128,-1.4754117,-1.5524076
0.1357842,0.69350886,1.9074614,2.5950675,2.2244897,1.3192922,0.86983573,-0.17531632,-1.3829709,-0.8891963
-0.05662176,0.37961623,1.238826,1.3684459,1.5317194,0.688543,0.6721109,-0.20304249,-0.72029585,-0.73952115
-1.1153693,0.3615224,1.7287216,2.4068866,1.957584,1.490248,0.43532237,-0.250447,-1.393078,-1.6737813
-0.050878987,0.16177076,1.3800033,1.5516031,1.2434691,0.7156148,0.06324902,-0.22783388,-1.2656511,-0.98721254
-0.72843015,0.66534054,1.6221122,2.1417892,1.8976796,0.8341758,0.8303755,-0.27017778,-0.9376116,-1.188018
-0.05885209,0.9641769,1.9529969,1.9641758,1.5825036,0.8145031,0.560311,-0.039354455,-1.3638359,-0.5534362
-0.65968776,0.849177,2.3325186,2.5756867,1.9920257,0.4876337,0.8770447,0.06572715,-1.0200248,-1.6401371
-0.2577981,0.48849392,1.2017213,1.4462887,1.3023012,0.4431272,0.575749,-0.21892929,-1.140293,-0.9302969
0.028050836,0.325865,1.5637041,1.5606952,1.7877885,0.5494477,0.59545034,0.027612396,-0.7022421,-1.0537275
-0.5586509,1.3586736,2.5824194,2.4507468,2.2870588,0.82659125,0.48444748,-0.39105633,-1.4945222,-1.4851891
0.011550579,0.37812206,1.4772241,1.5486455,1.3803889,0.5253084,-0.0105242655,0.03232109,-0.7621113,-0.890838
-0.7555969,0.8732375,1.4347954,1.5672389,1.5091755,0.7143846,0.27076185,-0.3597923,-0.7943041,-1.0165949
-0.7907323,0.026578637,1.2202929,1.5063448,1.7769916,0.5743543,0.4426413,-0.16772333,-1.1641492,-1.1632444
-0.04564336,0.103191555,1.6107893,1.5647588,1.6731304,0.5222603,0.7629654,0.23108143,-0.9710744,-1.2958125
-0.24459195,0.79571915,1.2005347,1.7989438,1.3000088,0.43089285,0.10428557,-0.1927054,-0.85961396,-1.074313
-0.19495896,0.7363883,1.2867621,2.131703,2.7959242,1.4360851,0.48390448,-0.62386864,-1.3962369,-1.6044232
-0.05860354,0.5951471,1.8864175,2.268315,1.6979994,0.86943924,0.48652005,-0.5620501,-1.5348155,-1.1846426
-0.46405587,0.5685113,1.4532002,1.8645785,1.8022124,1.0021664,0.5957402,-0.35510445,-1.0191053,-1.3780242
0.24532148,0.21016742,1.3174946,1.6230788,1.5794657,0.71470106,0.8136825,0.08782598,-1.159953,-1.0086219
0.35510498,0.90094805,2.2050526,2.466793,2.3228505,0.91205484,1.1949269,0.30910242,-0.96361107,-1.6232827
-0.27365813,0.665712,1.5049139,2.3199294,1.9080089,0.3921364,0.65213156,-0.17721792,-0.8841401,-1.2475019
-0.46680707,1.0221003,2.106315,2.2426772,1.9599057,1.1275674,0.88501555,0.09633131,-0.81384134,-1.3151598
-1.1408371,1.0298121,2.3603368,2.9683914,2.959146,1.6467515,0.6208251,-0.6438822,-1.7048419,-1.6430542
-1.1093954,0.4686488,1.662381,2.2099307,1.8248572,0.9440121,0.5960942,-0.11591012,-1.086324,-1.3499032
-0.69258773,0.3835116,1.315161,1.7289447,1.2785509,0.3251077,0.3692216,-0.054264687,-0.9225199,-1.0153114
-0.37702727,0.18173082,1.1721352,1.4293796,1.4400221,0.61690855,0.6619228,-0.06584841,-0.8912454,-1.3726681
-0.38680488,0.46207288,1.8075467,2.0295744,2.011691,0.55726105,0.32825023,-0.47508913,-0.68617475,-1.2667781
-0.60247964,1.2718399,2.112271,1.8389683,1.5037228,0.808589,0.10980943,-0.62863773,-0.8798832,-0.7513613
-1.0000364,0.5790037,1.6424031,2.6636622,2.1602142,1.0059832,0.5093822,-0.061210193,-1.492961,-1.6925503
-0.37786126,0.26769772,1.4071382,1.7198061,1.5347176,0.41864774,0.6905253,-0.10994708,-1.0447898,-0.9558134
-0.39726886,0.6007786,1.2111963,2.1658518,1.570066,0.31154203,0.33867213,0.051821344,-0.6621723,-0.8519654
-0.48143065,0.50905156,1.5473833,2.026997,1.778256,0.9898757,-0.08850865,-0.5617849,-1.1441073,-1.1250427
0.3427122,0.52497804,1.4631563,2.0464468,1.6419626,0.55227625,0.61881423,-0.2658098,-0.8624971,-1.0960585
-0.31696126,1.1279463,1.6850523,1.8161142,2.1659398,0.7040613,-0.034928285,-0.6379427,-1.0465242,-1.5859306
-0.03436178,-0.07943866,1.4247183,1.6636956,1.7629813,0.555696,0.9670664,0.56573147,-0.5652055,-1.3276523
-0.15978369,1.1201514,1.7808563,1.994897,1.6850274,0.49105293,0.3979836,-0.5653821,-1.0736563,-1.3743509
0.000895109,0.82720685,1.7221825,1.8218467,2.0971956,1.0072595,0.65175134,0.08125896,-1.324704,-0.9669176
-0.25546733,0.49623975,1.1609619,1.6101753,1.7272424,0.77386177,0.41763932,-0.13167593,-0.9979861,-0.8819397
-0.21259141,0.43943793,1.468674,1.3253676,1.5654634,0.66734296,0.15477791,0.06347248,-0.84253,-1.2649363
0.15660682,0.8867108,2.0745256,1.9955295,1.6589054,0.8028265,0.24843755,-0.5832047,-0.88533956,-1.0797135
-0.28583136,0.4785492,1.308106,1.8094225,1.5364141,0.6792351,0.67534715,-0.19351602,-0.3860092,-0.53817856
-0.36517754,0.3951323,1.3010828,2.2332902,2.1446807,0.6790029,0.29110858,-0.20513338,-1.376071,-0.69899565
-1.0487517,1.0039378,2.808483,3.1593401,2.7315216,1.4112525,0.7928025,-0.8534938,-1.6289496,-1.7145578
-0.7878701,0.22597039,1.577041,2.4361496,2.1045122,0.74507105,0.5257796,-0.4072548,-0.9834497,-1.11893
-0.009682167,0.24284603,1.1829176,2.0841289,1.8514612,1.0103812,0.49010265,0.2178992,-0.9712265,-1.1646664
-0.85609657,0.65597147,1.9510189,1.9616947,1.3549018,0.86141753,-0.21291842,-0.82870317,-1.6172684,-1.1227219
-0.21275365,0.5208901,1.6902913,1.4628605,1.5014096,0.79589194,1.1100788,0.09938265,-0.81101686,-1.198143
-0.19522783,0.34693554,1.1643374,1.2566394,1.4093047,0.44148493,0.30524236,-0.3338635,-0.7159759,-1.094408
-0.51050305,-0.05334355,0.8457217,1.1082121,1.4076843,0.5143156,0.4428941,-0.29461575,-0.9603049,-1.281398
-0.16627806,-0.09392191,1.024415,1.6657428,1.615231,0.65339446,1.0089715,-0.6575498,-0.8159577,-1.0108914
0.24370661,0.8829388,1.4523774,1.9383906,1.8739811,0.73318994,0.51895416,-0.2074361,-1.1758369,-0.851784
-0.5362046,0.34343633,1.37957,2.0651283,1.6992326,0.3629503,0.18921134,-0.5937529,-1.1378254,-0.97671497
-0.311458,0.76817626,2.3099463,1.9649295,1.8066404,0.40390697,0.044114277,-0.15066144,-0.68210715,-1.0567498
-0.20501384,0.8788538,1.935285,1.7923384,1.8472296,0.8039802,0.42578214,-0.1343701,-0.96549314,-1.3799901
-0.847984,0.45940542,1.8958132,1.9891516,1.5405873,0.5836473,0.85282165,-0.115848556,-1.2348747,-1.218276
-0.49468663,0.29745835,1.4937155,1.3258361,1.5408802,0.6048895,0.61457795,0.009059851,-0.84506345,-1.0996534
-0.685457,0.38787282,1.6657515,2.115955,1.6662862,0.16664591,0.4224603,-0.38738135,-0.7943406,-1.3053193
-0.33103272,0.639183,1.6563672,1.7367177,1.4246551,0.9720297,0.48247498,-0.20143087,-1.3247309,-0.87972635
-0.32236716,0.48508635,1.3318574,1.9584562,1.4200017,0.37581673,0.51295084,-0.11014234,-0.90843505,-0.96976936
0.15325496,0.8449082,1.7617897,2.0577753,1.834196,0.8934221,0.95366484,-0.17116943,-1.3838497,-1.0232912
-0.41090643,0.31226456,1.299223,1.5826427,1.1974138,0.2950631,0.2507376,-0.09682551,-0.9153189,-0.6767941
-0.34414643,0.050432447,0.7933185,1.3719373,1.4209471,0.7844722,0.5269027,-0.014186677,-0.9032482,-0.89861876
-0.23273692,0.38615122,1.6489593,1.3054233,1.4771663,0.71570385,0.74561906,0.19345976,-0.4209768,-0.72171533
-0.4975464,0.88048095,2.0377617,2.884499,1.8308008,0.96424425,0.16610709,-0.38263,-1.0941023,-0.91205174
-0.3416286,0.5602033,1.8571765,2.2721264,1.5926981,0.84120184,0.67705363,-0.3956576,-0.672064,-1.3638731
-0.19763303,0.68181634,1.6161342,1.8856288,1.6487932,0.6771755,0.47441077,-0.22012414,-1.1749648,-1.5198939
-0.17005926,0.59704584,1.6928627,2.0560443,1.3396691,0.7896959,0.7499069,0.27223158,-0.91535854,-1.503962
-0.14579937,0.5205562,1.5007032,1.9094973,2.017745,0.6098653,0.55201364,-0.18681848,-1.0543412,-1.1547017
0.35172254,0.7181382,1.4469417,2.2035806,1.8143455,0.6646758,0.5828183,-0.113873936,-0.80916303,-1.1476718
-0.47262302,0.44526714,1.3953288,1.465144,1.4438788,0.53919196,0.25152987,0.0026422462,-0.7430998,-0.82909316
-1.281893,1.1470273,2.7723107,3.0279913,3.396368,1.8946412,1.2092407,0.35585922,-1.3215727,-1.8869869
-0.53213006,0.037400477,1.3723423,1.8435364,1.6374769,0.8224311,1.0293471,0.13129288,-1.2367715,-1.3270724
-0.06436635,0.76110923,2.3479223,2.5059505,2.0656183,1.0577743,0.92212313,0.06799411,-1.0443081,-1.0801964
0.22951087,0.29496485,1.3106759,2.1364822,1.8253967,0.7303685,0.7712726,0.11338378,-0.8615737,-1.2788515
-0.6879229,0.50322706,2.7045968,2.821553,2.8468618,1.3040245,0.66606236,0.0788917,-1.5305947,-2.0541606
-0.5654635,1.6411104,2.8794408,2.8678272,2.38501,1.2586224,0.8874446,0.018945226,-1.3153374,-1.4586484
0.30205145,0.33422962,2.083235,3.2044983,2.7342062,0.9990529,0.4685976,-0.1778557,-1.1488867,-1.7298442
0.073139235,0.477976,1.3618023,1.8853543,1.8990794,0.7331488,-0.00042602792,-0.36245632,-1.0066096,-1.2067686
-0.74370897,0.5335022,1.1695601,1.9571965,2.0700243,1.2015127,0.7111937,0.19753033,-1.0369511,-1.45164
-0.06520956,0.8996505,1.8082671,1.9896497,1.4792898,0.63521725,0.5778092,-0.36311513,-1.3277653,-0.96938676
-0.47027302,0.5166565,1.6111046,2.0028129,1.4598813,0.33929002,0.65845895,-0.4380616,-1.1467236,-1.2153429
-0.43137586,1.3178592,2.5462809,2.4138324,1.8315492,0.8287166,0.3908731,-0.21159711,-1.2305932,-1.4271191
0.060187332,0.6750246,1.7624311,2.461318,2.2285056,1.1125367,0.55430037,-0.1563438,-0.6810589,-1.5033178
-0.2751073,0.75960577,1.5157928,1.9712907,1.8633313,0.6440226,0.033317775,-0.3912248,-1.0891212,-1.3509525
-0.22964251,0.31963003,1.6323472,2.8725386,2.3868208,0.7095519,0.47896588,-0.004793135,-1.3936754,-1.4774597
-0.7871671,0.82579464,1.7233902,2.0723443,1.7540388,1.1846455,0.18499203,-0.5319073,-1.4740632,-1.134375
-0.32995337,0.11718591,0.8384699,1.4129833,1.0104874,0.45266902,0.7102837,-0.19755635,-0.9646603,-0.7094883
-0.18547496,-0.13398124,1.2563908,1.6705676,1.5498536,0.7772832,0.42552358,-0.17841089,-0.605412,-0.77962047
-0.4164499,1.0961852,2.6124456,2.2037473,1.6532238,0.37625638,0.32323697,-0.54480207,-0.7331941,-1.163956
0.0992162,0.49766758,1.3794507,1.8587391,2.0420578,0.8149118,0.5702944,-0.36182857,-0.8609489,-0.73293823
-0.39508826,0.7336405,1.4335812,2.446605,1.7504745,0.6670594,0.78582674,-0.26057583,-1.4937534,-1.2435445
-0.40959302,0.8734504,1.5377263,2.6560514,2.672851,0.56280714,-0.23058286,-0.05100095,-0.94565135,-1.2034267
-0.53436106,0.5301059,1.3743862,1.806531,1.5155525,0.5649542,0.37389097,-0.40436307,-0.9326491,-1.2368727
-0.14560208,-0.022889044,1.4211458,1.866603,1.4290667,0.20915513,0.6308118,-0.1878962,-1.0840441,-1.2815555
0.21728173,0.9354549,1.9578418,1.6975305,1.9228166,0.89531,0.5857708,-0.17285773,-0.9105087,-1.2355553
-0.36035126,0.2428505,1.253743,1.9317968,1.4982474,1.0242542,0.9914465,0.31104928,-1.2525146,-1.3815597
-0.12601078,0.40306672,0.9456398,1.4171952,1.7485008,1.0311445,0.61050045,-0.21043147,-0.40594542,-0.94946647
-0.4589634,0.4561264,1.3655324,1.7746946,1.6338097,0.28181222,0.31923696,-0.37001714,-0.8546112,-1.118012
-0.3156617,0.36393315,0.89834315,1.6141064,1.327672,0.49516034,0.54726547,0.1011792,-0.671627,-1.1690747
0.25605747,0.84387,1.779929,1.9471022,1.3611963,0.8004076,0.7070388,0.2303755,-0.59627146,-0.8982015
-0.9474098,0.4444494,2.27236,2.801582,2.2941318,0.76901186,0.43089688,-0.20312232,-1.4577712,-1.608741
0.040720403,0.17714238,0.99891424,1.5480843,1.3708178,0.22714595,0.3039563,0.43295386,-1.0020286,-1.1772583
-0.11297416,0.8987694,1.8320545,1.6445763,1.5534612,0.50513124,0.4878837,-0.16581042,-1.2073051,-1.2683522
-0.5748771,0.29904193,1.769486,1.65258,1.3767512,0.8366512,0.31263286,-0.5611717,-0.8349977,-1.2100432
-0.3481835,0.5277348,2.0852582,2.1079135,1.7900356,1.3259168,1.12549,-0.26338845,-1.8427267,-1.3347559
-0.69740504,1.0949265,2.669398,2.6124423,2.3492117,0.6259657,0.15339164,-0.50445855,-1.3978416,-1.094842
-0.28250673,1.2288541,3.009713,2.508589,2.421123,0.84182775,0.5617286,-0.486079,-1.6532865,-1.4086332
-0.7394802,0.6949137,1.676635,2.5993521,2.117618,0.6386552,0.5844206,-0.048236676,-1.4045804,-2.1541884
-0.24647236,0.79064345,2.1615353,2.2767003,1.2486587,0.75512457,0.6489756,-0.39295253,-0.96690714,-1.0602986
-0.42296693,0.65732014,1.4205987,1.6235424,1.9482365,0.642104,0.35648388,0.18548323,-0.8479143,-0.9630841
0.099118635,0.5020653,1.6934621,2.0883248,1.9350544,0.86400414,0.46078867,-0.52935606,-1.4140747,-0.9986712
-0.7706978,0.5201489,1.9081448,2.1064699,2.0508401,0.9286074,0.011381883,-0.31437147,-1.5738388,-1.4162108
-0.547165,0.8406466,1.6426123,1.9670024,1.7868959,0.7362417,0.46555334,-0.05474634,-0.9062627,-1.6407571
0.20940015,0.61588806,2.3998451,2.2250485,1.8247148,0.9647279,0.7696658,-0.06318542,-1.2807456,-1.1895047
-0.13338405,0.36782065,1.4310437,2.0346856,1.7449657,0.58948356,0.4849776,-0.32289493,-0.3364351,-0.9301678
-0.66213655,0.7514062,1.7584844,2.0196497,1.6668907,0.77218354,0.34840828,0.61369413,-0.79289216,-1.809132
-0.09249717,0.36991593,1.3937584,1.5226382,1.1770263,0.6905878,0.8302512,0.25015408,-0.4413052,-0.8563374
-0.62879586,0.9988048,1.6435074,2.020049,2.1280088,0.86862403,0.35608542,-0.025736699,-0.6000728,-0.9828969
-0.88499093,1.5277306,2.3082225,2.6031432,2.2026598,0.9090453,0.6224817,-0.45378473,-2.146163,-2.2529974
-0.5315201,0.35372597,1.9513716,2.606688,1.9622539,0.7131889,0.72202396,-0.54344475,-1.0546793,-1.5366789
-0.27219218,0.4853109,1.6264765,1.7802262,1.8994033,0.609622,0.39857388,-0.19049335,-1.5628219,-1.0326791
-0.32670403,0.5894722,2.1569576,2.5579815,2.4698596,1.3870851,0.8206618,-0.44638744,-1.5273117,-0.7373253
-0.5031671,0.3095232,1.5353385,1.6622102,1.5829971,0.45817906,0.09597631,-0.20376892,-1.093583,-1.3246018
-0.76849246,0.37324277,1.093961,2.1264865,1.3763446,0.65818334,0.38942984,-0.6285944,-1.3403081,-1.2258569
-0.117722236,0.8098182,1.6656855,1.3355737,1.9004166,0.5172464,0.6508688,0.078867994,-1.1616666,-1.1089243
-0.1357409,0.60344505,1.2906272,1.2888976,1.5547292,0.493428,0.50644135,-0.20492917,-1.0256661,-0.81642413
-0.31300128,0.56341237,1.876004,1.6866777,1.891881,0.8625219,0.39583573,-0.65310687,-1.3310997,-1.3368357
-0.06326357,0.2267974,1.4028834,1.850408,2.0968542,0.77266383,0.5554552,0.01368507,-0.7429068,-1.1768894
0.24589765,0.52543974,2.1812336,2.9276285,2.342094,1.3114421,0.8549802,0.21534906,-1.2051948,-1.4946826
-1.0454915,0.97107095,1.5538498,1.8720016,1.6523612,0.394574,0.053753547,-0.2902632,-1.2439224,-0.856209
-0.25299838,0.6037447,2.1038094,2.255236,2.162277,0.7052967,0.65018666,0.11830724,-0.87317103,-0.88830775
-0.3047098,0.13317141,1.8131549,2.8341727,2.5752187,1.0936468,0.48791748,0.0017902842,-1.5567123,-1.9695063
-0.79586536,0.868644,1.9655141,2.2257156,1.8510964,1.0736371,0.93560046,-0.32031867,-1.3463577,-1.4861736
-0.387538,0.37608564,1.8244952,2.196271,2.0810144,1.097255,0.79677355,-0.21348304,-1.1621192,-0.9835372
-0.5799562,0.45148534,1.4255301,1.4953853,1.4724821,0.77078944,0.4254357,0.25312594,-0.8060093,-1.7698284
-0.043286677,0.6727683,1.5147179,1.4927771,1.9762813,0.71117526,0.5612352,0.21657044,-0.7509142,-1.5113628
-0.09235361,0.33521292,1.5062201,1.5531186,1.5253934,0.5871466,0.77826345,-0.20511079,-1.1358114,-0.5582578
-0.34188986,0.8164858,1.8936076,2.5229344,2.2568665,0.99494433,0.9937353,0.06696356,-0.7988748,-1.5152572
-0.12113824,0.53569174,1.4864243,1.5019833,1.0830369,0.2312157,0.32802045,-0.079862446,-0.97755647,-0.9087117
-0.32144335,0.49024263,1.0666231,1.7159998,1.400107,0.22691672,0.12838352,-0.3936681,-1.0945109,-0.9496016
-0.07168537,0.9408875,1.4008801,1.9137359,1.9308108,0.4338088,0.39292735,-0.34630463,-1.2441432,-1.0981884
-0.49483445,0.30378264,1.3186238,1.3662548,1.6495508,0.5812838,0.5673661,0.017552078,-0.54381067,-0.9641125
-0.30170426,0.8790826,2.0351434,1.7975969,2.0178463,0.6669369,0.39118597,-0.4213935,-1.1876854,-1.049939
-0.17952764,0.30265227,1.7007672,1.9933327,1.8915235,0.8356493,0.86863536,0.06573078,-0.7880703,-0.8166999
-0.6731066,0.50278753,1.5718386,1.9637827,1.5660421,1.0445101,0.7888398,-0.2227331,-1.0530111,-1.3604088
-0.8988561,1.053942,2.3888533,2.7719846,2.0381541,0.7505488,0.47809166,-0.3866468,-1.2793804,-1.5293283
-0.58964854,0.61948705,2.4831386,3.0519407,3.223537,1.7538772,1.1607361,0.28238797,-1.5543299,-1.8089551
-0.49110344,0.68488073,1.8186165,2.4144576,2.2664194,1.7306527,0.6378882,-0.5706808,-1.0188978,-1.2320595
-0.6209863,0.4054777,2.2016091,2.6141183,2.5512424,1.346307,0.42193648,0.08163434,-1.0308204,-1.2447183
-0.8875851,1.4103882,2.4405859,2.263263,1.5987992,0.80245155,0.5242427,-0.56683624,-0.8621626,-0.9059002
-0.28160223,0.26757407,1.3023701,1.8743526,1.6339729,0.47528833,0.7146167,-0.5106467,-1.2554947,-0.7929944
-0.59061426,0.6624422,1.4445368,2.2947798,2.0257587,0.92259526,0.6540614,-0.619399,-1.3901504,-1.1074677
-0.5942283,0.43422383,1.7288545,1.4730139,1.4032547,0.41384807,0.46619487,-0.32291606,-1.0088264,-0.8224091
-0.4634261,0.3187691,1.0761971,1.9562639,1.7734239,0.31311172,0.88361025,-0.33650532,-1.3274509,-1.1133744
-0.6064227,0.2557556,1.4103403,1.4281245,1.9813136,0.6365331,0.3380287,0.12684868,-1.1626137,-1.1880076
-0.7252252,0.5250391,1.5401415,2.057564,1.6198827,0.89485866,0.53864545,-0.25036484,-1.1201707,-1.1684735
-0.5224398,0.8252233,2.2254436,2.2928915,1.8292618,0.94644177,0.41213438,-0.43114218,-0.98437655,-0.6807263
-0.061297767,0.726135,1.6696136,2.2357512,1.203893,0.78846264,0.98287237,-0.2565177,-1.3951662,-1.2474527
0.057749998,0.33452934,1.9717199,2.3561413,1.5992385,0.28331172,0.41815603,-0.5044833,-0.7975685,-1.1020523
-0.09805205,0.5032464,1.7668554,2.3022423,1.8170612,1.2577105,0.61750746,-0.39389795,-1.3455443,-0.8934337
-0.8136254,0.5980538,1.4743909,2.2130125,1.3089107,0.6619155,0.6185693,-0.17950915,-1.2571433,-0.9505216
-0.3833777,0.43615198,1.6633881,2.341579,2.0990639,0.7953074,0.23492649,-0.106671035,-1.8091873,-1.5403897
-0.9069633,0.66541386,1.6391098,1.6992384,1.7953687,0.67906827,0.4649722,-0.83571506,-0.88142574,-1.1508445
-0.4647277,0.36923978,1.3141484,2.518064,1.5981911,0.9103209,0.5949589,-0.3908218,-1.3567177,-1.5713131
-0.61164117,0.70566946,2.1472108,1.6432154,1.6527838,0.7713796,0.4607477,-0.6275772,-1.0511856,-0.7991468
-1.4349318,0.6282544,2.3734899,2.9212108,2.1200628,1.1545353,0.3666382,-1.335865,-1.1805875,-1.4965464
-0.20292065,0.97797734,2.4801319,1.9872628,1.5454825,0.9294551,0.43228322,0.15384878,-1.146178,-1.0305046
-0.10036252,0.5408874,1.311534,2.0234003,1.1600281,0.47319496,0.40677136,-0.11681979,-1.2518011,-0.9844684
0.047461003,0.7311678,1.6862104,1.9386135,2.1990628,0.3164929,0.4382282,0.38669464,-1.2013842,-1.3065882
-0.37379318,0.66468805,1.4446139,2.0184574,2.1322272,1.294128,0.1828335,-0.84246325,-1.1722795,-1.3195648
0.10633066,0.51741505,1.1353079,1.509697,1.5690795,0.49606806,0.44870263,-0.33734223,-0.82634336,-1.0934455
-0.16471124,0.8956564,2.1925023,2.2848873,1.6686859,0.8435875,0.5776262,-0.53454286,-1.4699458,-1.6636971
-0.41671816,0.7027873,1.589592,1.3682996,1.35504,0.63869643,0.42770284,-0.5511204,-0.79630166,-0.72756356
-0.32065758,0.93226963,2.136551,2.6429956,2.4071546,1.0223562,0.68186736,-0.56056327,-1.3511156,-1.6819221
-0.7152462,0.8489041,2.2816746,1.8518735,1.6086745,0.7342963,0.043923914,-0.7352672,-0.76204884,-1.2974907
-0.56065226,0.4609488,1.617342,2.5653129,2.6965783,0.65950054,0.49495184,0.0073327012,-1.4454256,-1.7365036
-0.51782984,0.46308562,1.6712513,1.9518334,1.9907256,0.6335641,0.6828104,0.00092423055,-1.2649502,-1.7958393
0.12516761,0.6730406,1.5086229,1.8113205,1.7796224,1.249362,0.09494342,0.34078565,-1.1127044,-0.8616524
0.11696689,0.98167294,1.9308037,1.7356092,1.3383337,0.71651495,0.5951073,-0.33399275,-1.4792706,-0.6773999
-0.36494175,0.81300783,2.0632653,2.6888404,2.439323,0.9802977,0.47872722,-0.0739485,-1.197279,-1.310497
0.029677613,0.35541928,1.4895135,2.135915,1.5926608,0.96335375,1.0680931,-0.14125414,-1.2896059,-0.8597355
-0.5582496,0.346716,1.429166,1.8094709,1.9623097,0.9462353,0.3276598,-0.6697232,-0.9439177,-1.5033369
-0.110390626,0.41185743,1.1084242,1.6028404,1.1984742,0.10639924,0.67079526,-0.2288206,-0.8434623,-1.2129582
-0.16877538,0.4825762,1.8753594,2.0628438,1.5002434,0.6943458,0.43404195,-0.4071617,-0.82505935,-1.1056426
-0.8808015,0.6469032,1.7822758,2.2800775,2.2576373,0.9706681,0.9467448,-0.18923233,-1.269078,-1.5163946
-0.7157934,0.56009,1.4021846,2.0068958,1.9387866,1.0841116,0.7624179,0.27202633,-0.8960395,-0.7103157
0.044501733,0.122217104,1.3243568,1.9385962,1.6217009,0.7513724,0.38989577,0.0044606607,-0.7065007,-1.2550623
-0.11757649,0.09385793,1.4004612,1.2042248,1.3680536,0.5880543,0.9790994,-0.07737111,-0.75144833,-0.95048016
-0.49008825,1.0781021,1.5841756,1.7196822,1.484285,0.89607316,0.7348231,-0.14258859,-1.1684957,-0.89226633
0.1798751,0.9308306,1.4590262,2.3828895,2.5295482,0.84771115,0.6961747,0.22197194,-1.069414,-1.5632665
-0.24129659,0.6442027,1.5091584,1.5938752,1.3316208,0.65289617,0.374298,-0.4351212,-0.89962405,-0.90685683
-0.67956465,0.8657451,1.943768,1.9501486,1.630061,1.0685028,0.86696726,-0.026586676,-0.94009346,-1.475774
0.32029948,0.6321555,1.5695152,1.7770015,1.6410099,0.43542382,0.6503414,-0.5967739,-1.0437748,-1.0205024
-0.34933338,0.4754732,1.6148144,2.0140831,1.9352355,0.8969582,0.64278895,-0.12604614,-0.81728274,-1.0136218
-0.094387926,0.44879776,1.9191636,1.8456182,1.6755495,0.21380456,-0.02387492,-0.7842043,-1.3770477,-1.1559327
-0.6388725,0.7001029,1.5780034,1.8664804,1.9189595,0.70478517,0.7636187,-0.04524666,-1.1047058,-0.8270892
-0.32555938,0.33240762,1.147161,1.3719758,1.4016715,0.467726,0.417918,-0.5765485,-1.2630905,-0.78278637
-0.048970737,1.3142312,2.0508971,2.1237907,1.8485227,0.74312925,0.127153,-0.4262136,-1.1543089,-0.90546554
-0.19081664,0.84142506,1.985957,1.9443619,1.7515172,0.4651054,0.5130126,-0.009803174,-0.96344197,-1.1340067
-0.54422104,0.7809419,2.2345202,2.22451,1.933273,0.8003687,0.37067047,0.08583195,-1.291205,-1.6201849
-0.2455579,0.55155486,1.537461,1.7041521,1.410858,0.48526263,0.47614682,-0.19245805,-1.0984077,-0.81470764
-0.017736427,0.29114434,1.3481364,2.2163095,1.6589805,0.6420916,0.6146074,-0.2371,-1.1584942,-1.5595193
-0.6737112,0.32880935,1.7902496,1.9660376,1.5021918,0.892285,0.6397081,-0.10907908,-0.83919233,-0.7306045
-0.014596272,0.73841804,2.1431608,1.1752769,1.187174,0.5929334,0.3631242,0.06399539,-0.6703269,-0.9426172
-0.6756195,0.77948755,1.2914422,2.3310723,1.978038,0.4125542,0.18821324,-0.7474539,-1.3558198,-1.1329288
-0.089695156,0.32753745,1.5105813,1.7819301,1.6658092,0.6391524,0.6229777,-0.060193285,-0.9103319,-0.32292464
-0.2153207,0.282987,1.204448,1.755395,1.9007655,0.6844168,0.7887251,0.025495997,-0.9610269,-1.1912985
0.14453524,0.56982076,1.6207337,1.3869764,1.4240829,0.6958413,0.51275605,0.061723135,-0.7154896,-1.031419
-0.4333188,0.48208377,1.5170907,1.9146439,1.8812335,0.306099,0.096742615,-0.22436358,-0.7827574,-0.70975435
0.007151139,0.39335755,1.6386323,1.4361713,1.8181467,0.8786758,0.39913076,0.22720124,-0.60530263,-1.20205
-0.098226264,0.34809092,1.6699171,1.6662457,1.0929718,0.5401407,0.35085687,-0.24639833,-1.151932,-1.5848523
-0.60173357,0.3880583,1.7845273,2.1123438,1.5049971,1.1238631,0.9370327,-0.104410306,-1.2123653,-1.7086364
-1.2607166,0.512482,1.4234831,1.9007887,2.082765,1.0800894,0.89267933,0.18336143,-1.2608871,-1.8073065
0.055874493,-0.055174172,1.1778587,1.4213635,1.2292006,0.5780585,0.30359963,-0.119692415,-0.7753445,-0.94151825
-0.5451523,0.5838812,2.5566878,2.0861764,1.845679,0.8963947,0.32199922,0.16697955,-0.88024384,-1.3362113
-0.11920353,0.30098024,1.2950233,1.786668,1.6213317,0.7802084,0.82933867,-0.22532015,-1.3263505,-1.1930207
-0.94522107,0.6550169,1.8246806,2.433906,2.4915,1.1132183,0.5815111,-0.38541096,-1.122692,-0.88460904
-0.05136835,0.31276163,1.7238263,2.406793,2.4691133,1.2296783,0.7433311,-0.09114386,-0.53642875,-1.4186679
-0.59969926,1.2437598,2.3933809,2.6392283,2.2675781,1.3633895,0.49766207,-0.50336957,-0.9139763,-1.4640547
0.122553356,0.72126,2.4584067,2.8994749,2.155586,1.2789515,0.966833,-0.11720627,-0.975464,-1.5031877
-0.3138388,0.4541319,1.0018944,1.5977422,1.7130883,0.43297625,0.22372675,-0.20531292,-1.0633637,-1.0179628
-0.4990385,0.77126753,1.3241284,1.6192089,2.291998,0.40852803,-0.13492107,-0.1388865,-1.2816288,-1.0902805
-0.15862677,0.38150147,1.3507688,1.5136839,1.2262442,0.30860907,0.3882464,0.16286476,-0.790592,-0.3672317
-0.254347,0.07510538,1.2130436,1.7325282,1.647229,0.692695,0.28428546,-0.19948837,-0.71518606,-0.88809186
-0.009097014,0.6211781,1.1316656,1.5381914,2.1010501,0.7242123,0.5494474,-0.3982281,-0.9337992,-1.0790322
-0.34327522,0.39232957,1.513054,1.6852154,1.7730559,0.6084994,0.26717523,-0.2768733,-1.0153159,-1.1620369
-0.73258436,0.724686,2.3174205,1.9493154,1.484692,0.7395456,0.2863743,-0.13976386,-0.8885147,-1.1294248
-1.0645512,0.7059088,2.075246,1.9872621,1.8815309,0.79974025,0.4460454,-0.5435294,-1.1491188,-1.5252707
-0.17831609,0.63045186,1.1232973,1.4766289,1.8037171,0.059076656,0.08671007,0.036538143,-0.78902864,-1.1228505
-0.038183298,0.65698195,1.3712736,2.286335,2.191809,1.2344366,1.079345,0.14075765,-0.7182711,-0.6487769
0.3623121,0.57202786,1.4747388,1.6081543,1.6813624,0.6742634,0.4476274,-0.0978862,-0.83525705,-0.8844685
-0.22147226,0.21930192,2.32314,1.5695606,1.8117216,0.64113724,0.68344057,-0.44597393,-0.7424243,-1.0857079
-0.43440133,0.42794773,1.3942317,2.4553642,1.8085784,0.87679404,0.8190796,0.24215946,-0.9316666,-1.477807
-0.3672554,0.45561707,1.395907,1.758479,1.8249865,0.70330566,0.79050845,0.26727596,-0.82365674,-0.9841368
-0.5404031,0.4013382,1.2898309,2.0879717,1.7618247,0.99177086,0.87056565,-0.13261352,-0.93954307,-0.77068675
0.043159947,1.3654084,2.426643,3.0962143,2.6883092,1.1798602,0.4486115,-0.7556286,-1.5819643,-1.724676
-0.19546288,0.9974959,1.9237294,2.1968236,2.0076733,1.1008297,0.7445094,0.062192615,-1.1828433,-1.3041553
-0.3622178,0.443454,1.3937281,1.3009045,1.23741,0.26892424,0.521287,0.1800697,-0.92288435,-1.2023971
-0.4792564,0.68366504,1.5357722,2.1189938,1.6841596,0.7881685,0.39662594,-0.6554804,-0.98310685,-1.101051
-0.559282,0.92649543,1.7556695,1.46184,1.6925162,0.51226324,0.61863166,-0.52051336,-1.0553656,-1.0406572
-0.07432715,0.14078718,0.9560224,1.5295652,1.3523571,0.48425245,0.047372907,-0.015447933,-0.8218046,-0.79907954
-0.89302367,-0.035556518,0.67675424,2.0957072,1.9408721,0.6509845,0.41848743,-0.15025765,-1.6280344,-1.0039097
-0.58832085,-0.17264,1.3344064,1.9903234,1.5829544,1.1224855,0.3416224,-0.5557069,-1.1042606,-1.1509037
-0.03790471,0.451486,1.707801,2.3250346,2.4981735,1.5062125,1.0991238,0.08277715,-1.2238669,-1.4384001
0.31420437,0.78618133,2.434078,2.7530472,3.1861475,1.8567157,1.2437366,-0.26061952,-0.9708928,-2.115594
-1.4440941,1.0167736,2.9415178,3.2446563,2.9349177,1.6055163,0.61332464,-1.073322,-2.2351112,-2.2454937
-0.36904496,0.04865227,0.9201512,1.8880205,1.4521903,0.9798739,0.17305245,-0.30628932,-1.3737689,-1.2944261
-0.31179497,0.3581901,1.466534,1.7751452,1.7333009,0.44894564,0.06000413,-0.088806994,-0.786821,-1.3471987
0.14308217,0.6538977,1.0910758,1.4802449,1.5813355,0.4383237,0.240937,0.22766456,-0.8471669,-0.74267995
-1.2029606,1.4258993,2.4500732,2.2768993,2.1465204,0.42500836,0.3791219,-0.3329838,-1.2716359,-1.6364968
-0.6536122,0.4278205,1.1802659,1.9604692,2.1591403,0.60757303,0.52161366,-0.09187614,-1.127922,-1.8977611
-0.89368343,0.8874832,1.9618485,2.7010715,2.1650503,0.6736859,0.5824758,-0.30196896,-1.7438854,-1.3327447
-0.3553354,0.40052712,1.4808084,1.7656616,1.064078,0.7685633,0.36523977,-0.5491875,-0.99625957,-1.351631
-0.56939787,0.3725461,1.3391489,1.1094596,1.3432161,0.37693372,0.23533982,-0.13767734,-0.5223625,-0.8784381
-0.09283865,0.96359694,2.0855994,2.5652547,2.768644,1.1584733,0.49499464,-1.2323399,-1.3742033,-1.5276736
-0.35356358,0.49423584,1.8718178,2.7112987,2.321697,0.51355135,0.08285709,-0.959468,-1.799064,-1.1872112
-0.4401595,0.3515827,1.5539002,1.8417449,1.6770335,0.3706883,0.50142163,-0.7163689,-1.4468454,-1.48387
-0.10183861,0.4793357,1.3676198,1.6208864,1.903015,0.65993786,0.49329782,0.4245646,-0.72192585,-0.96526676
-0.37122956,0.5807162,1.7252449,2.0162225,1.34471,0.33597016,0.51589257,-0.013606347,-0.86676186,-1.3542917
0.013972085,0.011708122,1.1101952,1.7084031,1.6686531,0.70403737,0.53880376,-0.2031731,-0.6893804,-0.41691542
-0.34705862,0.6673605,1.7847396,1.9655291,2.0735765,0.93576694,1.0405293,-0.10041076,-1.6376529,-1.2669905
-0.049893804,0.5932697,1.6999409,2.2363615,1.784595,1.0469337,0.4022745,-0.66440004,-1.0688422,-1.1675644
-0.34456405,0.45643935,1.5278373,1.5730889,1.3036203,0.63993657,0.38039815,0.054452017,-0.8087724,-1.0409777
-0.26943013,0.6055235,1.0996051,1.5290636,1.1744721,0.83628035,0.5016541,-0.33032143,-0.7697657,-0.7518942
-0.1816192,0.9726741,1.5558219,1.280125,1.2990837,0.2755306,0.2202374,-0.039189816,-0.9589681,-1.2646433
-0.54250306,0.81123954,1.2254063,1.8860952,1.9230503,0.53957903,0.04387062,-0.22577848,-1.0853832,-1.4302578
-0.017302282,0.500596,2.2207887,2.7838302,2.5698678,1.288006,0.36244717,-0.19842088,-1.6426703,-2.4815285
-0.4143156,0.8495298,2.3256938,2.809358,2.4256947,1.6118689,1.1256173,-0.19024934,-1.6351885,-1.8750885
0.09051666,1.3424616,3.3270016,3.2366219,2.324286,1.4638016,0.71582574,-0.41087094,-1.4666723,-1.1715752
-0.03497877,0.25950518,1.6661311,2.2890358,2.250283,1.0366151,0.9721831,-0.1923684,-1.2319342,-1.3593974
-0.17429093,0.63556993,1.5849085,1.8052186,1.5333368,0.44175184,0.41776627,0.17829734,-0.8837057,-1.0080469
0.054657903,0.710219,1.6247936,1.7880241,1.6537712,0.75979805,0.45898813,-0.3378304,-1.0221088,-1.1790258
-0.074354015,1.1746585,1.9471403,2.6317406,2.3044672,0.9931681,1.4132588,-0.07811189,-1.9446162,-1.3184143
-0.20609558,0.48182788,1.2929453,1.9012489,1.6420022,0.822854,-0.031381585,-0.15932722,-0.80216706,-1.2044054
-0.2956243,0.5890208,1.4692411,1.8574337,1.6418451,0.52940077,0.4069352,-0.15036131,-0.5096785,-0.9102275
-0.066754736,0.52361834,1.4693972,1.6349643,1.670027,0.61588305,0.4126137,-0.4515047,-1.0571082,-1.3463248
-0.32744214,0.6163957,1.9522232,2.1234846,1.7554868,1.0019625,0.82327104,-0.34491128,-1.1255372,-0.9745192
-0.71091473,0.49288246,1.5115361,1.5572639,1.4966215,0.42692965,0.88215,0.38169357,-0.7841166,-0.9798448
-0.4313896,0.6564371,1.4623798,1.5180595,1.4083861,0.57808936,0.51674265,0.1740094,-0.74394625,-0.694449
-0.38591465,0.509529,1.5536757,2.0159075,1.2105951,0.5835492,0.88636583,-0.26407206,-1.429901,-1.0321478
-0.8174141,0.5236088,2.1120534,2.3790352,2.0077221,1.1874429,0.4774931,-0.22845723,-1.4089644,-1.3970551
0.25507572,0.32539827,1.568723,1.957583,1.8146235,0.5493626,0.3807405,-0.2726215,-0.7518109,-0.88313514
-0.4115921,0.5148188,2.0801284,2.0611289,1.5039493,0.88952994,0.39329553,-0.08583028,-0.7071258,-0.77839357
-0.40235928,-0.46622348,1.0393013,1.6653322,1.3275996,0.35050824,0.41441876,-0.06198082,-1.1061587,-0.77524424
-0.6349547,0.7863937,1.6224387,1.8403938,1.3062012,0.5526815,0.67179227,-0.49320287,-0.88056123,-1.1336972
-0.20445502,0.77563834,2.2491343,3.2662275,2.8570933,0.9068086,0.8644091,-0.023903266,-1.9725289,-1.7629658
-0.5708704,0.39140373,1.5411643,2.1541653,2.5940192,1.1507874,0.87029964,-0.19536552,-1.6652384,-1.7520765
-0.28750828,0.4577854,1.5528874,2.3687024,1.674295,0.65417695,0.5686702,0.41047958,-1.1095402,-1.4360801
-0.13738462,0.69312024,1.5812513,2.754462,2.0955586,0.6659352,0.340573,-0.48990154,-1.5019495,-0.98347664
-0.55339515,0.13872772,1.0849193,1.998582,1.9652675,1.1452705,0.64792776,-0.3147894,-1.2329463,-1.4109613
-0.13291883,0.46611863,1.1875393,1.9127072,1.5556204,0.5244528,0.68178505,0.036443558,-0.5130221,-1.5349596
-0.21918333,0.032731462,1.6993263,1.4835165,1.3796388,0.58015496,0.5747914,-0.14580716,-1.0939914,-1.092929
-0.4982027,-0.15019137,1.837129,3.4040442,2.5409076,1.2473536,1.0793445,-0.2307798,-1.2640841,-1.3450506
0.15404359,1.2724959,2.4386728,2.6611218,2.267747,1.1041751,0.63173074,-0.14740519,-1.5040227,-1.7264495
-0.50593615,0.76812416,1.8186651,2.45598,2.0609608,0.75401145,0.59732336,-0.086674534,-0.84999835,-1.1583515
-0.89225674,0.31157547,1.2735854,1.8612406,1.8708032,0.5503986,-0.011094669,-0.41261077,-1.0921762,-0.96161115
-0.29708126,1.3221027,1.6166873,1.6639624,2.0446448,0.82473236,0.14200287,0.16882199,-0.7235837,-1.2517959
-0.66373336,0.6839174,1.1853554,1.613114,1.82924,0.77816,0.6874232,0.18096404,-0.89065033,-1.2388616
-0.08142619,0.5516523,1.3966645,2.2560596,1.7082349,1.3338305,0.9297497,-0.27892888,-0.9735626,-0.8530761
-0.9710209,0.70726705,1.8743939,2.163295,1.784433,1.2284286,0.6991139,-0.05931916,-1.1007922,-1.1691304
-0.43220004,0.57761824,0.75759244,1.3223771,1.333765,0.24638768,0.12833087,-0.061792344,-0.76171553,-0.94233185
-0.4743947,0.8717261,1.6636078,1.8608865,1.8822293,0.3901337,0.14453675,-0.27274802,-1.3456701,-1.3432546
-0.085897386,0.6444309,1.7907147,1.6859074,1.7356799,0.64853233,0.59496284,-0.21887568,-0.70715445,-1.119454
-0.36681065,0.74990386,1.6881565,1.9469138,1.8190393,0.5548661,0.6027149,-0.30866435,-0.93231606,-1.286682
-0.3006037,1.5299133,2.7910438,2.505688,2.3086536,0.9261215,0.46721143,-0.6712248,-1.503337,-1.3567556
-1.0262619,0.52068186,1.5005249,2.2043831,1.1445589,0.58452153,0.11092433,-0.36397272,-1.1690422,-1.1438806
-0.7302102,0.9815779,1.899546,1.9426152,1.7052679,0.2711702,-0.1764631,-0.8003964,-1.2128212,-1.5267124
-0.412356,0.9069136,1.4206816,1.7433801,1.6014216,0.4671312,0.20441626,-0.14235426,-0.95643836,-1.2236038
0.19099608,0.52751815,1.4370819,1.4813708,1.439161,0.7162302,0.32973933,-0.2491197,-1.1178739,-0.6963272
-0.12424644,0.4861493,1.503245,1.7559135,1.6400678,0.6895067,0.12115726,-0.2693323,-0.7503108,-1.0335971
-0.69849044,0.77449006,2.2902715,2.2431552,2.1785595,0.6001178,0.25370073,-0.2863333,-1.5555129,-1.6861743
-0.5590251,0.82507795,3.1338367,4.403694,4.155356,1.9897538,0.30573925,-0.653102,-1.2504623,-1.8130401
-1.6419935,1.6822515,3.4210386,4.743478,4.1742697,1.9630855,0.6005431,-0.48719388,-2.2738743,-2.5205157
-0.9423311,1.0097215,2.34465,3.0692399,2.8653903,0.80318373,0.025496125,-0.17725168,-1.277565,-1.7865393
0.23857945,0.12568296,1.6153785,2.3025753,2.086822,1.3668009,0.71388334,-0.09842148,-0.9465639,-1.424589
0.0455777,0.22277527,0.9875932,1.4630486,1.4500043,1.0014875,0.55429006,-0.25915632,-1.1738509,-0.8406642
-0.66685,1.1389636,1.406186,2.0786407,1.548865,0.7633441,0.595337,-0.5627462,-1.3410747,-0.9545104
-0.10701484,0.8858154,2.8652809,2.950471,2.2524574,1.3000317,0.65279895,-0.5379847,-1.4082696,-1.506129
0.025241567,0.34571117,2.001713,2.7230456,2.4326282,0.90626687,1.1064118,0.10738345,-1.8121787,-1.5625066
-0.12351539,0.3767036,1.3373771,1.6419631,1.4826612,0.3978512,0.12372711,0.30508173,-1.1503083,-1.4954444
0.011830544,0.99876404,1.1395589,1.5722839,1.3885909,0.72590363,0.6659101,-0.30800503,-0.82533354,-0.7696223
0.0011842381,0.37864998,1.6241839,1.6975524,1.593257,0.8049875,0.4382584,0.1686647,-0.8816984,-0.36436418
-0.7779822,0.36915436,1.7040968,2.0697236,1.3591013,0.4638183,0.43336087,-0.07353521,-1.2817189,-1.5211072
-0.47440478,0.39849043,1.0455141,1.6733744,1.614119,1.1687922,0.26929927,-0.3573703,-0.8043784,-1.1768744
-0.7365388,0.43553498,1.9783736,2.1549873,1.7054167,0.97353816,1.1499127,-0.05232149,-0.6770988,-1.1521604
-0.6410703,0.7747587,1.5438113,1.78114,2.0477438,0.8523794,0.6126607,0.055611875,-1.3677549,-0.84487826
-0.63209575,0.89336836,1.728306,1.68904,2.0378518,1.0706964,0.46533984,-0.09398928,-1.1885643,-1.4438078
-0.7244531,1.1613499,1.7008195,2.0382314,1.8776977,1.0368235,0.30538216,-0.25975046,-1.1634103,-1.0009135
0.029250953,0.46298355,1.8154908,2.3533263,2.5590003,0.9355968,0.89077675,-0.052906353,-0.96856374,-0.789641
-0.7546487,1.0840265,1.6498712,2.165959,1.8281603,0.45856494,0.13930202,-0.3512586,-1.1748576,-1.3074827
-0.30187273,0.73172414,1.8826486,2.5410683,2.0234082,0.88911396,0.16702501,-0.12655157,-0.81669533,-1.1343371
0.22881502,0.5183486,1.3614663,2.822401,2.7295692,1.2059182,0.6789977,-0.17313378,-1.1275798,-1.7325038
0.4277956,0.7397367,2.2089317,2.3375568,1.819288,1.3366276,0.7260568,-0.5757726,-1.04535,-1.0192959
-0.570452,0.50117075,1.3377643,1.8885698,1.2359444,0.5165928,0.44643095,0.024078013,-0.68116426,-1.0798516
-0.32803974,0.38421488,1.7346067,1.991201,2.0986793,1.207811,0.5879371,-0.59721607,-1.0709742,-1.0566658
-0.7037243,1.2291198,2.6429508,2.9284046,2.4693742,0.79723036,0.9286724,0.07373291,-1.0541533,-1.4006674
-0.21901074,0.116667144,1.4301125,1.9469205,1.7731283,0.7337094,0.6566538,-0.10115026,-0.8595273,-0.98916537
-0.34168166,0.3814676,1.9159656,2.6090665,2.3983777,0.8572546,0.4275827,-0.56880116,-1.1220635,-1.8964671
0.2973674,1.1513934,2.799121,4.0057344,2.797775,1.0939504,0.33806875,-0.92513484,-1.9989548,-2.2412062
0.75118285,1.0585293,2.6399765,3.7644527,3.2265415,2.131868,0.765426,-0.7334631,-1.9710652,-1.603102
-1.8183818,1.3791374,2.907623,3.7171016,3.3196132,0.61855173,-0.30876783,-0.36943364,-1.722739,-2.3291075
-0.65735465,1.8364218,3.6989124,3.6405437,3.0279577,2.4436135,0.75654423,-0.38018706,-1.284958,-2.2955189
-0.07167215,0.9255381,3.2841387,4.2733603,3.9144638,1.7815266,1.0631318,-0.24678141,-1.9771883,-1.83876
-0.6523532,1.5073942,3.4112518,3.4834294,2.7809992,1.5554191,0.83360344,-0.6581457,-2.4014254,-2.048649
-0.65355474,1.3345065,2.7586179,3.2955656,2.8051796,1.0427068,0.5461144,-0.88331145,-1.8790966,-1.819905
0.23607227,1.3718969,3.0061357,3.3568225,2.8893101,1.880023,0.6960579,-0.021904306,-1.2650188,-1.3845456
-0.21754563,0.7310271,1.6624544,2.7744396,2.1047935,0.79442036,0.6974653,0.0050892485,-1.4243994,-1.7689095
0.3410052,0.8134863,1.4368389,1.4146146,1.5537539,0.8040963,0.35243785,0.19937558,-0.65084887,-1.0833647
-0.051782824,0.37661192,0.85138524,1.7042117,1.6920121,0.33591044,0.5817921,-0.09052984,-0.8849787,-1.3377932
0.6969807,1.1255258,2.5613136,2.8155668,2.1927063,1.3346841,0.9739444,-0.19791135,-1.7131616,-1.0822322
-0.44539076,0.35405913,1.846804,2.0112162,1.4879854,0.83886147,0.62759227,-0.05142398,-1.185709,-1.2356992
-0.829573,1.2994936,3.0371532,3.3515646,2.7002852,0.763725,0.61938334,-0.9642016,-1.6970865,-1.4962275
0.19233453,1.1348106,2.758213,2.6500564,2.1426506,1.222916,0.79063326,-0.75976115,-2.2503233,-1.7477933
-0.111656405,0.8127188,1.5773555,1.9466186,1.7148831,0.7131193,0.39752212,-0.180755,-1.3587725,-1.159619
-0.24927983,1.2378815,1.7072845,1.8184481,1.51436,0.8312263,0.47869682,0.07740612,-0.5283129,-0.7916028
-0.66613424,0.90663445,2.5047607,2.8842037,2.1494508,1.4935576,0.48644716,-0.72932744,-1.2358354,-1.5335811
-0.34826222,0.38735783,1.626114,2.3411093,2.0670128,0.8551874,0.70570946,-0.40201586,-1.0859886,-1.5252353
0.16355976,0.46829158,1.1604682,1.6610736,1.7185668,0.6854548,0.47427702,-0.00052703265,-0.9996139,-0.97067773
-0.30867374,0.5113455,1.4877462,1.7345647,1.6322342,0.44847953,0.5840743,-0.32353482,-1.178317,-1.2496743
-0.513984,0.36136243,0.99990666,1.3981781,1.675268,0.49043047,0.8294143,0.10539665,-0.78763807,-1.3516359
0.22520104,0.35333177,1.0549695,1.6718171,1.7793863,0.7478123,0.5600392,-0.17056935,-0.75490576,-0.4907715
-0.59200656,0.41816643,1.3345424,1.5902379,1.2673392,0.7420648,0.3711762,-0.12106061,-1.1803396,-1.0439132
0.15822971,0.87422925,1.4196362,2.0142117,1.9620022,1.1559986,0.0072057694,-0.26954192,-1.2988453,-1.481666
-0.47452176,0.9806023,2.6798637,2.918528,2.5062687,0.8385765,0.33744976,-0.19542103,-1.9013563,-1.3778198
-0.26898646,0.46357268,1.806818,1.8256373,1.8390617,0.87934095,0.648838,-0.040538564,-0.44251782,-1.1635592
-0.63001513,0.15401727,1.5533398,1.5481987,1.4558994,0.6288973,0.39482778,0.18829054,-1.194668,-1.5024425
-0.34360495,1.2036636,2.2838106,2.4354136,2.4899251,1.3010808,0.6610077,-0.011222269,-1.0943774,-1.2735903
-0.557946,0.66524833,1.1607022,1.0351441,1.1402602,0.5690341,0.41653284,-0.44685552,-0.67289245,-0.6163669
-0.57460535,0.8208529,2.1811314,2.3721313,2.1938148,1.3811784,0.54791003,-0.15773267,-1.3291011,-1.7331758
0.11974498,0.39599082,1.4516836,1.5989724,1.750711,0.40266636,0.2834095,-0.5070455,-0.73562956,-1.2802106
-0.15974256,0.6843039,1.1542889,1.982555,1.7322806,0.63829094,0.70959,0.26759446,-1.077146,-1.0719001
-0.45970443,0.33171767,1.5654234,1.9621968,1.4244533,0.21997647,0.6530943,-0.05286148,-1.2885984,-0.767615
-0.1314461,0.615965,1.5699826,2.4089837,2.4632733,0.88671714,0.39819413,-0.10128771,-1.7628871,-0.76908207
-0.09709152,0.24308889,1.4420513,2.1600375,1.4985112,0.9982594,0.47304714,-0.56968427,-1.2044997,-1.1273893
-0.33225983,-0.04463481,1.6900884,2.082874,1.4911225,1.064437,0.8428181,0.19960754,-1.3283445,-1.1343364
0.35145983,0.307338,1.1590585,1.8401859,1.5497396,0.7982359,0.58414114,0.268516,-1.3330873,-0.5969116
-0.21288559,0.4475818,1.0868595,2.188196,1.7311755,0.9123301,0.9047678,-0.49347404,-1.1570662,-1.559098
-0.12728935,0.9271027,1.3657912,2.3943443,1.9449759,0.69825184,0.9205431,0.45040447,-0.9226785,-1.2141683
-0.9368615,0.5561437,1.3785911,2.1995938,1.451995,0.43479803,0.52569115,-0.3622828,-1.0235342,-1.3847815
-0.5640963,0.329548,1.3109592,1.4701923,1.4899225,0.68370104,0.76778895,-0.27042687,-1.2711924,-1.1439539
-0.23319966,0.32637593,1.1678113,1.6845918,1.6022379,0.5860929,0.27651784,-0.0857426,-1.0207498,-1.125207
0.17429614,0.21108644,1.7996612,1.8895382,1.6108775,0.9058847,0.7552883,0.35510945,-0.6415042,-0.6244117
-0.013040785,0.51103204,0.8302957,1.7613996,1.7534684,0.7252689,0.2841084,-0.18855412,-0.6363111,-0.7580236
-0.18368673,0.3095633,1.5991049,1.9884847,1.5635482,0.7863639,1.0443771,-0.23802154,-1.4485546,-1.6310234
-0.10411544,0.6755069,1.1215426,1.5852929,1.7750508,0.98076355,0.42955986,0.095755816,-0.40462875,-0.8175908
-0.44243833,0.5834113,1.1816387,1.3475987,1.261685,0.7730398,0.7820346,-0.4673932,-1.0529267,-0.9154834
0.21501204,0.54964113,1.3030508,2.0854526,1.695688,0.6674136,0.5542323,-0.013768474,-0.86288214,-0.8628749
-0.30534294,1.1585114,2.2414017,2.8968754,2.514583,1.5201867,1.045363,-0.35565937,-0.9496646,-0.72459924
-0.64220756,0.18423925,1.3659599,1.7524731,1.3668228,0.53453755,0.16540892,-0.7581317,-1.0757084,-0.767017
-0.9063383,0.34613943,1.5251447,1.8207854,1.5814692,0.3244585,0.36079374,-0.35664716,-1.1978579,-1.4624078
0.10186006,0.47851142,1.5374333,1.7121869,1.7624782,0.5670983,0.6243503,-0.3848532,-1.0499424,-1.1351157
-0.5976271,0.15745637,1.8394287,2.1574547,1.8636172,1.0668473,1.0955858,0.09200719,-0.8919321,-1.3186479
-0.22780403,0.8004367,2.0028672,2.5346239,1.9543334,0.8336397,0.093683064,-0.5948828,-1.4580008,-1.2762249
-0.12837374,0.24813215,1.3277833,1.8914787,1.2820605,0.50392836,1.0331676,-0.24809697,-1.2106111,-1.166715
-0.60594064,0.96713495,2.2442791,2.7786062,2.2309659,0.72433054,0.5058604,-0.46565193,-1.1951009,-2.2410064
-0.35140345,0.37694153,2.0834951,2.6085744,2.5321798,1.0495067,0.7617587,-0.061944664,-1.2969254,-1.4740686
0.014061079,0.010843497,1.2649255,1.6318184,1.3852133,1.2744938,0.97215784,0.1589688,-0.8780393,-0.8263176
-1.049446,-0.06719782,1.1994953,2.1239564,1.5318629,0.75922847,0.62214375,-0.47628587,-1.2545555,-1.3516599
-0.58351177,0.28022155,1.275784,2.1438982,1.7904823,0.89721334,0.5184341,-0.15674564,-0.76543194,-1.0434475
-0.6469114,0.9392394,1.8711835,2.0012383,1.7304378,0.9283809,0.4976989,-0.77552676,-1.4914812,-1.0858306
-0.5001203,0.22409585,1.7498899,2.1110537,2.0465846,1.0104772,0.30449432,-0.06160263,-1.1067559,-1.0251721
-0.23349074,0.69289756,2.3061109,2.2338672,1.7656329,0.57127917,0.14823955,-0.66718704,-0.9218715,-1.754228
-0.15292335,-0.0018494199,1.2300197,1.4970245,1.3408794,0.73727983,0.46097195,-0.3956317,-0.982738,-0.63409823
-1.057635,0.27615166,1.3309486,1.7147604,1.4114451,0.73137,0.17292422,0.20180106,-1.0193136,-1.2549038
0.0069600577,0.5173224,1.1241747,1.8040634,1.4912952,0.70250916,0.7669334,-0.057668693,-0.54547817,-0.8705153
-0.64733654,0.54668874,1.3280151,1.4347361,1.14816,0.19941504,0.39745298,0.2440132,-0.7387505,-1.217341
-0.26502392,0.3594692,1.4332234,1.5737649,1.353147,0.5867933,0.6932498,0.21032949,-0.7326382,-1.1682556
-0.5468373,0.38694876,1.132413,1.8019977,2.1175504,0.8251264,0.49385023,-0.23204732,-1.2958523,-1.1739734
-0.037454985,0.501667,1.6019511,1.7019055,1.4110433,0.6134023,0.32093924,-0.006572208,-0.84302837,-0.859746
-0.03405728,0.8013457,1.833745,2.1364193,1.578974,1.3398637,0.77416664,-0.5851208,-0.9281324,-1.0100917
-0.46169427,-0.019884955,1.543876,1.7007303,1.2792118,0.22093289,0.70283353,0.01919414,-0.7375339,-1.5118433
-0.20217636,-0.0775232,1.0659262,1.5491099,1.5868008,0.72937703,0.5090162,0.02014244,-0.66792756,-1.1029923
-0.4582222,1.037011,2.0622456,2.332773,2.0238006,0.82452273,0.178036,-0.61161804,-1.0331445,-1.2699142
-0.08080745,0.65983593,1.3025457,1.5183442,1.216639,0.52018017,0.3311744,0.32390693,-0.75914145,-0.50149477
-0.23351929,0.4512445,1.3825831,1.878849,1.8678095,0.5127527,0.0525456,-0.046593156,-0.9649378,-1.501404
-0.39700326,0.7028972,2.1003437,2.8698132,2.0624402,1.0120184,0.636289,-0.062008843,-1.0365338,-0.93256414
-0.23829213,0.42956576,1.6858382,2.2217658,2.093731,0.80756927,0.70963126,-0.103511706,-1.0724893,-1.2764509
-0.5269139,0.6892288,2.1432397,2.3337662,2.0793335,0.5322245,0.4991609,0.15620863,-0.92985195,-1.4332554
-0.111261465,0.81786877,2.2685926,1.9333558,1.5965164,0.9619067,0.34851643,-0.50792146,-0.9825125,-0.92980635
-0.45190185,0.53829426,1.7673837,2.504393,1.8194538,1.2001033,0.27697825,-0.36954767,-1.7375326,-2.4483747
-0.40650913,0.72990274,1.4708341,2.2013986,2.2173097,0.73236036,0.41584352,-0.066823766,-0.8544975,-1.3669407
-0.52737546,0.6993432,1.7908045,1.5647619,1.760222,0.418297,0.22398666,-0.46185037,-0.9105203,-1.4890313
-0.1751009,0.27908948,1.5220231,1.614201,1.2403353,0.68321574,0.8029606,0.3596361,-0.6965793,-1.0148867
-0.26659855,0.12738125,1.2357292,1.6155912,1.8501229,0.6028057,0.36685976,-0.13726172,-0.80900836,-1.0788267
-0.3368481,0.47605628,1.9173368,2.138654,1.7198666,0.97275686,0.4322023,-0.56992745,-1.0525353,-1.080636
-0.39126348,0.8682073,1.8509994,2.592742,2.1358178,1.0587184,0.66062456,-0.2425304,-0.45581716,-0.41264218
-0.36270896,0.3286172,0.86406064,1.569146,1.3568952,0.54952735,0.5260578,0.13065176,-0.90067863,-1.1822646
-0.013302302,0.54643935,1.6982404,1.6376333,1.0125017,0.70411456,0.5930439,-0.27585864,-1.1222934,-1.1441498
-0.15203407,0.2245635,1.1737854,1.4585165,1.289541,0.16361316,0.8856617,0.1454384,-0.9521139,-1.262405
0.013106707,0.26880997,0.62202984,1.9178282,1.8157128,0.67676044,0.019723155,0.04768117,-0.64316493,-1.0647721
-0.05319103,0.38917425,1.1563636,1.7481047,1.8764377,1.0885562,0.34166145,-0.12689711,-1.2914922,-1.1030383
-0.40357274,0.33170265,2.155909,2.8630998,3.0428188,1.4033414,1.4076426,-0.22373451,-1.8568006,-2.0282645
0.042093337,1.5494541,3.4145489,3.5233755,2.2991638,1.0818565,0.9381271,-0.23477246,-1.1959753,-1.0311482
0.25959066,0.3865514,1.5051188,1.7123313,1.9781519,1.1428196,0.89499,0.023177933,-1.1044025,-0.95053256
-0.42109358,1.063023,2.056048,1.574821,1.8205737,0.4731024,0.24345624,-0.3375838,-1.4118844,-1.0666074
-0.28389314,0.28856945,1.3234056,1.8689241,1.1366394,0.47629273,0.10488157,0.10333243,-0.69429547,-0.7735276
-0.35810745,0.7297409,1.2731055,1.7156227,1.7980638,0.7131796,-0.11617606,-0.11446369,-0.8671441,-1.2598388
-0.5954915,0.5537943,1.4269683,1.6997824,1.4573317,0.9238887,0.49522412,-0.055581618,-0.8846348,-0.96032107
-0.5522303,1.1131693,2.0283284,2.3373144,2.3711097,0.81662023,0.11708367,0.27794486,-1.1962174,-1.4405394
-0.55379164,0.46874744,1.5997602,2.0524466,2.0197778,0.45166862,0.6996225,-0.11510892,-0.73107195,-1.4145849
-0.034801025,0.1998232,1.2894254,1.7980671,1.7071872,1.0581049,0.51415217,-0.14163016,-0.92612636,-0.7554633
-0.069149144,0.78676605,1.6116298,1.2931833,1.450446,0.5017935,0.36904994,-0.56480455,-0.7153871,-0.77189845
-0.060806803,0.31729192,1.3115005,2.1272492,1.9282329,0.98124003,0.43715802,0.2868766,-0.77902675,-0.6884662
-0.7456037,1.3166426,2.9406514,2.4525244,2.1548035,1.6057583,1.3769284,0.059433125,-0.6843148,-1.1436901
-0.014019866,0.38262895,1.9635733,2.7097564,2.606396,1.0809929,1.0930568,-0.3425118,-1.213201,-1.3278759
-1.3122573,0.37496045,1.5234406,1.916569,2.1218708,0.57475156,0.26606175,-0.5165811,-1.6944637,-1.5294716
-0.44511673,0.77139544,1.916892,2.2945094,2.1154773,1.216635,0.44215026,-0.3387911,-0.7877148,-0.89047754
-0.42276523,1.1368297,2.2424574,2.0450203,2.1165864,1.0098898,0.6920956,0.16861722,-1.1294854,-1.3014114
-0.16614404,0.7318393,1.9428265,1.787509,1.7960532,0.6701176,0.4550599,0.028436225,-0.6450333,-1.2411013
-0.44602665,0.6919822,1.2751355,1.5600743,1.5876486,0.5152166,0.39511177,-0.3143742,-1.0085938,-0.66167885
-0.544805,0.82771254,2.1264215,3.0073788,2.2949986,0.74364007,0.3018493,-0.47799975,-1.6716566,-1.5626568
-0.2134875,0.19179109,1.8864118,2.980066,2.4633677,1.4086288,0.67954165,-0.55166304,-1.118103,-1.2637486
-0.50733423,0.30127156,1.5831215,2.21325,1.9681786,1.0275987,0.4235655,-0.250964,-1.2990012,-1.6443421
0.24571434,0.8181031,2.291874,2.6689003,2.3668907,1.8000975,0.5188546,-0.40604505,-1.3284061,-1.6258885
-0.7201017,0.47464377,1.2704406,1.5756049,1.7016473,0.51494646,0.78792655,0.16550225,-0.79064566,-1.1038146
-0.08988107,-0.014339018,1.3204962,1.9787027,1.5690005,0.7338927,0.70422083,-0.08733533,-0.74031025,-1.4366452
-0.63608557,0.71812105,1.675992,2.1686375,1.9502556,0.55141294,0.61799943,-0.15577056,-1.2784411,-1.2639259
-0.13408822,0.69876724,1.7350359,1.6866183,2.0460963,0.752111,0.40936092,-0.3186788,-0.45770156,-1.4338166
-0.0035026968,0.69899243,1.019991,2.0397923,1.633017,0.6478968,0.98063743,-0.064303786,-0.6356252,-1.0726161
0.13586873,0.60584384,1.8976328,2.2786953,1.6128461,0.6955368,0.31832805,-0.5083698,-1.1637768,-0.9197336
0.028615315,0.421521,1.6473134,2.069348,1.8795825,1.2982515,0.9716555,0.03256103,-0.7668104,-1.1835742
0.15710723,0.18658724,1.387847,1.4303916,1.2391202,0.68206817,0.52517074,-0.4136734,-1.148683,-1.0461354
-0.7529983,0.32276616,1.2894549,2.2666872,2.0007386,0.92049456,0.8948824,-0.427516,-1.2872334,-1.5187547
-0.78434306,0.5073739,1.7152677,2.249448,2.3766484,0.9808948,0.6601604,-0.36124098,-1.2236496,-1.3502148
0.33643007,1.1388351,2.0145335,2.0665536,1.6808308,1.0536134,1.0778214,0.42288253,-1.3841764,-0.96499854
-0.3925778,0.6497326,1.5913688,2.5122347,2.0190287,0.7775647,0.252288,-0.6391297,-1.069001,-1.7898647
-0.648919,1.0702287,2.364302,2.3151083,2.0212164,0.91106904,0.15033044,-0.3000224,-1.0475122,-1.3188691
-0.5189738,0.6808105,1.2740922,2.0016434,2.1320417,0.9300832,0.5599065,-0.4228067,-0.78853023,-1.5945717
-0.5232668,0.27936268,1.37763,1.9675953,2.1479437,1.1455747,1.1920127,-0.2839484,-1.3155199,-1.548019
-0.37675038,0.18539223,0.9031529,1.2295948,1.6132455,1.0726508,0.70333946,0.23823072,-0.8903702,-0.7050173
-0.4259209,0.19353151,1.4053522,1.6330014,1.2841262,0.39703867,0.42345673,-0.29115942,-0.94632053,-1.0562805
-0.60090524,0.977455,1.8352368,2.054227,1.5208354,0.50276077,0.36238614,-0.8178217,-1.6916848,-0.84981656
0.066981316,0.21866034,1.6312499,2.5713897,1.9297186,1.0751289,0.6736425,-0.25153401,-0.9239182,-1.3417333
-0.3469614,1.2687871,2.1589673,2.559154,2.1994715,1.1302419,0.8593342,-0.29732203,-1.6498702,-1.2261643
-0.059361234,0.76254725,1.7291822,1.7049412,1.4196126,0.7010001,0.3767734,0.43757808,-0.87628406,-0.39037505
-0.40985957,0.83196294,1.131626,1.3074938,1.5090697,0.12759422,0.24268174,-0.18898688,-0.83761114,-0.7536662
-0.021438938,0.37523508,1.8615386,2.3441753,2.2560785,0.8524167,0.7156703,-0.4196243,-0.9549013,-1.3664382
-0.6956993,0.4986184,1.7170306,2.0494618,1.3294871,0.8972301,0.9156752,0.11476552,-1.5180227,-1.6782151
0.0019688401,0.25032,0.9449293,1.3780899,1.4271749,1.0036275,0.3804839,-0.10750698,-0.90210444,-0.7642336
-0.7809585,0.31401238,1.3374451,2.4693556,1.4027716,0.44712508,0.602212,-0.0544538,-1.1898808,-1.3454767
-0.18128645,1.2305313,2.1674743,2.4850855,1.9571934,0.917044,0.7514305,0.26825818,-0.87979263,-1.0127145
-0.79647,0.40936717,1.1318924,1.6428616,1.255848,0.4444828,0.44995785,0.14580101,-0.9965836,-0.91256803
-0.6404654,0.4680465,2.1696832,1.9995853,1.9439733,0.9051125,0.66958684,-0.061578043,-1.09561,-1.3460944
-1.050654,0.73275644,1.5641898,1.6912155,1.3520104,0.6906628,0.7917717,-0.32510364,-0.972759,-1.0888107
-0.22743008,0.67894566,1.4157097,1.0934473,1.4110435,0.64389735,0.42056996,-0.1398089,-0.5939493,-0.64411175
-0.00042617135,0.031094732,1.4065256,1.9665492,1.7348453,0.88266,0.5394097,-0.21904662,-1.0281379,-0.4551889
-0.4612905,0.66584027,1.7664596,2.392647,2.0638118,1.3454974,0.98939097,-0.054967724,-1.1818438,-1.4325713
-0.5588238,0.64709413,1.4484179,2.1371796,1.2574915,0.6984349,0.26038337,-0.4257017,-0.8773944,-1.0064319
-0.6959459,0.22775833,1.6427703,2.052525,2.011746,0.8779898,0.36596557,-0.45965907,-1.6032499,-2.0562913
-0.38076368,0.6567329,1.1541908,2.0938272,1.8222716,0.913793,0.6048653,-0.46305832,-1.160374,-1.0868629
-1.0231227,0.45813867,2.1349254,2.9418335,2.4304028,1.4879011,0.43980527,-0.71880805,-2.1011994,-2.193309
-1.0244244,0.4726324,1.3986089,1.7885898,1.3888843,0.62439436,0.48007333,-0.230156,-0.82532716,-0.745121
-0.6793945,0.8175159,2.4012766,3.105631,3.1513844,2.2734036,2.0775518,0.792939,-1.4842441,-2.0871444
0.14951861,0.52224165,1.0592823,1.6039075,1.6697837,1.0856359,0.43068212,-0.11702999,-1.3748206,-1.250905
-0.06746913,0.7858196,2.366778,2.5076327,1.8975003,1.0288918,-0.006976638,0.10131373,-1.4413562,-1.279907
0.27286673,0.80283207,2.0001204,2.3173325,2.2576692,1.0224441,0.73201156,0.19720526,-1.2541983,-2.0124586
-0.7843098,0.55746955,2.1549644,2.0935237,1.9858357,0.895073,0.5310712,-0.93411386,-1.3242366,-1.5507698
-0.31097558,0.71824473,1.6581719,1.1747,1.1167566,0.63574797,0.45076823,-0.05973147,-0.7383232,-0.8581712
-0.72324693,0.89493287,1.3098373,2.1877835,1.9297255,0.5125611,0.3765485,-0.06366891,-1.05226,-1.1407917
-0.006971495,0.50612587,1.2610651,1.7039843,1.3396933,0.9576237,0.9196254,-0.004851404,-1.2627752,-1.074924
0.18301633,0.72562194,1.6178188,2.1092124,2.0877686,1.6762012,0.42124397,-0.3601812,-0.9754046,-1.3626786
-0.8903359,0.9774205,1.4692334,2.8510702,2.171565,1.0437697,1.0387669,-0.37964484,-1.4858596,-1.351498
-0.20917389,0.5521923,1.8961177,2.222606,2.5781267,1.1464409,0.03793913,-0.3050468,-1.1711551,-1.3346673
-0.0036699027,0.59974116,1.2330083,1.7316678,2.0607784,0.63222474,0.69752735,0.04091516,-0.8415259,-1.1296885
-0.28909096,0.609161,1.3810728,2.0336607,1.9583808,0.83413523,0.8035764,0.032016415,-1.2788285,-1.088909
-0.36904457,0.48873496,1.1354461,1.5448418,1.1993785,0.7518864,0.5112698,0.06719487,-0.7139534,-0.8985737
-0.4824517,0.279819,1.6083957,1.5734913,1.4682422,0.7553814,0.71990496,0.43628418,-1.0765568,-1.0782883
-0.90915173,0.7452607,1.5725124,2.0962994,1.8504745,0.6673136,-0.010811551,-0.3846198,-0.9955733,-1.0639186
-0.404593,0.5736305,2.1065369,2.0130944,1.5586611,0.68039626,0.8126961,0.08549842,-1.2725215,-0.7894771
-0.5131607,0.38530865,1.4553719,1.5071051,1.3121182,0.30738702,0.16297247,-0.28142267,-0.8661291,-0.91681486
-0.46341363,0.0790911,0.81313795,1.2885426,1.1263553,0.08551091,0.3319843,0.254685,-0.8111679,-0.9681665
-0.21841267,0.5622133,1.3926206,1.7730582,1.6030693,0.55043113,-0.0816329,-0.46371585,-0.9984673,-0.96734774
-0.20985204,0.62777185,1.3959318,2.1386344,1.5749303,0.55144477,0.38140383,-0.18600017,-0.8659831,-1.0431217
-0.3470837,0.09539945,1.4952376,1.413466,1.5408328,0.40643305,0.5527534,-0.049973216,-0.85548043,-0.9282477
-0.1010444,0.32028568,1.0814692,1.828052,1.616985,0.30716458,0.64998555,-0.017699394,-0.80225813,-1.1572969
-0.61794955,0.6535738,1.4204906,2.5853124,1.7285664,1.097776,0.40395072,0.26623318,-0.9992094,-1.3301337
-0.2226356,0.16364977,1.3516384,1.6110015,1.7283813,0.49842983,0.25775957,-0.02335937,-0.68518686,-1.133026
-0.14717254,0.4599859,1.3135065,1.7291411,1.4999907,0.5770065,0.5115367,0.17140737,-0.780487,-0.76517946
-0.24318194,0.47374862,1.395884,1.4835231,1.3224437,0.63908666,1.0333033,0.29934078,-0.9688722,-0.8948899
0.22113562,0.6160426,1.2850368,1.5215714,1.8582535,0.41683206,0.6675167,0.032883693,-0.56828934,-0.72836494
-0.62343425,1.069197,2.644148,2.2658193,1.7575846,0.8534228,0.4049445,-0.8065546,-1.2967093,-1.3996522
-0.04443987,0.64354235,2.0801966,2.365354,2.019614,1.001326,1.1385696,-0.1973922,-1.1574701,-1.2062814
-0.101737946,0.22039272,1.6436757,2.1652918,1.8843164,0.8744823,0.4670096,-0.13766797,-1.1603961,-1.1317657
-0.23219681,0.11044312,1.3972212,2.088425,1.3438338,0.63602465,0.33873853,-0.38596284,-1.0302517,-0.81211925
-0.39284784,0.46736577,1.1953795,1.6377575,1.1929357,0.486628,0.6231228,-0.24062513,-1.1120222,-0.8469032
-0.45332858,0.41448197,1.497966,1.9338781,1.9116348,0.80974984,-0.1354233,-0.65097034,-1.0227239,-1.4449914
-0.19537598,0.642621,1.4086602,2.1276448,2.0221167,0.81958956,1.1722858,-0.351957,-1.1824428,-1.3121165
-0.23276848,1.2306486,2.1252117,2.9492674,2.2821646,0.91919684,0.8459635,-0.19728374,-1.5401986,-1.698991
-0.60301965,0.39262056,1.5780461,2.4433572,2.4939802,0.6656604,0.03772276,-0.47639272,-1.2407894,-1.6717848
-0.3547636,0.7920907,1.1934859,1.8226807,1.8725317,0.6814815,0.77783364,0.14798781,-1.0259067,-1.2334039
-0.29553312,0.7509819,1.8381618,2.02439,1.8317506,0.9133139,0.45760354,-0.41955218,-1.0329278,-0.8210728
-0.98116004,0.8292596,2.099497,3.3716452,2.9040186,1.3205575,0.73748654,-0.20691313,-1.4849482,-1.4974337
-0.082401946,0.46102023,1.593066,2.037298,2.0217414,1.0769314,0.73323727,0.23586355,-0.5771982,-0.823894
0.21976748,-0.062376443,1.2206261,2.471643,2.4858692,1.241951,0.6793273,-0.36790705,-1.2014322,-0.8931593
-0.29922137,0.9830097,2.073821,1.8812441,1.851425,1.0172654,0.7323803,-0.39930314,-1.4294579,-1.2220309
-0.8853696,0.837679,1.9709455,1.9272141,1.8434683,0.9892428,0.3380071,-0.17456213,-1.6014029,-1.2532058
-0.25702468,0.707984,1.4178327,1.5828385,1.2730169,1.0227635,0.46278402,-0.30607468,-0.84744984,-0.9801626
-0.8446113,0.97892964,3.0865192,3.0685906,2.0940852,1.4947801,0.9612208,-0.3787363,-1.1470106,-1.4887701
-0.17704666,0.71756876,2.1466935,2.4554644,1.8351402,0.6979731,0.2955952,-0.5116528,-1.4339042,-1.5755687
-0.30290413,0.27831057,1.6692092,1.6266145,1.5858065,0.47725862,0.7553163,-0.04813313,-0.60471547,-1.1331438
-0.12510446,0.71780497,1.619652,2.267416,1.6645738,1.0700375,1.038189,-0.020647094,-1.3005415,-1.0450813
0.28224266,0.53014797,1.4403391,1.4652711,1.6564596,0.68840605,0.79303366,-0.20918882,-0.8937964,-0.8385087
-0.52008045,0.27037293,1.3913344,1.8311589,1.2722276,0.6418837,0.009171713,-0.10082604,-0.91080225,-1.185457
0.12743858,1.299458,2.3181946,2.344278,2.2737591,0.9730389,0.2766173,-0.512121,-1.3773506,-1.2649431
-0.81047505,0.63660926,1.3389629,2.503787,1.7724088,0.95084643,0.5438649,0.06715557,-1.2857244,-1.5322094
-0.029779766,1.0740241,2.1202636,2.9541287,2.243459,1.1412133,0.2955081,-0.3776581,-1.5969875,-1.2602416
-0.7825669,1.1706778,2.098676,2.905042,2.9818804,1.2143682,0.25961682,-0.5766425,-1.8042529,-1.4613125
-0.5452455,0.1832732,1.7874757,1.8174995,1.6975156,0.737972,0.31141394,-0.19363879,-0.8921643,-1.1716131
-0.32408455,0.8234808,1.8138849,1.2739013,1.209245,0.6421912,0.6018085,-0.56395376,-1.1329002,-1.331771
0.06606202,0.165347,1.5666001,2.5907974,1.9237053,1.0930077,0.34021914,-0.23417333,-1.1245431,-1.2828202
-0.18726024,0.48682114,1.2660372,2.0525973,1.7359093,0.68035907,0.8277029,0.10929134,-1.0575517,-0.75779545
-0.5080124,1.0743088,2.2371697,1.9356225,2.1708055,0.81089896,0.14709838,-0.28935418,-1.3573917,-1.3744304
0.21679404,0.80205834,2.160322,2.699687,2.437667,1.0891792,1.2856734,-0.47267386,-2.0028872,-1.5652359
0.18055323,0.22710024,1.6221182,2.1169462,2.0528436,0.3584491,0.43662775,0.14727606,-0.68304855,-1.4167775
-0.8336859,0.21811946,1.8340753,2.0226974,1.1243773,0.03786098,0.057968087,-0.738999,-1.3845493,-1.4224383
-0.49163893,-0.19902079,1.1388788,1.8440648,1.7020043,0.8646969,0.4622431,0.02965444,-1.069276,-1.5865185
0.1263245,1.4060235,1.9475169,2.4186125,2.383221,0.97028995,0.32525453,-0.6671803,-1.1882751,-1.3071717
-0.5916891,-0.051460307,1.4275246,1.9855953,1.5487443,0.82093817,0.44167352,-0.15136932,-1.2652596,-1.2080804
-0.66958827,0.5136179,1.516969,1.8772359,1.6587902,1.4439034,0.9535468,-0.13719285,-1.3927299,-1.3022974
-0.49364004,0.15353501,1.681441,2.1771855,1.6259801,0.68566597,0.18154882,-0.3217891,-0.5472716,-1.3855454
-0.16427842,0.5301996,1.3383049,2.0144875,1.5423528,0.5472305,0.8664603,-0.05477211,-0.97248876,-1.1078213
-0.38774228,0.1833473,1.0399711,1.7026076,1.400713,0.5467624,0.75770855,0.25973076,-1.2764524,-0.8254602
-0.60897166,0.6322817,2.263875,2.701567,2.6532183,1.1938131,0.48628038,-0.040531076,-1.1118784,-1.6050311
-0.34644955,0.5385062,1.9632583,2.0745862,2.3029864,0.98518443,0.045386605,-0.60183316,-1.5248806,-1.106082
0.5773761,0.33302867,1.4612263,2.2692754,2.0432863,1.1137782,0.84106374,-0.006442607,-1.1355566,-1.0201386
-0.77100414,0.49876335,1.6409518,1.5475085,1.8735442,0.8100436,0.65698093,-0.258105,-1.0517517,-0.78911525
0.018072266,0.40114295,1.5895731,2.166801,2.246132,0.6788312,0.1988192,-0.5493203,-1.0385004,-1.2949088
-0.6125774,1.0693325,1.6314459,1.9825946,1.6141816,1.0489342,0.3268812,-0.097261295,-1.1559515,-1.0301148
0.07453748,1.0808207,0.93232197,1.833531,1.1316603,0.28235924,0.20565721,-0.21803148,-0.69377124,-0.5245752
-0.4925892,0.41995826,1.2463312,1.3549668,1.1825033,0.12797903,0.33401248,-0.21276955,-0.88389033,-1.1741779
-0.528039,0.38337237,1.4737993,1.4210262,1.5462149,0.50843364,0.9641858,0.19205408,-0.65018535,-0.9398807
-0.27003068,0.41053423,1.5097913,1.398032,1.4014097,0.8774529,0.41685766,-0.1946627,-1.0035143,-1.093307
-0.15587634,0.3316846,1.5391488,1.5091048,1.5468341,0.5375678,0.6756073,0.22362441,-0.61909527,-0.9641038
0.25527477,0.60287344,1.6949875,1.2184103,1.3806849,0.8382602,0.834369,0.19866635,-0.56663615,-1.1277553
-0.5983915,0.5244944,1.724585,1.878822,1.507778,0.591847,0.3440366,-0.5331931,-1.4406798,-1.4340364
-0.51515967,0.4069446,1.0412338,1.7764021,1.4883704,0.80804324,0.2906086,-0.26831856,-1.029893,-0.8416785
-0.10016966,0.6726813,2.08265,2.0005128,1.8106829,0.8862077,0.48515326,0.22729622,-0.6715217,-1.1301786
-0.86123025,-0.19720623,1.1706105,1.7679017,1.7834867,0.6092224,0.6701263,-0.057479925,-0.94704366,-1.365592
0.114107974,0.8951703,1.616268,2.1006489,2.2234416,1.1369462,0.8206865,0.17813595,-1.0312068,-1.1498022
0.59042,0.33120865,1.9288515,2.7784128,2.6073823,1.1317322,0.79801387,-0.010626482,-0.91529185,-1.5539304
0.014197376,0.59176016,1.5739334,1.7505388,1.3851154,0.5232564,0.37161916,0.06196809,-1.069809,-0.9645133
0.10668694,0.48942342,1.9157829,2.1195395,1.6942564,1.0390031,1.1333867,-0.19419116,-0.9029381,-0.868595
0.19940603,0.7644858,1.3124377,1.6890402,1.3905553,0.68777853,0.30416647,-0.22134793,-0.9752823,-0.6917937
-1.0314896,0.49330547,1.3960863,1.7351217,1.7496495,0.62481534,0.32435712,-0.15123731,-0.7276985,-1.1374418
0.058860585,0.24268788,1.5552324,1.660832,1.7350194,0.52862704,0.7820027,0.536968,-0.74967784,-1.3833982
-0.46358228,0.5654874,1.8066338,1.8944299,1.4952322,0.35393718,0.13929775,-0.32084066,-0.88025975,-1.2301881
-0.24269769,0.0566346,1.0218456,1.306466,0.9908078,0.7239599,0.0153969675,0.0062647923,-0.3522325,-1.2521828
0.0676049,0.72245693,1.3785768,1.7654605,1.4226025,0.49928963,0.23370713,-0.42141533,-0.94450366,-1.3742576
-0.35634798,0.23549402,1.4488782,1.680297,1.4743471,0.5261473,0.47580385,-0.19300121,-0.85615104,-1.215035
-0.2499249,0.9641092,1.7282151,2.463913,1.943279,1.1300927,0.7963273,-0.6392784,-1.8436381,-1.6698865
-0.6374133,0.5547893,1.3596681,1.9109544,1.6411705,0.04430719,-0.020179743,-0.5386627,-0.8764667,-1.0145234
0.22582147,0.70275766,1.7382561,1.7718723,1.9643189,1.2905145,0.4255881,-0.20441139,-0.81196517,-0.6615105
-0.34388718,0.46354815,1.5939789,2.3680813,2.4518967,0.76897556,0.38556203,-0.4736188,-1.1698726,-1.353745
-0.46438295,0.7015366,1.6240544,2.3956676,1.8892094,1.2025613,0.76578873,-0.27217427,-1.4412044,-1.4468955
-0.52063483,0.876683,1.9191343,2.0672102,1.8015449,0.78606236,0.52458847,-0.4905022,-1.2328444,-1.678818
0.041540474,0.62290704,1.5863111,2.1854649,1.9681247,0.5856451,0.47532576,-0.36084154,-1.295558,-1.0355195
-0.34235445,0.6807482,1.772676,2.1794534,1.7360002,0.8673918,0.6857681,-0.32231545,-1.1001644,-1.2539124
-0.45269713,0.36760905,1.3016591,1.6013799,1.4805504,0.8772631,0.55084467,-0.3100866,-1.2529889,-0.90584624
0.14498305,1.1292155,1.8239292,2.0821838,1.7095128,0.8292723,0.50895715,-0.27252236,-1.2884711,-0.9541158
-0.2514854,0.47072738,1.3617247,2.3989673,1.8710073,1.1603719,0.8227639,0.16984561,-1.2402921,-1.1644809
-0.4628225,0.521365,1.468075,2.1086874,1.449175,0.6214387,0.5388106,-0.225781,-0.9564787,-1.0505232
-0.70907074,0.72324866,1.6874162,1.9372873,1.8571887,1.1661379,0.42579296,-0.391751,-1.3679748,-0.93232137
-0.6819764,1.4305078,2.157887,2.5736773,1.9566482,1.1540152,0.84884906,0.017355606,-0.9884558,-1.2476729
-0.01747014,0.6709214,1.699282,1.9632277,1.6479901,0.6863244,0.54653186,-0.09223462,-1.1138835,-0.64991724
-0.4053412,0.5426158,1.5317997,1.4879057,1.6145259,0.3554955,0.2634608,-0.2664268,-1.1925725,-1.2555586
-0.44180244,-0.091614425,1.7594107,2.9881225,2.1512573,1.4484712,1.0289114,0.17590614,-1.5341641,-1.6434767
-0.3685007,0.7401046,2.3725595,3.1906857,2.564327,1.6791811,0.73889863,-0.2966218,-1.2753947,-1.4487808
-0.13614666,0.6164667,1.9140024,2.0744228,2.1026337,0.81897634,0.27902427,-0.10389157,-0.9579859,-1.3694906
-0.3767051,0.2516464,1.3585992,1.8291409,1.675025,0.88393235,0.43903577,-0.30249172,-0.8647043,-1.0894467
-0.4805525,0.17160213,1.6386458,1.8263139,1.7721645,0.45445818,0.46754754,-0.139871,-1.0897229,-1.3173704
-0.5947257,0.4294321,1.9278482,2.7838733,2.2379434,1.5389065,0.9968296,0.056147806,-0.78267914,-1.3747833
-0.6507214,0.3375388,1.4148824,1.9476173,1.8811111,0.773606,0.5250344,-0.13582042,-0.85033494,-0.90792924
-0.7844086,0.68200916,1.9189813,2.063431,1.3384621,0.93069047,0.66198653,-0.2799426,-1.1241431,-0.8722114
-0.19009706,0.40097868,1.3800726,1.879722,1.8128583,0.20836441,0.33264923,-0.17289941,-0.6269919,-1.1527624
0.001193434,0.65091026,1.1586034,1.7685816,1.535983,0.48631573,0.8585436,-0.2529627,-1.0168201,-1.1787558
-0.11438116,0.47163323,1.8893931,1.9009341,1.6242129,0.76307887,0.27662313,-0.46689478,-1.2772081,-1.1271688
0.19475171,-0.025438398,1.8582182,3.0237725,2.2928326,1.3426604,0.97231615,-0.18858714,-1.0515965,-1.3862717
-0.6664521,0.6775368,1.808022,2.3135002,1.9815496,0.8268529,0.37382022,-0.41825128,-1.5954146,-1.646466
0.33169022,1.1316385,2.4710171,3.1477869,2.843088,0.72430205,0.86131877,-0.4241135,-1.7543432,-1.6232791
-0.2193613,0.5745186,2.8297043,3.9452279,3.28964,2.3192782,0.85287535,-0.4976712,-0.9250373,-2.2116392
-0.7434831,1.0506672,2.5353742,2.9268534,2.2750793,1.6983862,1.3778903,0.17599086,-1.8139919,-2.1775303
0.04281719,1.0767062,2.4910197,3.0577302,2.6850457,1.107628,1.0146538,-0.24557853,-2.0139806,-1.4643784
-0.18458125,0.18692552,2.2060237,2.3487744,2.2532027,1.0740479,0.6233311,-0.026182735,-1.0840367,-1.2616043
-0.29104593,0.7079173,1.5423049,1.7915049,1.7114003,0.69255483,0.17370977,-0.7061809,-1.389438,-1.2249317
0.09831238,0.5131689,1.6131872,2.3853688,2.0268366,1.0498546,1.163919,-0.041350123,-1.234336,-0.7747809
-0.549093,1.1444688,2.0447257,2.6080103,2.165863,0.77524555,0.29215282,-0.46862194,-1.2478145,-1.4351472
-0.3889518,0.46743837,1.5593455,1.8231844,1.3810735,0.5086615,0.3233176,-0.017351627,-0.98520863,-0.8745545
-0.52651584,0.21253593,1.3043894,2.3485134,1.600848,0.7160585,0.24042308,0.0106821265,-1.0243272,-0.7707308
-1.0676942,1.0874373,2.0977533,2.5410295,2.098825,0.9586804,0.23138931,-0.13744241,-1.5129893,-1.5648831
-0.2351965,0.76066124,1.633607,2.093918,1.8961972,0.7671398,0.7059595,-0.2026257,-0.8717875,-0.7636682
0.037136883,0.5363384,1.5819426,2.1963222,1.8945739,0.9990939,0.56652504,0.04670567,-0.6569227,-0.98652464
-0.28165743,0.7587112,1.5098354,1.3927143,1.7745361,0.89370614,0.54996854,0.20057513,-0.78464276,-1.6889223
-0.3199002,0.9909637,2.480865,2.4041295,1.5079938,0.54127777,0.6705649,0.056662545,-1.5206413,-1.2674229
-0.21051663,0.7773127,1.6669636,2.056434,2.0269144,0.7695089,0.7705076,0.013766325,-1.1466966,-1.5383866
-0.3492155,0.5590207,1.2275904,1.6457167,1.7276483,0.5145064,0.59290206,-0.24077247,-1.2195097,-1.2729762
-0.15264952,0.14391391,1.18405,2.054243,2.0573425,0.91024727,0.9012563,-0.14448151,-0.5016044,-0.9208532
-0.057149485,0.75789934,1.0578157,1.7554774,2.112126,1.3562013,0.8040194,-0.30058312,-0.9917939,-1.0140074
-0.10204132,0.41766924,1.2608697,2.5711892,2.0121586,1.3276607,1.1515348,0.18668853,-1.208349,-1.5171934
-0.7157177,1.3766359,2.3651907,3.024209,2.6975212,1.3221455,0.5897699,-0.4753578,-1.627162,-1.2266651
-0.37505305,0.27904963,1.1176805,1.8084918,1.2198019,0.70301324,0.779118,0.44483793,-0.6556231,-1.2413974
-0.043891095,1.0004249,2.4673426,2.52447,2.2210865,0.6841421,0.6496554,-0.0050002164,-1.5444531,-1.3557379
-0.7401765,0.47056895,1.4589884,2.1677713,2.028715,0.70387846,0.766245,-0.6350569,-1.461932,-1.0034953
-0.51285577,0.5502613,1.8689761,1.9951545,1.2912366,0.39867684,0.5636718,-0.18286976,-1.1767423,-1.8862131
-0.24834129,0.37163344,1.4918362,1.9822525,1.3669014,0.7747888,0.5097695,-0.57908446,-1.1914037,-1.3122765
-0.96847916,1.1713415,2.1896648,3.2787132,2.7940385,1.692619,1.0632043,-0.28654763,-1.8889273,-2.699419
-0.60794735,0.3501939,1.838337,2.652147,2.51141,1.2559831,0.77052605,-0.3956435,-1.4239799,-0.89604026
-0.10975479,1.0389421,1.6384586,2.3490183,1.7567751,0.68366987,0.9454936,0.45138633,-1.0142368,-1.1861112
-0.65031016,0.8497906,1.860471,2.500788,1.9974118,0.7447043,0.5154543,-0.15374222,-1.5086211,-2.0559883
-0.5747043,0.9574975,1.6581933,1.8961489,1.705645,1.0126872,0.47526526,-0.3950974,-0.6831057,-1.0933619
-0.47895756,0.4388285,1.7773409,1.668875,1.5978037,0.96819544,0.5962812,-0.3440536,-1.018745,-1.7224917
-0.5309374,0.2203358,1.2862817,1.9553498,1.4001037,0.83594036,0.30260885,-0.23503082,-0.79510236,-1.5464059
-0.28947982,0.41800103,1.0862522,1.7391154,1.5943757,0.5962285,0.253068,-0.19378749,-1.0048681,-1.1181865
0.12267219,0.76629555,1.7522364,1.3901397,2.0087495,0.7640721,0.1293333,-0.30050507,-0.7584129,-0.86804634
-0.49040648,0.5189133,1.3294512,1.7008001,1.2753437,0.40978098,0.24780035,-0.4761602,-0.79694986,-0.8426634
-0.055707008,0.3659235,1.435343,2.381551,1.907811,0.59958005,0.48452514,-0.3189394,-0.96528524,-1.0668017
-0.04473618,0.13080445,1.2484503,1.8648707,1.4194841,0.3018871,0.5542328,0.25635532,-0.7674067,-0.5903721
-0.3344905,0.71125245,1.849915,1.8187414,1.5711058,0.8861605,0.68716764,-0.2171975,-0.6679815,-0.60734385
-0.12481233,0.7443453,2.1911244,2.2489147,2.366554,0.71351105,1.0120244,0.44834757,-0.95942765,-0.99088335
-0.11421942,0.78045475,2.608862,2.0462852,2.0412903,1.4489994,0.71370846,-0.14120881,-0.94079226,-1.3056364
-0.5598365,0.119974494,1.9084203,2.6675231,1.9758369,0.64289224,0.21474448,-0.1493282,-1.1360466,-2.1706724
-0.36719888,0.734592,1.1713086,1.174394,1.4668362,0.3665574,0.23217717,-0.16960065,-0.8609617,-0.8590274
-0.54128647,0.24618073,1.7318962,2.1276188,1.8440404,0.5578481,0.47253823,-0.64669627,-1.3318613,-1.5151488
0.35164517,0.7121014,2.3378758,2.1896195,2.325011,1.60656,0.9062186,0.52889174,-1.3429703,-1.1335471
-0.16935405,0.50704545,1.254024,1.4957364,1.3162538,0.5341547,0.58186394,0.19024575,-0.9854703,-0.546112
-0.045329213,0.406506,1.7191691,1.9168049,1.629835,0.7071362,0.83615375,0.02566266,-1.0438522,-1.3347658
-0.16259882,0.94284517,1.6142554,2.2251604,2.2775915,1.078361,0.48754913,-0.26909074,-1.069389,-1.504646
-0.21216506,0.43164495,1.0731187,1.1974162,1.3083572,0.13945274,0.24457341,-0.2040911,-0.94995856,-0.7853223
-0.33125696,0.8000174,1.6908092,1.3745773,1.1659434,0.7162569,0.4582761,-0.17622593,-0.50287217,-0.9604818
-0.30878815,0.4684015,1.2719613,1.5197546,1.5482718,0.57063156,0.59945697,-0.21450008,-1.1173602,-1.5098546
-0.10996031,0.4496964,1.6318432,2.0575511,2.1065292,1.3449335,0.90097094,-0.54051596,-1.234534,-0.9043548
-0.24076298,0.84173495,1.3985099,1.7058352,1.4633584,0.53903186,0.6115106,0.27050525,-1.0475112,-1.0040784
0.097524725,0.82213753,2.805337,2.4546108,1.8470619,1.1868153,0.37695763,-0.611898,-1.1872516,-0.8386001
-0.5585237,1.3349342,2.623735,2.0859556,2.142072,0.6506272,0.24041265,-1.1825299,-1.3459058,-1.3232036
-0.4028234,0.22745839,1.5854594,2.007258,1.9177139,1.1550248,0.6190319,-0.15694247,-1.3172206,-1.3135446
0.37844595,1.0513612,2.27057,2.7676618,1.8287843,0.65630674,0.6423538,-0.20006998,-1.5781583,-1.4504379
-0.45870975,0.51325166,1.6872457,2.129743,1.2659725,0.5865119,0.48051924,-0.1454403,-1.2045038,-1.1630632
-0.17924559,0.72593975,1.7462773,2.3012826,2.2222633,0.7980865,0.6541425,-0.26390767,-1.1576978,-1.2433414
-0.10776549,0.73912156,2.3206112,2.5035892,1.8745804,1.1705701,0.4779442,-0.5343298,-1.0762011,-1.6557741
-0.39801076,0.71872634,1.5447966,2.167275,2.0269547,0.8388088,0.6458642,0.43016466,-1.0652726,-1.271446
-0.67654896,0.7627478,2.414217,2.7843955,2.102147,1.0460453,0.6839753,-0.49221295,-1.7266086,-1.7203392
-0.13400474,0.17096151,1.3321826,1.7597501,1.5585443,0.22684829,-0.069410935,-0.13778125,-0.6786813,-0.93918145
-0.088034384,0.72007394,1.8848774,2.5084503,2.2641773,0.914089,0.2265993,-0.09548231,-0.65384644,-0.86934555
0.059589155,0.44070238,1.4547237,2.1399744,1.7045126,0.80300856,0.46695542,-0.01279741,-1.4921124,-0.9255438
-0.12259274,0.15379968,1.1939149,1.8594291,2.2912884,1.0722505,0.7557261,-0.4381884,-1.3000431,-1.3393394
-0.5595406,0.93067425,2.0272572,2.5326915,2.2499871,0.6623977,0.043631457,-1.0519725,-1.6760293,-1.2176758
-0.06358497,0.75721216,2.6632006,3.3149316,2.7147377,1.9823982,0.9727136,0.3376074,-1.7174611,-1.5614427
-0.44702178,0.44966722,1.8963594,1.9370024,2.1229355,0.28364354,0.72993475,-0.42698255,-1.4195781,-1.7322437
-0.08186192,1.2365915,2.0174866,2.3849669,2.0965204,1.0141839,0.6051451,0.055470504,-1.309992,-1.3298808
0.6672403,0.62637115,2.3437183,2.657718,2.4776752,1.2992531,0.86523265,-0.10804445,-1.2062131,-1.4952962
0.37257668,0.48513368,1.3550638,2.1642253,1.8354453,0.6236696,0.4540005,-0.049946517,-1.6743625,-0.7119308
-0.16544923,0.4216294,1.6491162,1.6452991,1.6915715,0.47642452,0.650028,-0.27050543,-1.0564687,-1.3947142
-0.0361753,0.4601217,1.0880128,1.8146707,1.7915058,0.6666332,0.1370796,-0.31788346,-0.8988805,-0.92028695
-0.20828333,0.90416723,1.7776525,1.8735111,1.9581287,1.0502523,0.117310435,-0.41629484,-0.704248,-1.2070739
0.09691416,0.63048404,1.6544781,2.4445539,2.3609254,1.0120319,0.7789141,-0.1970017,-1.395409,-1.7053488
-0.013404233,0.32474986,1.453304,1.7644231,1.4971354,0.85602236,0.45743182,-0.24214244,-1.0350778,-1.0412581
-0.5316547,0.9225654,1.7682016,1.8526326,2.0028546,0.788851,0.36553362,-0.1939411,-0.9789748,-1.147088
-0.18944263,0.14224459,2.1143029,3.4914894,3.011098,1.7472496,1.1722021,-0.026965918,-1.8471823,-2.1353834
-0.46229666,0.75132394,2.052894,2.2699478,2.1294727,0.8168575,0.38943955,-0.010649247,-1.1779598,-1.11703
-0.4547933,0.42714405,1.2216251,1.8689387,1.41918,0.7443355,0.6895381,-0.033275366,-0.6072969,-0.6937292
-0.40859592,0.9572283,2.284243,2.2688262,2.0985136,0.7644844,0.4709608,-0.12210998,-1.4162585,-1.2423444
-0.4341688,0.39750403,2.539285,2.5162342,2.426687,1.0931022,0.5280973,-0.3867991,-1.4573042,-1.7795391
0.4450649,0.31938982,1.3090763,1.7016578,1.4514095,0.35962772,0.64858055,0.36617497,-0.4549877,-0.6732738
-0.3359325,0.27808866,1.1709042,2.144359,1.217884,0.65915614,0.45424291,0.052582208,-0.8694902,-1.3615249
-0.17438918,0.28499505,1.758454,2.002604,1.8005618,0.80704874,0.06713756,-0.46760848,-1.533382,-1.2250376
0.12836704,0.0027509308,1.229596,1.6755772,1.3828484,0.5008378,0.6633144,-0.28015563,-1.0871931,-1.0681295
-0.22835395,0.79020274,1.9631785,2.5228188,1.4686558,1.0986711,0.7866789,-0.63686514,-1.3907931,-1.0080084
0.031348936,0.10284343,1.4552426,1.9220132,1.835632,0.45158565,0.21301782,-0.27607873,-1.0128253,-1.1980594
-0.22402924,0.2738306,1.6478407,1.627531,1.3205148,0.5031524,0.5143474,-0.20941634,-0.9773425,-0.8269458
0.06994482,0.4898733,1.4029623,1.6145036,1.3521049,0.68741846,0.3285573,-0.1917979,-1.3420469,-1.2134683
-0.0057770163,0.14887093,1.8797187,1.9811059,1.9349513,1.6000534,0.7019242,-0.39184844,-0.74569553,-0.96978885
-0.5380549,0.65890235,2.4451265,3.030513,2.2802567,1.1341145,0.5207476,-0.5904244,-1.5017078,-1.4288472
-0.0781597,0.52851653,1.396944,2.0174124,1.8982068,0.7591009,0.84456503,-0.1468294,-1.065188,-0.44314697
-0.42389068,0.5597894,1.1190474,1.824723,2.1095655,0.7905798,0.45272455,0.06540927,-0.9709126,-1.2492461
-0.57975394,0.28939867,1.3990071,1.7616638,1.6261103,0.9921471,0.15555601,-0.28137735,-1.0158068,-0.95695436
-0.28137764,0.49427518,1.8433444,1.8649665,2.1867666,1.4882386,0.35507083,-0.24689099,-0.73938936,-0.9403873
-0.046097353,0.24949218,0.8660263,2.1095319,1.6264049,0.83628315,0.18392478,0.1265716,-0.77595836,-0.81275475
-0.08078902,0.73729837,0.95577013,1.198393,1.4015474,0.6535116,0.25571677,-0.08677739,-0.78233933,-0.8286844
-0.8103785,0.5754854,2.5086222,2.7602012,2.3558147,1.1961515,0.9798887,-0.6737817,-1.9880896,-1.8943903
-0.515078,1.1286886,2.8985908,3.1881738,2.482912,0.9202436,0.055879243,-0.96224785,-2.3115423,-1.8829795
-1.0765642,0.4839147,1.3408833,2.0036194,1.3721131,0.77098614,0.22049555,0.22365569,-0.20773593,-1.2450364
-0.4343553,0.8673197,2.0843337,2.2247329,1.4831266,0.5863768,0.7747382,0.26131427,-1.1545072,-1.307658
-0.5166086,0.30560154,1.569553,1.8729262,1.2814825,0.6611984,0.77556646,0.04520569,-1.080384,-1.3415906
-0.25741526,0.48648793,1.2202404,1.6950129,1.4942889,0.3297814,0.473494,-0.38224065,-1.0198846,-0.9933384
-0.21556678,0.39581832,1.4173237,1.6738542,1.536261,0.5986846,0.4931301,0.13051642,-0.968567,-1.0531588
0.25793654,0.83515227,1.5487401,1.73306,1.6235695,0.79895014,0.32898515,-0.38220567,-0.8231323,-0.7958776
-0.5591285,0.32194403,1.4313017,2.1064503,2.1128552,1.210539,0.9027759,-0.045625232,-1.1055539,-1.6791588
-1.2746694,0.75233805,2.2408123,2.540696,2.2659798,0.9292193,0.33475155,-0.25120714,-1.548237,-1.701584
-0.70750296,1.6815975,2.960033,3.0870864,2.7748516,1.1766331,0.292123,-0.85237145,-2.119977,-1.3016527
-0.33457413,0.28735945,1.9344808,2.0607963,1.7192261,0.47704214,0.5276781,-0.8773178,-1.5678066,-1.0213337
-0.22571829,0.65926135,1.4349513,2.0734744,1.79072,0.9258477,0.9948721,0.10352137,-0.58377784,-0.9403686
-0.7709858,0.4872859,1.4136081,2.078264,1.8550434,0.8780365,0.7553336,0.008586328,-1.1173851,-1.0700446
-0.15745571,0.0631502,1.2646958,1.3098708,1.3308475,0.44630003,0.3980107,-0.31533447,-0.6620941,-0.7796344
-0.32234177,0.34280273,1.5195583,2.043936,1.7964685,0.7671222,0.24125814,-0.40017563,-1.0668304,-1.1525784
-0.49371436,0.35417178,1.0051646,0.8885934,1.0763755,0.5348429,-0.0280975,-0.16630727,-0.5076364,-0.6858435
-0.35575697,0.53333193,1.6355637,1.5994576,1.5342729,0.48925483,0.10224758,0.091883965,-0.9790026,-0.92875665
-0.43543267,0.40643182,1.2543849,1.9104533,1.7984446,0.8005684,0.5596336,0.35283875,-1.0439726,-1.0092881
-0.46514547,0.86603487,2.233086,2.065877,1.583393,0.92805296,0.753464,-0.31333148,-0.44001433,-0.8986983
-0.15902546,0.51088554,1.6336877,1.6562635,1.5506946,1.0092274,0.9671359,0.43207178,-0.8202134,-1.4994521
-0.50111985,0.35662344,1.1665779,1.6028183,2.178558,0.9647087,0.300286,-0.43675524,-0.90272915,-1.4256732
-0.9594329,0.45331484,1.9413372,2.6928933,2.4885042,1.1970977,0.53887504,-0.55580384,-1.0923623,-1.0073026
-0.20525858,1.1337467,1.2369033,2.0143623,1.3538566,0.4745493,0.68817127,-0.4457796,-1.4421909,-1.1399113
-0.27373543,0.5921207,1.9156564,2.2210789,1.8900707,1.4081216,1.0859146,-0.23592842,-1.2940236,-1.3864869
-0.29434034,1.3222408,2.1794953,2.5118642,2.2123022,1.4249209,0.33326012,-0.54674464,-1.1715443,-1.6054498
0.109262414,0.49521086,1.462278,1.7138815,1.5841442,0.9077866,0.9784062,0.6276196,-0.8327387,-0.6881465
-0.42896017,0.78964555,2.7203817,3.223066,2.6434464,1.0699767,0.8444156,-0.40982258,-1.0827127,-1.2110984
-0.6463535,1.2000532,3.4855092,3.3437102,1.8952465,0.95639205,1.5601591,0.14853336,-1.1272104,-0.79570293
-0.33665726,0.98506063,1.6838375,2.1336927,1.6023602,0.6454374,0.44090003,-0.3923528,-1.0441806,-1.3904793
-0.5762157,0.8906961,2.0239265,1.8157384,2.0329108,0.8245262,0.5975087,-0.19409066,-1.2305721,-1.1896782
-0.35448718,0.35984954,1.1932025,1.6990498,1.212624,0.31249064,0.48447728,0.1361439,-0.8437967,-0.95767665
-0.762984,0.25451657,2.0534828,2.3445866,2.052621,0.7140291,0.12512363,-0.83738613,-1.403603,-1.4841293
-0.48499647,0.7702471,1.7202358,2.6414957,2.3796263,1.0259324,0.5671374,0.11034959,-1.8866609,-1.075288
-0.5982863,0.5631143,2.1651323,2.747098,2.1990607,1.232312,0.34140185,-0.8985134,-1.5333651,-1.7824463
0.15436319,0.5426597,1.3371347,1.7039164,2.3150241,1.1263467,1.3263562,-0.14065365,-1.0554148,-0.93701315
-0.23752975,0.08329744,1.5706704,1.0704929,1.3965665,0.84597814,0.14308451,-0.21664935,-0.94022405,-1.0755763
-0.6063437,0.9787261,2.033707,2.1967392,2.108131,1.1047596,0.6203645,-0.037552632,-0.9827585,-1.1429195
-0.77581227,0.8414461,1.9629683,2.357174,1.8813256,0.6292307,0.47395945,-0.4235147,-1.2561477,-1.0759571
0.012706963,0.5423731,1.5153123,1.7550746,1.9102789,0.92785287,0.4778599,-0.13212487,-1.1770947,-1.0810937
-0.28643444,0.50785774,1.507816,1.9209433,1.5257416,0.53093725,0.33057964,-0.69283944,-1.1806405,-1.4348093
-0.41754037,0.50490814,2.4516437,2.646643,2.52513,0.81110275,0.2785126,0.16352084,-1.2651743,-1.6387691
-0.3314262,0.44346714,0.6334944,1.3906621,1.5140975,0.58806545,0.8284145,-0.04740813,-0.6945541,-0.40834177
0.458786,0.4990807,1.4287372,1.9795629,1.8640256,0.81000924,0.9383383,0.30285516,-0.82386243,-0.957726
-0.08223603,0.34357467,1.6207204,1.4346787,1.4057577,0.44805396,0.6103309,-0.30999488,-0.6970028,-0.8619315
-0.19160265,0.23684654,1.7146535,1.7616642,1.3938352,0.76582307,0.65692616,-0.65887797,-1.0437859,-1.0625914
-0.008455563,0.31586298,1.4931468,2.1443462,2.43905,1.1997051,0.79574096,0.6165258,-0.6457172,-1.125542
0.010791792,0.23682901,1.1168896,1.4625181,1.7498676,0.56561226,0.3959353,-0.59686846,-1.156093,-0.9678842
0.113792434,0.39976633,1.5022514,2.0776649,1.7443441,0.34466738,0.56678396,0.1687722,-0.9464695,-1.0376624
-0.12932473,0.19730374,1.4125422,1.7458948,1.4849931,0.9374753,0.6091024,-0.4080984,-0.7109174,-0.9250705
0.049834434,0.56466675,2.471597,2.3482382,2.314851,0.7924946,0.45235002,0.36623773,-1.1221431,-1.953162
-0.15060627,0.19804417,1.7899116,2.2255328,1.923292,0.8302859,0.5523897,0.132041,-1.1751063,-1.3833718
-1.0458826,0.45228234,1.4904789,2.3440769,1.7911274,0.84688383,0.37293178,0.17272411,-0.9421922,-1.4220066
-0.64458877,0.34923297,1.9174365,2.3096156,2.1131918,0.77894515,0.41248766,-0.057747364,-0.7768831,-1.6719022
-0.020519994,0.24396352,1.1341113,1.3490665,1.428484,0.39902744,0.39582253,-0.03672216,-0.7178639,-0.8207847
-0.20768479,1.1260173,1.2789428,1.1480674,1.748654,0.45248455,0.46345654,-0.49658108,-1.0004795,-0.91231465
-0.6912011,0.83227336,1.7453021,2.3673265,2.0568626,0.835067,0.28112283,-0.9846933,-1.5193775,-1.1808964
-0.17042947,0.9307019,1.29629,1.9289559,1.5550557,0.24193017,0.27444777,-0.50350326,-0.9987663,-1.1475755
0.047541372,0.05278461,1.2592833,2.0903647,1.6848247,0.84893996,0.610297,0.05222847,-1.3467517,-1.5318582
-0.09553843,0.806125,2.1349082,2.0413146,1.5963019,1.3127885,0.5976541,-0.023951568,-1.1280264,-0.7757386
-0.96285534,0.7025759,2.2727165,2.033827,2.134849,0.76530796,0.25345042,-0.6981886,-0.94261134,-1.4961832
-0.40825382,0.72240126,1.4617685,1.7921021,1.9374352,1.0747583,0.6068998,0.028541284,-1.3714113,-1.173767
-0.48058245,0.53755856,1.5446634,1.6415298,1.281001,1.0446345,0.34174225,-0.32015833,-0.9162667,-0.9017058
-0.07537321,0.6463606,1.7098023,2.1455915,1.9910091,0.8432048,0.16532762,-0.31044647,-0.7611651,-1.5733142
-0.28323302,0.27385184,2.034524,1.4814545,1.5412375,0.4433386,-0.06369481,-0.6751528,-0.8414328,-0.9694578
-0.2320657,0.3850667,1.4390459,1.6505609,1.1765908,0.45663387,0.04231371,0.21234785,-0.5270087,-0.8540704
-0.41972116,0.4793683,1.0816959,1.8145368,1.6416088,0.61352295,0.29472613,0.08574256,-0.56231016,-1.0896498
0.051812086,0.29899132,1.6515157,2.3291762,1.8141294,0.58817595,0.41523755,-0.11006967,-1.1630765,-1.2352947
-0.4709049,0.5504462,1.0296186,2.005375,1.6996471,0.64497685,0.4734658,-0.20272826,-1.1379302,-0.80247575
-0.20437083,0.5377007,1.7962366,1.3830552,1.8875437,0.5024799,0.2829378,0.35714576,-1.0268382,-1.4809716
-0.12210456,0.49857947,1.2983515,1.7326148,1.6533741,0.40789187,-0.12757945,-0.2527214,-0.9822271,-0.74751526
-0.3384491,1.0111741,1.7171618,2.134149,1.8550262,1.3201038,0.8439606,0.27510172,-1.2120363,-1.4590964
0.4326108,0.47355238,2.3941495,2.303768,2.3353202,1.4322478,0.49300027,-0.41008902,-1.1007601,-1.2880667
-0.31162408,0.8050999,1.7941251,1.9610869,1.6402435,0.9071537,0.59147954,-0.42495003,-0.9333524,-0.980069
-0.11354654,0.431637,1.4410853,1.615594,1.3985016,0.45013535,0.2053445,-0.2155674,-0.8906064,-1.0269276
-0.18134779,0.7107383,1.7438884,2.6855412,1.4454311,0.7994071,0.7169946,0.062223397,-1.12903,-1.1163344
-0.2273244,0.6616705,1.8208821,2.2569091,1.7324708,0.7121202,0.5766668,-0.070985354,-1.2122062,-1.3149976
-0.3545416,0.81833434,1.1154956,1.8833699,1.630253,0.5035603,0.41030422,-0.5153684,-1.1734697,-1.2477952
-0.48912653,0.984743,2.0250218,2.710375,2.180752,0.99430203,0.41228682,-0.3257706,-1.1366607,-1.3877193
-0.41787398,0.7805769,1.59094,1.1471002,1.6031482,0.36188707,0.2066603,-0.2599367,-0.9800918,-0.8284843
-0.34405744,0.6748055,1.5366898,1.7922676,1.702269,0.558667,0.48635066,0.2975948,-0.9426618,-1.1719321
-0.3338831,0.10333403,0.82718366,2.2162292,1.5790539,0.5673106,0.4957496,-0.29937568,-1.4221137,-1.0833564
-0.60322857,0.62928784,1.3154045,1.9319185,1.7480147,0.80359596,0.2952539,-0.8521289,-1.3326936,-1.6806748
-0.646809,0.2891239,1.0455874,1.1655493,1.3266879,0.23001556,0.18457499,-0.25700566,-0.7487249,-0.78658634
0.27165946,0.21285279,1.881987,2.3793092,1.8941963,0.9084275,0.8152668,0.24361524,-1.2181404,-1.35303
-0.80019855,0.4559853,1.5392437,1.8827441,1.7714409,0.7007153,0.36056596,0.27735114,-0.72111666,-1.1407535
-0.8518368,0.41195717,1.4691812,1.9683712,2.071179,0.92944795,0.6630645,0.15495053,-0.9461195,-1.1505971
-0.05205825,0.28094238,1.2164783,1.8101139,1.8707507,0.6451375,0.2295664,-0.11268152,-1.1950105,-1.6102749
-0.3728531,0.7494715,1.4898791,1.6831588,1.4069831,0.4303073,0.20212495,-0.27025798,-1.1894923,-1.1622213
0.120860614,0.6567495,1.7161021,2.0663934,1.4867464,0.88089365,1.0612583,0.5772614,-0.79213953,-0.7525816
0.12704507,0.855672,2.174766,2.7974682,2.2239327,1.3849344,0.6646949,-0.3602221,-1.2113596,-1.3936508
-0.3276487,0.5967894,1.6855534,2.2843747,2.3387752,0.9228313,0.6192263,-0.2507886,-1.292278,-1.2833009
-0.14204544,1.245515,2.637952,2.6898417,1.779907,1.2935051,0.70146084,-0.23599619,-1.6255163,-1.172307
-0.967214,1.0521895,2.867134,3.4111564,3.019472,1.7753029,1.2543336,-0.2433663,-1.5796306,-1.5813066
-0.08114424,1.4993676,2.2545836,2.5971382,2.0610383,0.89875174,0.7809598,-0.05183336,-1.5988032,-1.5465035
0.4547941,1.0998266,2.4800217,2.7817986,3.1334455,1.3059396,0.5328686,-0.6491846,-1.3642391,-1.8927503
-0.55908626,1.2856716,2.6827621,3.0011234,3.4681714,1.5950655,0.8111565,0.35111928,-0.712605,-1.4375249
-1.0440828,0.26273397,2.1666718,2.3631454,1.6215323,1.1335661,0.8116794,-0.14227661,-1.629427,-1.9581265
-1.2239821,1.1769567,2.2641728,1.8025208,1.3033804,1.2846221,0.8222746,-0.20640722,-1.2309808,-1.7658621
-0.833004,0.36681,1.3373677,1.8479915,1.4587656,0.27228624,0.074998885,-0.6792251,-1.047339,-1.0864198
-0.095457986,0.2517022,1.4667006,1.6612499,1.819772,0.42734155,0.07797018,-0.7879435,-1.3456482,-1.409515
-0.0010325573,0.75740206,1.7130252,1.6585301,1.5947,0.9180751,0.014573146,-0.33080438,-1.3649708,-1.4049745
-0.23246199,0.5611806,1.2491754,1.6722978,1.8052715,0.3794315,0.71496123,-0.008850312,-1.3640261,-1.20476
-0.5305051,0.1988895,1.541979,1.5751092,1.3801644,0.683916,0.81869096,-0.020347638,-0.8422254,-0.9780152
0.11910793,0.52395767,1.614913,2.3771348,1.7548252,1.0345352,0.6400304,-0.16334966,-1.1946621,-1.7278503
-0.98017085,1.0538247,1.6155849,2.4425771,2.227063,0.6951313,0.1743598,0.15943113,-1.0392696,-1.4310148
-0.5551925,0.5171685,1.3502085,1.6746831,1.735453,0.93120384,0.79337966,-0.3125055,-0.7987598,-1.0749478
-0.36824015,0.42903572,2.168826,3.398885,2.6641245,1.5701933,0.55315536,-0.52194947,-1.3469192,-2.064444
0.31626287,0.9470663,2.7035372,3.3497074,3.0912094,1.311632,0.7446668,-0.015114434,-1.3357085,-0.7467524
-0.22444841,1.2284878,2.1610992,2.481582,2.1598997,1.0310783,0.80429757,-0.19305304,-1.4447317,-1.1935686
-0.07797886,0.77463865,1.0775056,2.0489678,1.7414508,0.4892789,0.70381,-0.33947954,-0.67172045,-1.0522869
0.12396904,0.56984335,1.1226218,1.6167217,1.5487665,0.733924,0.5567597,-0.09461133,-0.8020394,-1.0737569
0.0004991498,0.84968084,2.2504551,2.4526021,1.7437006,0.728934,-0.1977203,-0.36785814,-1.2145983,-1.189353
-0.58919793,0.533115,1.3622714,1.7005275,1.6051755,0.61539537,0.4271196,-0.23611696,-0.8939564,-0.82899094
-0.17703831,0.80256134,1.3198119,1.5696999,1.6095059,0.57432765,0.504997,0.011353004,-0.86550695,-1.1158696
0.10526098,1.0070938,1.3063426,1.4218545,1.293216,0.8465269,0.5222786,0.13504851,-1.1292474,-0.77559227
-0.39106542,0.8201459,1.6469917,1.6375699,1.1933538,0.608509,0.8047636,0.021411614,-1.0003041,-1.2377896
-0.27968025,0.40895313,1.3581617,2.610317,2.2477412,1.1423262,1.1712575,0.20150264,-0.95421463,-0.8040509
0.12013103,1.4097071,2.5026658,2.1379607,2.0267644,0.65656847,0.48419583,-0.38337344,-1.5569124,-1.0659297
-0.4761025,0.4831568,2.2192724,2.7833478,2.2489977,1.4665009,0.74460536,-0.34791854,-0.96898794,-0.86241895
0.18548444,0.59933054,1.7491652,2.3053594,2.1761265,0.8800906,0.37054297,-0.18654588,-1.0127157,-0.84367156
-0.99967897,0.32245257,1.4983383,2.5854669,2.5730085,1.3152069,1.1013122,0.5892511,-0.8838167,-1.4265755
0.13813633,0.2732996,1.4175195,2.1863046,2.0603955,1.1811637,1.0332487,0.27042717,-0.74185425,-1.4342415
-0.16492593,0.24261685,1.1636117,1.7194198,1.7517172,1.2711502,0.583919,-0.012025293,-1.0615184,-1.0717393
0.008920628,0.35285625,1.6971132,2.0604475,1.7204422,0.86988163,1.0430632,-0.04349448,-0.80452776,-1.1538408
-0.5666216,0.57757384,1.9590635,2.0363607,1.8107635,1.1610657,0.28869107,0.2602635,-0.4443179,-0.7523736
0.14316565,0.2418801,0.6501721,1.1538124,1.2060015,0.6567456,-0.056852445,0.03193561,-0.5544988,-0.7902651
-0.22526509,0.7997844,1.6331758,2.3026705,2.4356403,1.0043563,0.47345072,-0.1962991,-0.94521964,-1.0936812
-0.24186882,0.47056586,1.7951807,1.5052087,1.6976547,0.32664737,0.14138316,-0.26790297,-0.96830803,-0.8216929
-0.33571568,0.43433127,2.081355,2.53777,2.2351997,1.4795955,0.21349786,-0.08322741,-1.2214574,-1.7297686
-0.2144148,0.59702027,1.4200604,1.9518267,1.7782665,0.9474212,0.8841835,0.11415214,-0.25859168,-1.2859923
-0.096325465,0.37264043,1.2390913,1.7095107,1.5989405,0.8052309,0.45953086,-0.09907777,-0.53149694,-0.589753
-0.5335125,0.50529534,1.6906958,2.1911616,2.1082048,0.94933724,0.67396027,0.2728252,-0.9474055,-1.1037539
-0.52049375,0.28261536,1.8925169,2.4800594,1.76477,1.2401296,0.6885855,-0.26659882,-1.5442775,-1.7815202
-0.92498994,0.9385012,2.2672381,2.4586744,2.6062107,1.1914347,0.26910907,-0.8946662,-1.4833132,-1.5539254
-0.63562393,0.798808,1.4411956,1.471865,1.6440536,0.45449108,0.01924891,-0.34913263,-0.7892422,-1.317456
-0.117377825,-0.047102507,1.6065748,2.248092,1.6648775,1.460456,0.5663617,-0.2499479,-1.0351717,-0.64585733
0.24517378,0.57457006,1.8862134,2.0772898,1.5091119,0.9294785,0.2539517,-0.35004354,-0.72284496,-0.6049474
-0.8281835,0.75506383,2.1041265,1.9631668,1.9794525,0.7304764,0.40907046,-0.051864367,-1.0238891,-1.0982876
-0.505386,1.3017455,1.7678896,2.3700333,2.5285215,0.80872256,0.76986706,-0.03667955,-1.452888,-1.8275379
-0.3265953,0.70947427,1.3729762,1.4082501,1.9924806,0.45612705,0.33140814,-0.3283632,-1.1469617,-1.5187827
-0.5954157,0.111288615,1.3911115,2.4816706,2.4524302,1.2462931,1.04408,-0.31834993,-0.98862386,-1.1126819
-0.46127144,0.30496398,1.2474592,2.147663,1.5447704,0.46561354,0.25326654,-0.32284495,-1.1293783,-1.0582324
-0.15905109,-0.003696324,1.417745,1.7921761,1.3040568,0.116357386,0.1030518,-0.43049404,-0.99139524,-1.0658712
-0.51313424,1.7932925,3.256631,2.686193,2.4887457,1.0819545,0.7433645,-0.3777515,-1.2260314,-0.7829108
-0.4708902,1.2011782,1.7349919,2.2372863,1.9728998,0.8477879,0.27382362,-0.054777164,-0.8274337,-0.8149751
-0.9558892,1.2507459,1.9808912,1.9077015,1.8944013,0.9548912,0.7710413,-0.20952044,-1.0387473,-0.7342117
-0.68384033,0.54627323,1.1943583,1.8092915,1.8701711,0.60099435,0.47714394,-0.24023594,-1.2404543,-0.98172945
-0.012136823,0.3143225,0.8598418,1.542296,1.8217347,0.50573677,0.45795754,-0.22561227,-0.52199686,-0.86329925
-0.43600547,0.6833919,1.7871609,2.0756497,1.9411199,0.85434175,0.7256007,-0.6367007,-1.0362568,-0.89750993
-0.4789932,0.6452103,1.5239013,2.257477,2.3227482,0.9354619,0.30998743,0.18730515,-1.0884396,-1.9428062
0.11889607,0.452368,1.7845483,1.9314284,1.7626314,0.6813857,0.3159036,-0.052364368,-0.81721693,-0.94038063
0.098138094,0.15496542,1.3438416,1.8352387,1.9332416,0.9113385,0.68898886,0.007052663,-0.82382977,-0.69734806
-0.19165608,0.29400986,1.5220104,2.161002,2.745715,0.9526905,0.69760776,0.06727382,-0.964068,-1.0586052
0.3691018,1.0206385,1.9544281,3.283642,2.2432878,1.5930294,0.94072133,-0.18735737,-1.147649,-1.672796
-1.151404,1.1988451,2.1788356,2.4323132,1.782486,0.62605864,0.051623903,-0.7795387,-1.4149197,-1.0763558
-0.5302151,1.2806273,2.1708858,2.0987546,2.272356,0.48098248,0.85817546,0.13864976,-1.0483184,-1.2698095
-0.13206884,0.7674809,1.3767157,1.68569,1.6416249,0.52697664,0.4629651,0.105184905,-0.71836257,-1.5121864
-0.5606004,0.45069018,1.2188528,1.7270108,1.1337837,0.53395563,0.6353677,-0.029429903,-0.7626202,-0.9316909
-0.14628035,1.0453937,2.251245,2.6052363,2.5295174,1.3025368,0.59190387,-0.54471606,-1.7919163,-1.5506039
-0.88056093,0.2748437,1.752804,2.157723,1.7302352,1.1948016,0.4515708,-0.20190476,-1.3138444,-1.5974069
0.19251373,0.5154497,1.4304386,1.6138881,1.7410709,0.7309464,0.5042906,0.05047526,-0.90581363,-1.0999284
-0.39840898,0.3577481,1.5927901,2.267074,2.1285043,0.80740654,0.7733313,0.25861725,-1.0911587,-1.595596
-0.119180955,0.27447462,1.3025881,1.533375,1.9106606,0.50456524,0.08484775,-0.6046348,-0.7717412,-1.5756643
-0.8630513,1.2025027,2.9648502,3.1222234,2.5248919,1.2327423,0.9458077,-0.6894936,-1.8682996,-1.8726885
-0.24427995,1.2935433,2.0345387,2.2243025,2.436511,1.1593856,0.34700176,-0.019602668,-1.2689841,-1.2776006
-0.19536936,1.0280278,2.4233484,2.327049,1.5383933,0.8303751,0.19681412,-0.88196087,-0.98969185,-1.0719906
-0.39539307,0.66892934,2.2361405,2.2442515,2.3941977,0.8827559,0.36343503,-0.4259103,-1.4442736,-1.1401707
0.15949878,0.397998,1.7567432,2.5212898,2.0498626,1.3045821,0.78916776,-0.21460848,-0.90120196,-1.3001908
-0.608436,1.24976,2.3168473,2.0676155,1.5307193,0.6287639,0.44088706,-0.63289493,-1.1165155,-0.75803673
-0.50887185,0.7787622,2.1226895,2.5944424,2.153536,0.925961,0.17449358,-0.6324768,-1.198417,-1.3046066
0.2412264,0.38330594,1.5074527,1.4950067,1.7326041,0.83635867,0.6917248,-0.110406235,-0.8256222,-0.8965712
-0.6336945,0.66897064,1.8897513,2.112311,2.2259824,0.99948037,0.5838063,0.03965763,-1.5538374,-1.7942312
-0.62768334,0.65446496,1.069881,1.1521083,1.4913988,0.54005694,0.2556559,-0.2531354,-0.91562325,-0.9639863
-0.18969256,0.34527254,0.6434553,1.5655767,1.7718799,0.41070965,0.40689898,-0.15747684,-0.8685377,-0.60997564
-0.6311936,0.25327894,1.1076274,1.4421207,1.4467112,0.54222673,0.15581669,-0.521289,-1.1640422,-0.90788096
-0.71929425,0.9746696,2.0733962,2.683241,2.5015562,0.8397656,0.3241033,-0.55927473,-1.5414699,-1.5599148
-0.46184117,0.7466577,1.8649579,1.90567,2.172433,0.82323027,0.45292848,-0.16800871,-0.99078405,-1.1777731
-0.31545,0.25999528,1.4817903,1.7808458,1.773591,0.78943515,0.17834377,-0.33128357,-1.2884871,-1.0197008
-0.09499575,0.49758157,1.6658665,1.706066,1.4480047,0.48148817,0.51977754,-0.4339412,-0.8796837,-0.6464453
-0.003968194,0.015274296,2.1833591,1.9124485,1.6267618,0.4995256,0.8995273,-0.31247404,-1.4200305,-1.6936723
-0.14950785,0.46326452,1.1804862,1.7685281,1.4325869,0.8343693,0.5595601,-0.013082845,-1.1896684,-1.0412498
0.17372677,0.8161978,1.5997324,1.7915232,1.6987153,0.45521265,0.530592,0.0770694,-0.8412082,-0.97993
0.011235696,0.2134079,0.87015206,2.1340165,1.3879215,0.64671844,0.60537744,-0.353776,-1.3993272,-1.4359341
-0.22805291,0.39166853,1.4409279,1.7967134,1.6942494,0.30859265,0.65729815,0.06639577,-0.79473376,-1.4564492
-0.53397447,0.9237025,1.5235289,1.5410893,1.2186695,0.81703645,0.41868642,-0.41485953,-1.1792892,-1.2250109
-0.27566743,0.45309103,1.5943875,2.0121136,1.1583332,0.47013444,0.18790343,0.059793208,-1.0029948,-0.5425682
-0.3254894,0.6812032,1.7144359,1.7955097,2.136932,0.7612565,0.6760549,0.1770421,-1.0977412,-1.4836613
-1.1315732,1.1637386,2.4824436,3.3809311,3.0072958,1.9015566,0.8335236,-0.60634655,-1.8249214,-1.9116291
-0.54674464,0.36163986,1.8263499,2.105252,1.493406,0.7464242,0.38579017,-0.12655659,-1.0802488,-0.83634096
-0.21805793,0.68470144,1.0412381,1.1886936,2.013531,0.6510012,0.0790327,-0.67925173,-1.3368665,-1.0376812
-0.3945097,1.044495,2.2892702,2.5444353,2.31317,0.8520657,0.61633176,-0.2866147,-1.2086954,-1.2735765
-0.27343696,0.4403717,2.0542026,3.0070636,2.2226264,1.3499894,1.2555802,0.06324549,-1.0340976,-0.76579523
-0.39433265,0.88660836,1.3635386,1.5676771,1.5117198,0.35529265,0.28435734,-0.31338853,-0.39408097,-0.9460072
-0.19355917,0.7152338,1.7255862,1.4292008,1.4703099,1.0032682,0.5495064,-0.39873487,-1.2413523,-0.88848776
-0.58717275,0.64941996,1.9052631,2.5757034,2.3929734,1.2150888,0.64095527,-0.07619695,-1.0805527,-1.3813583
-0.6617218,0.8919184,1.5716603,1.6948059,1.2067652,0.49586135,0.33398768,-0.19457075,-1.0746707,-1.1268605
-0.07745393,1.0700155,2.2186234,1.833513,2.0757625,0.32515928,0.6336343,0.18920718,-1.0085039,-1.0285501
-0.4500343,0.80167407,2.2299547,2.470417,1.9490892,0.8166691,-0.11990448,-0.21657941,-0.6838646,-1.035226
-0.60471886,0.9864916,2.087145,2.7276165,2.6319678,1.396308,0.8248245,-0.2919862,-1.6146822,-2.0985756
-0.00950256,0.2060484,1.2461549,1.641113,1.900313,0.4233671,0.2728862,-0.45372862,-0.9142861,-0.83509165
-0.041452702,0.5543687,1.3809189,1.5468017,1.3539333,0.45516253,0.36719128,-0.0127480365,-0.9248443,-0.97504795
-0.57859194,0.8010853,1.685752,2.3117836,2.0800855,0.16534373,-0.14336894,-0.24020842,-1.2254696,-1.3156723
-0.42660663,0.8067596,1.9329447,1.7900236,1.7415514,0.440267,0.4212864,0.27495697,-0.4793369,-1.0261087
-0.47393042,0.40199888,1.4911933,1.428662,1.3328303,0.44069064,0.33450502,-0.84238315,-0.5966763,-0.77323556
-0.6668807,1.5683757,3.2677221,3.683188,2.7319546,1.6211259,0.7916211,-0.20754573,-1.6461573,-1.7473437
-0.84888184,0.7885069,2.4128196,2.6839893,1.63952,0.9428121,0.6463115,-0.55835426,-1.4047444,-1.6119467
-0.896514,0.63074106,1.4860601,2.05423,1.5357937,0.5844999,0.20586045,-0.6565876,-1.5258595,-0.5049836
-0.40813234,0.47597566,1.3174729,1.2713304,1.4145855,0.6836266,0.6832906,-0.28592408,-0.9527702,-0.9867336
-0.35430792,0.42348698,1.175243,1.872111,1.4096444,0.4991125,0.3410336,-0.26979244,-0.9456708,-1.210172
-0.7914164,0.25525585,1.7012799,1.8229891,1.7215314,0.04866856,0.04996165,0.024924222,-0.81183916,-1.2508273
-0.3973401,0.053439766,1.6064837,2.0087945,1.9264635,0.9618709,0.47224063,-0.06839245,-0.8377416,-1.2498691
-1.1279775,1.4090058,3.6217134,3.7455454,3.1442823,1.3134296,0.18972678,-1.2464991,-2.3986056,-1.6728599
-0.63974565,1.2429032,2.3466184,2.6503344,2.2611284,1.1710291,0.7483458,-0.20911364,-1.6849865,-1.2807018
0.079835415,0.57801396,1.4567738,2.15622,1.8593678,0.72149086,0.619721,-0.1800838,-1.2849993,-1.0353271
-0.28860828,0.66609055,1.8388137,2.0069962,1.726903,0.7223717,0.6371673,0.034681477,-1.0912076,-0.9858026
-0.5913597,0.913892,2.5224943,2.2998214,1.8423417,0.6627328,0.21114066,-0.15467301,-1.3566672,-1.1254356
-0.15861896,0.14635786,1.2523687,1.7628136,1.8621068,0.6477197,0.4479893,0.28394586,-1.1255258,-1.3610983
0.06733784,0.70114315,2.6489575,3.2155504,2.530921,1.0409926,0.7453892,-0.40834886,-1.6326385,-1.7245514
-1.5310376,1.1024903,2.23882,2.5222578,2.0282223,1.0505781,0.15188967,-0.42155203,-1.2354518,-1.9111773
-0.1624124,0.3310042,1.3557482,2.1907196,2.0810108,1.4179537,0.91752124,-0.3101107,-1.3638387,-0.9578476
-0.6537502,0.61917204,1.8283237,1.7340109,1.6494298,0.67810154,1.1094878,-0.42938584,-1.380644,-1.2072244
-0.3839207,0.7982712,1.991567,2.5865276,2.833848,1.2671397,0.8830642,-0.13638394,-1.2678638,-1.6233087
-0.5762043,1.0728354,2.1979067,2.636435,2.4066668,1.2751154,0.62534827,0.0605262,-1.0947309,-1.3725029
-0.55736214,0.7631192,1.5225316,2.1198413,2.103651,0.5026118,0.3108576,-0.7237877,-1.3072275,-1.846696
-0.45613414,0.9066147,1.9641347,2.2896774,2.3268015,0.581025,0.73026544,0.3093329,-0.81308275,-1.9759308
-0.26742953,0.70371664,1.7222842,2.059306,1.3612341,0.5258153,0.5292791,-0.09639056,-1.1592587,-0.8069272
-0.5027248,0.7641476,1.9970373,1.6590778,2.003889,0.76967776,0.60095227,0.066615336,-0.8441307,-0.9730749
-0.16644529,0.064356536,1.2368895,1.7210357,2.0315287,1.0042446,0.8933689,0.0045184507,-1.2082007,-1.0336378
-0.5852999,1.0551658,2.7727349,3.1088767,2.5656586,1.072821,0.9210099,-0.7196537,-2.0334947,-1.7756628
-0.61978287,0.95390964,1.8199307,1.8408859,1.8548548,0.45294166,0.1989288,-0.01478512,-1.3380368,-1.4185728
0.1274763,0.86083955,1.6974945,1.7568146,1.4889863,0.71790594,0.71395344,0.18430221,-1.1059282,-0.93954045
-0.9517956,0.8933482,1.8446007,2.0501285,2.021648,0.930984,0.2545339,-0.61388165,-1.2643069,-2.0881689
-0.35461152,0.12686816,1.5830076,2.0532806,1.650654,1.1178612,1.0773667,-0.31419727,-1.1578563,-0.7592939
-0.70155746,1.0719473,1.8400922,2.410915,2.629692,1.2718648,0.33939236,0.007540648,-1.37025,-1.8358383
-0.06326303,0.6186764,1.5577532,2.1490555,1.7680831,0.52670276,0.5701666,-0.09152335,-0.7944676,-0.8172058
-0.13810912,0.45724,1.3820393,1.631624,1.5224524,0.8637955,0.38303196,-0.15356618,-0.91069806,-1.0344009
-0.39768982,0.46485656,1.5320932,2.2864153,1.9032894,0.82137156,0.6358337,0.09833316,-1.2015556,-1.4865603
0.14072418,0.008964097,1.1461377,2.6370103,2.2156386,1.1983668,0.547283,0.20394532,-0.949645,-1.2658914
0.15659782,0.9239376,1.7893431,2.5774639,1.7700853,1.3091198,0.90785414,-0.12578706,-1.467533,-1.1213717
-0.55098057,0.73829484,1.0474592,2.3739865,1.5026789,0.26110336,0.57100147,-0.10329588,-1.2761054,-1.0025207
-0.42655864,0.4989567,1.1224815,1.5727026,1.4665154,0.6350137,0.5638908,-0.35895994,-0.7487346,-0.93867403
-0.32059836,0.595464,2.1735446,2.2964091,1.7148366,0.6869689,0.80229884,0.128652,-0.77192193,-0.94607896
-0.27263984,0.5520514,1.5663192,2.1192331,2.0712519,1.1023525,0.61072314,-0.1752308,-1.299031,-1.6413037
0.049515713,0.5342419,1.6128672,2.0903199,1.7244539,1.3481258,0.94106764,0.43704003,-1.3469944,-0.85615987
-0.39907208,0.54552174,1.2880706,1.79714,1.5244113,0.6155037,0.47762787,0.07060142,-0.8912397,-1.6883386
-0.5724782,0.14560367,1.3800546,1.7661142,1.5705787,1.0864403,0.51889724,-0.4107714,-1.402433,-0.6121272
0.37256604,1.2442491,1.8712845,1.5834488,1.5861427,0.77088326,0.39171788,-0.39359108,-0.8358896,-0.77406794
-0.32839292,0.21951622,1.6886873,1.602631,1.7333481,0.6445306,0.682672,0.08244089,-0.6520977,-0.89885527
-1.111699,1.3691959,2.8118916,2.359983,2.0213313,1.113587,0.5132271,-0.34497365,-1.5170647,-1.1447331
-0.6000386,0.5118188,2.154615,2.1491308,1.7658285,1.0229682,-0.022759287,-0.43871337,-1.0847188,-1.1685796
-0.16726863,0.8386997,1.7514666,1.7279477,1.777947,0.5975575,0.42322966,-0.1016525,-0.7796394,-1.2173138
-0.72985643,0.47758856,1.2544966,1.3209773,1.0210559,0.26895025,0.29194447,-0.8469917,-1.1641722,-0.9017429
0.10466098,0.7342958,1.5161744,2.01154,1.7287102,0.6927426,0.5946309,-0.4189064,-0.8218032,-1.5026268
-0.2802646,0.039424878,1.0213705,1.951407,1.251205,1.0287768,0.59238744,0.032892715,-1.3118066,-0.8868373
0.06355035,0.75817543,1.8504701,1.857646,1.5613286,0.49428767,0.5048784,-0.23926878,-0.78493625,-0.93713564
-0.037786003,-0.030874528,1.5557402,1.8384168,1.7225417,0.9963261,0.6152565,0.24214879,-1.2343622,-1.1000592
-0.040879782,0.36581224,1.3848742,1.4562597,1.3382337,0.81832033,0.06505234,0.04439442,-0.5434378,-0.6349472
-0.45450374,0.10647398,0.5832151,1.5540903,1.531587,0.47682697,0.50198776,0.102439925,-0.8730122,-0.942935
-0.21834335,0.5588866,1.3278962,1.5259148,1.7916565,0.6495213,0.11726466,-0.17598961,-0.6056286,-1.0852847
-0.008897955,1.4426814,1.8853759,1.768266,1.6934445,0.9591056,0.41914892,-0.6027913,-1.0814563,-0.8973344
-0.54071695,0.4554727,1.1844636,1.5261625,1.5651232,0.7507585,0.2548027,-0.5928056,-1.5668617,-1.6614466
-0.9466252,1.1084809,1.6647115,2.3592577,2.2143083,0.5640266,0.68821836,-0.31058234,-1.6794645,-1.3577104
-0.40130225,0.21358682,1.5228847,2.6492,2.0719094,1.0236444,0.6471138,0.033758234,-1.1828861,-1.3753302
-0.24463591,0.69472593,1.2373363,1.4546063,1.5338145,0.43079105,0.21511343,-0.013385557,-1.2264022,-1.0765381
-0.27697772,0.8132413,1.3217162,1.6791737,1.5169312,0.7290294,0.67315644,-0.259893,-1.0181754,-0.83325005
-0.3971463,0.13299246,0.77384615,1.4303839,1.3282951,0.25429356,0.30568263,0.20771399,-0.54138315,-0.60280335
-0.26386294,0.47491992,1.1978068,2.2764924,2.2305293,1.3441627,1.0119878,-0.08056847,-1.5540031,-1.8012075
-0.6080687,0.086468354,1.0790635,1.7068229,1.4554667,0.6573055,0.94204265,-0.073535606,-1.1055125,-0.9899698
-0.054927148,0.3723242,1.4375392,2.0056236,1.7441756,0.9134508,0.34664643,-0.2402682,-1.5491067,-1.1655952
-0.3814157,0.35017326,1.9695891,2.1612175,1.7660527,0.3850989,0.34151393,-0.47021276,-1.4106216,-1.0633922
-0.75251466,0.9411188,2.3036745,2.384297,2.5062637,1.1816906,0.30650222,-0.1415553,-1.0746542,-1.5001557
-0.32027397,0.10072964,2.0758753,2.0370212,2.08287,1.210085,0.76722425,-0.351404,-1.1402225,-1.4968308
0.25882328,0.7758595,1.4104266,2.0523183,1.873654,0.42924026,0.6930291,-0.11005188,-0.8835255,-1.4045303
0.41687423,0.61745036,1.0389597,1.949239,1.8645033,0.5370773,0.25425023,0.29060796,-0.87775296,-0.9876497
-0.09113177,0.63284194,1.482889,1.9556172,1.4338717,0.40709373,0.0020281114,-0.6820105,-0.83513176,-1.2271276
-0.52570075,0.11692277,1.6074427,2.4877036,2.0013742,0.9293955,0.4926892,-0.31014955,-0.7717229,-1.7215997
-0.80424374,0.20532674,1.4681804,2.024599,1.5251058,0.62761235,0.4952103,-0.42717335,-1.1217105,-0.9722752
-0.5392336,1.0564003,2.3212693,2.5687811,1.9660074,1.1412642,0.7414386,0.042167623,-1.7453858,-1.6181636
-0.34361053,0.34486777,1.1620728,1.6617122,2.339148,1.7090548,1.1483458,0.04751935,-1.1800424,-1.553
-0.3347615,0.74395245,2.1013565,1.7142903,1.8484826,0.907475,0.44422078,-0.5344117,-1.0362314,-1.6566403
-0.3953422,0.72201157,1.7643356,2.1213946,1.6924118,0.81079376,0.60910803,-0.7845434,-1.3650177,-1.2077847
-0.13771111,0.65238243,1.3296251,1.4938545,1.4545752,0.3293497,0.6010762,0.08204931,-0.7384076,-0.58744824
-0.64331114,0.8075884,2.412425,2.077563,2.2599683,1.0370988,0.46508187,-0.41368082,-1.0496191,-1.2377473
-0.24951094,0.5278042,2.1591463,2.3314643,2.0269136,0.8300181,0.9765235,-0.18245849,-1.2667441,-1.3940365
-0.23460615,0.13670358,1.5474387,1.9257548,2.1197088,1.0000539,0.6360497,-0.26185456,-1.037733,-1.0583993
-0.7009737,0.7880728,2.030393,2.4391747,2.2566729,1.3639444,0.916759,-0.19209817,-1.894924,-1.5649848
-0.28520408,0.646909,1.6535074,2.02876,2.2277741,0.66506344,0.44949037,-0.2545348,-1.6693014,-1.2314912
-0.1902188,1.278769,2.0748599,3.283349,3.1186283,1.8569798,0.97004044,-0.24214976,-1.5703458,-1.4495771
-0.1688894,0.77898276,1.7017097,2.136505,1.7871836,0.43820494,0.29647988,0.02954259,-0.7590323,-1.0400811
-1.3113868,1.8212408,3.0206347,2.8555493,2.5742881,1.1623874,0.3965136,-0.38605595,-1.8295108,-1.448645
-0.97259915,0.8268521,1.7803138,2.6364422,2.1445346,0.8552962,0.37851438,-0.47852567,-1.5419626,-1.8836238
-0.103638515,0.47428295,1.4299238,1.9534022,1.6630267,0.6113342,0.5243877,-0.17825513,-0.9602481,-0.9970015
-0.5245799,0.43558362,1.3585635,2.080941,1.6102598,0.7698622,0.8845956,0.0017171358,-1.2507943,-1.1364846
0.09736414,0.85715353,1.6068239,2.0525265,1.6991851,0.7269688,0.5743659,-0.21532524,-0.85459304,-0.7400525
-0.027051039,0.30507445,2.0753894,1.9828032,1.6087632,0.73827773,0.8215181,0.12812859,-0.3308531,-1.0230877
-0.29750603,0.4886477,2.1103113,1.9460549,1.6461273,0.533155,0.6946596,-0.25935107,-1.1317648,-1.1871682
-0.46006396,1.1500826,2.6303563,3.0123913,2.6283104,1.6094828,0.80562556,-0.5594463,-1.6748964,-1.3490539
-1.0985212,0.13263837,2.0031505,2.906455,2.165543,1.3708237,0.9809121,0.33565935,-1.445705,-1.5566915
-0.85811293,0.80297047,1.6835579,1.975865,1.5251136,0.51275635,0.31716633,-0.08248671,-1.1635329,-1.3339137
-0.20370385,0.597251,1.7305313,1.984089,1.6604109,1.1667686,0.7492034,-0.2544519,-0.89831126,-1.0280023
0.20483634,0.750299,2.2761643,2.2800515,2.5214453,1.2097751,0.5932545,-0.76855206,-1.3537736,-1.3965416
0.2152085,0.31229487,1.4978908,1.7545674,1.6468446,0.9007851,1.0057713,-0.050331306,-0.42830083,-0.71354705
-0.61776865,0.63417286,1.5553008,1.9764022,1.5180777,0.29638553,0.100590214,0.09788876,-0.61588246,-0.98360205
0.0153080085,0.2050816,1.0837086,1.6086417,1.9233364,0.79280645,0.909239,-0.19331017,-1.2751801,-1.1964698
-0.37447384,0.36839738,1.7764454,1.3266759,1.2115778,0.29103673,0.6344939,-0.12624665,-1.0268044,-1.0416467
-0.54131365,0.5591101,1.7208196,2.104284,2.0850942,0.80538166,0.32288766,-0.4763479,-1.2033677,-1.4761014
-0.06015881,0.40937516,1.5503365,1.9573984,1.3729519,0.88990116,0.5523584,0.060317744,-0.8393797,-0.7154963
-0.16923368,0.43247262,1.4630977,2.270529,1.5936768,0.8743228,0.5239445,0.0036487586,-1.2883106,-1.2290751
-0.52051455,0.823126,1.5544995,1.8404996,2.4297183,0.6802651,0.42716596,-0.056593917,-0.8895902,-0.9237561
-0.63347006,0.47785386,1.8225889,2.7920299,2.0182805,1.2442857,1.1693709,0.3307326,-1.3329376,-1.5527622
-0.2571973,0.052568547,1.5369234,2.5281906,2.4888387,0.60744387,0.6276714,-0.2932509,-1.1441387,-1.3457098
-0.03520412,0.31837025,1.402252,1.656832,1.428174,0.8637057,0.36287066,0.10244803,-0.7527184,-0.69498706
-0.4816581,0.55458874,0.9841917,1.5173888,1.6684828,0.35609633,0.68533975,0.17836767,-0.8880336,-1.1212577
0.059773363,1.1070988,2.0205019,1.9045348,1.511077,0.7419877,0.282245,-0.26332808,-0.88088304,-0.652113
-0.32779437,0.28252813,1.7451451,2.6244593,2.014849,0.8818825,0.6240684,0.16623636,-1.4206129,-1.1383106
0.10726723,0.7578446,1.9385699,2.677459,1.925726,1.4380367,0.81338334,0.019704007,-1.2566934,-1.5792345
-0.5083119,0.38208848,1.1395472,2.052482,1.6400746,0.7419794,0.7509228,-0.40148777,-1.523186,-0.32475397
-0.044637207,0.2009917,1.0050672,1.4535176,1.4330897,0.5068252,0.3863658,0.058789257,-0.33184195,-0.9646038
-0.07706031,0.43206254,1.3911884,1.5314325,1.5493568,0.4379695,0.49400717,-0.71428686,-0.75344354,-0.7738433
-0.8610586,1.1331358,1.9301875,2.0363634,1.9821707,0.36680835,0.36257994,-0.40061048,-1.5316937,-1.3172759
-0.5718917,0.05309597,1.4191704,2.303002,1.9810418,0.97158563,0.49415195,-0.014647789,-0.9714193,-1.4825771
-0.04073593,0.592102,1.2764835,1.5862427,1.9959074,0.9022679,0.47264117,0.014065977,-0.93050665,-1.5309709
-0.29939434,0.20952033,1.2516989,1.5845846,1.711834,0.7504383,0.607428,-0.24671188,-1.3603352,-0.95292187
-0.09782837,0.81855,1.515957,1.7190939,2.049226,0.8182912,0.023151495,0.019848857,-1.2035671,-1.3831668
-0.06603331,0.3402023,2.051738,2.1888895,1.6642206,1.184055,0.79166234,-0.35030702,-1.2414267,-1.2665179
-0.34244168,0.4248013,1.4694626,1.7134587,1.7245977,0.7106955,0.68770415,0.03902402,-0.95847845,-1.3788652
-0.6912424,0.3069347,1.0450485,1.2348096,1.535508,0.73921305,0.15612191,-0.13960275,-1.028826,-1.0687838
-0.016509507,0.40143728,1.3476194,1.6029576,1.5934674,0.7686162,0.05217375,0.06701637,-1.0191258,-1.1908631
-0.43713558,0.15208009,1.5757157,1.680075,1.493806,0.8949398,0.4622732,0.124765165,-0.8097608,-1.0183207
0.24376893,0.66781515,1.7483377,1.579289,1.9097431,0.691569,0.23796114,0.119271055,-0.51453406,-1.1984116
-0.2559609,0.68707424,1.415616,1.8309823,1.7923975,0.3426475,0.46399352,0.17239992,-0.7844162,-0.7023899
-0.96818227,0.3734811,1.2961941,1.5965768,1.844775,0.48273212,-0.12415241,-0.0055655665,-1.4306846,-1.2055142
-0.09181659,0.37012798,0.9914309,1.8358903,1.5506735,0.30751982,0.49544942,-0.044096753,-0.4961621,-0.718493
0.2245751,0.018971857,1.3934451,1.7950941,1.5175741,0.55770206,0.6306921,-0.061789304,-0.63698995,-0.853683
-0.2971531,0.39260703,1.4782126,1.975223,1.1647439,0.29388857,0.4499032,-0.13272025,-1.142693,-0.8628178
-0.4559161,0.4579033,1.3090353,1.5012577,1.6981336,0.5004105,0.5351952,-0.11990884,-0.7196574,-1.0411037
-0.034985036,0.29688475,1.0711503,1.238495,1.236868,0.838402,0.7643735,-0.0897799,-0.51252615,-0.85232556
-0.2521166,0.51063675,1.2134044,1.7287314,1.2565374,0.36965623,0.7087352,0.033100657,-0.981668,-1.0626324
0.061370958,0.63585705,1.2792656,1.7993747,1.4066023,1.1722645,0.4818406,-0.3193974,-1.1037239,-0.9852904
-0.920097,0.7706091,2.0505345,1.9787213,2.0048118,1.3990324,0.1493308,-0.2622847,-0.896416,-1.3015437
-0.3847738,0.6170616,1.4330435,2.1102843,1.7039241,0.54813904,0.3976784,-0.70105386,-1.03032,-1.1138308
-0.39788204,0.36783665,1.7199316,1.6812059,1.6838824,0.5847983,0.55681354,-0.124815896,-0.7616525,-1.141417
-0.28999078,0.4002868,1.6802574,2.0189924,2.1063585,1.0216633,0.43291226,-0.13227715,-1.1264226,-1.6473724
0.06802463,0.15071231,1.0272369,1.5027515,1.6953648,0.9865606,0.6561616,0.0143479,-1.186164,-1.1434382
-0.20279527,0.5071094,1.5166181,1.9271563,1.5466713,0.61776984,0.777231,0.13913639,-0.9229005,-1.6064045
-0.43021703,1.0848479,2.5806358,2.8057232,2.3243136,1.1776925,0.66262287,-0.06590496,-0.8914359,-1.6940321
-0.1903505,0.64798933,1.6862446,1.8156993,1.7422479,0.91396326,0.3745003,-0.14173764,-0.8307306,-0.8436735
-0.68476975,0.8341359,1.194507,1.4628209,1.7905875,0.6697376,0.72259575,0.34087592,-1.2538997,-0.97153485
-0.22905225,1.4639772,1.6181353,2.3507104,2.584157,1.292364,1.2593989,0.20371267,-1.1034297,-1.2754272
-0.46548426,0.89210874,1.6425956,1.7550857,2.1427436,1.2908524,1.0331855,-0.5130062,-1.7666705,-1.5208783
-0.97095674,0.35713235,1.5222524,1.9674867,1.2039286,0.96672976,0.4600233,-0.124864876,-1.1342775,-0.90002275
-0.62359947,0.8667218,1.5388504,2.2658677,1.6986783,0.47114223,-0.087367654,-0.5393731,-1.4161124,-1.3425778
-0.11807705,0.4094153,1.3935598,2.0486917,1.7773913,1.147224,1.0296743,-0.0050192713,-1.2016908,-0.9910096
0.41898322,0.87654257,1.8582524,2.5632775,2.346068,1.9675659,1.0702788,0.29386044,-1.366602,-1.0504938
-1.0239397,1.0740932,3.5794034,3.693938,3.043384,1.6187397,0.6438198,-1.2897674,-2.532575,-2.084854
-0.3279675,0.7629367,1.6208011,2.1947186,1.9383149,0.74615186,0.1258687,-0.012331247,-1.3572114,-1.6555614
-0.24905273,0.58751947,1.5077105,1.8569204,1.5262369,0.79220015,0.5804679,-0.18980916,-0.9039981,-0.958929
-0.18593949,0.4127669,1.7999446,1.9950942,1.5179473,0.8160791,0.38585448,-0.44774804,-0.8098928,-1.2753248
-0.42869705,0.65326786,1.791428,2.2682073,1.8536128,1.1772819,0.8855368,-0.46093538,-1.2445585,-1.2317996
0.062097214,0.5142583,2.3016458,2.491122,2.571668,1.3360497,0.56392115,-0.2263365,-1.1915455,-1.222394
-0.4240497,0.48130813,1.097284,1.6122569,1.5184836,0.937685,0.5391074,-0.38272595,-1.06595,-0.99659073
-0.14116517,0.24446179,1.8323331,2.211084,1.7520033,0.7347489,0.7446443,-0.037405245,-1.183979,-1.0980792
0.20826623,0.6037388,1.3546393,2.4318378,2.418443,1.4785486,0.8142199,-0.027907332,-0.85159606,-1.452269
-0.49005738,0.55517435,1.6701841,2.277485,2.1898046,0.8629651,0.41426954,-0.011065535,-0.9457901,-0.92301613
-0.4165216,0.34034985,1.0260179,1.6199038,1.4420264,0.16813529,0.07111786,0.095179774,-0.7201069,-1.1852047
0.32006556,0.52759534,1.5691384,1.932895,2.0018442,0.813025,0.27027473,0.11048048,-0.95322454,-1.6335608
-0.35220325,0.31496838,1.695472,2.3194444,1.6186441,1.15193,0.5043274,-0.13558267,-0.88931537,-1.5013981
-0.3912347,0.31522825,1.1704562,1.3679552,1.5302534,0.42452428,0.67704326,-0.28704152,-0.59009844,-1.0937295
0.17467397,0.13016567,1.619759,2.3555944,1.9791805,0.88416886,1.0402498,0.21652228,-0.7695833,-1.3588115
-0.23807395,0.53021955,2.3579664,3.0606725,2.388657,1.1474774,0.70507056,0.1356979,-1.3729144,-2.0228074
-0.444406,0.5303625,1.426854,1.7190745,1.5080929,0.74501354,0.9662335,-0.054321475,-0.56049734,-1.0030973
-0.5176805,0.20677575,1.2341256,1.8559732,1.478804,1.3571731,0.7171697,0.29686418,-1.0730724,-0.8830051
-0.77645504,0.6678227,1.7589982,2.6764252,2.249301,0.99936163,0.28887248,-0.5023192,-1.6540393,-1.9108598
-0.5202459,0.90429926,2.2024739,2.1762674,1.6983056,0.63593197,0.58110267,-0.57384294,-1.032154,-1.0596027
-0.026069406,0.27492395,1.3101169,1.3388631,1.2186048,0.46810156,0.39774215,-0.15168187,-0.50893223,-0.8329774
-0.8895187,0.7547374,1.7650392,1.9980129,1.8865751,0.4286105,0.6492205,-0.2625198,-1.4812042,-1.874202
-0.3420109,0.55612695,0.931624,1.8904377,1.5912043,1.0395657,0.51140696,0.11471509,-0.9116706,-1.0051687
-1.3948516,1.4693431,3.1928697,4.04667,3.2831235,1.9935054,0.3305773,-0.62885934,-2.1937122,-2.270277
0.097869046,1.4704484,3.1231048,4.1595554,3.8410168,1.7435935,1.0774242,-0.24377689,-1.8000426,-1.0266379
-0.5899874,0.30362687,2.0274954,1.6020035,1.112776,0.69808537,0.42434797,-0.3626526,-1.1886048,-1.3046741
-0.26506138,0.15741083,1.4048581,1.865637,1.8642344,0.680906,0.3343982,-0.02558419,-1.203093,-1.1349841
-0.3512891,0.37825608,1.6198823,2.1500726,1.6469016,0.74449205,0.091520876,-0.8217727,-0.92678696,-1.5082847
-0.046295293,0.5745052,2.0105429,2.5657792,1.8062885,0.6158826,0.41595137,-0.09453024,-1.2903509,-0.8625755
-1.0047433,0.6520511,2.122444,2.8213043,2.0108907,0.955552,0.13634893,-0.20643368,-1.3519728,-1.371731
-0.3918942,1.9947604,3.539387,2.9925456,2.8786776,1.4837345,0.5913879,-0.4433257,-1.6031123,-1.5576257
-0.28702357,0.9248813,2.868538,3.5082643,3.0478592,1.4624872,0.5197085,-1.0877161,-2.1832845,-2.2017481
-0.17573217,0.32693374,1.2516966,1.6722078,1.52475,1.071317,0.98640895,-0.016098168,-1.1139282,-0.87026244
-0.49641624,0.6982499,1.614136,1.6173635,1.2077459,0.7639246,0.16287367,-0.1769985,-0.69594836,-1.1389369
-0.424626,0.70146966,1.5272737,1.4516613,1.1308928,0.39531136,0.15335079,-0.29428804,-0.7357817,-0.6855177
-0.49452153,0.39830422,1.6920282,1.9538012,1.8179595,0.5150993,0.43759045,0.23480314,-0.9517447,-0.9705656
-0.037699133,0.55523473,1.7196739,2.243397,1.726985,0.60740215,0.5297274,-0.20473348,-1.0898929,-0.59652936
-0.6804323,0.43117604,1.733965,2.0868359,1.5019143,0.5592753,0.231098,-0.7067337,-1.2750511,-0.9083965
-0.5044762,0.48409888,1.5640002,1.8814933,1.8331198,0.9050169,0.34756157,-0.07304388,-0.90854806,-0.8339061
-0.005911257,0.6062767,0.894699,1.5265175,1.8402976,0.47665703,0.25454712,0.36764264,-0.6510597,-1.0387164
-0.032069005,0.8289449,1.253149,1.4266402,1.5434163,0.7892299,0.7015512,0.024426175,-1.0646245,-0.71621674
-0.51112866,0.095192604,1.5382856,2.2622387,2.1805966,0.85512346,1.1326762,0.29237705,-0.99416816,-1.5876957
-0.85276455,0.65585613,2.5082047,2.3853726,1.8422391,1.0531756,0.3034684,-0.9520683,-1.3111374,-1.7783291
-0.473517,0.6536391,1.3503358,1.806948,1.6384574,0.8494901,0.5204202,0.27716845,-0.4704623,-0.9021949
-0.7546289,0.8919222,2.062695,2.1079788,2.1742382,0.82593274,0.5219464,0.03751859,-1.2738718,-1.615069
0.1365557,0.19814086,1.4512111,1.828367,1.2389456,0.96624315,1.0442606,0.13860838,-0.7497083,-1.1261908
-0.17759484,0.6144673,1.9556574,2.4944823,2.1364686,1.2171925,0.7826269,-0.04417446,-0.7352772,-1.3166319
-0.2598983,0.934025,1.4399303,2.0203454,1.9990371,0.73485875,0.5184275,-0.24357024,-0.8498899,-1.0100136
-0.5035317,0.7918836,1.8110121,1.7741847,1.5494541,0.34668207,0.41530615,-0.17894606,-0.8402909,-1.1433359
-0.536444,0.24525176,1.8472298,1.9738349,1.9700176,0.61535305,0.30675882,-0.4846625,-1.6954591,-1.7085588
-0.41568777,0.301621,1.5619957,1.7344787,1.5490298,0.6689881,0.2865677,-0.004715835,-0.8007163,-0.7367914
-0.5048526,0.048620503,1.4320583,1.6405778,1.3092705,0.6466168,0.4684065,-0.18506318,-1.0142102,-0.45156986
-0.9302645,0.8522952,2.0436773,2.756174,2.418209,0.8878091,0.43811512,-0.16617204,-1.4618571,-2.0159903
-0.5838224,1.0736905,1.5206326,3.050457,2.5648267,1.2691597,1.1027969,-0.49321604,-1.8147254,-1.5586274
0.090578556,0.065140046,1.5792762,1.7858254,1.6486175,0.496634,0.40889004,-0.16095659,-0.6878155,-1.2358148
-1.1428167,0.9388219,2.1723847,3.099386,2.756306,0.9383439,0.51295274,-0.18005452,-1.3915058,-1.9476385
0.020655759,0.55235386,1.5975502,2.3676198,1.915499,1.1536363,0.9809114,-0.35003445,-1.5807602,-1.4540383
-0.5149492,0.9110351,2.2100306,1.6127878,1.5011737,0.4154234,0.62645566,-0.25527304,-1.2455014,-0.84282494
-0.6439569,0.5746077,2.302193,2.1033201,1.2009776,0.7804318,0.15082401,-0.51945996,-1.2230264,-1.3556591
-1.0072341,0.14345995,2.036525,2.6348073,1.9322696,0.6147859,0.3525606,-0.30407712,-1.1784809,-1.5868841
-0.7709094,1.0719594,2.106759,2.5080104,1.5930028,0.29594773,0.6867358,-0.48960128,-1.6152008,-1.3136591
-0.106455006,1.1150018,1.8191243,2.8789134,2.1322262,1.1920999,0.99037707,0.5177488,-1.1554593,-0.96320397
-0.27557674,0.346358,1.961387,2.3437104,2.109565,0.78244674,0.44538993,-0.40543228,-1.4258814,-1.6496123
-0.5364871,0.90106934,1.6607387,2.4863894,1.9041854,1.2930928,1.1236752,0.23898782,-1.0749769,-1.4977118
-0.24203023,0.40727833,1.7952976,2.0227995,2.0512342,1.2040088,0.5568359,-0.18389314,-1.142173,-1.8452694
-0.58501846,0.627622,1.7625477,1.5913335,1.3367401,0.7727804,0.35592106,-0.29722536,-0.93410915,-0.9218934
-0.37877977,1.1023763,1.9542085,2.31084,2.1604464,0.5697615,0.30197874,-0.55301946,-0.6993973,-1.3141562
-0.5886535,0.621236,1.6244951,2.0130084,1.8893316,0.99773836,0.15823732,-0.4074504,-1.2362661,-1.4179788
-0.25942698,0.83290505,1.4953207,2.1354387,1.887969,0.64315826,0.3246658,-0.5065921,-1.6430619,-1.9086212
-0.7911297,0.49118683,1.920831,2.4951055,1.7192564,1.2695023,0.693658,-0.86275256,-1.6468422,-1.4291205
-0.31583,0.34980837,1.958612,2.6692479,2.3038332,0.9472859,0.11704205,-0.86881006,-1.5972052,-1.1558644
0.15742564,0.4675149,1.4931384,1.8543932,1.6041132,0.8576532,1.1084614,-0.30292028,-0.8968317,-0.54777306
-0.22462896,0.192481,1.5498643,1.645266,1.9408221,0.9580779,0.5364777,-0.13181356,-1.134786,-1.1795263
-0.3897043,0.9304449,1.4887054,1.8136193,1.6357657,0.27752432,-0.023612712,-0.48225293,-1.373704,-1.0976468
-0.25577208,0.53991175,1.8432298,1.8282182,1.6739273,0.70310766,0.31408548,-0.15487552,-0.7847079,-1.120697
-0.4685793,0.714833,1.875751,2.1141777,1.6555963,0.6739444,0.48541117,-0.02589965,-0.81321,-1.0395179
-0.15859315,0.22854178,1.0160934,1.7534062,1.5588821,0.39803028,0.43697244,-0.10963569,-1.0683222,-0.43113115
-0.17789984,0.21761693,1.6836101,1.9719528,1.6149856,0.8257893,0.66074914,0.11807386,-1.0281225,-0.5005999
-0.47216508,0.37028667,1.8759121,2.500781,2.1892123,0.9963995,1.3826838,-0.076314755,-1.3186802,-1.2219173
-0.8742213,1.0882533,1.8098657,1.8441144,1.7811208,0.7003464,-0.1298721,-0.78732044,-0.9961324,-1.6327636
-0.05956482,0.2776442,1.2828561,1.270627,1.4465065,0.3759165,0.15818647,-0.055602998,-0.5577461,-0.806503
0.6207797,1.3207345,2.6270971,3.4667437,2.60422,1.927983,0.9615537,-0.2531237,-1.5896143,-1.8406633
-0.19426185,1.2908558,2.1215813,2.122274,1.6400832,0.75140613,0.4954952,-0.08545206,-1.1948222,-1.2624357
-0.7288052,0.8225047,1.4843304,2.1556847,1.7988769,0.53289145,0.54607874,-0.29448944,-0.8549748,-0.9932042
0.4382968,0.5628345,1.3391856,2.4933436,2.0205662,0.8707816,0.41459006,-0.055015773,-1.1859113,-1.0458152
-0.4797575,0.38385513,1.3638929,1.8053308,1.4548467,0.52277845,0.4620249,-0.0011117351,-0.64954746,-0.9224319
-0.48508164,0.17864163,1.0844249,2.0570037,1.8914995,0.6481118,0.55952877,-0.052541226,-1.3973252,-1.492727
0.21253285,0.06857786,1.8271798,2.6403725,2.0177448,1.3765372,0.8486684,0.024746729,-1.5579677,-1.7361418
-0.936943,0.64128107,2.9997036,3.2229297,2.7422352,1.4170414,0.5768423,-0.3588451,-1.5554506,-1.788574
-0.32680234,1.3898666,3.478645,3.454662,2.5727074,1.5924848,1.0975468,-0.78952986,-1.7149982,-2.3016744
-0.40518826,1.07913,2.4406264,2.5612197,2.6986523,1.4509611,0.67739534,-0.13589582,-1.4546095,-1.3014007
-0.49145553,0.32638782,1.6925595,2.459218,2.0771198,1.1453935,0.6903626,-0.5485657,-1.165316,-1.0523145
-0.044310097,-0.0636074,1.2483219,1.6269585,1.476987,0.53383505,0.273684,-0.108469024,-0.5567283,-1.1557137
-0.50813496,0.28299537,2.0359883,2.451357,2.160151,1.0480675,0.6954031,0.1202778,-1.1482047,-0.7651084
-0.0052914545,0.59392405,1.4022647,2.4012218,1.786398,0.9734987,0.7047821,-0.06648033,-1.2173864,-1.2342684
-0.69187254,0.6395693,1.3754772,1.7737973,1.9582798,0.92379373,0.21789229,0.3253363,-1.1140245,-1.1973084
0.02067807,0.629513,1.3982432,1.9802939,1.4716607,0.8619151,1.1727746,0.02759457,-0.97882617,-1.0879039
0.19414896,0.31016797,2.193075,3.1993673,2.576852,1.498476,1.0407984,-0.022500865,-1.2552735,-1.817566
-0.44798273,-0.13549653,1.2932677,1.6493431,1.480824,0.68102825,0.44256017,-0.4425273,-1.6037254,-1.2604233
-0.2707568,0.17488539,1.7603579,1.5009692,1.5960696,0.8648866,0.68798023,-0.19172506,-1.0962461,-1.0430942
-0.2272746,0.7187672,2.634076,2.7267156,2.4848096,1.1953902,0.7445408,-0.31199396,-1.2651039,-1.6530046
-1.0297357,1.238239,3.7777374,3.9843946,3.0531158,1.6288376,1.2059642,-1.2090555,-2.1446018,-1.5257323
-0.40191123,1.1294707,2.990678,3.2585223,2.8469856,1.8494997,0.7878673,-1.1496912,-1.4353544,-1.6540873
-0.9382006,1.107015,2.419585,3.2614768,3.0035133,1.1694148,0.71613675,-0.8010701,-1.9185503,-2.1390631
-0.96663564,0.47841716,2.08818,2.2522259,2.3741477,0.9432685,0.885857,-0.25764713,-1.5086215,-1.882812
-0.504264,0.8771969,1.7197721,2.1075947,2.1640751,0.7004408,0.51006943,-0.05821696,-1.2963978,-1.322721
-0.24880245,0.5668665,1.9861485,3.1561825,2.5374584,1.5282085,0.7306086,0.034750737,-1.0792549,-1.3093843
0.10071769,1.106187,2.1389468,2.4932837,2.3644762,1.2742302,0.7650221,-0.5965655,-1.2952147,-0.9391945
-0.37627965,0.45608902,1.1827091,1.709262,1.8341959,0.64246756,0.44315428,0.31655726,-0.6035655,-0.7895815
0.029108062,0.82126236,1.81311,1.6476533,1.7261893,0.6052967,0.04304398,-0.046178956,-1.2085419,-0.70917267
-0.33514974,0.6250819,1.7093364,2.347497,2.1095567,0.69014555,0.44718057,0.18559273,-1.4595541,-1.6747981
-0.40147567,0.50773704,1.8425412,1.9776541,1.3018675,1.201078,0.734921,-0.7528224,-0.94347394,-0.97935206
-0.37321538,0.43877006,1.2508812,1.2341917,1.1514435,0.86504984,0.31016177,0.33974904,-0.91283894,-0.55368215
-0.63353276,0.7430697,1.4285036,1.7538993,1.7813051,0.9167389,0.46921813,-0.29787758,-0.9749142,-1.0170294
-0.25006664,0.49849442,1.6712884,1.924994,1.7809451,1.1570014,0.4926144,-0.4564201,-1.1241564,-1.1790167
-0.13702977,0.10866514,1.2404176,1.6607697,1.6793907,0.38493302,0.35892278,-0.3546167,-0.8645883,-0.73827803
-0.29453832,0.618096,1.7700783,1.9925736,1.6933802,0.75181973,0.5699339,-0.30006507,-0.9264617,-0.7676781
-0.31069234,0.4316494,1.6540127,2.2390535,2.275931,0.49683374,0.74371254,-0.03234226,-0.8644786,-1.0320667
-0.4363444,1.0706159,2.2570024,2.4876988,1.8200573,0.93204385,0.8975136,-0.62430257,-1.3976765,-0.6769529
0.09262579,1.2013849,1.9369998,2.9377964,2.6782773,0.87259847,1.084414,-0.08605594,-1.630552,-1.2627523
-0.94194865,0.9760357,2.9655173,2.7698627,2.4780738,1.440361,0.34987408,-1.0237054,-2.089385,-1.742685
-0.50091624,1.2503576,2.390131,2.4148555,2.3410163,1.4686242,0.6487447,-0.4276809,-0.9527181,-1.1785768
-0.3001578,0.46272597,1.2439021,2.411537,1.7885394,0.64714175,0.53053266,-0.045770798,-0.97827196,-1.2506284
-0.47098827,0.72329736,1.3364158,1.7684493,1.4617022,0.8240857,0.470093,-0.35455522,-1.4921962,-1.1435118
-0.6536921,1.1496818,2.4025505,2.7526958,2.204719,1.0438701,0.56520444,-0.32717812,-1.8263328,-1.5622729
-0.25192678,0.5873736,1.5433862,2.1095047,1.7115854,1.0559838,0.5148511,-0.07844281,-1.2147746,-0.7023119
-0.5705419,0.7193525,1.8799338,1.5013908,1.4260732,0.81384045,0.3022721,-0.2882134,-1.6584256,-1.1416897
-0.20305055,0.8870855,1.5831939,1.75492,1.4340466,0.5113983,0.5515742,0.07263389,-0.870317,-0.8604951
-0.572398,-0.091603406,1.283634,1.5561559,1.7369841,0.75906646,0.52658117,0.010021236,-1.0059377,-1.0116001
-0.31679264,0.74553823,1.714885,1.7086711,1.1662357,0.78391135,0.57947993,-0.07898079,-0.68499726,-1.029048
-0.7617052,0.52058595,2.2378948,2.5748007,1.9092566,0.6714327,0.81846416,-0.06749613,-0.9642332,-0.75454026
-0.18832776,1.7871264,2.2021747,2.6482337,2.6183317,0.7888649,0.7441587,-0.041376192,-1.5531387,-1.2178046
0.05316091,0.6526238,1.085434,1.7149853,2.0828729,0.88591707,0.4135024,-0.2858723,-1.0679314,-1.378902
-0.45962077,0.8248453,1.547363,1.9854728,1.3284612,0.45759857,0.6947854,0.019494439,-1.2947484,-0.74240357
0.12858427,0.7660065,1.4564233,1.6443423,1.9773902,0.3764498,0.9026614,0.056904823,-0.8711338,-0.86216635
-0.37267965,1.2077644,1.8893168,2.2939482,1.6205548,1.3262035,0.82652867,0.19211826,-1.1885512,-0.8560917
-0.40782937,0.5436781,1.9686906,1.7284528,1.3185952,0.655816,0.41512272,-0.339287,-0.702844,-1.1718043
-0.004539974,0.312643,1.6058319,1.909423,1.532882,0.5751411,0.05291888,-0.073052384,-0.75681883,-0.8984439
-1.0662988,0.79843694,2.0924232,3.012853,2.7939925,1.5534298,0.7413014,-0.37873468,-1.7770581,-2.1631432
-0.4668124,0.4376968,1.9772716,3.0213366,3.3709755,1.9596812,1.0380495,0.06994771,-1.7303935,-2.3455987
-0.5208698,0.37941018,1.3493192,2.3229027,1.8024844,0.5973804,0.6449318,-0.61503166,-1.5840279,-1.2892656
-0.5282226,-0.121070266,1.7289882,1.8403293,1.968805,0.47792202,0.18320854,-0.54916155,-1.3418927,-1.3224117
0.22779319,0.6126187,1.795809,2.2019014,1.8267866,0.8178828,0.35848996,0.0010258444,-0.7079046,-1.0054138
-0.23997375,0.43253383,1.7495959,1.8679668,1.8546569,1.0287702,0.9758526,-0.2333118,-0.9351555,-1.3456976
-0.36713156,-0.34824115,1.0493907,2.2277393,1.9484158,1.0580852,0.3223848,-0.33581042,-1.153558,-1.4627968
-0.36648807,0.22896273,1.7071849,1.7969406,1.6594403,1.0172058,0.69006246,-0.54878587,-1.170597,-1.0978622
0.08700727,0.31544217,1.531776,1.6089345,1.2272912,0.45962918,0.4366052,-0.06279792,-0.6252562,-0.7036777
0.21298456,0.8950454,1.3621966,1.698764,1.6695677,0.6297769,0.30591607,0.22999287,-0.6808489,-0.8460463
-0.038075447,0.8353057,1.7823647,1.6263344,1.4123809,0.81273603,0.6098871,0.004521486,-1.0821244,-0.7453883
-1.2599599,0.45711917,1.9251719,2.397688,2.556197,1.7881306,0.3938638,-0.5593512,-1.7398272,-1.6452553
-0.36075622,1.5686467,2.2779553,2.7644715,2.082571,1.2892325,0.3188783,-0.1311327,-1.4239014,-1.4208578
-0.11099204,0.26346838,1.6256928,1.9776653,1.7985412,0.63794893,-0.057172276,-0.5299611,-1.1668373,-1.4115219
0.33997118,1.7791512,2.4938521,2.5136468,2.6637728,0.90829384,0.40063056,-0.5848506,-1.3475429,-1.5268784
-0.5426575,0.7410148,2.3107457,2.7931142,2.9030676,1.2429397,0.76478696,-0.34675246,-1.4135616,-1.5099324
0.10502035,0.12730347,1.0192759,1.6643975,1.6176485,0.86738944,0.92503774,-0.10767617,-1.3249128,-1.0403159
-0.31635675,0.37320614,1.4863985,2.2237637,2.0146291,0.80269295,0.54614216,-0.49691373,-1.6293888,-1.8885772
-0.5040491,0.8342511,1.6228837,2.0628185,1.6942679,0.8977038,0.58614147,0.049476836,-0.55182314,-0.4941697
-0.39833015,0.30495822,1.2925085,1.6006451,1.4171859,0.47242308,0.6015768,-0.15415646,-0.5993727,-1.2592167
-0.26645374,0.60983473,1.7308207,1.8347725,1.8867613,1.0157288,0.40542817,-0.3092295,-1.1183805,-1.1523541
-0.31382057,0.34987324,1.7874751,2.0004845,1.9704784,0.8111838,0.34280902,-0.53585833,-1.0719934,-0.9668501
-0.45390153,0.8559514,1.7858007,1.6435035,1.7863288,0.9479214,1.0300822,-0.28720084,-0.82330275,-0.9584801
0.8665247,1.0005207,2.400138,2.2428117,2.0727255,1.2870445,0.9000533,-0.2809303,-1.1574246,-1.4167559
-0.06225294,0.9146856,1.7853653,2.3810897,2.2645347,0.9221767,0.5998738,0.41055086,-0.8349034,-1.2282777
-0.67496437,0.6800962,2.0376184,3.0464528,3.313823,1.9741133,0.9866221,-0.5396338,-0.8111823,-1.8619097
-0.8176469,0.8188488,1.6885958,2.3023164,1.6888895,0.72138166,0.393146,-0.4360128,-1.31403,-0.7544146
0.055579472,0.98708016,1.2910641,2.0273883,1.8188103,1.0906035,0.80042446,0.02991344,-1.153608,-0.82556313
-0.33955422,0.391072,1.8399553,1.702243,1.1497092,0.2780885,0.67032,-0.26355368,-1.3084315,-1.3885089
-0.6126666,0.67380184,1.9678665,2.975221,2.4366786,1.1339515,0.7784906,-0.60817844,-1.3483969,-1.918278
-0.6381232,0.8741145,2.7345912,3.6784048,3.1429973,1.5886844,0.75031435,-0.6877447,-1.9045734,-2.4273956
-0.41100982,0.38988435,2.1977172,3.2793913,3.1461213,1.3615849,1.2415794,0.32001847,-2.162239,-2.3570957
-0.4256383,1.3284018,2.5358148,2.0700915,1.9395782,0.77751696,0.08820007,-0.15705651,-0.7666614,-1.0524515
-0.08360612,0.5122465,1.3583977,1.9169512,1.7607952,0.94162226,0.5899481,-0.15992771,-1.0206151,-1.4344295
-0.46863243,0.55404097,1.9508377,2.5576756,1.9497465,1.0882386,0.5801575,-0.15210643,-1.1543522,-1.7022774
-0.77038115,0.25449917,2.0937355,2.6815698,2.1176925,0.86471,0.9269939,-0.074700356,-1.0248103,-1.3595563
-0.640359,0.83375907,1.3502818,1.8290526,1.802978,0.8630613,0.41337138,-0.6114735,-1.3019952,-0.8171819
-0.4420024,0.52272373,1.6184146,1.6192629,1.2543842,0.81273425,0.43670633,-0.17100412,-0.5493359,-0.6530047
0.13659035,0.4184855,1.1028471,1.9528888,1.9591658,0.6573808,0.454893,-0.15547897,-1.2158287,-1.0907191
-1.0790017,1.1905144,2.066827,2.6900835,2.4909496,1.6683791,0.49281722,0.046463538,-1.9366083,-1.5821201
-0.20612717,0.9662196,1.7061838,1.7555971,1.5249274,0.97663903,0.70496064,-0.22776264,-1.278391,-1.2753019
-0.14072186,1.0267935,1.5699121,1.8808386,1.8132575,0.58741635,0.40227628,-0.05047334,-0.6557052,-0.33448786
-0.5197128,0.40188143,1.6732483,1.6841534,1.7419239,0.4004383,0.24476072,-0.30809855,-1.1686227,-1.0042723
-0.40019026,0.21968439,1.3127128,2.0432992,1.8351464,0.8046258,0.40233064,0.05186054,-0.65308553,-0.55221784
-0.22495931,0.94664603,1.8354775,2.3774772,2.2541485,1.4595118,0.57554024,-0.458419,-1.2071457,-1.2406269
-0.3096835,0.5000628,1.2795048,2.3215961,2.133299,0.8482598,0.6427311,0.2146061,-0.98725927,-1.1177676
-0.23050967,0.3959025,1.7228551,1.8536227,1.6356624,0.57818747,0.24388224,-0.08536067,-1.2167892,-0.9224753
-0.37380105,1.7411381,2.6776462,2.8924408,2.6428075,0.8742018,0.4103712,-0.5604654,-1.67884,-1.9672235
-1.0047961,0.49182528,1.3740644,1.7827357,1.5844842,0.5897941,0.17789724,-0.523646,-1.0028312,-0.8735836
-0.42108235,0.6098707,2.3910997,3.257716,2.617352,1.3606776,0.97884715,-0.8634559,-1.3761979,-1.0373974
-0.0003946144,0.9543244,1.3228818,1.830632,1.9280369,0.8529765,0.47304124,-0.19511272,-0.97826815,-0.84543365
0.24505523,0.49874517,1.7939067,1.9375678,1.6997235,1.2007881,0.5315164,0.15665223,-1.2150893,-1.5819386
-0.37029788,0.07796463,1.4634286,1.226867,1.2317508,0.42784554,-0.07889663,-0.11986424,-0.6531473,-1.8323166
-0.30542174,0.75398475,1.6969581,2.4920204,2.163812,0.79876363,0.51576036,0.05802937,-1.4705591,-1.1177899
-0.3688441,0.71099675,1.8781427,2.150093,2.0841897,0.7718666,0.8920342,-0.20078112,-0.82277477,-1.1753654
-0.25041857,0.65258133,2.0516286,2.317138,1.8976884,1.1296136,1.1722891,-0.017962988,-0.65137327,-0.46477342
-0.28979513,0.50522226,1.3831737,1.8735632,1.6334628,1.100099,0.80071306,-0.3427429,-1.1172006,-1.2689968
-0.45270297,0.7331466,1.9653758,2.194191,2.0171459,0.6607374,0.5450758,-0.06773165,-1.0372083,-1.0594139
-0.18176886,0.9085828,2.1280038,2.8716285,2.0213966,0.81402636,0.2593848,-0.2910803,-1.4155959,-1.017244
-0.6751337,0.13750878,1.3803095,1.9682107,2.0097294,0.87940395,0.49115247,-0.3154473,-1.1884377,-1.3816814
-0.49216273,0.37199116,2.2767107,2.8518858,2.5314994,1.2391158,1.2984173,-0.0952013,-1.2567663,-0.75166225
-0.91812915,0.8841306,1.8841438,2.1528666,1.6152449,0.6753389,0.8376827,0.34558067,-0.9190067,-0.9231295
-0.86285716,0.57680047,1.5448729,1.665179,1.7407086,1.0575858,0.73272073,-0.16973388,-1.4404032,-1.4497958
-0.527436,0.35612097,1.7414386,2.1606333,1.8175887,0.29323155,0.23365945,-0.34287208,-1.5487697,-1.5052032
-0.11618831,0.104299724,1.4374362,1.4875501,1.7209082,0.7177551,0.3709884,-0.15916868,-0.726354,-1.1912143
0.033242464,0.32714286,1.5335042,2.6350803,2.2420378,1.0728213,0.6982619,-0.5711312,-1.4894807,-1.6185602
0.24387658,0.87430686,1.7449344,2.688515,2.206812,0.9456333,0.6525169,-0.002094651,-1.1623116,-1.2531327
-0.53685564,0.7513484,2.116195,2.0970027,1.8150436,0.84554476,0.46479732,-0.5584515,-1.1688834,-1.8287091
-0.47448698,0.6531322,1.0087442,1.3450992,0.97682023,0.5016079,0.37164077,-0.15691175,-1.0382046,-1.0817283
-0.28029808,0.6167393,1.2888174,1.8003206,1.5208641,0.36532083,0.13758285,-0.34676418,-1.0989664,-0.85145175
-0.3991645,1.1594374,2.1829114,2.3779871,1.8982519,0.48980802,0.6034034,0.035485674,-0.8757963,-0.6544465
0.009737773,0.83113444,1.6101674,1.8926532,1.7798655,0.7592763,0.2395761,-0.34233704,-1.0043517,-0.9180188
-0.25637302,0.96315205,2.0315373,2.6244686,2.5949159,1.3995452,0.73494136,-0.04286084,-1.0332311,-1.60699
-0.2732578,0.41010803,1.2082598,1.6701022,1.4535103,0.67595905,0.27436423,-0.09271698,-0.90642875,-0.6482817
-0.086614296,0.9300089,3.0385878,2.824003,2.6960483,1.3203024,0.9811758,0.5299372,-0.70762527,-1.0523117
-0.36861593,0.7217708,1.4259424,1.5439214,1.9267417,0.6837405,0.4213761,-0.21422417,-0.44668216,-0.40171218
-0.42179158,0.7511623,1.7817838,2.5828104,2.0714974,0.8597998,0.75060207,-0.07232072,-1.3988492,-1.6801548
-0.32669103,0.35079408,1.8214244,2.2424214,2.2562032,0.7127351,0.68720716,-0.22593461,-1.2995567,-1.4510945
0.050006278,0.9018149,2.1885693,2.544011,2.2337136,1.1515982,0.744515,0.19061618,-0.9141158,-1.0842319
-0.55426013,0.7035676,1.5759059,1.8205345,1.0812131,0.27111024,0.30154362,0.17041333,-0.9143043,-1.0249326
0.0750735,0.05996893,1.0704038,1.1614561,1.3348262,0.7710612,0.8304189,0.30204087,-1.1356876,-0.62312645
-0.1539962,0.25511542,1.7695787,2.4526076,2.3771713,1.7062815,1.1329209,-0.25311816,-1.4665378,-1.7729101
-0.8539963,0.4262613,2.3432567,2.7215257,2.5943508,1.5938289,0.78146744,-0.30210006,-1.1664342,-1.6743668
-0.46153256,0.92201436,1.8135215,1.3610481,1.2768556,0.62119824,0.46654767,-0.46051455,-1.3760257,-1.3759085
-0.84311616,0.41103643,1.7710994,1.9179095,1.6540687,0.6327131,0.238128,-0.15942857,-0.9054465,-1.1182581
-0.30983132,0.7743215,1.7619189,1.993364,1.8411974,0.8102732,0.10987036,-0.5712766,-1.0884056,-1.0664297
-0.10688936,0.83415467,1.8844444,2.022182,2.1878827,0.9291769,0.60676646,0.0023890114,-1.062201,-1.6043472
-0.57855445,0.46739823,1.3759044,1.6849663,2.0510018,0.9510232,0.2729036,-0.14968249,-0.8540556,-0.7922725
-0.08684162,0.65020484,2.238201,1.7085468,1.3725933,0.92397016,0.41982916,-0.077909485,-1.0153594,-0.69039303
-0.35445508,0.48166144,1.4232016,2.033696,1.7660042,1.302424,0.3200545,-0.4863153,-1.1091037,-1.2616286
-0.346467,0.49297556,1.2617638,2.2060006,2.3019788,0.7865827,0.5626008,-0.17661949,-1.2866617,-0.88577807
0.11367089,0.6764677,1.9621031,2.630527,2.5319211,0.7094611,0.51181996,-0.06560077,-1.3091311,-1.2888525
-0.13707167,0.1363196,1.2993042,1.7302603,1.82016,1.1421136,0.7287947,-0.35281634,-0.9619649,-1.1199075
-0.0023642518,0.28619397,1.3909343,1.5883421,2.0688622,0.6727937,0.6061706,0.1076946,-1.0972799,-1.0058218
-0.09376722,1.365648,2.073926,2.51124,2.12929,0.85768086,0.7052463,-0.117016345,-1.2350423,-1.0762962
-0.20553157,0.010836486,1.4047128,2.0494905,2.1226776,0.5404229,0.7926867,-0.113613136,-1.2996957,-1.054667
-0.31713527,1.0649425,2.073486,2.556166,2.7178433,0.9445718,0.55049306,0.0032806892,-0.8909492,-1.5604109
-0.17792019,1.3804563,2.4248567,2.691146,2.3362808,1.0209216,0.91447246,0.018097404,-0.9413369,-1.2775296
-0.05592338,0.7751755,2.7124777,3.1577182,2.52518,1.3436711,0.6198525,-0.302471,-1.1307405,-1.4275157
-1.6890912,1.5894797,3.5913286,3.8823144,2.9008825,1.6630083,0.5194011,-1.1093409,-1.926965,-2.0553818
-1.2744122,1.5659703,3.2999535,3.458637,2.9266381,1.8550974,0.79705477,-1.2684202,-2.6174858,-2.5735695
-0.6271773,0.40288758,1.1760739,1.862223,1.5612102,0.39001417,0.8602193,-0.25736383,-1.1375552,-0.89991105
-0.4680993,0.40396503,1.6790223,1.7355902,1.8021616,0.3742298,0.30815423,-0.1768411,-1.2263348,-1.4648105
-0.37199017,0.78780323,1.7883321,1.5412781,1.4151456,0.93675274,0.5854894,0.004493506,-0.6659254,-0.4136408
-0.8174732,0.69494003,1.9890858,2.8275616,2.5211716,0.5796662,-0.114474855,-0.4394304,-1.1930571,-1.5369076
-0.35437593,0.55077153,0.751484,1.2929945,1.6114169,0.62925756,0.71081245,-0.2099324,-0.6196963,-0.874043
-0.44739643,0.14277476,1.4253161,2.5188267,2.0823853,1.1260413,0.9365174,0.40521157,-1.0081093,-1.009316
0.10493494,0.7478029,1.7346456,2.2100399,1.8785648,0.84439874,0.6300124,-0.27804244,-0.98652244,-1.5135452
-0.08546827,0.71674246,1.3456396,1.8615736,1.5071249,0.9750172,0.5293638,-0.14017233,-0.8546205,-0.6987755
-0.13323683,0.33875027,1.0277731,1.5844302,1.6877596,1.0509473,0.37322977,0.027275791,-1.0340185,-0.6683353
-0.283775,0.2737545,1.4282776,1.9407793,1.7995832,0.68187535,0.556604,-0.2987454,-1.1878612,-1.5248835
-0.31511146,0.6655601,1.3785216,2.1468804,1.8895485,0.48782337,0.15961134,-0.17840391,-0.9956535,-1.8729074
-0.20935652,0.42073223,2.1286423,1.8766578,2.124512,0.6915104,0.3647553,-0.13312393,-0.921343,-1.461296
0.41386566,1.1700565,1.981283,1.8331928,2.0031607,0.9568219,0.70890975,-0.1644861,-0.98271096,-1.2283747
-0.90440714,0.50306857,1.3526912,1.8129208,0.96306586,0.53303397,0.44713137,-0.5796745,-1.2594402,-0.7385775
-0.27232268,0.51455486,1.5322387,2.4484284,1.9472349,0.6817291,0.583784,-0.017323278,-0.6573474,-1.4855176
-0.5638483,0.9116946,1.6966347,2.3647041,1.9825686,0.7063407,0.7136396,-0.24269074,-1.3869697,-1.5158759
-0.49220738,0.5607408,1.0718218,1.6673023,1.8647175,0.5422135,0.57239974,-0.07228024,-1.0928489,-1.5548296
-0.22291091,1.3513039,1.8001442,1.9092233,1.6429132,0.75624746,0.6791322,-0.10099839,-1.3399043,-0.8066113
-0.3543327,0.39444497,1.4905996,1.9870847,1.9609138,0.96921444,0.632229,-0.11967777,-1.1703604,-1.092667
-0.19817606,0.3725206,1.4696865,1.7255833,1.600214,1.0267972,0.72655773,-0.121602714,-0.5549787,-0.8489438
-0.073169775,0.04024128,1.3940394,1.6500343,1.3270853,0.8858964,0.87720025,0.008990777,-0.9026466,-0.59069365
-0.39299992,0.87310964,1.2910895,2.645108,1.9949187,0.74269867,0.59860146,0.17077109,-1.2015445,-0.95381045
-0.33411562,0.83642733,1.8526913,1.9180287,1.7873586,0.6737059,0.40600228,-0.17518845,-1.23942,-0.7065387
-0.18783033,-0.08859948,1.7356472,2.350121,2.2286258,0.718681,0.79918146,0.24443814,-1.2076141,-1.4340223
-0.33765653,0.73785627,1.8910111,1.5249722,1.7307297,0.6755399,0.15548126,-0.06946875,-0.79942054,-0.918435
-0.22541124,0.40578273,1.9131283,2.3549504,1.7054888,0.8008967,0.998953,-0.09344188,-1.3177954,-1.8867408
-0.6900069,0.7492365,2.2176297,2.7547622,2.609047,1.1591612,-0.15963227,-0.6792621,-1.5932802,-2.2812986
-0.2251609,0.515574,1.4274478,1.8702718,1.9213971,1.2130505,0.8609796,-0.32765904,-1.5147985,-1.4112515
-0.47429213,1.0425708,2.1465046,2.5578015,2.2344038,1.0754001,1.1273792,0.098312505,-1.3442134,-1.8481035
-0.4991648,0.32059923,1.7817459,2.2755947,2.2127442,0.8618831,0.6494916,-0.053380854,-0.86783355,-1.4642555
-0.28544715,0.22586551,1.8108386,2.0293806,1.9727625,0.7985257,0.7696973,-0.09466487,-0.47176743,-1.3344259
0.040716313,0.9435036,1.306371,1.2218127,1.3505025,0.9104928,0.45084894,-0.17564444,-0.746169,-0.83543545
-0.1716722,1.0014924,2.4246058,2.1355813,1.5824777,0.56347054,0.7173553,-0.3504959,-1.3093133,-1.1787624
-0.29675737,0.4372854,1.856343,2.0481477,1.2569188,0.69681436,1.0208695,0.23165132,-0.6804571,-1.2643492
0.052118063,0.6243797,1.6197715,1.7875377,1.6879194,0.5583128,0.53912145,-0.0047524967,-0.9408671,-0.6707873
-0.5648111,0.3548581,1.4673458,1.3962461,1.3395398,0.42976233,0.6039442,-0.38132364,-0.8841297,-1.2708033
-0.53906435,0.6608791,1.1516005,1.5171368,1.3811394,0.22773804,-0.05297833,-0.6283198,-1.1447812,-1.306157
-0.21257174,0.21068557,1.3193389,2.207918,1.8321624,0.77143127,0.65388733,-0.06925713,-1.0759907,-1.0736635
-0.5734269,0.40064898,1.6937215,2.2255607,2.0611904,0.51913774,0.5455926,-0.12153016,-1.113107,-1.5123258
-0.29675367,0.53573024,1.516465,2.1757543,2.068147,1.1136883,0.5559749,0.03740039,-1.0071169,-1.2207346
-0.50566363,0.6834292,1.6439714,2.1710355,2.1204174,1.4885861,0.6166181,0.36742207,-0.952784,-1.7843682
0.2985464,1.3009357,2.687617,3.8481743,2.7458594,2.131652,1.1976702,-0.87916285,-1.6503716,-1.2255002
-0.7192427,1.0601083,2.0581908,2.0568767,1.99308,0.9427856,0.32481366,-0.42530164,-1.2176346,-1.6440518
0.10060458,0.6765242,2.0694911,2.0262055,1.5508533,0.9408291,0.36425668,-0.23164363,-1.349032,-1.4184017
-0.18798259,1.1652895,2.6537519,3.2232628,2.8027623,1.8017831,1.4482381,-0.2447277,-1.4202192,-1.1858152
-0.3514244,0.53534234,1.8311775,2.5078616,2.1488948,1.4038415,1.2184907,0.20730087,-1.0474002,-1.111185
-0.48156336,0.8263941,1.8121811,2.0951555,1.6090416,0.9767741,-0.23045892,-0.31522393,-1.1599972,-1.5769275
-0.16916981,0.34686667,1.2415829,1.7865272,1.6443437,0.66659564,0.34252724,-0.0026039653,-0.8317645,-1.2575877
-0.12609234,0.6953217,1.2117784,0.9999267,1.1453557,0.52829885,0.4483406,-0.08846194,-0.5960582,-0.65806997
-0.12888506,0.3099109,1.8439586,2.139418,2.027066,0.8146917,0.71824664,-0.012719991,-1.5098567,-1.7779232
-0.34868968,0.60385376,1.0982482,1.6034898,1.9453019,0.7594899,0.23518679,-0.5431022,-1.50861,-0.9569759
-0.15404946,0.7646285,1.2005506,1.9747134,1.8807005,0.5824545,0.5363047,0.15685715,-1.263567,-1.1962272
-0.4134416,0.68777925,2.3988056,3.1720755,2.3204253,0.4806258,0.47276205,-0.673576,-1.7172949,-1.9240665
-0.3954992,0.70040804,2.1959095,2.199974,2.4066951,0.78230417,0.0381753,-0.59368443,-1.248838,-1.8332573
-0.39000726,0.6877453,2.0104961,3.0382185,2.3573816,0.5667979,0.5872961,-0.06740538,-1.7269449,-1.7149767
0.05700532,0.64002657,1.6161315,1.6644708,1.558147,0.75628364,0.4175824,-0.24710086,-0.99003446,-0.66665995
-0.4569977,0.19817103,0.8908473,1.7376769,1.4112935,0.5288472,1.176519,0.2671911,-0.5503312,-1.3082087
-0.031057104,-0.11666518,1.2184201,1.8225251,1.6934781,0.8779471,0.27457818,0.20974079,-1.0937216,-1.0079764
-0.3172178,0.10073806,2.2307508,2.401752,2.063278,0.33539298,0.8020854,0.12251144,-0.72091967,-1.2658846
-0.33041406,0.73725015,1.0324321,1.73485,1.9913014,0.81463903,0.2717661,0.36545017,-0.86130935,-1.6805022
-0.8469519,0.5162265,2.501944,2.617022,1.852894,0.49610782,0.41494495,-0.5222522,-1.4433006,-0.95683527
-0.8166063,0.77591115,2.5629447,3.1644022,3.0524025,1.7367879,0.35914677,-0.5644068,-1.5856209,-2.0295959
-0.5415337,0.33317718,1.296678,1.6051767,1.3046184,0.6489778,0.6715312,-0.42177317,-1.146774,-1.058926
-0.038776282,0.26506564,1.6703966,1.9227698,2.2111375,0.86999446,0.42728814,-0.30728194,-1.3636813,-1.0780859
-0.87204653,-0.113559455,1.9363304,2.1056018,1.5783345,0.44175416,0.3186458,-0.40356728,-1.5035392,-1.5306214
0.23671916,0.765502,2.0058265,2.3552864,2.3475425,0.6501193,0.25676665,0.19063316,-1.2044861,-1.5554872
-0.64094174,0.3157091,1.5307481,1.4755751,1.8599286,0.94755137,0.22149393,-0.16744804,-1.5221541,-1.2553781
-0.20707867,0.50761944,1.5511845,1.8604766,1.7137977,0.85562146,0.5279446,-0.36843827,-1.1079977,-1.4852858
-0.12909743,0.6399242,1.6075337,1.5588549,1.3351066,0.56098795,0.37524801,0.06477125,-0.8302221,-1.1147392
-0.12443765,0.022438455,1.6539232,2.6644351,2.039441,0.9726075,0.7419722,0.091092445,-1.4637868,-1.4015651
-0.12688479,0.73321563,2.3317752,2.9573836,2.5856564,1.4014955,1.0190417,-0.09142907,-0.7501409,-0.9456453
-0.25684533,0.6812941,1.3243079,1.671818,1.7529014,0.35070607,0.34176248,0.1472805,-1.103289,-1.8038815
-0.25237,0.750839,2.020482,1.8764973,1.8906356,1.1341602,0.77843744,-0.0411833,-1.3128704,-1.0198153
-0.5927552,0.6302349,1.7868271,2.477504,1.8129476,0.8107537,0.7057449,-0.48822975,-1.7181029,-1.1493335
-0.16393977,0.46407446,1.4421409,2.2809286,1.4246007,0.45485365,0.33427793,-0.18575214,-0.98596,-1.3729221
-0.6517326,0.37848806,1.3292344,1.9453547,1.882027,0.94820213,0.4642088,-0.04978178,-1.1719477,-1.3321671
-0.19657102,0.34996718,1.3093133,1.5776798,1.6599662,0.7034441,0.6242148,-0.18169609,-0.94447863,-0.8309184
0.6410691,0.8040586,1.7087587,2.2771637,2.0200734,0.7213368,0.8232505,-0.17660211,-0.9483027,-0.9927799
-0.9135088,0.5896899,2.4134293,2.5310292,2.3839164,1.6203378,0.65756595,-0.78966117,-1.4192154,-1.98022
-0.58966106,0.81980085,1.8488876,2.243323,1.7837856,0.6045962,0.5942935,-0.38457462,-1.0163183,-0.88724715
-0.44234443,0.5820329,2.4928114,2.5603025,2.2046783,0.85921854,0.92446434,-0.2433139,-1.6919014,-2.1907418
-0.4849647,0.51948583,1.7031195,1.977157,1.362786,1.4849813,1.0133554,-0.5559748,-0.85714823,-0.7744066
-0.12827274,0.5871222,1.6769446,1.7121733,1.2507861,0.46283573,0.2508147,-0.30329794,-0.97805,-1.0917583
0.0036885347,0.6532219,1.6927433,1.6390014,1.8193073,0.8663651,0.9440592,0.36476862,-1.0386939,-0.9594316
-1.2325321,0.67970157,2.0420942,2.2681491,2.126905,0.8223445,0.7293137,-0.1894897,-1.6161681,-1.2347919
-0.24373013,0.80398023,2.0753207,2.3948436,2.4411225,1.1970537,0.7233099,-0.8082286,-1.961953,-1.3643457
-0.588631,0.39136288,1.629826,2.0245643,1.1283398,0.63762003,0.5413496,-0.2548843,-1.3886994,-1.2799618
-0.3357145,0.561871,1.9027672,1.9866072,2.0102801,1.0690795,0.44157356,0.07997973,-0.42708185,-1.0322268
-0.7820862,0.54058033,1.9599936,2.2552192,1.7330304,0.6599573,0.17944394,-0.523834,-1.7959538,-1.444023
-0.0146484375,0.58594966,1.297542,1.9695399,1.4506198,0.7940623,0.06579456,-0.43202066,-0.6591432,-1.2265537
-0.17961758,0.14624028,1.709841,1.9456099,1.7608719,0.39194274,0.35073987,0.37171838,-0.9654045,-1.2913045
-0.07804159,0.7266789,2.0018847,2.4405026,1.6120244,0.53677934,0.6990938,0.07155474,-0.7486326,-0.98739016
-0.8624252,0.67791486,1.2845333,1.7058522,1.709609,0.6648426,0.46477437,-0.14932184,-0.91811764,-0.97600645
-0.5683257,0.28362674,1.1394136,1.5566438,1.6276411,0.75193626,0.3732106,-0.03165524,-1.205343,-1.1062098
-0.24611455,0.76361966,1.7006487,2.3181555,2.1205306,0.8866477,1.0522552,-0.09910806,-0.86929244,-0.9793946
-0.4342408,0.47349292,0.8782371,1.8250765,1.7851543,0.73926616,0.27242225,-0.16370839,-0.8516202,-1.3222667
-0.12103384,0.4583413,1.629649,1.6227765,1.4647793,0.6440409,0.42580584,-0.0455134,-1.0083889,-1.3215435
-0.61939484,1.0471749,2.0151377,1.9808043,1.967399,0.5323113,0.24257168,0.01955795,-1.2021879,-1.4456254
0.17762896,0.6544891,2.0442514,2.2793968,2.37052,0.86436254,0.7903702,0.09075679,-0.8976665,-1.2441647
-0.04510192,1.4128834,2.9867918,3.0476665,2.5722,0.9799098,-0.15735728,-0.547269,-1.3534505,-1.7057002
-0.9670915,0.52792776,1.4885128,2.1938694,1.3721586,0.66838914,0.36518386,-0.0014587152,-0.87517315,-0.6704196
-0.32533464,1.2245194,3.3064046,3.4188325,2.7424972,1.53729,0.7140869,-0.21240848,-1.381813,-1.5480984
-0.5524558,0.7072272,1.9977664,2.130207,1.5437125,0.69332653,1.0731722,0.073030226,-1.0071429,-1.9386096
-0.7105622,0.26656953,0.8832388,2.0731318,2.1054146,0.85759956,0.7118692,-0.73553133,-1.3442607,-1.100014
0.08637903,0.52755105,1.1417391,1.9186928,2.072147,0.90620565,0.923228,-0.15775774,-1.2652797,-1.5821986
-0.49238238,0.54650885,2.0730193,2.7901795,2.2910073,1.1293825,0.30250058,-0.0708028,-1.5768951,-1.464196
-0.5310753,0.57037526,1.1300141,1.2402757,1.5388784,0.5495693,0.14556774,0.0201322,-0.44225466,-1.0364188
-0.21582362,0.5480065,1.5964192,2.2321575,1.8814718,0.59263945,0.67751956,-0.20100519,-1.1863807,-1.4383403
-0.6977614,0.7538054,1.6145649,1.6354382,1.287277,0.40327454,0.60748506,0.03799723,-0.85594356,-1.0202366
-0.0012746118,0.6059408,1.6765077,2.2347236,1.6034107,0.6260557,0.4148881,-0.2099923,-1.1607939,-0.9791398
-0.6457127,0.16709939,1.3599099,2.099243,1.4891219,0.7810409,0.91196835,0.24946895,-1.0761276,-1.293173
-1.1433723,0.81575096,2.4333923,2.2736206,2.1280606,1.0767536,0.5589376,-0.026068812,-0.868375,-1.6040114
-0.8367458,0.38627827,1.4875231,2.7491047,2.5320344,1.0287715,0.24079773,-0.41559857,-1.1406168,-1.4271938
-0.4651357,0.13497287,1.4917766,1.6732162,1.9199874,0.6018067,0.43220484,-0.21316259,-0.9331497,-1.0897291
-0.37615785,0.31771,1.3080368,1.7765006,1.9392074,1.0730928,0.256376,-0.23770383,-0.48209128,-0.84608704
0.24270406,0.73648983,1.6278646,1.5103465,1.1622075,0.6949511,0.438415,-0.12171687,-1.1113422,-0.94521576
-0.7580459,0.35941127,1.8344526,2.0121176,1.8180472,1.0282397,0.59201217,-0.3481514,-0.78367746,-1.3835531
-0.30585453,0.088318415,1.2580677,1.7017467,1.239587,0.56900936,0.2200068,-0.5555219,-1.066139,-0.7204919
-0.696923,1.1800787,1.8865985,2.3632917,2.178616,0.91175854,0.40579802,-0.22997189,-1.5882001,-0.94984066
0.28516433,0.8900811,2.0583835,2.6328743,1.9570447,1.3727226,0.7233134,-0.090241216,-0.8768318,-0.97327024
0.2278682,0.5026291,1.7262968,2.13687,1.8838283,0.8588071,0.92336607,0.2504283,-1.3069032,-1.1882033
-1.15529,0.73338044,1.9086646,1.9069786,1.8053203,0.76197755,0.42516065,-0.29242945,-1.2777001,-0.97399396
-0.5246607,0.71801525,1.6039062,1.9764148,1.8837324,0.8979392,0.60366005,-0.2788663,-1.0446565,-0.7403696
-0.56679636,0.9917406,1.7313608,2.0927548,2.28853,0.8404406,0.1647931,0.087403215,-1.3621895,-1.5904572
-1.1120824,0.47528243,1.7834307,2.3158739,2.0203948,0.9391896,0.09831804,-0.6389931,-0.91312295,-1.067656
-0.18912077,0.3822268,2.051192,2.2897408,1.5237631,0.91589177,0.7104514,-0.124830395,-1.501055,-1.4695663
-0.6093001,0.47255325,1.7250069,2.658014,2.4180994,1.1762326,0.8638788,0.6357289,-1.0662758,-0.9421544
-0.47451323,0.6776626,1.7926371,2.2788749,2.0598614,1.2139064,0.404471,-0.6363785,-1.249382,-1.3151349
-0.1692206,0.37792543,1.5631119,1.9984645,1.9651486,0.8778719,0.6569324,-0.3802667,-1.102212,-1.0680015
-0.9632402,0.5232259,1.9488841,2.618407,2.934276,1.0263847,0.9631676,0.09049395,-1.710399,-2.009936
-0.36140925,0.68896914,1.6690198,1.9289675,1.5397966,0.7280807,0.26212853,-0.8242321,-1.1573563,-0.9738174
-0.17448369,0.5198807,1.8771677,2.2145765,1.8340054,1.4335908,0.9832258,-0.4661656,-1.4269638,-1.3615044
-0.39606622,0.5489309,1.4046305,2.2384815,2.0861282,0.63946766,0.70864874,0.09033144,-1.1357731,-1.39525
-0.73306704,0.46703166,1.9875801,2.217343,2.4691782,1.1113685,0.32123372,-0.7867834,-1.4769913,-1.2251731
0.1779195,0.5176713,1.24896,2.0713964,1.8220798,0.97210085,0.2898483,-0.06982913,-0.9973396,-0.98428375
-0.35179695,0.64177996,1.2227181,1.5745118,1.3066684,0.78892535,0.22844115,-0.17459652,-0.8964113,-1.1537524
-0.28037924,0.43261626,1.3689162,1.2124265,1.4828743,0.33433774,0.78546584,0.3866894,-0.84230953,-0.74791217
-0.37455747,0.16278389,1.4223067,1.5970571,1.5944513,0.6492202,0.293175,0.08588555,-1.0171058,-1.0830237
-0.44441715,0.29863408,1.0432522,1.5941305,1.127199,0.65633285,0.4367182,-0.2452501,-1.0033926,-0.7910475
0.06101304,0.8169984,1.6208794,2.498795,2.1813579,0.6285724,0.77924955,0.085055895,-1.0300193,-1.0375012
-0.25075352,0.96653,1.2643759,1.6741849,1.3994383,0.6839733,0.68215317,-0.36016285,-1.2254739,-1.172442
-0.45740038,0.1946359,1.5574656,2.1036773,2.0954723,1.1984073,0.9544314,-0.15731224,-0.40642163,-1.1580002
0.41110304,1.1741745,2.1820667,3.3255908,2.1945264,1.4753051,1.178941,-0.22286008,-1.322047,-1.047641
-0.6133512,1.4822277,3.1252205,3.184759,2.923214,1.5116838,0.34908956,-0.974988,-1.561485,-1.6906728
0.026075918,1.2727036,1.9155055,1.855282,2.277556,0.44285506,0.045737483,-0.3288452,-1.200158,-1.9715499
-0.3163582,0.7494075,1.9672785,2.4727285,1.9164351,0.9378476,0.27262855,-0.4075751,-1.2089231,-1.5893165
-0.3968215,0.18466058,1.1903806,1.9268123,1.269835,0.44893366,0.4037625,-0.0051053115,-1.0740968,-0.9123336
-0.20700258,0.395867,1.5831511,1.9854218,1.6146073,1.0743066,0.63820165,0.054091603,-0.6884821,-1.3842857
-0.5255878,0.27277765,1.3542688,1.4150229,1.4446956,0.45890862,0.43558633,0.08183808,-0.85988426,-1.4426938
-0.7544937,1.084495,1.6254416,2.780828,1.9721593,1.1729203,0.48739326,-0.50116765,-1.3726337,-1.1418314
-0.18682191,1.1087307,1.9228854,1.9719578,1.9428164,0.5083796,0.7028588,-0.47343758,-1.1123364,-1.3299397
0.0066459235,0.44348574,1.2746052,1.5995835,1.4966933,1.0588617,0.51063025,-0.13000727,-0.80212843,-0.2805767
0.02680016,0.40469244,2.0339737,1.9029841,1.66683,0.5827913,0.36372024,-0.07497882,-0.8465678,-0.6925402
-0.3401965,0.9194992,2.3783586,2.518144,1.7655647,1.0486951,0.5681096,-0.57661647,-1.4338754,-1.5357162
-0.48796728,0.28991255,1.9653348,1.9406315,1.7073748,1.1393503,0.6081575,-0.43413046,-1.1137242,-1.218202
0.34976518,0.63135016,1.7786977,1.6788774,1.4916781,0.705938,0.20392375,-0.0016779308,-0.82690024,-0.69626445
-0.22173133,0.79170823,1.138762,2.2700124,1.8244622,1.5273706,1.4358535,0.25825405,-0.8097316,-0.93729866
-0.13320163,0.8761057,1.1742938,1.8412377,1.4026397,0.5617629,0.8130524,-0.295323,-1.1859788,-0.776917
-0.29379976,0.28221226,1.2517213,1.4641647,0.94227314,0.28146493,0.3288831,-0.5750683,-0.83991045,-0.47431245
-0.10285398,0.35491863,1.3749523,1.8600808,1.8349786,0.77592295,0.3722054,-0.09753932,-0.6157917,-0.51970947
0.044348,0.83252394,1.6292353,2.488148,2.407123,0.7142803,0.76000875,0.21972215,-0.86222684,-1.2020063
-0.1774793,0.4805886,1.7641109,2.1605358,1.7202823,0.40383515,0.10323915,0.29801607,-1.276215,-1.8777521
-0.27225858,0.61030996,1.4769053,2.090373,2.3357587,1.1289197,0.6332379,-0.6773924,-1.174296,-1.4728384
-0.27765068,0.46849793,1.1142989,1.3959465,1.5488346,0.16518068,0.36677805,0.04728158,-0.99325395,-1.0947565
-0.181768,0.43312606,1.5397705,1.9815482,1.3468872,0.79107344,0.4410595,0.01391265,-1.0399368,-1.041096
-0.55971354,0.4935595,2.136103,2.3073337,2.2896104,0.7549298,0.467381,-0.6667137,-1.6195441,-1.8987819
0.24422807,0.2962927,1.3349661,1.6636572,1.366952,0.5776888,0.63099813,-0.206852,-0.7921024,-0.7684252
-0.19252688,0.46920142,1.5437447,1.7527103,1.5692358,0.78347296,0.83035964,-0.018213734,-1.3644803,-1.2334762
-0.17700228,0.106793515,1.5494303,1.9067833,1.2856209,0.91810817,0.30653763,-0.119713396,-1.1131914,-1.4349132
-0.15634397,0.60125524,1.6527905,1.7032743,1.7484254,1.1359836,0.6328425,-0.5964969,-1.0620403,-1.114667
-0.44962823,0.51310533,1.7710091,2.2799993,2.19608,0.895625,0.6671289,0.40847284,-1.0731469,-1.4023454
0.17931667,0.34437996,1.3570505,1.8366189,1.6835966,0.36645636,0.5922174,0.14127608,-1.1158637,-1.1669108
-0.3356408,0.035703696,1.3229743,2.0992386,1.5857736,0.9003325,0.75040925,-0.27019036,-0.37425086,-1.1097214
-0.7098091,0.08798419,1.9998025,2.8097758,2.5220916,1.2770056,1.3156476,-0.11394942,-1.4508873,-1.9659394
-0.08303158,0.43104082,1.3199958,1.9321598,1.7856318,0.68965703,0.30970943,-0.41846228,-1.1012484,-0.85724974
-0.4492792,0.8928493,1.7468144,2.7979002,2.272803,1.1287493,0.5150179,0.054740988,-1.1710128,-1.0793363
0.22466454,0.66328555,2.0257783,2.5788388,2.391728,1.0759097,0.4188398,-0.10883629,-0.7469709,-1.2967101
-0.35435554,0.53817743,1.5526036,1.4742,1.2901828,0.46035123,0.26998353,-0.04337435,-0.7589691,-0.8705529
0.08415798,0.09652065,1.7046003,2.3047214,1.6546057,0.7387921,0.7673681,-0.017140253,-1.1406018,-0.64072007
-0.49780074,0.7811564,2.0736916,2.2152238,1.2959496,1.0595515,0.6503382,-0.1940751,-1.4327344,-1.6448033
-0.6349037,0.78933537,2.1515129,2.1681433,2.018615,1.3245507,0.85502326,0.0674022,-1.3958943,-0.97669923
-0.15249947,0.4524075,1.2121428,1.2550256,1.5639842,0.6530352,0.28386793,0.08246323,-0.76595885,-1.0559108
-0.035247844,0.05224609,1.7155049,2.2454002,1.8577482,0.5781273,0.42552027,-0.07792707,-0.62070876,-1.0941848
-0.5059228,0.7056545,1.6742989,2.1063206,1.9846884,0.79646134,0.82329905,-0.6498984,-1.166014,-1.126589
-0.44380605,0.4331125,0.8850155,1.6760176,1.6556718,1.0604498,0.543671,-0.3584649,-1.1136566,-1.2805312
-0.5096827,0.3678484,1.5545626,2.1813622,2.0656738,1.044603,0.47423923,0.20059566,-0.8379086,-1.1871186
-0.52392364,0.55572027,1.6242766,2.132144,2.013136,0.5969848,0.14478748,-0.4677005,-1.414932,-1.9556751
-0.07347477,1.1161255,1.9491689,2.1142597,2.202164,1.0964519,0.34426728,-0.100499935,-1.0309949,-1.0086628
-0.3080797,0.76288456,1.5638285,2.0712042,1.3827904,0.85902697,0.2759035,-0.2953613,-0.8874699,-0.726027
-0.17605752,0.64795583,1.6692997,2.1066203,2.247474,0.9378608,0.78380436,-0.14310429,-0.9511517,-1.2711176
-0.35662046,1.1550018,2.4711583,2.3923326,1.8310859,0.46980768,0.38302556,-0.36738545,-1.4994597,-1.6520494
-0.803819,0.2621826,1.6449306,2.0162306,1.6594242,0.8842315,-0.13530202,-0.29980084,-1.1028475,-0.92391396
0.14399466,0.55584675,1.6648649,2.4964797,2.333875,0.89143217,0.23662347,-0.5007958,-1.4498545,-1.203163
-0.43983284,0.45046198,1.5333488,1.7300239,1.5494759,1.0397421,0.5256393,-0.64682966,-1.0933441,-0.80793464
-0.54337186,0.60936284,2.325401,3.224473,2.770708,1.1580974,0.20720103,-0.5736305,-2.060488,-1.7952565
-0.11228799,0.4659326,1.8479215,2.6392672,2.321951,0.9145626,0.8799073,0.17056337,-1.0699747,-1.7830251
-0.2783998,0.6577282,1.1073617,1.5180084,1.373187,0.49201828,0.5203936,-0.22605184,-1.13704,-0.6322766
-0.76668346,1.0024703,2.0547395,2.3788102,2.2168949,1.1022995,0.4118183,-0.33449456,-1.3703223,-1.1103723
-0.3869644,0.5018912,1.131702,1.5899106,1.1509498,0.18524754,0.7244073,0.029175345,-0.6286268,-1.0003115
-0.6884848,0.33770245,2.0046735,2.2833807,1.6244673,0.37849882,1.0642174,0.14347963,-0.934089,-1.3551475
-0.31058013,0.62138295,1.7179135,1.9821905,1.6397722,0.61166936,-0.05389709,-0.6225809,-1.1629682,-1.2801167
-0.17095044,0.4452896,1.59205,2.462786,1.801387,0.42879593,0.586856,-0.30382115,-1.1886032,-1.0854937
-0.03983946,0.7141613,2.5333183,3.0880735,1.8221433,0.91249734,1.3770186,0.58364695,-1.7699465,-1.7216843
-0.5929484,0.7198477,2.8078325,3.7433152,3.4698365,1.2066705,0.8436093,-0.39046648,-1.8935952,-2.346887
-0.9889989,0.6643209,1.8294829,1.5088117,1.7881728,1.1396756,1.0264784,0.03886153,-1.2067965,-1.6229639
-0.030670937,0.77041364,1.3647805,2.5572627,2.1229098,1.0905706,0.6273272,-0.47454548,-1.1376222,-0.6779093
-0.4727264,0.8735108,1.928335,2.2834036,1.7360516,0.8438017,0.79117054,-0.57325244,-1.2598658,-1.0402192
-0.16846699,0.32475594,2.2445412,2.12318,1.5065804,1.1869569,0.6285907,0.26801735,-0.8836934,-1.1540891
-0.48756096,1.0121046,1.7255275,2.0276668,1.6722075,0.36452276,0.19364461,-0.030663969,-1.1406103,-1.293929
-0.55304325,0.8825831,1.5376266,1.957742,1.6479455,1.1628126,0.2532737,-0.8352321,-1.5624896,-1.3520799
-0.13761202,0.87443304,2.3040817,2.396681,2.1598175,0.93166566,0.6668677,-0.291388,-1.4903677,-0.6306678
-0.017948259,0.51631856,1.9596406,2.5354564,2.283588,0.93421674,0.48298788,-0.24180637,-2.2220266,-1.5980617
-0.2249578,0.8608678,1.2968173,1.6879859,1.5690491,0.78577906,0.4769618,-0.54093874,-1.0152653,-0.788042
-0.29901075,0.6392343,1.868752,1.8337466,2.0624788,0.7544928,0.9227109,0.27674899,-0.52212584,-1.2003227
-0.11534492,0.41570398,1.9245204,2.5132651,2.6451433,1.6436841,0.93686646,-0.50492656,-1.220602,-1.2747731
-1.2366827,0.67160887,2.4908247,3.7096362,2.9963007,1.992194,0.6272955,-0.61023617,-2.1036146,-2.3610365
-0.26402897,0.34393007,2.1764631,2.4547005,2.1780012,1.5733898,0.98478234,-0.21800637,-1.253212,-1.7060888
-0.72103506,-0.060766067,1.2675653,2.23749,1.3476709,0.54134405,0.3707221,-0.04726113,-1.442623,-1.2210329
-0.4606498,0.4887172,1.2428652,1.7997191,1.2634915,0.5070605,0.65162134,-0.20627195,-0.79337794,-0.48035356
-0.07493677,0.6616609,1.9301256,2.096819,1.759233,0.34786123,0.99509037,0.0005398076,-0.81786907,-1.2793448
-0.81244123,0.752433,2.249005,2.2964377,2.0349598,0.23975094,-0.049978826,-0.60168725,-1.8960303,-1.8308833
-0.5131335,0.06116196,0.9845069,1.2185769,1.6071897,0.44720376,0.23064,-0.09904124,-0.94649583,-1.1060668
0.010852178,0.3575623,1.0385386,1.7036252,1.6919444,0.50532156,0.37982747,-0.05312127,-1.2821168,-1.1889433
-0.4480951,0.38855153,1.2069187,1.9138134,1.4959854,0.8016945,0.5510574,-0.3034878,-0.79621327,-0.98705435
-0.031716663,0.23877706,1.9153221,2.0588973,1.49088,0.86804485,0.6526081,-0.33918738,-1.2293305,-1.1265881
-0.3542122,0.6219537,0.9449811,1.0660669,1.0950687,0.30582303,0.27361587,-0.070399806,-0.7592172,-0.6599932
-0.62957436,0.504523,0.95397955,1.4550055,1.4640257,0.8600903,0.3145331,-0.12237005,-0.80548495,-1.0064335
-0.3238305,0.3830524,1.5869113,1.4969009,1.4903269,0.23177607,0.21577564,-0.69958556,-0.8726237,-0.9159202
-0.0068175886,0.7442903,1.7275633,2.019059,1.641561,1.2544634,0.64133215,0.14778738,-0.8779774,-0.82682806
-0.5660422,0.509236,1.4196483,1.3628163,1.8191904,1.0811269,0.5059392,-0.042500027,-0.8078034,-1.1787549
-0.40575376,0.99191624,2.77569,2.5963843,2.5914397,1.0393469,0.11572784,-0.49425977,-1.8015721,-1.3339665
-0.68299687,0.7903307,1.9223005,2.6451044,2.4127824,0.8724968,0.82167125,-0.4960423,-1.19295,-1.1551536
-0.4862518,0.36508852,1.6552169,1.5159736,1.590604,0.6243497,0.51517195,-0.29781404,-1.04506,-1.4306375
0.016770856,0.6990029,1.7987294,1.9843732,1.8741254,0.7166642,0.7209652,-0.03813796,-1.0699617,-0.6924468
-0.63645184,0.9095966,1.9602579,1.7802404,1.3549911,0.61385477,0.14128964,-0.38894504,-0.7881645,-1.6676575
-0.035163857,0.43971604,1.6262877,1.6569717,1.6450273,0.67138183,0.7727607,0.01819781,-0.4120702,-0.7987789
-0.5834254,0.8179874,2.6034484,2.2143068,2.5316513,1.0923061,0.6300898,-0.62851894,-1.74853,-1.8497869
-0.51497287,0.5181522,1.6696767,1.8761432,1.6554152,0.30586115,0.305986,-0.18575852,-0.92483544,-1.2833766
-0.41388485,1.7669193,3.9059105,3.8758357,2.9329846,2.1509514,1.4447801,-0.69144964,-1.907537,-1.3971248
-0.024942152,1.5367525,3.1220767,2.6056376,2.0151136,1.3745794,0.64049083,-0.23577698,-1.6505989,-1.4423571
-0.33370587,0.20800185,1.4446312,1.8669437,1.683881,0.6262264,0.24174052,-0.0017188503,-1.1005955,-0.970244
-0.3943183,1.1456828,2.2548568,1.8677559,1.9821883,0.6963832,0.6456193,-0.18641204,-0.89562166,-1.0116967
-0.18308854,0.80201936,2.2036424,2.2421203,2.1388452,0.7498657,0.4369146,-0.2193573,-1.5785146,-1.471397
-0.55402637,1.0708693,1.5895857,2.4224167,2.214487,0.97631586,0.37371305,-0.30010587,-1.2618625,-1.6838201
-0.10884277,0.28968924,1.7377174,1.870396,1.4061397,0.9416298,0.6021632,-0.37695062,-1.0478628,-1.0696818
-0.48756883,0.65231854,1.3600593,2.5084798,2.2628353,1.3996999,0.77041686,-0.12750381,-0.9966825,-1.2770753
-0.37308735,0.4373572,2.1487267,2.1662042,2.0894125,0.6381992,0.74191266,0.34683177,-0.83206934,-1.2023277
0.16463232,0.52829665,1.5278002,1.9190753,1.394195,0.27039307,0.57293206,0.050125245,-0.9678742,-1.2088505
-0.14895219,0.4367466,1.2024516,1.6248276,1.4559385,0.510048,0.54912907,0.0439457,-0.88790137,-1.0334212
-0.0035111029,0.5742742,1.2578299,2.3540266,1.5138814,0.9007495,0.6110919,-0.118446164,-1.0559318,-1.0272974
-0.6555062,1.2730875,2.7138722,2.3339088,2.659234,0.6335476,-0.16959392,-0.83991975,-1.8820091,-1.935782
-0.43790114,0.36194342,1.3831598,1.299316,1.5171242,0.48237747,0.49308324,-0.5735306,-0.853879,-1.169717
-0.39478073,0.49930647,1.1870646,1.4259483,0.9473686,0.5818947,0.27556768,0.0833337,-0.4769518,-1.0108769
0.028076923,0.31518084,1.1377839,1.4664097,1.44962,0.77459574,0.39674407,0.23450796,-0.21695977,-0.5624406
0.25305557,0.5683848,1.4724698,2.1137166,1.5447543,0.5602371,0.47461486,-0.27703768,-1.2046412,-1.4113603
-0.27305755,0.1478269,1.5710005,1.9721805,2.013855,0.7958217,0.38631546,-0.823758,-1.2564405,-1.6070906
-0.47394896,0.58898026,1.588305,2.0831354,1.3167275,0.5802002,0.534372,-0.3856618,-0.856279,-1.5285964
-1.1656679,1.3471154,2.606023,2.8029785,2.4513357,0.7594155,0.16215791,-0.8780378,-1.445559,-1.2166073
-0.60216993,1.576921,2.7294686,2.3069243,2.1424081,0.93887633,0.75326747,-0.5101571,-1.2797159,-1.0084211
-0.26761115,0.2512931,1.3596075,2.0375488,1.939886,1.4387352,0.51053244,0.09163192,-0.44854116,-1.2093462
-0.19957128,0.2167948,1.078675,1.5211804,1.2584511,0.48890996,0.5585446,-0.3734228,-1.0208783,-0.6917139
0.05104683,1.1803206,2.1215248,2.4654186,2.1564782,0.7049322,1.0694492,0.199684,-1.2854543,-0.8903105
-0.49087265,-0.030215453,1.3120866,1.6774317,1.4504381,0.28025532,0.27059975,-0.12729873,-0.6318992,-0.89389926
-0.4803605,0.57070166,0.9700343,1.4783769,1.6459999,0.36261404,0.686255,-0.32502824,-0.81832397,-0.803013
-0.8700457,0.9085491,1.5368787,1.7036022,1.9064051,0.72577685,0.06999285,-0.17594801,-0.8969949,-1.5202713
-0.7845389,0.60100925,1.4554902,1.5470401,1.8330821,0.8491912,0.8018685,-0.19939004,-1.3343787,-1.4687388
-0.45387897,0.34871176,1.0061376,1.4199643,1.4340588,0.54497325,0.60352516,0.062417336,-0.77955097,-1.5157797
-0.52830225,0.8103815,1.8801864,2.2127995,1.989293,0.8662764,0.83511,-0.013465164,-0.8854282,-0.71680725
-0.1699861,0.24627881,1.6474926,3.1207068,2.8684945,1.8528656,1.0660691,-0.17601687,-1.4609059,-1.2834374
0.17208463,1.0431308,2.5343907,2.5400517,2.2727346,1.2670822,0.698898,-0.23721673,-1.7047511,-1.3944092
0.16338596,0.86403954,1.5568914,2.0888734,1.7284548,0.51475763,0.5152608,0.02943668,-0.8756415,-1.0798752
0.04617396,0.015301656,1.1481842,1.8447223,1.8265735,0.68470794,0.87178373,-0.10636906,-0.785503,-1.0853609
-0.71251315,0.6447561,1.5352601,2.0256503,1.3486611,0.35758707,0.37878105,-0.19851129,-1.0458539,-1.1088935
-0.24782658,0.49606833,1.153262,1.4614737,1.6577853,0.8028387,0.5608416,-0.057289243,-0.7494518,-0.903252
-0.37184563,0.5352897,1.3716195,0.9914098,1.3563145,0.5146039,0.4391801,-0.030570442,-0.53619385,-1.2563088
-0.1454249,0.69427496,1.5494704,1.6557188,1.5949113,0.27266517,0.42496815,-0.121868044,-0.72179353,-0.9676002
-0.5410444,0.56524956,1.0613079,1.7476255,2.2606926,0.5903407,0.2438997,-0.054437842,-1.2026669,-1.5451866
-0.14459643,0.93613183,2.063035,2.1779644,1.9238236,0.77997696,0.78632784,-0.22345127,-1.0482118,-1.1809659
-0.3835812,0.5291835,2.1488087,2.2445533,1.4731439,0.7279394,0.6245467,-0.27435338,-1.3544024,-1.2213122
-0.48372772,-0.065468445,1.1819586,1.6687273,1.3044868,0.17334348,0.71100235,-0.30123746,-0.9285337,-1.0487397
-0.61432225,0.8251767,1.4302067,1.8605888,1.6275609,0.5503857,0.21882635,-0.5586862,-1.4856275,-1.0542151
-0.0006625131,0.5172717,1.2601866,1.9154644,2.0372574,0.3135208,0.976279,0.54173034,-0.87969726,-0.6877707
-0.08359896,0.5825993,2.2271087,2.539559,2.659768,1.1224428,0.79084593,-0.53741556,-1.7815082,-1.9965003
-0.62294006,0.4236157,1.355159,1.3747776,1.4740617,0.486768,0.26596484,-0.23051427,-0.7351386,-0.67560965
-0.30000806,0.9816168,1.6995862,2.1785479,1.1343634,0.5085455,0.80879766,-0.43000314,-0.41268352,-0.9121553
-0.6392181,0.28031987,1.5783348,2.0326955,1.4559971,0.48177338,0.7134193,0.15959302,-1.1701387,-1.8422382
-0.27823788,0.811898,1.5091753,1.5499394,1.3925575,0.32367727,0.28094983,0.0039470545,-1.1005974,-1.099999
-0.05187992,0.16001736,0.8420886,0.8479788,1.1861655,0.6239439,0.505963,0.17613705,-0.5633225,-0.4882364
-0.49480566,0.21684983,1.6301501,2.3392203,1.4643897,0.4199181,0.53638166,0.022936579,-0.94410944,-1.3114974
-0.41236705,0.28278705,1.1286609,1.9813725,1.3907589,0.66142756,0.2218309,-0.069779426,-0.9346792,-1.2323365
0.37844583,0.79584885,1.6642826,1.5053564,1.5135247,0.61129427,0.23251843,-0.2147379,-0.8353,-1.0809141
-0.4189596,0.27909437,1.3826557,2.3462229,1.6692995,0.28007504,0.24646193,-0.42624533,-1.3178397,-1.1658717
-0.35960376,1.0203459,2.4130003,2.2948008,1.6961246,1.028236,0.46491534,-0.065341376,-0.697245,-1.1898228
-0.17920485,0.6361371,1.4139378,2.0187662,2.09172,1.0307326,0.71953183,0.18051097,-1.0405179,-0.8932984
0.0711909,0.47357556,1.4223915,1.4946293,1.5645996,0.5014585,0.5323191,-0.22090389,-0.6541752,-1.0684078
0.17617309,0.7213218,1.762757,2.1422656,1.7429532,0.78252953,0.91130674,-0.20679939,-0.9259108,-1.349158
-0.09270157,0.7254981,2.034978,2.441509,1.677419,0.56546235,0.74796003,-0.37675828,-1.7505804,-1.1578264
-0.09892468,0.88259053,2.5769632,2.1186678,2.1791031,1.4318486,0.50223994,-0.16945024,-0.6407856,-0.8837897
0.124419816,0.7460773,2.1807904,2.0543659,1.6752162,0.86407924,0.70521104,0.11767644,-1.141339,-1.0887598
-0.5083396,0.92635816,2.498926,2.8326304,2.4701805,1.320464,0.79260224,-0.13750143,-1.3941569,-1.4735451
-0.73822963,0.902032,1.802098,3.1434522,2.4609158,1.7211134,1.3108939,-0.32994652,-1.5379846,-1.4841439
-0.44697875,0.640162,2.1715493,2.6891093,2.0924757,1.183836,1.0264448,-0.3659835,-1.0577755,-1.1781003
-0.2836649,0.8672582,1.8874744,2.701579,2.152181,0.83862996,1.0535979,-0.18535423,-1.1809611,-1.4157195
-0.38633704,0.29431775,1.2590617,1.7049516,1.5548756,0.51368016,0.288814,-0.3999326,-1.3982676,-1.3428842
-0.64973795,-0.08808187,1.548407,2.397937,1.9721926,0.60270345,0.56920385,-0.20410606,-0.8481615,-1.118337
-0.35689002,0.56798834,1.4104722,1.4345903,1.5789022,0.6713178,0.475541,-0.22557223,-1.1273537,-0.7367402
-0.43841326,0.7106155,1.1332934,1.0244341,1.1571347,0.13230377,0.12196869,-0.44627756,-0.5535447,-1.0823913
-0.27822027,0.4268676,1.5432079,2.4185307,2.0980978,0.88467765,0.39805728,-0.49524993,-1.5604925,-1.3473394
0.03371562,0.7337434,1.7901987,1.7931877,1.6142322,0.69732475,0.7359041,-0.17274006,-1.1111237,-0.79137146
-0.6754636,0.7399032,1.7020113,2.0261538,1.6980865,0.44814736,0.39792657,-0.38540077,-1.0051497,-0.92101514
-0.50960773,0.44614857,1.5239521,1.5755969,1.5865185,0.49593985,0.14187804,-0.4688182,-0.8853776,-0.6572821
-0.0019070413,0.39814088,1.5903703,1.8143469,1.8714104,1.0762343,0.4843737,0.27569583,-1.0591291,-1.2655478
-0.07224258,0.93416244,2.0420837,2.2614625,2.1657593,0.88679194,0.7350828,-0.25590906,-1.1856724,-0.95013994
-0.47009134,0.5171061,1.8022506,2.0832179,1.7171497,0.55564296,0.21145625,-0.5697268,-1.3146437,-1.2018551
-0.07702021,0.2340187,1.236713,2.059592,2.1658714,0.3534387,0.4879008,0.103357986,-1.2384595,-1.2564129
0.011635885,0.70169055,1.055125,1.7127141,1.7298266,0.34665132,0.076939754,-0.5408019,-1.1052954,-0.6964528
-0.062474623,-0.10004642,1.4758761,2.3525288,2.0022197,0.6145248,0.11710906,-0.16701168,-0.6717767,-1.2963763
-0.15231627,0.6488241,1.9462193,1.846017,1.8505553,0.39044663,0.39691785,0.101532616,-0.6790622,-1.1637052
0.059054904,0.38068375,1.5571405,1.9618455,1.6317133,1.0793711,0.9764645,-0.7397924,-1.2670299,-1.4237118
-0.2588743,0.57016444,2.2415786,2.7096672,2.264877,0.7516763,0.6110654,-0.09596415,-1.452678,-1.1838235
-1.1841092,0.5174671,1.9166371,2.3734288,2.4037864,0.63880825,0.12942392,-0.74167037,-1.2624474,-1.6408205
-0.7342154,0.19592907,1.9669017,2.379372,2.0354028,0.9517151,0.21876723,-0.4652421,-1.6354469,-1.7300014
0.30318436,0.3414053,2.0001411,2.301796,2.21858,1.0209986,0.9525136,0.3814841,-1.1741248,-1.1112181
-0.41667345,0.13850743,1.2337433,1.8920856,1.8172423,0.31565243,0.35043737,0.2839787,-0.50733393,-1.1116899
0.046865083,0.8073368,1.8506213,2.1131508,1.9561456,0.95538175,0.7390227,-0.011631882,-1.2286547,-1.3071159
0.2311292,0.7235593,1.7995417,2.0553427,1.7525828,0.65711147,0.30549797,-0.081808396,-0.8131053,-0.59699774
-0.0946629,0.69166434,1.7445147,1.7191544,2.2327158,0.59183633,0.31451613,-0.46883225,-0.731531,-0.86763245
-0.46940714,0.27996004,1.1119763,2.0511444,2.0077982,1.3006167,0.5489102,-0.39993128,-1.4620773,-1.2482876
-0.41807684,1.0917954,1.8315539,2.675698,2.2074966,0.8729342,0.3023223,-0.49427575,-1.0834672,-1.3057798
0.1904862,1.1047165,1.6440455,2.1815774,1.840982,1.0248967,0.7007052,-0.5014356,-1.227777,-1.1415725
-0.23645255,0.8094784,1.5458369,1.56777,1.787654,0.69104517,-0.046421498,0.034945253,-0.7368402,-1.0006294
-0.08906824,0.3792246,2.2280266,1.7637707,1.7655023,0.94699085,0.71881557,0.12056813,-0.59680265,-0.47399506
-0.11719211,0.15852848,1.1977283,1.3575963,1.2352633,0.41066632,0.5510746,-0.06529812,-0.68815714,-0.74495006
-0.25065967,0.041977327,1.2258248,1.5538851,1.7062578,1.0238445,0.89444005,0.017016537,-0.7663216,-0.8657222
-0.24985269,0.7978763,1.9633684,2.3709972,2.1680684,1.1618171,0.70694923,-0.03615972,-1.2561344,-0.97151953
0.08492632,0.26258132,1.042733,1.4711479,1.6271752,0.54712856,0.50229377,-0.1408784,-0.644435,-1.1437771
-0.6830624,0.2884284,1.5706983,1.6938145,1.6445689,0.7871931,0.38021043,-0.28557044,-0.7778982,-1.3172858
-0.67828286,0.786805,2.2507665,2.1562834,2.2204535,0.52886766,0.26525027,0.082569994,-1.1096488,-1.0207756
-0.44390246,0.44275075,2.3950663,2.241759,2.2769854,1.2731384,0.8536818,0.39219043,-0.8819616,-1.3950542
-0.2712121,0.7073812,2.2762077,2.488356,2.2480037,1.0240965,0.6301402,-0.4691125,-1.4920413,-1.6474706
-0.9199098,0.29259613,1.4262621,2.0298915,1.7039945,0.81445086,0.7455511,-0.030779375,-0.8914741,-1.270289
-0.42509812,0.6316742,1.3720373,1.6752322,1.595956,1.1683787,0.87075645,-0.26530957,-1.1928332,-1.2585639
0.19312647,1.0935334,2.2185557,2.504091,2.496895,1.6938587,0.47782624,-0.41976514,-1.4472694,-1.2361661
-0.29202324,0.50121087,1.7838879,2.2934566,1.7327998,0.5860569,0.31700334,-0.21607406,-1.2940584,-1.4083222
-0.21141407,0.5062072,1.3669325,1.8863186,1.7002157,0.50295484,0.45877358,-0.24678028,-0.9053567,-1.1380737
-0.45816204,1.006213,1.5754623,2.3784022,2.5036087,0.972715,0.30298772,0.059870545,-1.2819362,-1.268315
-0.84031385,0.4660073,1.1217766,1.2389827,1.3085293,0.8235845,0.8128658,0.14482126,-0.9329481,-0.8396487
-0.18133375,0.45846662,1.0916854,2.223087,2.001825,0.74610376,0.5040465,0.22848131,-0.62486726,-0.7211981
-0.41949156,0.62156636,1.3663652,1.8223615,1.1536057,0.3353458,0.516772,-0.30509502,-0.9210359,-0.7106208
-0.88969886,0.53751,1.9833034,2.4183903,1.9532545,1.1762846,0.91725016,-0.19591112,-1.0772151,-0.90615505
-0.4306979,0.26445857,1.3405358,1.7084202,1.5823625,0.563208,0.46390072,-0.37370497,-1.0912393,-0.98407495
-0.68235356,1.1135478,2.8627815,2.7304156,2.3311794,0.8912639,0.52139306,0.08900607,-1.1202475,-1.1440353
-0.49471554,0.6263878,1.3870949,1.8644123,1.3694692,0.62890965,0.6625878,0.13154049,-0.93754655,-1.4852989
-0.39941,0.7593171,1.2496568,1.7527032,1.8152784,0.6699434,0.35961822,0.13494626,-0.6358078,-1.1203101
-0.4142389,0.651484,2.0160556,2.678195,1.6446937,1.1981691,0.96692216,-0.19090694,-0.913215,-0.7600251
0.07587461,0.68334764,1.3967052,1.6104782,1.5241283,0.42522576,0.49109256,-0.36131322,-1.0464847,-0.61824775
-0.8193096,0.7254608,2.211732,2.535198,1.9433109,1.058317,0.7595132,-0.2750278,-1.0973862,-1.3745699
0.0799792,0.4825382,1.1526614,1.9042971,1.7811017,0.69589543,0.38939637,-0.45190778,-1.2957941,-1.1018808
-0.2556489,0.37324342,1.6066397,2.148886,1.701581,0.99410474,0.62298644,0.046552595,-0.9654401,-1.1136937
0.033690676,0.18825318,1.7055535,2.0476043,2.3145895,1.0703185,0.4716326,0.18711735,-1.105063,-1.1089361
0.25169268,0.4552631,1.6788176,1.4089433,1.2961645,0.6960281,0.87917,0.10171121,-0.95308125,-0.85847425
-0.49156025,0.95687866,2.0798616,2.1898386,2.2640097,0.4520825,0.57555026,-0.17312896,-1.3539076,-1.0958794
-0.50399244,0.68798715,2.5676603,2.3550022,2.2848568,0.81412745,0.38059983,-0.44841832,-1.4791651,-1.4914838
-0.030906238,0.18944211,1.7278954,2.229557,1.858566,0.26445168,0.03825996,-0.49256688,-1.6147236,-1.1750761
-0.33170986,0.7821763,1.5723077,2.2530682,1.7509037,0.9596062,0.0821324,-0.6089996,-0.99439704,-1.1276046
-0.97097087,1.665453,3.4105268,3.6454782,3.0956643,1.7221276,0.281296,-0.3170732,-1.4419056,-1.5984404
0.03514111,0.8560635,1.43521,1.4602,1.5891137,0.6983492,0.2509615,0.16261524,-0.36846218,-1.2451168
-1.073411,1.1305517,2.1105714,2.831551,2.5508506,1.2979406,0.94074696,-0.46783832,-1.6803482,-1.7114534
0.08655673,0.006329184,1.3652754,2.1910834,1.949773,1.6138941,0.9728255,0.058699243,-0.86294705,-0.8216739
-0.15340993,0.529719,1.8628986,2.0729654,1.3979512,0.638361,0.5985355,-0.22365664,-0.7923256,-1.0959476
-0.44094855,-0.1313945,1.2314473,1.9178675,1.7766243,0.91562575,0.84198445,-0.18817872,-0.34511232,-1.1201143
-0.19112813,0.50878906,1.8038553,1.6356032,1.2545195,0.542365,0.51424253,0.1133817,-1.0512674,-1.3442427
0.010235617,0.55963063,1.4338566,2.0512342,1.8650568,0.8920907,0.43640655,-0.35841575,-1.0227672,-1.2369568
-0.8719352,1.1316853,2.5852053,3.0054493,2.4030495,0.85366964,0.66628134,-0.12841886,-1.1372375,-1.2310544
0.23686838,0.8276019,1.5017326,1.9317063,2.685218,1.1330961,0.5118102,-0.06299308,-0.61427677,-1.1556773
0.17764631,0.19331986,1.5630943,2.122668,2.290783,0.8089495,1.2123497,0.51236093,-0.43441266,-1.4556109
-0.5626711,0.3122648,1.5031425,1.882799,1.8137326,0.60267556,0.27266273,-0.6288482,-1.0449964,-0.64987475
-0.2539986,0.14489244,1.487411,1.7119523,1.5723194,0.73712236,0.37258074,-0.4924297,-1.2575525,-1.0124071
-0.38728297,-0.19220841,1.2084163,1.8096321,1.8526878,0.61210436,0.52388036,0.026022479,-0.98560154,-0.5983895
-0.33557412,0.328318,1.8248961,1.9562335,2.0482914,0.8975655,1.0225407,0.10392773,-0.85995835,-1.2890011
-1.3134007,0.82980347,1.5166364,2.210774,2.2806935,0.78763473,0.17247328,-0.460553,-1.2302905,-1.0070189
-0.3856591,0.6078677,1.2350496,1.5506954,1.8907268,0.65890694,0.53615063,-0.36991924,-1.1466138,-1.159635
-0.8398402,0.8274131,1.7821145,2.0447593,1.7621094,0.88515055,0.6913352,-0.1238637,-1.1790788,-1.3586035
-0.62959534,0.36758634,1.6624254,1.5370065,1.5767751,0.85417014,0.37514845,-0.24574336,-0.90687543,-1.2014011
-0.19605622,0.47779787,0.9403227,0.91733724,1.3738451,0.4137451,0.454792,-0.010875531,-0.5002251,-0.44857174
-0.49199125,0.39300126,1.181671,1.9031512,1.2357762,0.76898587,0.30205607,-0.023505233,-0.8621616,-1.2923094
-0.55348724,0.7003166,2.0916553,1.9780422,1.9854976,1.2721493,0.8907043,0.22830442,-0.7717252,-1.3631705
0.016902316,0.6879729,1.9796878,2.0557358,1.7061272,0.8505499,0.44143865,-0.13189271,-0.8408116,-1.0178536
-0.16314405,0.72950727,1.1157166,1.3311093,1.4212577,0.5145148,-0.27917993,-0.37669882,-0.75077206,-0.7477346
-0.9738556,0.41620356,1.0749811,1.7361628,1.8700827,0.8338296,0.30659956,-0.59646887,-0.7740195,-1.4581553
-0.7870862,0.9376969,1.6576344,2.4754655,1.8693981,0.96414626,0.33663562,-0.23466896,-1.1396495,-1.439771
0.46753648,0.13504232,1.9800761,2.1426206,1.4762806,0.57147694,0.32587016,-0.13084072,-1.0134442,-1.1505811
-0.24352482,0.39789805,1.9587168,1.9388436,1.1210783,0.4971258,0.9127654,-0.0821553,-1.2410238,-1.2300811
0.049739268,0.030085659,1.6186992,1.1784656,1.7608795,1.1862483,0.99488807,0.078098565,-0.5448366,-0.75102556
-0.26121685,0.56712776,1.3222579,1.8424163,1.5586014,0.61885923,0.5420196,-0.14685379,-0.8703112,-0.59075874
-0.362335,0.2550037,1.130076,1.5782304,1.7077135,0.90068066,0.82059413,-0.20375443,-1.1502316,-1.0908873
-0.010903701,0.18143794,1.2364883,2.0817788,1.536564,0.64468837,0.52979577,-0.6503046,-1.3126132,-1.1712651
-0.58938295,0.022285335,1.6364625,2.2405138,1.7720038,0.9089872,0.19313805,-0.7571134,-1.9753451,-1.5396516
-0.38374567,1.1990008,2.5994892,2.8777773,2.1901746,0.8353284,0.74187714,-0.2917792,-1.4303496,-0.9807449
-0.39580214,0.038691994,1.1840727,2.2323804,1.9326758,1.0604613,0.40656975,0.01661582,-1.5034341,-1.397301
-0.19779217,0.7241698,1.3838115,1.7183759,1.3105317,1.194123,0.3379787,-0.5629877,-1.0212259,-0.70011127
-0.5182242,0.6475117,1.716828,2.0267622,2.1546228,0.4555478,0.22684127,-0.7841627,-1.468862,-1.4588103
-0.8015317,0.95794296,1.9664965,2.6372318,2.083447,0.8430788,0.7902068,-0.10546505,-1.2092636,-1.3025657
-0.30225095,0.5208125,1.3537774,1.6344589,1.2931463,0.5329744,0.43072206,0.07865488,-0.97198176,-1.0344566
0.1719751,1.0519891,2.3083878,2.236951,1.9131656,1.2761251,0.44485015,-0.10981114,-0.8917799,-1.1249228
-0.27870443,0.86490077,1.5072812,1.8495848,0.99568474,0.2975065,-0.04810276,-0.42501062,-0.9193601,-1.1122375
0.17586121,0.826168,1.9625962,2.4910688,2.7148035,1.0956771,0.9708792,0.070725136,-1.6044928,-1.2839321
-0.30624422,0.43988162,2.4481056,2.7243538,2.2888288,0.39678645,0.42219827,0.206221,-1.2840431,-1.8369526
0.101293534,0.34584713,1.2346214,1.9477066,1.7535406,0.85580206,0.72495294,-0.81828076,-1.0304945,-0.7783343
-0.22857133,0.1680871,1.0469583,1.9366734,1.6500574,0.45515448,0.024024844,-0.31625196,-0.83172655,-1.3670881
-0.54679537,0.6710554,1.3557116,1.8018802,1.9367601,0.6407694,0.17366776,-0.105777696,-1.0106119,-1.0106205
-0.5195307,0.15959443,1.3753294,1.6402857,1.6000392,0.6030902,0.82817876,-0.2539843,-1.2861212,-1.403017
-0.67762893,0.2571639,1.5194365,2.1595807,1.3584331,0.5978626,0.42194209,-0.13109826,-1.1860294,-1.2305956
-0.37681916,0.8814614,1.8352996,1.9747442,1.7087896,0.47308987,0.3751366,-0.38356778,-0.96247673,-0.8382934
-0.48879966,0.5098485,1.0218639,1.4472469,1.7353266,0.5470685,0.5873764,-0.22755298,-1.0353938,-0.5605506
-0.10632503,0.16848557,1.7402472,2.098415,1.6168865,0.5999107,0.34813836,-0.51731926,-0.887156,-1.2479681
-0.69017285,-0.2503715,1.248341,1.9290559,1.6000857,0.8835618,0.7372358,-0.10907852,-0.9530195,-1.1975602
-0.49774405,0.7431666,1.2683462,1.7350018,1.6095097,0.70405227,0.49823368,-0.19717608,-1.2081739,-1.199646
-0.10297774,0.40120065,1.446666,1.333195,1.5718837,0.45841312,0.18149334,-0.051520135,-0.95794666,-1.1196338
-0.31177703,0.40560278,1.148637,1.662497,1.2168119,0.43691614,0.27585953,-0.061270893,-0.8737762,-0.6882346
-0.34845382,0.5053445,1.7045553,1.7494743,1.834928,0.6290479,0.29456377,-0.28668433,-1.1509143,-1.9481367
-0.604542,0.31909573,2.2941403,2.7314448,2.3037925,1.2863799,0.94552344,-0.22116333,-2.077622,-1.6652592
-0.17839262,0.7875917,1.692243,2.3031561,1.8483182,1.00641,0.45010155,-0.26859182,-1.2774016,-1.1867943
-0.22551897,1.094457,1.4607333,1.5521982,1.8080617,0.710584,0.47372693,0.055918634,-0.96202433,-1.343649
-0.33849725,0.89342123,1.7635778,1.9150562,1.5379918,0.865913,0.20804723,-0.0679445,-1.3022077,-0.96622837
-0.33580846,0.4558469,1.7107826,2.374761,1.752435,0.6069849,0.5099621,-0.5043982,-1.3981858,-1.0825479
-0.7040586,0.5624325,1.8958813,1.8219999,1.5918068,0.76352096,0.25973868,-0.42934763,-0.95931935,-1.1151781
-0.19054493,-0.08373408,1.25913,2.2352154,2.1178172,0.9782262,0.72845113,-0.27385667,-1.3900574,-1.2167654
0.3420691,0.73961025,1.902777,2.569508,2.4740198,0.70873857,0.3448207,-0.40947914,-1.746052,-0.65331095
-1.0482973,0.9598112,1.9279437,2.0844254,2.4183617,0.72151226,0.4534127,-0.052221432,-1.3493493,-1.1713442
-1.2691807,1.3010503,2.5992646,3.4499884,2.8892074,1.8325335,0.86630374,-0.32082048,-1.4719856,-1.5942689
-0.39212686,0.6576735,1.9438092,2.868532,2.083747,0.9395859,0.3340859,-0.3348463,-1.3181331,-1.3422376
-1.2675837,0.4717288,1.7813966,2.319843,2.2833169,1.0104194,0.47612524,-0.58804744,-1.3302555,-1.2029303
-0.029282823,0.39300916,1.403968,2.1316283,1.6710958,0.6464686,0.14850833,-0.13820496,-1.2801365,-1.0345244
0.051258225,0.7910337,1.8611672,2.050738,2.186973,1.4737966,0.8641087,0.18517128,-0.55788165,-0.9123195
-0.89091647,1.2630026,1.3654348,2.1807482,1.7207472,0.54097646,0.22739893,-0.09730802,-1.3076643,-1.3622708
-0.32448,0.18536581,1.4077421,1.8164953,1.5875134,0.3746859,0.39434278,-0.13831756,-0.8346107,-1.2021654
-0.39881465,0.6897832,1.6265494,2.6153677,2.533533,1.1876783,0.6422591,0.046369486,-1.4673332,-1.5245898
-0.963896,0.6255181,1.396121,1.542857,1.8023086,0.8379766,0.48703665,0.21016681,-1.0489728,-1.0847832
-0.26730874,0.58149123,1.4673208,1.8549261,2.2405744,0.60124093,0.6627752,-0.21459508,-1.2532775,-1.1030496
-0.4471023,0.9056986,1.998289,1.5811592,1.2871355,0.6354815,0.3064302,-0.26119438,-0.53441614,-0.8874667
-0.11047139,0.80979246,1.5298182,2.0982814,1.8277433,0.78884447,0.48017067,-0.21446772,-0.80588853,-1.2455649
0.27912968,0.5147571,1.6042525,1.9406217,1.5418187,0.65972066,0.2933045,-0.23054981,-1.0166405,-0.9243899
-0.13260373,0.36340293,1.2121621,1.5014309,1.56541,0.5785379,0.2334536,0.047631975,-0.938399,-1.220881
-0.75842506,0.5229293,1.454383,2.0485313,1.4112097,0.46997547,0.5492231,-0.27333355,-0.9469576,-0.68257743
-0.38742298,0.6995834,1.6390889,1.6628999,1.6832428,0.7695372,0.7588234,-0.5142802,-1.4630101,-0.8757598
-0.062492885,0.42257646,1.4788954,1.9305677,1.9256663,0.4868809,0.5826638,-0.11820385,-1.0689869,-0.7639252
-0.5977475,0.5030314,1.8540161,1.8368208,1.3348374,0.61496496,0.5184691,0.11934637,-0.86964756,-1.5721793
-0.22315729,0.56976587,1.2597289,1.4551984,1.05855,0.85266656,0.6208241,0.1299374,-1.0102555,-0.4573605
-0.076854125,0.2924664,1.8646774,2.5921714,2.2271078,0.79664576,0.26039168,0.086665936,-1.2316719,-1.6430202
-0.04484253,0.67425877,1.8090993,2.0195847,1.9173834,0.78717977,0.23034292,-0.09522282,-1.2289301,-1.1023471
-0.3294034,1.1555485,2.0470095,1.866629,1.5544207,0.27366847,0.34033147,-0.30677706,-0.8195448,-1.1770679
-0.9087267,0.47384912,1.8683009,2.5269115,2.66171,1.3128487,0.7844073,-0.64616317,-1.2992469,-1.3061682
1.3889079,1.1982976,2.5689697,3.4094877,2.7597308,1.8032678,0.85450274,0.019138679,-1.0547664,-1.560542
-0.35817355,0.47095284,1.8814378,2.9074595,2.9891007,1.449794,0.83413315,-0.24927086,-1.4479285,-2.0139115
-0.3130213,0.39922285,1.4922656,1.7566445,1.8768017,0.9566556,0.515505,-0.047256205,-1.057447,-1.2734739
-0.3457496,0.68943626,1.3339518,1.2245636,1.3071375,0.37174782,0.228124,-0.17223309,-0.65243125,-0.5122336
-0.78472185,0.38174176,1.9990646,2.3545477,1.9074528,1.1510992,0.109330684,-0.22862913,-1.6576526,-1.81657
-0.39847857,0.7243846,1.9203119,2.0275047,1.8975824,1.0258352,0.59265333,-0.4625786,-0.84732217,-1.3223076
-0.06080608,0.03196456,1.7836026,2.4221473,2.4243324,0.8016369,0.62597847,-0.08760767,-0.72389835,-0.6875643
-0.2504256,0.61487794,1.3052806,1.1992221,1.2822744,0.5348094,0.67273295,-0.18468992,-0.9986342,-0.5606885
-0.39326352,0.6136337,1.8467274,1.5660173,2.042204,1.3695209,0.6070195,-0.19697452,-0.8835343,-1.0895003
-0.23539841,0.4945039,1.911808,2.6578622,2.561457,1.13138,0.652203,-0.44289854,-1.1474333,-1.1819978
-0.24705881,0.38838008,1.4961382,1.88013,1.8497428,0.6873714,0.6952807,-0.5994783,-0.8944018,-0.4356949
-0.5962144,0.23017636,1.1779674,1.5308359,1.2436988,0.97389734,0.5653772,0.10661036,-1.1240385,-1.0482386
-0.2515924,0.5857402,1.933765,1.838128,1.5524621,0.4680823,0.65550417,-0.11267911,-0.761521,-1.0334659
-0.7459431,0.22866431,2.1341076,2.3395042,2.027376,0.4364052,0.95008737,-0.40795392,-1.2131838,-1.7462016
-0.13113764,0.58075535,1.8400956,2.5267768,2.2787201,1.2043574,0.65315247,-0.008820774,-1.4597938,-1.1235372
-0.59955984,0.58733445,1.5504396,2.114237,2.285991,1.4096072,0.97121894,0.5868853,-0.85591936,-1.142952
-0.14064932,1.1036104,1.7847147,1.8285774,1.8698683,0.725786,0.6285394,-0.2642741,-1.0688926,-0.9961157
-0.74316156,0.22380847,1.5574192,1.6854733,1.7667577,0.81792265,0.22688094,-0.599564,-1.4232124,-1.677667
-0.65517604,0.8340956,1.2668478,1.9168922,1.7198218,0.6048184,0.39783064,-0.3047924,-1.4140679,-0.6248259
0.097181804,0.2998406,1.5128177,1.5545592,1.4277319,0.6028705,0.5087256,-0.11673054,-1.2240866,-0.65477633
-0.36912307,0.9070724,1.6871957,2.2099037,1.8528483,0.6413891,0.30696133,-0.39988697,-1.1435149,-1.0229298
-0.44802785,1.313477,2.4580429,2.0315478,1.8618389,1.0389229,0.87762785,0.33062547,-0.75379986,-0.56950295
-0.3616518,0.8802317,1.3549039,2.4515269,2.1288228,0.8628598,0.7204282,-0.12179071,-1.262819,-1.0148095
-0.43849656,0.91459525,1.9784845,2.536108,1.8427498,0.8803793,0.41621953,-0.5572353,-1.7682027,-1.1939906
-0.24305564,0.67594355,1.9291905,2.252413,2.147472,0.7981422,0.6494416,-0.12611149,-1.0112994,-1.4148389
-0.039500017,0.9280633,1.1288105,2.2443683,1.5578235,0.48454815,0.38947308,-0.24354479,-1.0162522,-1.3470613
-0.87202334,1.0462093,1.5135081,2.1205952,1.714964,0.708326,0.2411552,-0.6088828,-1.2075194,-1.5624046
0.047388744,0.09895197,1.560411,2.1197975,1.8905989,0.7630606,0.3910183,0.30246592,-0.88115656,-1.0237293
0.039814577,0.800043,1.9909791,2.1650848,1.9288886,0.59731025,0.3175063,-0.5598181,-1.5484666,-1.1846865
-0.06537228,1.1961532,2.0360196,2.2395418,1.6394485,0.68944347,0.8264017,0.30905747,-0.8383571,-1.1376846
-0.78696567,1.1812147,2.078174,2.3137076,1.6516656,0.6383889,0.3909371,-0.30163544,-1.0522059,-1.519684
-0.28995752,0.66251904,1.4653925,1.9349018,1.7312378,1.1314241,0.8487973,-0.106586434,-0.6503434,-1.3128655
-0.7460636,0.5891471,2.1240308,2.5224903,2.061498,0.9810709,0.49686253,-0.754361,-1.6194707,-2.0965574
-0.33864847,1.0455745,1.9193337,2.5636275,2.1939938,0.618937,-0.04296698,-0.34334004,-1.0076052,-1.8361812
-0.48407397,0.6228985,1.831566,1.7301719,1.6156747,0.6412006,0.5022898,-0.19009832,-1.1380235,-0.7926269
-0.92774,0.6185702,1.9357318,2.3692749,1.7493316,0.6001262,0.812533,-0.294503,-1.2996856,-1.4215173
-0.035072297,0.7440882,1.3878574,1.8195045,1.65671,1.0963078,0.31726718,-0.00014786376,-0.9262826,-0.8745563
-0.3973775,0.4888274,1.4004334,1.6521202,1.1098669,0.30022928,0.17663455,-0.17274024,-0.84481394,-1.3208853
-0.37657735,0.4588185,1.1416273,1.4539384,1.4474412,0.07035643,0.31577754,-0.21084338,-0.7759624,-0.8967371
0.036082707,0.2787738,1.3079376,1.3412352,1.464368,0.65478384,0.7100499,0.09967555,-0.8489491,-1.4114568
-0.18974355,0.12302682,2.3639376,2.74376,2.1838727,0.895309,0.23681143,0.4814669,-1.4026605,-2.3408866
-0.23662052,0.35588416,1.9367437,1.9206506,1.8974152,0.5425119,0.53157395,0.024693135,-0.84003603,-1.0326586
-0.36254844,0.9636847,1.9455526,2.12482,1.7947667,0.7557434,0.91116875,-0.3114131,-1.6462488,-1.3143326
0.0906816,0.19080293,1.5158049,1.9159476,1.4054799,0.94025666,0.71796983,0.36233097,-0.8206168,-1.0803175
-0.5851292,0.5671093,1.7043507,1.7137105,1.3380022,0.51449066,0.20822297,-0.32265005,-1.0606511,-1.0210922
-0.28103355,0.32403564,1.9036785,2.030485,1.2587241,0.025755536,0.4543417,-0.059199624,-0.44201532,-1.1683595
-0.4263115,0.46848688,2.0379553,2.656779,2.2893577,1.7998422,0.87850994,0.31910866,-1.0619309,-1.4798172
-0.30712402,0.56795,1.5291595,1.7284049,1.098675,0.96368897,0.86400443,-0.04753714,-0.8216,-0.88236254
-0.43391877,0.53416026,1.5365962,2.0575488,1.6930737,0.37024248,0.450603,-0.11736866,-1.4789033,-1.5312053
0.73120713,0.9108876,2.064362,2.1251922,2.2305415,1.0678456,0.76135015,-0.28999534,-1.3854841,-1.4711115
0.45086378,0.73668313,2.7112217,2.6304073,2.4570844,1.4336478,0.63074094,-0.5239797,-0.76096904,-1.2864635
-0.20420054,0.55447847,1.6462145,2.0505116,1.77602,1.2137638,0.2935807,-0.5627507,-1.1760408,-0.95742023
-0.7493739,0.4202984,1.8819569,2.5336971,2.280924,0.63968325,0.43300363,-0.34866846,-1.3147693,-1.0964006
-0.037974745,0.48355508,1.3952045,2.0590365,1.6505635,0.6328286,0.66703784,-0.010685133,-1.2776281,-1.2603402
-0.43198726,0.577144,1.5814264,1.8779861,1.8781366,0.9181583,0.57621825,-0.17155835,-1.1930968,-1.3339863
0.032706313,0.43492883,1.2522293,1.578385,1.5530275,0.6805373,0.44243294,0.07669191,-0.4625897,-0.7826958
-0.37916148,0.63328636,1.509104,2.401271,2.2463725,1.4795905,0.80988705,-0.04313069,-1.4494817,-1.4544364
-0.11827702,0.5265964,1.3597927,1.9237609,2.0917652,0.8667511,0.879227,0.20288453,-0.82575625,-1.2214226
0.10477923,0.82369995,1.2862923,1.683643,1.231373,0.8842696,0.5217526,0.023799768,-0.83346206,-1.2379739
-0.18191555,0.84092313,2.032345,2.5130346,2.3765519,1.1157507,0.80389243,-0.23647082,-1.2449034,-1.8715395
-0.919388,1.0008309,1.9684299,2.6872444,1.9229518,0.7739891,0.5177788,-0.25323254,-1.3293484,-0.5984145
0.8656825,1.0633242,1.9913493,3.2259932,2.9981394,1.942817,1.3689133,0.76791453,-0.61417466,-1.0910275
-0.047031753,0.2232385,0.8658125,1.6541433,1.8858354,0.588608,0.6228626,0.41273242,-0.6552497,-0.9451272
-0.24815288,0.50626576,1.2616029,2.1455908,1.7532008,1.0937463,0.7025281,-0.22997527,-1.0007493,-1.1250514
-0.18605807,0.5477976,1.7229239,2.4438698,2.4054475,1.1431048,0.96571815,-0.22046532,-1.462453,-1.5098087
-0.7756423,1.3067783,2.3517017,2.619851,2.544696,1.5283893,0.6984901,-0.59755737,-1.5486113,-0.8555606
-0.010809338,0.5898759,1.2723572,2.2786984,1.5965148,1.002114,0.35704896,-0.12430209,-0.6453639,-1.2334301
-0.18831396,0.0034803967,1.0003144,1.6845355,1.7426821,0.83681846,0.48595017,0.17564066,-1.1029774,-1.3545792
-0.31432602,0.68972784,1.7561921,2.0799596,1.4891766,0.59946966,0.52585137,-0.27925655,-1.3628798,-1.1644874
-0.5139638,0.86208546,2.1589723,2.1824076,2.2186046,0.8723619,0.31994793,-0.8233974,-0.6198027,-1.2712358
-0.57637733,0.71434736,1.663222,2.5816145,2.0987582,0.8553409,0.7626466,-0.15090339,-1.0426469,-1.4563787
-0.54366404,0.34572792,1.6381782,3.0675704,2.6370833,1.1398056,0.7523589,-0.18807651,-1.4676077,-1.5693532
-0.77229667,0.49887255,2.3603165,3.1657016,3.0591025,1.437043,0.43581104,-0.981868,-2.0113876,-1.9468467
-0.20206675,1.2324,2.1570835,2.427719,2.6451714,1.1108981,0.5251203,0.13818838,-1.4244632,-1.3461131
-0.53441393,0.34086487,1.7560141,2.5778284,2.2726593,1.3181458,0.23653024,-0.5254473,-1.1841109,-1.3236367
-0.8543716,1.1137841,2.408593,2.7919338,2.3533764,0.8566022,0.7066065,-0.09072677,-1.0173604,-1.502948
-0.29996976,0.53677607,1.6849319,1.6529784,1.7894721,1.0489751,0.4807043,0.08141562,-0.6819189,-1.3946897
-0.2678817,0.65189314,1.7140214,2.111237,1.4831734,0.55367184,0.775787,0.31671816,-1.1762538,-1.2242142
-0.17930388,0.75724065,1.7610874,1.3607991,1.188927,0.29449373,0.40933126,-0.33932897,-0.6990935,-1.4308577
-0.5407046,1.2633466,2.5144403,2.4446883,1.9118642,1.0519174,0.09134607,-0.49867898,-1.4319726,-1.429885
-0.09627845,1.5420783,3.042722,2.6115563,2.0438387,1.2574301,1.0317154,0.18861072,-1.6334312,-0.6332823
-0.56015694,1.1183627,3.3687801,3.1531584,2.629223,1.2694176,0.74641883,0.18213446,-1.0574563,-1.1345959
-0.019002557,0.40976772,1.789346,2.22147,1.4336917,0.38629183,0.49906462,-0.11210778,-0.86219627,-1.5906502
0.044872664,0.7460401,1.2111728,1.3496807,1.381429,0.2825471,0.48470712,-0.21361554,-0.56573695,-1.0026914
-0.24880734,0.45109484,1.9887279,2.6360302,1.8485917,0.6590958,0.7545408,-0.33976653,-1.0912796,-1.4575181
-0.41035655,0.55059004,1.9433916,2.7272935,2.3890393,1.2245971,0.7615091,0.4007491,-0.7829345,-0.89005876
-0.61791605,0.9547234,1.6769606,1.8710161,1.4167516,0.8726467,0.53987426,-0.483421,-1.4588859,-1.080813
-0.22072333,0.31173557,1.5584807,1.6416963,1.5145972,0.7624598,0.43659636,-0.31014052,-0.9630421,-0.901608
-0.19638163,0.109705865,1.1598003,2.5296266,2.4271617,0.7680177,0.26482946,0.32241884,-0.6905171,-1.0509509
-0.5407364,0.72979087,1.3792926,1.6832525,1.2296635,0.85362446,0.24390736,-0.13679262,-0.6331313,-0.7857397
-0.07373274,0.2619042,2.162504,1.9886128,1.8684598,0.9647733,0.31499797,-0.5932693,-1.3933774,-0.46776572
-0.0077899415,1.0021087,1.8296784,1.4480646,1.958663,0.5064771,0.2124094,-0.26140538,-0.8282915,-1.1069466
-0.7106221,-0.0020621517,0.6553229,1.6272618,1.1971228,0.9368503,0.07326671,-0.17250043,-0.76499707,-0.83465326
-0.4396403,0.28571737,1.2783577,1.4823563,1.8949878,0.8118306,0.6548531,0.026166352,-0.8497496,-1.4066116
-0.43624192,0.48541746,1.5770551,2.1131275,1.7560567,0.6348512,0.66309756,-0.2676329,-1.4525234,-1.117826
-0.6473699,0.59457713,1.9210813,2.2630737,1.7892962,0.48983526,0.082930826,-0.36360282,-0.9000122,-1.0687947
-0.62679356,0.2802095,1.4131589,1.9083008,1.9507105,1.0861444,0.6129572,-0.41288704,-1.0795825,-0.95516473
-0.33086315,0.45044014,1.3270898,1.9978224,1.268018,0.28167143,0.57419133,-0.36594,-1.3038565,-1.1175051
-0.17137024,0.32912767,1.0983487,1.6203122,1.5113345,0.754222,0.6934342,0.13694885,-0.7042163,-1.0394427
-0.6027647,0.7194887,1.6122221,1.8151755,1.8041611,0.6183192,0.395411,-0.25237104,-1.1942096,-1.2941728
0.001577802,0.17364472,1.860128,2.2209835,1.6271106,0.98611283,0.9017741,-0.33073047,-1.451549,-1.9442854
-0.53875506,1.1790378,1.467961,1.9633847,1.6561931,0.41084045,-0.12051432,-0.33143145,-0.90699464,-1.3528137
-0.05554142,1.432449,2.66538,3.1335545,3.1870115,1.2746488,0.7712579,-0.32458872,-2.0549479,-1.7514914
-0.7901406,0.7921677,1.6816088,2.4717093,1.795678,0.8415734,0.81521934,0.29288042,-1.3671834,-1.2219529
-0.31151018,0.4384828,1.4918016,1.2798072,1.2685099,0.41923192,-0.12633917,-0.06976662,-0.5372735,-0.83451
-0.33467963,0.5510608,1.5822897,1.8498685,1.25406,0.77102804,0.3807612,-0.16317774,-1.3640599,-0.99840987
-0.3925574,0.915739,1.7760175,1.8917279,1.6619078,0.94665635,0.6627128,-0.036439084,-1.5016247,-1.7017591
-0.18182209,0.6864233,2.113985,1.7688352,0.84474266,0.23068483,0.52581847,-0.31970704,-0.89556664,-0.6391768
0.03800123,0.3754148,1.386178,1.8247498,2.193875,1.3070394,0.86485165,-0.21377517,-0.928386,-1.0011822
-0.32742256,0.26234353,0.5477149,1.2672752,1.4215033,0.54915977,0.76511997,0.2697788,-1.0298119,-0.83097017
-0.03446778,0.10861235,1.2904581,1.5648339,1.3279824,0.4845618,0.5056957,0.36972767,-1.1173304,-0.892848
-0.7740271,0.64046586,1.4729694,1.914454,1.9582809,0.52231103,0.2454027,-0.31946573,-1.2738893,-1.2750623
-0.34926105,0.3938768,1.3732042,1.5960612,1.3648092,0.12298456,0.61679745,-0.4339321,-1.3046712,-0.9209354
-0.5018789,0.40431467,1.0726789,1.3159549,1.2665151,0.2601554,0.7441395,-0.22445984,-1.070565,-0.9482865
-0.2705494,0.7593209,2.7940958,3.9050376,3.171593,1.5095515,1.1456795,-0.17129512,-1.8110409,-1.5007945
-0.5487444,0.5603543,2.5361457,2.8784525,2.4356034,1.0875435,0.67412955,-0.03619409,-1.4934083,-1.3383461
-0.7254425,0.5517665,2.0270362,2.7237003,3.0202825,1.1645049,0.2730903,-0.03858146,-1.174656,-1.9022814
-0.12238825,0.4790233,1.652698,2.4732847,2.541047,1.7230165,1.3682033,0.17114674,-1.1869366,-1.3202543
-0.79802376,0.6119515,1.6977179,2.0641403,1.7628046,0.34650052,0.72524226,0.10269388,-0.45071855,-1.4508842
-0.35560593,0.45832416,1.3389037,1.4122936,1.5679356,0.3019468,0.5243012,-0.08781808,-0.70989865,-1.1797245
-0.58893484,0.503769,1.4039642,1.4571474,1.6071069,0.21381731,0.21043412,-0.48115072,-1.1446294,-1.4910679
-0.3779875,0.56765,2.0395784,1.8644084,1.7682601,0.51624113,0.87924695,0.26882952,-0.52235466,-0.6985692
-0.15625471,0.5307761,1.5377188,1.5198532,1.8234015,1.0190097,0.62641865,-0.5285267,-1.2449758,-1.1742013
-0.76147413,0.62532485,0.81527376,1.5704422,1.3609223,0.5507392,0.2863922,0.009985719,-0.9950731,-1.462781
-0.28726625,0.36238024,1.7406746,1.8033509,1.5839678,0.78402865,0.16526642,-0.30871937,-0.93394876,-1.2707598
-0.19379574,-0.13184538,1.3408645,1.7167006,1.7379816,0.6051824,0.6518272,-0.30362245,-1.0840743,-0.95999926
-0.07958089,0.7241522,1.6228787,1.7943465,1.9438398,1.0059319,0.2268315,-0.27933666,-0.8107485,-1.0621709
-0.63337123,1.1462492,2.0646408,2.3764446,1.8439884,0.4215926,0.26108542,0.005585436,-1.2018032,-1.3400126
-0.7996147,0.8363339,1.7969027,1.7814996,1.5207385,0.5852419,0.5806468,-0.23764631,-1.6083406,-1.0167615
-0.08643734,0.52595115,2.2169063,2.2516315,2.555067,1.4039454,1.1522926,0.105268046,-0.6393484,-1.1915128
-0.6350302,0.665646,2.0337422,1.7619152,2.1250641,1.3246354,0.008653529,-0.7965889,-1.468655,-1.0020459
-1.2146769,1.0707552,2.4548907,2.5693202,2.4207058,0.8100416,0.24790236,-0.5270263,-1.440693,-1.6904052
-0.5161261,0.8464797,2.1169324,2.2343583,1.6947258,0.9942467,0.60826606,-0.27663615,-0.90640646,-1.3482443
0.011326623,0.57266307,1.5729597,1.8736954,1.8271666,0.97963727,0.19902611,-0.33304653,-1.9264464,-1.7046384
-0.69274336,0.38553327,1.4623234,1.863244,1.6594273,0.59232163,0.60415196,-0.52159286,-0.88099974,-0.41958612
-0.33695412,0.8216939,2.0091004,2.0058224,1.7762436,0.8811999,0.73177123,-0.019151255,-0.9305906,-0.86851317
-0.4905115,0.90776503,2.3996582,2.8460999,2.4845803,1.3951948,0.57935977,-0.4498048,-1.4630387,-1.380703
-0.430123,0.3978462,1.4280356,1.894061,1.3945225,0.6963908,0.49524993,-0.08310204,-0.914236,-0.9323629
-0.92975146,0.9428996,1.7611228,2.4629066,2.2112043,1.769028,0.7196901,-0.30234945,-1.4202912,-1.8795701
-0.46309683,0.8792321,2.1527283,3.5112593,3.0275779,1.2070938,0.44374618,-0.32015297,-1.3179761,-2.255619
-0.35536966,1.6665891,3.3958898,4.2876697,3.7381644,2.5252352,1.5877929,0.06538178,-1.2422224,-1.4493588
0.7858221,1.3523364,3.086791,4.3493147,3.767263,2.101025,1.3591865,-0.3506695,-1.7795961,-2.1542273
-0.5583257,1.6317927,2.5862982,2.4288948,2.3138082,1.1936381,0.4217498,-0.5883856,-1.084055,-0.98056054
-0.4133399,0.3434366,1.8972815,2.4501255,1.8331819,0.6885395,0.86404806,-0.856991,-1.4989438,-1.1789558
0.24812758,0.7501141,1.4722909,1.8703091,1.8689969,0.48538297,0.8233185,0.24811362,-0.98127043,-0.91404676
-0.4603752,0.64138293,2.49305,3.1568618,3.294615,1.5864785,0.7985181,-0.62914634,-1.7700826,-2.2091317
-0.44727546,0.681124,1.7559943,2.7825942,1.7358843,1.0670699,0.9418182,-0.41532126,-1.529823,-1.9664724
-0.40381086,0.64310074,1.7978452,1.9166516,1.4556882,0.72721285,0.42651713,0.11659129,-0.8054122,-1.0801656
-0.76153386,0.66910046,1.424791,2.079728,2.0207117,0.40067425,0.21724641,-0.25729823,-1.1189058,-1.3082374
-0.67404705,0.67589176,1.75879,2.9145634,2.0884528,0.5534011,0.06470063,-0.6303301,-0.9720944,-0.78740996
-0.17743996,0.894513,3.0045211,3.848462,2.892475,1.593433,0.7695636,-0.94101125,-1.664982,-1.066554
-1.1517158,0.31138644,1.8120952,2.7417138,2.5494056,1.1045586,0.28050974,-0.9137008,-1.4216632,-0.92116326
-0.2879467,0.7821262,1.3304199,1.6462679,1.6667379,0.48017335,0.44209749,0.11805189,-1.2096764,-1.348122
-0.5947659,0.9001879,2.2601206,3.2757263,3.1506898,1.265639,1.0412031,-0.122891515,-1.3291627,-1.9715831
0.17269838,0.89014006,2.6991978,3.244401,2.4060926,1.16853,1.2607771,-0.8398003,-1.7960764,-1.5641634
-0.7298105,0.4065932,1.4783627,1.8406254,1.6668152,0.44318733,0.4943626,-0.123517886,-1.0723629,-1.3630872
-0.56238526,1.177459,2.2679265,1.9158727,1.9276323,1.0853657,0.14110471,-0.3069954,-0.67455226,-0.8080067
-0.4462923,0.7964801,2.1745138,2.3114836,1.8433374,0.94946444,0.8968049,-0.0509085,-1.1582594,-0.9700158
-0.44846606,0.5156443,1.4355831,1.9383074,1.9116144,0.41142404,0.3557059,-0.61314654,-1.1576147,-0.92769784
-0.33159587,0.44320244,1.9318763,2.4468937,1.7944598,0.8568482,0.32317406,-0.03227125,-1.39079,-1.5101562
-0.05399187,0.1981624,1.0172142,1.7101635,1.6528087,0.4048572,0.39440495,-0.45443973,-1.2321686,-0.81549954
-0.41752958,0.6808589,1.3125678,1.6036842,1.6238362,0.6323086,0.62707305,-0.21151097,-0.8555457,-0.8860042
-0.38100997,0.7841049,1.8276858,2.07739,2.2339635,0.5942932,0.6411845,-0.18096086,-0.827321,-0.90706384
-0.46991223,0.08720461,1.608203,1.9174532,1.9923791,0.86792344,0.81467485,-0.098478004,-1.2516552,-1.4256968
-0.2623382,0.14154312,1.0858424,1.9075822,1.8503282,0.5827537,-0.016189154,-0.0025407453,-1.2401178,-1.7177161
-0.40937003,0.5982622,1.6878028,1.7496331,1.2748913,0.5282387,0.4399642,-0.36184525,-1.1498415,-1.1951888
-0.5668562,0.4452724,1.4454043,1.6649053,1.4270178,0.54516286,0.6565189,-0.26821044,-0.86501855,-0.74940854
-0.22965688,0.7125653,2.218892,2.2507594,2.1144922,1.2348688,0.38099533,-0.17334932,-1.1332873,-0.960711
-0.49818805,0.7968761,1.9860065,2.2942653,1.4169742,0.36308423,0.34345064,-0.6951441,-0.9470523,-1.2007414
-0.5638444,0.5140094,1.6735988,1.8805804,1.6966026,0.5921773,0.36848617,0.17592259,-0.794983,-0.5946677
-0.4880394,0.9166244,1.3281462,2.1199293,1.4207026,0.7875474,0.45086557,-0.24415928,-1.0648901,-1.2950075
-0.20527363,0.6708685,1.4572226,1.9863042,1.8913603,0.41180795,0.14520119,0.09597736,-1.0940335,-1.2444643
-0.27514517,0.112819344,1.7579002,2.460563,1.9022993,0.58027405,0.43268412,-0.23938957,-1.609167,-1.6157849
-0.021565024,0.23671196,1.4415448,1.7210344,1.3155326,0.48952192,0.44622377,-0.0565295,-0.48161867,-0.7950986
-0.20512384,0.4233238,0.96081185,1.3633049,1.6243738,0.63024586,0.5408218,0.17945537,-1.1133691,-0.684646
-0.020449024,0.24493311,1.2258396,1.634611,1.4682547,0.69761527,0.5652549,-0.10982627,-0.745897,-1.0310038
-0.31055525,0.5428895,1.3305479,1.4121388,1.3672038,0.16395243,0.47673768,-0.12862311,-0.54036087,-1.1253134
-0.6640085,0.34172592,1.2651029,1.3935642,1.3273975,0.8219657,0.095559105,-0.27864364,-1.0348206,-0.8604721
0.19659463,0.5005025,1.1747319,1.8825946,1.9272178,0.9321651,0.9539489,0.15869355,-0.42038274,-1.0194473
-0.7095336,1.1684779,2.2908142,3.4712257,3.0761566,1.6810741,0.7767156,-0.49400342,-1.7115649,-1.4649872
-0.34753475,0.9119324,1.8809501,3.1896544,2.8724196,0.7166809,0.58203435,-0.61838317,-0.76776123,-1.4731307
-1.2690749,0.92428255,1.927886,2.3011668,1.7799233,0.39100742,0.054558948,-0.6655381,-1.0589167,-1.093653
-0.4074547,0.28807825,1.1349295,1.6638311,1.5577164,0.7543388,0.5487844,-0.009641049,-1.225972,-0.9161493
0.13195471,0.52908456,1.1360811,1.193851,1.4652641,0.75996375,0.6739743,-0.61133516,-0.985219,-0.9812669
-0.38752204,0.6479091,0.9550161,1.4802061,1.6397606,0.6387453,0.46927375,-0.35341474,-1.0020165,-1.4930792
-0.45448798,0.8659343,2.1426034,1.9863156,1.6781187,0.71500015,0.5006028,0.19024517,-0.78197116,-0.63442767
-0.08110576,0.5541148,1.9711461,1.8989228,2.156405,1.0194316,0.5422787,-0.07585498,-1.0494602,-0.70238835
-0.50444424,0.99034476,2.3642907,2.2412505,2.372088,1.3303667,0.5889302,-0.2481618,-0.94519746,-0.9059717
-0.24555254,0.60518533,1.5603626,2.661834,2.2738924,1.3074191,0.7765683,-0.15580946,-1.3624805,-1.2695858
-0.5023131,0.18893358,1.9931744,1.7220602,1.6779608,0.35660055,0.2528095,0.13359386,-1.1104683,-1.817432
-0.16732302,1.0266207,2.1454864,2.3995504,2.1476753,0.51546925,0.5982084,-0.092620224,-1.5125391,-1.2191374
-0.9325205,0.38933715,1.3366055,1.4621956,1.0686336,0.41275334,0.65633607,-0.02761584,-0.851384,-0.8835154
-0.5171785,0.76150346,1.6589521,1.6189072,1.3683465,0.3197725,0.10440697,-0.21537991,-1.3750132,-1.39812
0.1044897,0.67422664,1.9784719,2.3872197,2.085309,1.0940442,0.8311948,-0.15092365,-0.95026916,-1.1442256
-0.48862752,0.88734126,1.7494761,2.2370224,1.7101188,0.9025856,0.7503441,-0.5486227,-1.0414337,-1.2955759
-0.3281387,0.28350776,1.4704825,2.056803,1.6151867,1.2025468,0.3964688,0.043177884,-0.5875061,-1.1917472
-0.030916989,0.50037926,1.236585,1.7808477,1.4131541,0.39931124,0.78028613,0.08227243,-0.791397,-1.078021
-0.34319463,0.4056185,2.1369402,2.102614,2.0626,0.6305622,0.36629352,-0.28421566,-1.2869174,-0.51938707
-0.5502881,0.49394718,1.1431874,1.4993191,1.3795917,0.83144224,0.5537091,-0.004760901,-0.896439,-1.2742331
0.016739283,1.1179804,2.0050623,2.2778046,2.448129,0.6764327,0.22355771,0.01807706,-1.2757443,-2.053774
-0.1592663,0.47174442,1.5864348,2.2701032,2.1718416,0.993786,0.8547579,0.021791076,-0.81186146,-1.3361516
-0.56231064,0.6008584,1.4992883,1.8720629,1.9510344,1.2903441,0.5732999,-0.13941394,-0.75095123,-0.9114097
-0.9113479,1.0513402,2.3686543,2.0931976,1.8014094,0.69714034,0.49983013,-0.14050068,-0.91958976,-0.9026727
-0.27484927,0.10570407,1.3658185,1.8637688,1.3662575,0.77110153,0.6509931,-0.03923603,-0.897927,-1.1699878
-0.37996674,0.73695624,2.2582512,1.8590302,2.2954934,0.6433216,0.32203412,0.31873184,-1.3469197,-1.5657988
-0.6978454,0.9116729,1.5214297,1.6117027,1.7044569,0.84027743,0.57906264,-0.08022162,-1.0923713,-0.8386697
-0.4166961,0.45008013,2.0480816,2.3577573,2.464816,0.6182346,0.39706486,-0.17747293,-1.4429104,-1.75599
-0.53142935,-0.0032688496,1.5321678,2.4784358,1.6482191,0.95348775,0.7490274,0.35389677,-1.0303059,-1.1830604
-0.4729739,0.6217248,1.8675754,1.9992636,1.5676103,1.020674,0.6355821,-0.21881703,-1.045468,-1.2887709
-0.25203946,1.0128237,2.0022924,2.248619,2.25232,1.023642,0.6203812,0.3693883,-1.1972022,-1.2807807
-0.12718132,0.50835294,1.8750026,3.113447,3.195348,0.87255216,0.21147679,-0.37244198,-1.5432235,-1.187359
-0.22862527,0.7682042,1.9733391,2.9505043,2.1874075,0.9890584,0.38883513,-0.80275667,-1.2799801,-1.6747668
-0.16293103,0.5833587,2.485527,2.6425679,2.5243793,1.4893631,0.4811532,-0.51914424,-1.7283388,-1.0059599
-0.36283585,0.71385765,2.010332,2.5169358,1.8691655,0.74870706,0.5631444,-0.82678413,-1.6294464,-1.4016033
-0.18355054,0.3232006,1.1176736,1.5395069,1.1482264,0.9098919,0.45347452,-0.605168,-1.2316467,-0.8845419
-0.38304254,0.18408772,1.2313308,1.833401,1.6784922,0.32327768,0.41398787,-0.30170897,-0.941221,-1.6022841
-1.0150285,0.30469468,1.649199,1.892061,1.7125685,0.54251164,0.16033602,-0.5744297,-1.4285398,-2.0210981
0.05691414,0.13822931,1.5444751,1.7379487,1.4444922,0.69161844,0.5506733,-0.19687387,-1.2377874,-1.137628
0.07125482,0.24831991,1.4707172,2.5098026,1.8907951,0.81689966,0.51854736,0.2619359,-1.3676356,-1.1446162
-1.0472882,0.45188445,1.5154133,2.2028148,2.1638856,0.71063185,0.5116781,0.10969655,-0.96667886,-1.6333934
-0.40182817,0.8295083,1.9561217,2.1919522,1.4484689,0.7272765,0.45403755,-0.029102912,-0.8031475,-1.005888
-0.45557758,0.8070803,1.5696819,1.9303,1.9603626,0.39126328,0.31591114,-0.51593083,-1.3289633,-1.0603545
0.010995387,0.7356605,1.5955179,2.1209655,1.793367,0.76810026,0.7196538,-0.36728513,-1.088699,-0.80876756
-0.28664082,0.26210865,0.82278377,1.4695704,2.0092034,1.0939152,0.88268447,-0.0387605,-1.01295,-0.50741225
0.01821277,0.50546515,1.4938058,1.8504562,1.8766059,0.3829811,0.072525255,0.29691455,-0.97975636,-1.2804466
-0.81345654,0.5637775,1.4786127,1.8062638,1.3761514,0.8417845,0.2595641,-1.1579387,-2.3358436,-1.2070652
-0.17250311,0.120437086,1.2029672,1.8170253,1.7336922,0.3838896,0.30578813,-0.47969353,-1.2636307,-1.0768174
0.08867971,0.35348442,0.8235322,1.7972294,1.463916,0.28836486,0.44805732,0.6577373,-0.93125993,-0.9609655
-0.38015354,0.57835084,1.55016,1.7813181,1.1631972,0.62692225,0.57339483,-0.16290122,-0.6306333,-1.1685145
-0.17199242,0.40056163,1.6227162,1.5733608,1.6595277,0.4335461,0.27520457,0.12747656,-0.9034903,-1.0128638
-0.09932199,0.68327737,1.3273364,1.9863652,1.2601657,0.78807235,0.74185055,-0.49169406,-1.3878303,-1.2103807
-0.17037496,0.3683923,1.5325134,2.290815,1.5373902,0.38066792,0.40239063,-0.25540596,-1.156329,-0.44819337
-0.018235084,0.49084064,1.5632842,1.6061362,1.725588,0.5272634,0.39191106,0.08804902,-0.6981159,-1.0973521
-0.52372473,0.7437637,1.4945443,1.879409,1.6283649,0.48839486,0.17094536,-0.196899,-0.6175701,-1.5544685
-0.026302915,0.3626427,1.386862,2.019263,1.9530684,0.7002923,0.1515156,0.14888935,-0.66271216,-1.2267039
0.049032312,0.8132198,2.1006477,2.475783,2.0058959,1.2362423,1.1853654,-0.37569585,-1.378346,-0.9215876
-0.37871146,0.44645387,1.8057606,2.206681,2.2891572,1.1155047,0.87488216,0.46934506,-1.3013486,-1.7645925
-0.20707896,0.5543665,1.6658276,1.7723557,1.3473401,0.6963412,0.5517993,-0.43110302,-0.93454903,-1.2664932
-0.6366138,1.2519002,2.2023304,2.5321593,2.433379,0.84475803,0.49417102,-0.104914285,-0.86072195,-1.1900935
-0.55278945,0.43059072,2.0512633,2.5961258,2.4997172,1.1426553,0.23169854,-0.7754839,-1.4252833,-1.3689882
-0.50673705,1.1875441,1.7674531,2.8097723,2.3639138,1.2441041,0.7777765,-0.025673782,-1.663042,-1.0861422
-0.433603,0.6278458,1.1557136,1.3785825,1.6319827,0.5669502,0.26487994,-0.19268833,-0.8153995,-0.6828939
-0.21789181,0.8423075,1.5522637,1.5649761,1.7782537,0.617278,0.3969333,0.11388368,-0.63791883,-1.0909519
-0.26860413,0.53179693,1.1957122,1.8809342,1.9640852,1.1103413,0.42958602,-0.19411479,-0.8024548,-1.1174254
-0.36045855,-0.08499365,1.2497842,1.8430656,1.714188,0.57681865,0.34424323,-0.0045839897,-1.3024501,-1.3088199
-0.6347779,0.9575907,1.9583769,2.508514,2.5511525,0.845665,0.32960293,-0.71653765,-1.3631583,-1.4977239
-0.27480057,0.65551776,2.1590502,2.2184496,1.556436,0.60493815,0.67187554,-0.20444371,-1.3099284,-0.9530261
-0.5785623,0.6057252,1.9330446,2.2044308,2.00789,0.92173123,0.48658246,-0.3657779,-1.7652537,-1.7394106
-0.10152164,0.5392521,1.724788,1.8956168,1.5557714,0.42607588,0.22518209,-0.33131823,-1.4084651,-1.3408117
-0.5844894,0.30633804,1.5798781,1.635974,1.4041564,0.5920298,0.52168936,-0.17152186,-0.8896145,-0.9096668
-0.39332545,0.48387384,1.7970641,1.7390523,1.2619107,0.5474662,0.44552362,0.13740185,-1.1135588,-1.7241418
-0.18781695,0.642504,1.5183296,2.4441612,2.2957606,0.58866644,0.8183618,-0.5573709,-0.9914355,-0.67892176
0.26778126,0.9347566,2.6285665,3.430647,3.01409,1.8302181,1.2595291,-0.43596497,-1.7005996,-1.5021592
-1.0273589,2.0202827,4.265785,4.357431,3.6443114,1.5411212,0.66488594,-1.184098,-1.9449418,-2.5352721
-0.31198853,1.889447,3.756878,4.0460463,3.822233,2.1178255,0.5336853,-1.1387241,-2.0271738,-2.1620164
-1.158328,0.8493447,3.311037,4.150608,4.3967023,2.2346125,0.78218925,-0.6424356,-2.2638865,-2.802825
-0.12426283,0.6051078,2.0900555,2.3760352,1.6716549,1.5280966,0.79519075,0.47450238,-0.879658,-0.9868873
-0.86356485,0.51419854,1.1621071,2.0654786,2.095091,0.6505735,0.49082828,-0.59376854,-1.1780555,-0.88842094
-0.80254686,0.5972531,1.5286144,1.8864106,2.0802066,0.49787855,0.6959683,-0.04410994,-1.0760756,-1.1242502
-0.1106394,0.4574747,1.4311203,1.5929396,1.3784547,0.5827613,0.5019241,0.1805456,-0.88756263,-0.40809265
-0.65390784,0.8890782,1.8777391,2.0821793,1.7150838,0.5405909,-0.15256134,-0.14364445,-1.2353007,-1.371836
-0.78086925,1.3153555,2.3643854,2.5679379,2.5896626,1.1329644,0.23468548,-0.76089317,-1.6988609,-1.4970009
-0.31110084,0.73578537,1.436014,3.3102906,2.8694818,1.5973203,0.9026342,0.10753356,-1.5104359,-1.6633987
0.21273437,0.6428666,2.011571,2.5289586,2.2156694,0.8894813,1.0169904,0.25923946,-1.1557403,-1.7291348
-0.3982075,0.49210334,1.6246271,1.6967288,1.7772268,1.0176873,0.32254317,0.028153196,-0.9753835,-1.0376298
-0.3014803,0.36452973,1.1042937,1.5020293,1.4906213,0.32382703,0.26092586,0.10958418,-0.48773292,-0.6802713
-0.3448309,0.49005368,1.7698047,1.5768514,1.4022936,0.8146675,0.9024602,0.16304035,-1.0425763,-0.3487064
-0.5918301,0.34394538,1.2615951,2.0877604,1.7831268,0.50193256,0.610908,-0.28804234,-1.1443704,-0.6957489
-0.058972917,0.37697962,1.4856024,2.2067723,1.9678754,0.7605859,0.7541857,0.65231746,-0.9786068,-1.3056116
-0.3461169,0.74369484,1.7201381,2.1030772,2.2502139,0.65828705,0.46059966,-0.82697546,-1.1626348,-1.1869903
-0.3518817,0.2227838,1.3378316,1.8601125,1.4260976,0.86274475,0.0728704,-0.37838176,-1.1046625,-0.9945731
-0.46927336,0.55353993,1.091834,1.4986203,1.4134182,0.27845272,0.42754322,-0.104090475,-1.4110044,-1.1525551
-0.18870446,0.63928246,1.637718,1.4982935,1.5693285,0.09337264,0.19630861,-0.42179236,-1.0619977,-0.70506877
-0.7212676,0.23102675,1.9237661,2.0390666,1.8781203,0.9791937,0.5082818,-0.31804144,-1.1301156,-0.7153938
-0.48333624,0.40905437,1.4675262,1.9841603,1.7385709,0.8083362,0.43250692,-0.42508766,-1.3276939,-0.7301631
-0.14241824,0.31131473,1.7631187,1.6140658,1.6060569,0.7574496,0.43277392,0.04184423,-0.99449503,-1.03417
0.06031112,0.26884264,1.1177349,1.3694408,1.8474938,0.72031415,0.14502504,-0.2737042,-0.7051092,-0.95245606
-0.5637279,0.113537036,1.8840021,2.2493,1.7083651,1.135318,0.46736926,-0.073589705,-0.99780846,-1.1745627
-0.9496364,-0.061442062,1.1978248,1.5906624,1.5383432,0.6893514,0.20674849,-0.1903781,-0.9743676,-1.1042416
0.13784605,0.4699567,1.3065864,1.552255,1.4892015,0.52660346,0.90344757,0.4229988,-0.68948203,-0.8313237
-0.5585807,0.59905386,1.733536,1.6199212,1.6585153,0.6763429,0.4865077,-0.043460257,-0.931205,-1.2947832
-0.5603925,0.78878784,1.8867748,2.1226728,2.2817423,1.1516895,0.49639678,-0.5952681,-1.51511,-1.1011049
-0.010490119,0.28300774,1.256194,1.3084791,1.4277213,0.35502416,0.48183364,-0.2664547,-0.42093763,-0.44310772
-0.52440774,0.4929476,1.2348881,1.5707135,1.7599993,0.52812856,0.46640778,-0.0006983909,-0.9478484,-1.1595998
-0.3513584,0.3123774,1.9700934,2.478473,1.8863795,0.5469956,0.05260738,-0.5316149,-1.0880773,-1.6302961
0.07903141,0.42201272,1.3809115,1.5040213,1.3848464,0.7494193,0.6862428,-0.15775901,-0.9013973,-0.6803058
-0.06573118,0.32854685,1.8220602,1.6072419,1.928576,0.87247074,0.50115275,-0.2864783,-0.88368416,-1.1874709
-0.48797897,0.5493061,1.7390583,2.58076,2.3133872,1.0041441,0.67007816,-0.04692412,-1.4596676,-1.1802589
-0.43705812,0.6648295,1.1726687,1.364087,1.5689044,0.006932091,0.040678762,-0.31688774,-0.69623655,-0.90534097
-0.41242543,0.67482305,1.871156,2.6707113,2.0483708,0.7840077,0.45445436,-0.51815,-1.366379,-0.81713223
-0.60445964,0.113984734,1.0764366,2.1865258,2.240229,1.1903,0.60955954,0.037713602,-1.0604923,-1.2550474
-0.89322865,0.3060422,1.2059829,1.7974099,1.6421049,0.76092273,0.3634469,-0.513164,-1.8105717,-1.3777602
-0.056421913,0.6671166,2.0468667,1.5542573,1.6103323,0.5338051,0.2921689,-0.56703156,-1.0227377,-1.0804707
-0.5814838,0.5138159,1.4923972,1.7584776,1.5942158,0.46427113,0.5626595,-0.21503702,-1.1625104,-1.3644387
-0.24016327,0.38485447,1.3068141,1.1964118,1.318132,0.7553215,0.33365878,-0.5320107,-0.5903992,-0.9000577
0.013483394,0.4667936,1.0595646,1.7664001,1.8758997,0.9271338,0.10204695,0.014568955,-0.6655682,-0.6340379
-0.8549071,0.42959833,1.5979248,2.1486595,1.5586194,0.6019926,0.3719893,-0.3683052,-1.108603,-1.3133078
-0.48852405,0.77434766,1.8006825,1.7359569,1.9433545,1.1627978,0.7391875,-0.17580533,-1.3020438,-1.0969278
-0.31016156,0.16919765,1.4059078,1.612401,1.9023476,0.7340363,0.6296912,0.00038119406,-0.532151,-1.0011343
-0.1406062,0.26909962,1.4541638,1.5756447,1.2771431,0.51075774,0.18656342,-0.4484399,-1.2580025,-0.95774436
-0.1015218,0.058044773,1.2921473,1.1182684,1.2878888,0.75103396,0.49761492,-0.42835978,-0.6881328,-1.1782873
-0.2327775,0.20314905,1.6716204,1.7408069,1.4250484,0.55766344,0.55576265,-0.06751839,-0.83550143,-1.340087
-0.69731975,0.15872735,1.2139288,2.1486573,2.0322888,0.98743737,0.7472431,0.07717807,-1.2934743,-1.1524689
-0.69173473,0.53751916,1.3601817,1.5351319,1.3252573,0.52472067,0.47470665,-0.16478625,-1.0481015,-1.3253447
-0.5296611,0.5831135,2.1381886,1.8822812,2.1806788,1.4488283,0.13570331,-0.41705924,-1.4239999,-1.1100181
-0.0070709735,0.8805846,1.7542304,2.1892085,1.9378616,0.69395554,0.4787528,0.45816493,-0.7435963,-1.6445767
-0.53583753,0.053413037,1.132667,2.321738,1.580802,0.557752,0.834912,-0.008064527,-0.5988713,-0.7463558
-0.48981705,0.8725756,2.2991908,2.625245,1.8566469,0.79166925,0.095525146,-0.74909407,-1.1843345,-1.2607154
-0.51281554,0.18693766,1.0218923,1.7440538,1.7794623,1.1007123,0.26592433,0.020198883,-0.8012901,-0.84579504
-0.7317636,1.0245683,2.9537992,3.780009,3.7061257,1.4981931,0.9158992,-0.7590387,-2.1081908,-2.328832
-0.5798232,1.556603,2.700389,2.7691927,2.4203978,0.9619018,0.6028994,-0.5290607,-1.015394,-1.4019215
-0.6741634,0.6187902,2.336338,2.9047427,2.6165967,0.9777932,0.19449623,-0.656029,-1.3984241,-1.4950798
-0.58175623,0.64446086,1.6397237,2.2638543,2.552333,0.8913059,0.40471935,-0.3326327,-1.3236228,-1.1487113
0.26989785,1.169796,2.2205322,2.623942,2.070024,0.8261402,0.4826479,-0.52526796,-1.4994435,-1.4241431
-0.4713863,1.1086777,2.7518725,3.272343,2.8871458,1.4867713,0.5476779,-1.3349688,-1.8255476,-1.2382243
-0.2606454,0.44307098,1.9864653,3.1874926,3.0595684,1.6608658,0.6731496,-0.06338232,-1.5981523,-2.0033643
-0.65073234,1.3877854,3.330461,3.3228726,2.5813055,1.5466421,0.51351047,-0.8222967,-1.7876401,-1.7686653
-0.21727753,0.3755796,1.0205543,1.5190701,1.4557885,0.5383095,0.67232823,-0.09650209,-0.6375366,-0.57936454
-0.25720942,0.39180818,1.6587433,1.9741558,1.55205,0.8649397,1.0077808,-0.20256971,-1.4200469,-0.75764763
-0.3948648,0.68360126,1.7810308,2.348811,2.4009812,1.060109,0.5918622,-0.2096992,-1.0563802,-1.2358886
-0.62631637,0.026886513,1.26725,2.2001383,2.186446,1.4169364,0.98438776,0.6932797,-1.1699666,-1.6247648
-0.2602704,0.15689223,0.83077806,1.6194218,1.4836776,0.578575,0.40971452,-0.18773545,-0.52772176,-0.66676956
0.0055129584,0.67919236,1.3805301,1.340585,1.7267587,0.42260835,0.017676614,-0.23429681,-1.1276916,-1.1044872
-0.16491127,1.0598514,2.3546596,2.5936012,2.4150314,1.3633717,0.44429788,-0.4862724,-1.437133,-1.0153874
-0.33872497,0.12558271,1.0333166,1.6947446,1.6522394,0.6362366,0.53170204,-0.30113795,-1.3474389,-1.0753465
-0.60504854,0.37639856,1.5546649,2.252591,1.9097126,0.57135385,0.4615168,-0.2739706,-0.99191344,-1.8555706
0.13497311,0.7487547,1.795361,2.2695398,1.765331,0.18778875,0.004359171,-0.013488658,-1.2149708,-1.17367
-0.7270961,0.7454559,1.8169907,2.331565,1.9303347,0.8888349,0.46909297,-0.39670986,-1.1646417,-1.1447262
-0.6665351,0.57898384,2.4200525,2.8408442,2.2715247,1.5336963,0.82809126,-0.10853643,-1.3665224,-1.2714453
0.042269588,0.22887653,1.1598436,1.8391051,1.6244433,0.41816527,0.8458451,-0.37792304,-1.1389928,-0.8317047
-0.90939707,1.308797,2.9665446,3.2742128,2.7268078,1.2819029,0.3871504,-0.8570319,-1.250704,-1.8083975
-0.6336289,-0.36873195,1.4254882,2.195972,2.051284,0.9427185,0.5098015,0.103599705,-0.87110895,-1.4681977
-0.32189077,0.04595655,1.1758735,1.534206,1.814102,0.685846,0.16427118,-0.32320282,-0.9813887,-0.8858257
-0.12284853,0.6192274,1.3494043,2.3350484,2.252136,1.0537966,0.5191322,-0.03223716,-1.146478,-0.9976022
-0.116338275,0.7090439,1.520281,2.271454,2.1480088,1.1023766,0.92470235,-0.13127959,-0.99900544,-1.0892394
-0.6033022,0.6170087,1.1985842,1.7089512,1.8421558,0.8909321,0.21996248,-0.32211313,-0.9016159,-1.5259764
-0.17655319,-0.10038322,1.3636844,1.6295435,1.6979164,0.4613974,0.15916944,-0.38625294,-0.36649495,-0.93675226
0.052220203,0.7318694,1.5808108,2.701762,1.8206619,0.59672743,0.55723715,-0.49163225,-1.455099,-1.314437
-0.3106963,0.35197306,1.094139,1.900562,1.5310419,0.4298359,0.40375152,-0.38132522,-1.2024857,-1.3528876
-0.8269703,0.3516721,1.5725373,1.9815573,1.2936863,0.21777128,0.07208984,-0.49126422,-0.9308486,-1.0604727
-0.36469364,-0.12276889,1.1710427,1.308966,1.100803,0.97433317,0.68548125,-0.4433587,-1.2061442,-0.5296509
0.059329264,0.29573065,1.4776349,1.9321645,1.8250347,0.603119,0.6144226,-0.1815849,-0.70721215,-1.0569624
-0.030340392,0.25949976,1.3768799,1.818995,1.986518,0.8592383,0.5528774,0.114730455,-0.8706492,-1.031164
0.021328865,0.46222427,1.3770462,1.7796037,1.8228636,0.7423776,0.41823873,-0.26441282,-0.8388894,-0.92180115
-0.28192243,-0.15987657,1.1923162,1.7499471,1.2928895,0.8394848,0.91212726,-0.1921389,-1.4374301,-0.98442644
-0.38264132,-0.29845586,1.5732006,2.5732958,2.1390872,0.9257995,0.36511686,-0.2733506,-1.285641,-1.5843436
-0.52879304,0.35913175,1.739687,2.3610528,2.0806155,1.0932021,0.3128774,-0.123673216,-1.52324,-1.4870332
-0.855927,0.97368485,1.8210074,2.0963202,1.506348,0.32995445,0.0983749,-0.0057273735,-0.9988109,-1.5630941
-0.38093385,0.5546875,1.9772661,2.027214,2.1142206,0.9160929,0.47325146,-0.81046784,-1.1606324,-1.4942111
-0.16448799,0.4437451,1.3239602,2.232633,1.7658702,0.62614167,0.7284154,-0.042352412,-0.8811977,-1.0424582
0.5320383,0.83034766,1.8435175,1.7796556,2.3955545,1.3760111,0.48364002,-0.25653896,-1.1366608,-1.6252414
-0.0871956,1.0641295,2.0464077,2.2549484,1.9674925,1.3167824,0.91671276,-0.32671806,-1.2055901,-1.0089886
-0.12253497,0.66522664,2.1747093,2.8217099,2.3909376,1.7303903,0.47629344,-0.04843039,-1.1756713,-1.4306573
-1.0150024,0.9359232,2.75525,4.1114697,3.8199277,2.0882783,0.72385097,-0.5055067,-1.7698182,-2.100066
-0.73026,1.1420857,2.0252316,2.4144876,1.7933407,1.4255303,0.7303625,-0.73327905,-1.5784976,-1.4114039
-0.07235474,0.5799248,1.5769523,1.9387994,1.2920285,0.91751087,0.8655467,0.11416918,-0.81414664,-0.53774077
0.0010368023,0.45838064,1.2489464,1.6418308,1.9169507,0.7377592,0.6558342,-0.21185327,-0.8084911,-1.0290225
0.013482566,0.5456247,1.4711616,1.5255144,1.326579,0.41077274,0.116025195,0.03283142,-0.82006353,-1.4055052
-0.6935957,0.45026395,1.1540174,1.9571998,1.8991009,0.6939315,0.058242343,-0.21663761,-0.95148003,-1.2536387
-0.62628174,0.30276927,1.8295648,2.4382446,1.9835621,0.90312886,0.88146716,0.099603355,-0.9698947,-1.4103987
0.1384499,0.3122062,0.90811735,1.6208117,1.5356264,0.41002262,0.13886301,-0.0951583,-0.99427736,-0.6520788
-0.21376759,0.5686304,1.7326443,2.1148038,1.1954743,0.98791707,0.65496784,0.063189045,-1.0906944,-1.5484676
0.2530012,0.37989944,1.6121869,1.6997617,1.7368797,1.036914,0.1774148,0.1263512,-1.2299193,-0.8313534
-0.56953484,0.52235395,2.015147,2.1293945,1.7962798,0.9573804,0.7193416,0.7596536,-1.0282543,-1.2695694
-0.06625734,0.6547781,1.3857073,1.4584899,1.3495839,0.9600222,0.5954092,0.27963075,-1.1260086,-0.94447803
-0.43443498,0.08838727,1.7198898,2.778659,2.7071748,1.1547258,1.0961176,-0.39209703,-1.8511277,-1.9915639
-0.28704244,0.5711929,1.1520271,1.8686284,1.6290365,0.5962991,0.22838664,-0.03887405,-0.7179112,-0.62785244
-0.3260694,0.10145656,1.0821285,1.9491099,1.2808307,0.40459177,-0.07102315,-0.45269135,-1.0356656,-0.9278374
-0.30450436,0.15169868,1.0075397,2.077084,1.736187,0.4408083,0.17332757,-0.4350144,-0.80673665,-0.9739834
-0.63209015,0.39623228,1.1690035,2.3579333,1.5713919,0.9659189,0.5290777,-0.2799775,-1.223645,-1.4816203
-0.41163808,0.44978777,1.7487812,2.1373448,1.6355697,0.9672768,0.4458618,-0.18943334,-1.3605391,-1.6059519
0.3034743,0.5782537,2.2282863,2.4967241,2.5119674,1.2707349,0.844201,-0.21575454,-1.4413942,-1.1334972
-0.09720929,0.7018689,1.7301959,2.4999223,2.2719495,0.62518936,0.41665688,-0.5007375,-1.2743539,-1.343264
-0.5040937,1.320428,2.4915674,2.3613632,1.5460883,0.627585,0.6594061,-0.56184304,-1.7971146,-1.0069598
-1.0846055,0.015025176,1.3074799,3.1770687,3.1380205,2.0155115,0.6762018,-0.06618398,-1.4464233,-1.7830783
0.47983,1.3307428,3.1238267,3.6747406,2.8232155,1.5406884,1.4861146,0.679118,-1.1536651,-1.6461765
-1.0230222,1.5454587,2.8117046,3.5001504,3.214039,1.7966304,1.049514,-0.4935292,-1.7345716,-1.5109239
-0.56270134,0.73683023,1.8674264,2.588316,2.3346212,1.2174214,0.37822053,-0.11832929,-1.1450182,-1.6178241
-0.5937982,0.6924341,2.042109,2.6620095,2.1873045,1.0412428,0.492958,-0.6532728,-2.0366778,-1.4683425
-0.8906191,0.7118666,1.7881142,1.7597536,1.2920432,0.5110917,0.18124215,-0.64557743,-0.88397056,-0.62099284
0.009812903,0.51720387,1.9361053,2.2968984,1.8527339,0.87348145,0.5257264,-0.07933149,-1.3049397,-1.3649677
-0.1546152,0.54659146,1.4676684,1.5388322,1.871022,0.41288394,0.42040992,-0.11587654,-1.1611028,-1.3658465
-0.8673002,1.0291606,1.4367249,1.7480837,1.681181,0.63536716,0.067330375,-0.5419203,-0.9932313,-0.99789894
0.03703773,1.1580029,1.9759351,1.726014,2.0138745,1.0374525,0.41358733,-0.096923515,-1.1863863,-1.2848276
-0.78196335,0.4685379,0.9716655,1.716474,1.4954287,0.66978794,0.12972116,-0.5208872,-1.104711,-1.0967793
-0.57569504,0.6705704,1.9000067,2.1972218,1.5940812,0.9161511,0.36923313,-0.38460752,-1.3287061,-1.2310661
-0.044840932,0.39362636,1.5839206,1.8001513,1.3086662,0.73133075,0.59688514,-0.22147492,-0.56371945,-0.6643306
-0.6109463,0.59778726,1.332535,1.7115881,1.652379,0.2575132,-0.05769819,-0.6098592,-0.7448665,-1.1169549
-0.37347567,0.5168914,2.0281622,2.066587,1.9184912,0.8307427,0.54423183,-0.10864711,-1.0901369,-0.7522153
-0.2614876,0.97449714,1.6855048,1.9152789,1.3754727,0.5398401,0.35944816,-0.5124887,-1.2245319,-0.8067271
-0.63947856,0.37709308,1.3595312,2.151902,1.501584,0.40158933,0.6917577,0.42283309,-0.9994217,-1.3804648
-0.36284813,0.8986098,1.2229084,2.124172,1.7420266,0.8294853,0.43311712,-0.1676334,-1.17331,-1.5190597
-0.10279028,0.68206525,1.5851088,1.8014877,1.7762762,0.48594868,0.5220648,-0.34513837,-1.0952215,-1.1741898
-0.65310687,0.04586194,1.8638145,1.9251602,1.7921573,0.73239475,0.5968907,-0.11139994,-1.050281,-1.1891141
-0.5117342,0.9198447,2.6599758,3.6730578,3.1118557,2.4430103,1.2425812,-0.051701006,-1.9139205,-2.4870794
0.1861394,0.57370293,1.9569557,2.4508357,2.4830728,0.94513047,0.28873166,-0.17096622,-1.4830117,-1.4899411
-0.2592968,0.6203738,1.4505745,2.5999482,1.9327762,0.79398614,1.0190032,-0.2586149,-1.0953807,-1.5868757
-0.2660911,0.41171792,1.2744049,1.7090703,1.6620984,0.44289315,0.18387957,-0.24385142,-0.8267466,-1.2560523
-0.8330989,0.61797726,1.3632935,2.0543978,1.5684662,0.7804591,0.556417,-1.0067438,-1.603938,-1.6829736
-0.31376907,0.693927,2.0658538,2.4944615,2.2150457,1.17604,0.8406081,-0.19899133,-1.1815647,-1.0595297
-0.6409122,0.15852872,1.0829259,1.7456937,1.6512127,0.574776,0.6413253,-0.032225225,-0.5443588,-0.95922345
-0.51711667,0.90885645,3.316123,3.8903456,2.7220616,1.5542374,0.77163166,-0.404286,-1.5933965,-0.42043284
-0.063877635,0.59575295,1.4532543,1.7605149,1.5137935,0.6342199,0.5211106,0.206722,-0.8916241,-0.93981284
-0.7958887,0.92173445,2.1054306,2.2732627,2.3724716,1.2864105,0.9798299,-0.17505233,-1.0798709,-1.6185582
-0.11933104,0.5679949,0.93902,2.0166411,1.6866649,0.57267284,0.5634748,-0.1309953,-1.0082849,-1.2034097
-0.7765947,0.8316903,2.0339422,2.6176314,2.1844318,1.2969099,0.55073345,-0.49037704,-1.8478733,-2.3261566
-0.7256907,0.63635087,1.2975004,1.7819823,1.8289747,0.5061697,-0.09884627,-0.5923128,-1.6261846,-1.5188609
0.13077843,0.5199782,2.7634714,3.7917092,3.2259352,1.7652184,0.9445788,-0.31384227,-1.3973362,-1.6513673
-0.76727784,1.3354043,2.3445454,2.4781885,2.770532,1.2117239,0.059851117,-0.48190975,-1.3663584,-2.0478177
-0.5214679,1.0537567,2.7321594,2.1841154,2.971215,1.1545471,0.64033943,-0.61637044,-1.8366133,-1.9956093
-0.2403388,0.43157604,1.649883,2.0958362,1.9461336,0.92552567,0.6337328,-0.30983835,-0.95916325,-1.0018498
-0.31447324,0.71053493,1.4444188,1.6500837,1.1638056,0.65137696,0.38093656,-0.11834412,-0.8805297,-0.73657525
-0.67937165,0.6362679,1.8109772,2.2137976,1.9455026,1.0108459,0.29399303,-0.38564783,-1.2921605,-0.9528416
-0.88453543,0.68326396,1.5015312,1.9843062,1.409811,0.77752465,0.4826491,0.09074991,-0.9698113,-1.1011333
-0.45060924,0.52279705,1.9289311,1.9018418,1.7699513,0.7247333,0.49332076,-0.07622808,-0.7589932,-0.91580355
-0.43661347,0.48741934,1.1872642,1.4712222,1.7441158,0.5765117,0.5815053,0.37342417,-0.8874144,-1.2074271
-0.48585513,0.76007134,1.9027053,1.392193,1.471051,0.6705035,0.39730138,-0.42382076,-0.6312574,-1.1181233
-0.37313917,0.80482936,2.0274358,1.2403519,1.5685048,0.95862496,0.52849823,0.3719734,-0.53304094,-0.9792415
-0.43494517,0.6894333,2.140282,1.9812404,1.7081798,0.44370702,0.059971847,-0.60877,-1.3597503,-1.5550168
-0.35474285,0.54758906,1.9785547,2.4434917,2.528979,1.4400787,0.9680213,0.27303177,-1.4183822,-1.9298837
-0.8290335,0.63300997,1.8343327,1.8920305,1.7356877,0.5773935,0.6961764,-0.2713795,-1.0599203,-1.3991296
-0.20887688,0.069985814,1.3137586,1.6186672,1.2913417,0.40642947,0.6479634,-0.21945123,-0.5220138,-0.81068176
-0.0056521855,0.30140787,1.0135636,1.7257535,1.9386286,0.15616429,0.21390167,0.00060188444,-0.9299575,-0.8847272
-0.5985605,0.65476424,1.9499768,1.8658913,1.7883166,0.5139955,0.2853384,-0.15929286,-0.9542718,-1.2280648
0.076004624,1.0083358,1.9415301,1.4771465,1.5520778,0.8055333,0.47227943,-0.15330327,-0.84665364,-0.9017166
-0.8721545,0.64185405,1.495472,1.6780213,0.93273467,0.56225944,0.41136584,-0.23128922,-0.97888315,-1.0324758
-0.0026452243,0.3517166,1.2823998,1.5801365,1.5311344,0.4899603,0.46755213,0.21412928,-0.47785345,-0.4886544
-0.34371373,1.1041085,2.0871563,1.8714865,1.7283974,0.53164595,0.2369827,-0.24025504,-1.3512732,-1.1256286
-0.5561436,0.8120757,1.8740319,2.3306463,2.148116,0.8781319,0.7310366,0.5957457,-0.7876293,-1.1131593
-0.13802251,0.6299855,1.118691,1.4185431,1.5429748,0.25670886,0.27601862,-0.14087386,-0.6641259,-0.6028734
-0.08689032,0.45371464,1.0102973,0.91840273,1.1612362,0.73015267,0.42057902,-0.27980164,-0.99669003,-0.99287707
-0.27519187,0.3210041,1.3721248,1.8050689,1.4058765,0.6569456,0.15401821,-0.2457323,-1.000788,-1.2199671
-0.30640256,0.42071724,1.7399669,2.3761022,1.971846,1.3971248,1.0574039,-0.24671745,-1.0496824,-1.1508656
-0.91728026,0.8496533,2.944824,3.3339815,2.8860614,1.6269695,1.3338677,0.65484774,-0.896082,-0.92794067
0.13525486,0.47400302,1.5656928,2.682608,2.0050282,0.59471023,0.5265103,0.46121997,-0.65140635,-1.0542139
-0.2856493,0.27052125,1.5987817,1.6978478,1.3652967,0.69636506,0.68481964,-0.10226902,-0.81904525,-1.4215465
-0.129006,0.5349711,1.521545,1.609702,1.3545713,0.4130012,0.56005424,0.32920948,-0.41381976,-0.88058037
-0.4752232,0.6332866,1.2395301,1.1850212,1.6257439,0.47386217,0.114822134,0.0493364,-0.8228735,-1.1745893
-0.19802067,0.81476986,1.3830211,1.6915493,1.2125188,0.37539726,0.60170716,-0.16676335,-0.87251663,-0.9009967
-0.3039515,0.2762995,1.5336815,1.6445767,1.6471643,0.51179016,0.5234144,0.4337893,-0.945822,-1.0051123
-0.575457,0.4181383,1.5652052,1.7391293,1.6293929,0.7935139,0.5972985,-0.022351282,-0.98037314,-1.0445057
-0.20085257,1.6832097,3.0839965,3.230144,2.8653817,1.6906555,0.6467769,-0.89948344,-1.7917665,-1.7621969
-0.2476168,1.7110677,4.2307677,5.4062757,4.770175,2.783111,1.8240064,-0.5619014,-2.2182071,-2.0553298
0.030739866,1.2450514,3.2730863,4.164305,2.978309,1.9134141,0.52085066,-0.6257949,-1.739497,-1.7756714
-0.22921282,0.72530526,2.2595582,2.7981324,2.354813,0.99124825,0.35598454,-0.08354646,-1.3857726,-1.676216
-0.5388542,0.78363085,1.3313079,2.3571177,1.960428,0.9437508,1.0704226,0.34451777,-1.5351466,-1.9568489
-0.5271148,0.026534794,1.0183716,1.3847668,1.3197203,0.46956313,0.14381427,-0.67689204,-1.0288191,-0.922701
-0.19522882,0.5657512,1.2530016,1.7884802,1.4351693,0.48314637,0.583582,0.32456157,-0.6348734,-1.2923563
-0.027130153,0.4876513,1.3745279,1.7821777,1.5384105,0.74021256,0.8339912,0.3165251,-0.26499516,-0.7735462
-0.38846377,-0.00981571,1.0295372,1.4105436,1.4285997,0.57948333,0.5570518,0.22619055,-0.8923856,-0.94269824
-0.1566402,0.5002223,1.5635351,2.462727,2.6252706,1.5539087,1.1221665,-0.10769661,-1.384211,-2.0618367
0.3204644,0.16449192,1.5368372,1.8849622,1.3332288,0.6308124,0.39187342,-0.046571963,-1.0397478,-0.9118074
0.18173337,0.47215098,1.3378758,1.6921233,1.75654,0.5745891,0.39677143,-0.030180948,-1.3234333,-0.9980209
-0.45014563,0.79062337,2.7827358,1.909952,2.012582,0.68450046,0.14824882,-0.29415166,-1.0316038,-1.1517307
0.19156781,0.40191054,1.4884167,1.8169315,1.6349082,0.54206014,0.73710835,0.0036033115,-0.94741327,-0.8846599
-0.21490994,0.33748296,1.378634,1.4511784,1.9153577,1.0661694,0.7225084,-0.24357429,-0.6248547,-0.8202495
0.0417232,0.568713,0.9009645,1.5555438,1.2943268,0.69663405,0.5644704,0.32194772,-0.4302084,-1.0448967
0.104181975,0.33983994,0.9203033,1.4248588,1.2983332,0.73451215,0.89313334,0.23100083,-0.53409654,-0.7679873
-0.10988551,0.740356,2.0890484,2.3869512,1.9993771,0.6575951,0.13762942,-0.3855971,-1.335357,-0.9034731
-0.39446858,0.44340554,1.1648296,1.7400903,2.1636286,1.2616774,0.27201328,0.04766621,-0.94804275,-1.3628153
-0.14791355,0.4894636,1.4568357,1.613493,1.5749534,0.889093,0.355377,-0.19031304,-0.9345263,-1.417551
-0.0037544984,0.27550456,1.8331872,1.8362317,2.3875883,0.98164225,0.5280758,-0.0775779,-0.7963132,-1.8698342
-0.2261523,0.38369423,1.6872967,1.8735898,1.6037178,0.47496587,0.56263304,0.0014573568,-0.76406604,-1.2861742
-0.19902775,0.3491067,1.7086328,1.9875978,1.9856623,0.6894488,0.55882084,-0.12900345,-1.1267555,-1.0660644
-0.2963851,0.069630645,2.2802258,2.607025,2.1590004,0.63140273,0.6326998,-0.5291189,-1.3679588,-1.5197797
-0.28028834,0.7585907,1.2912698,1.8330079,1.7649188,0.6468536,0.20564337,-0.51954335,-0.95176375,-1.1425217
-0.38814434,0.53347766,1.6556369,1.9445076,2.1774411,0.87577385,0.36692163,-0.39185745,-1.2036961,-1.5463117
-0.18228048,0.55304056,1.4915669,1.6700267,1.7092028,0.6861226,0.5196564,-0.38911286,-1.0454916,-1.0920424
-0.0380925,0.57956827,1.063423,1.8687263,1.4927967,0.39194173,-0.13572076,-0.5947404,-0.99870193,-0.9998621
-0.23880473,0.58499205,1.5193834,1.7754912,1.7893052,0.5840498,0.48056734,0.06339879,-0.8965361,-0.7767699
-0.5849234,0.2613869,0.9941642,1.4940896,1.1871502,0.72771424,0.717169,0.29246977,-0.85427606,-0.6878559
-0.4412086,0.90459555,2.596722,1.9634572,1.729024,0.93740183,0.63558155,0.08102133,-0.7772032,-0.84913176
-0.5181486,0.107212774,1.0456982,1.8926202,1.6253954,0.9528502,0.22787115,-0.40901703,-1.1828439,-1.2702572
-0.07518697,0.46811774,1.0628823,1.2598397,1.4798387,0.50094414,0.38735962,-0.063417554,-0.7261808,-0.7367695
-0.30207804,0.48058718,1.3462018,1.811754,1.6625338,0.4435757,0.6181453,0.045110192,-0.76367265,-0.98670226
-0.10236956,0.6051557,1.6335795,1.4462732,1.4642918,0.79568976,0.37237814,-0.25489247,-1.0573673,-0.8295413
-0.7398072,0.24039118,1.6811843,1.5531251,1.1072206,0.21689402,0.04881885,-0.46803588,-0.97739553,-0.98391205
-0.3654855,0.6738508,1.5981516,1.9771441,1.4113518,0.4996571,-0.25853634,-0.37343672,-1.1391145,-1.0826495
-0.7645428,0.84795284,1.8793535,1.9833702,1.4281214,0.6432659,0.70671976,-0.3550241,-1.3885112,-0.9679103
-0.011611164,0.35998884,0.9400688,1.4199749,1.2902944,0.69395673,0.59157526,-0.15833566,-0.91961884,-0.9790015
-0.646775,0.7979532,1.2962384,1.778489,2.0097497,1.1173998,0.099037945,-0.1946946,-0.9103749,-1.314104
-0.3299149,0.3440288,1.9018706,1.9330133,1.581038,0.551439,0.68837464,-0.05946327,-0.43826,-1.4610869
-0.36729157,0.7062963,2.5274818,2.285282,2.109663,0.8250469,0.6305048,-0.028076323,-1.3225768,-1.4757873
-1.1735282,1.4807835,2.687921,2.7545478,2.7627928,1.7402475,0.81636167,-0.31819445,-1.9481592,-1.5698814
-0.41185793,0.6872529,2.5030415,2.7427733,2.2661512,1.0290475,0.46100938,-0.23290348,-1.4087262,-1.4694241
-0.5661445,0.73031247,1.7353511,1.5109432,1.9335289,0.5019099,0.038896598,-0.14817996,-0.82849115,-1.5206712
-0.19135714,0.4144245,1.3275151,1.672278,1.591367,0.5392795,0.50173044,-0.08675338,-0.9251865,-0.9358029
-0.78688425,0.71553606,2.1100101,1.814494,1.524854,0.73682106,0.5567711,-0.018697644,-0.62043375,-0.9906547
-0.8412662,0.8005136,1.6613959,2.2156312,1.6225381,0.94218653,0.6282748,-0.50235003,-1.3551764,-0.94808286
-0.242091,0.47944114,1.1877072,1.6219903,1.7245383,0.13906343,0.12714122,-0.49567258,-0.98388314,-1.0647584
-0.23030034,0.064783625,1.2802167,2.0936244,1.3620741,0.7625065,0.50414926,-0.38952845,-1.0022402,-1.2917049
-0.14587337,0.45117745,1.3314893,2.1362174,1.9565154,1.0224975,0.35387385,-0.1341832,-0.8103321,-1.1065543
-0.010511711,0.13708915,1.3559815,2.0495913,2.0329509,0.47862864,0.15257673,-0.23481524,-0.64014935,-1.1103207
-0.6843975,0.6040155,1.4283895,2.0388672,2.0547583,0.7541912,0.076840356,-0.39021415,-1.2186413,-0.9259314
-0.17397022,1.1707076,2.2343016,2.029242,1.6029596,0.8635621,0.93686616,-0.06174451,-0.89274764,-0.9416717
-0.14226371,0.3800633,2.0713217,1.8053159,1.5518116,0.6949732,0.6328577,-0.41029432,-0.9037298,-0.6645361
-0.44353786,0.74457276,1.5452375,1.5650957,1.7793905,0.61747974,0.9692013,0.030587787,-1.0450145,-1.1599435
-0.11671745,0.6257083,1.2595742,1.4230933,1.2778664,0.77403986,0.41754603,0.0068664374,-1.1164044,-0.8997154
-0.23702314,0.53076607,1.1637298,2.2684367,1.9552115,0.6489651,0.2170806,-0.51267576,-0.87848425,-1.2395182
-0.35263053,0.23519625,1.4712219,1.7234411,1.523205,0.86952853,0.48293525,-0.08840597,-0.6507166,-1.2798301
-0.237248,0.60164225,1.5381917,1.7671765,1.2441741,0.7374756,0.5680535,-0.31982273,-0.81099445,-0.35946393
-0.011789218,-0.12707308,0.9754357,1.8650897,1.6900952,0.7866321,0.4287722,-0.378177,-1.1834596,-0.9808021
-0.3617623,0.71236575,1.2427149,1.813142,1.6068271,0.35851148,0.040144734,-0.33538288,-0.9254705,-1.2324868
-0.060387217,0.5001602,1.3137233,2.0160084,1.8725764,0.41329193,0.47963166,0.12945534,-1.21632,-0.8374909
-0.02903894,1.2148186,2.5508137,1.9105976,2.1032574,1.278212,0.566096,-0.63607603,-0.69728565,-1.281245
-0.14121327,0.5458937,1.2783856,2.3689208,2.1036952,0.8315065,0.6031375,-0.12617461,-0.9927449,-1.1287354
-0.06518153,0.13144048,1.8805755,2.3443792,1.5799937,0.5516344,0.5309875,0.0049625426,-1.5089874,-1.1519438
-0.45828444,0.6274556,1.3000908,2.212016,2.025771,1.5653563,0.42881048,-0.2891316,-0.79353184,-0.9228035
-0.5477176,0.7132064,1.195407,1.3162944,1.4174104,-0.010637242,0.17680378,-0.29726428,-0.5878396,-0.79586345
-0.28302392,0.6784426,1.1753079,1.4840121,1.6817257,0.5863984,0.106738895,-0.43598616,-0.68019766,-0.762288
-0.28678563,0.5506448,1.6902452,2.4962807,2.033689,0.72228587,-0.26053235,-0.38574314,-1.4855659,-1.2429165
-0.42092985,0.49723712,1.3950646,2.2771657,2.1195402,0.75847447,0.44662836,-0.2063581,-1.3302602,-1.640439
0.1404658,0.8628437,1.4347746,2.261683,2.3609064,0.81627667,0.8122892,-0.4716697,-1.621209,-1.1411469
-0.079343155,0.6791961,1.5368164,2.0859907,2.256956,0.9005033,0.5647108,-0.2503758,-0.9357051,-1.1365008
-0.3785184,0.9734489,1.6776308,2.278716,1.5644664,1.0575624,0.5564338,0.023073964,-1.1182833,-1.2009279
-0.024729334,0.7438986,1.2568718,1.7412606,1.5119334,0.8697214,0.24394128,-0.35838637,-0.9376053,-0.65859026
-0.37499252,0.24163151,1.3795348,2.1528256,2.4708045,0.8823224,0.5661613,-0.48759347,-1.5338612,-1.368865
0.069814056,1.438202,2.2685914,3.398899,2.6674943,1.4100908,0.45895496,-0.5227647,-1.9606576,-1.8096834
-0.1803832,0.7793389,1.9585707,2.3311372,2.7860284,1.4615461,1.3472859,0.022492085,-0.76117265,-0.92491657
-0.55426425,1.0929061,2.058039,2.1763933,1.7715899,1.4265587,0.36592695,-0.0890183,-1.3647355,-1.0459795
0.24284098,0.6995364,1.882935,2.033471,1.5691673,1.0887204,0.32520947,-0.15716061,-1.3435271,-1.565859
-0.5248201,0.6135381,1.2049325,1.8077579,1.8968902,0.593748,0.43606,-0.40465322,-0.71524704,-1.0602102
-0.3249065,0.36080506,1.0854367,1.3595495,1.3121897,0.43634024,0.32974005,-0.48971447,-0.86091375,-1.2186931
-0.49749735,0.37017602,1.1015311,1.8930334,1.4942929,0.5408478,0.37158057,-0.07208564,-0.6034628,-0.90691334
-0.6253995,0.5607811,1.624721,2.2359407,1.8819139,0.9006283,0.5145395,-0.13218406,-1.2580072,-1.5714059
-0.5027294,0.33052915,1.5072898,1.9662186,1.6025999,0.67424434,0.64314914,-0.23950899,-1.3577744,-0.8316769
-0.6474237,0.83517534,1.8046185,2.0270476,1.6993725,1.0944155,0.3925155,-0.18833517,-1.0973743,-0.99206436
-0.29741296,0.835041,1.28781,1.1108195,1.1007918,0.60980195,0.765315,-0.060015567,-0.71541965,-0.6825315
-0.3389336,0.75728214,1.5894101,2.032067,1.494204,0.27543667,0.04527849,-0.4645723,-0.93630797,-1.0140884
-0.50205237,0.8249317,2.1367931,2.5056086,1.9790868,0.6913737,0.35611138,-0.5837766,-1.2840159,-1.1009915
-0.69847393,1.0610584,3.0470366,3.3395734,3.0881405,1.45388,0.4608765,-0.28493178,-1.5298173,-1.5000479
-0.4260527,1.6680695,3.331858,4.440238,3.6401272,2.1854432,1.1753954,-0.19354351,-2.070853,-2.1320355
-0.04364885,1.4446173,1.8592986,2.457153,1.9809943,1.241789,1.1445369,-0.2998916,-1.3929206,-1.146769
-0.07875158,0.22734345,0.7289359,1.5710325,1.3360852,0.3961858,0.41601622,0.03854581,-0.58983964,-1.1697046
-0.3845508,0.79003185,1.3745835,1.3701051,1.3100911,0.23179461,0.5671937,-0.010951156,-0.8059355,-1.0683929
-0.07174379,0.66695297,1.3098155,1.870176,1.7827913,0.72183394,0.34799582,-0.18498251,-1.1188537,-1.4934735
-0.27339733,0.6692927,2.6832578,3.6193452,2.8961291,1.5875622,0.56158864,-0.07652769,-1.6659315,-2.0217645
-0.6764119,0.3832973,1.9439899,2.0391903,1.4059839,0.6641409,0.29669476,-0.23381004,-1.2493608,-1.2831503
-0.5147648,0.20421818,1.8557621,1.8901128,1.056312,0.40014887,0.5066603,-0.5548526,-1.1654602,-1.1072009
0.07756821,0.89497447,1.6941874,2.0636008,1.8041617,1.1672508,0.65478307,-0.009280682,-0.88898444,-1.1068025
-0.34234327,0.47689015,1.504701,1.7071568,1.1825788,0.3312055,0.85872155,0.038783796,-0.86418223,-1.3551345
0.07343895,0.57542884,1.3292731,1.9305567,1.8833283,0.4486907,0.21004413,-0.14014792,-0.78361285,-1.1133742
-0.53041095,0.39673826,1.1085806,2.262158,1.5023776,1.1143658,1.388023,0.026319494,-0.8708663,-1.1354395
-0.17716059,0.50736177,1.7087255,1.7425842,1.3684952,0.6286051,0.3565495,-0.37926573,-0.90315616,-0.94319665
0.08188596,0.28143096,1.6627553,1.7631845,1.8469421,0.82733417,0.8339104,-0.46488258,-0.9075272,-1.1679991
-0.34151146,0.16784933,1.4584838,1.5055257,1.194556,0.5557272,0.3277944,-0.632658,-0.88016224,-1.3355924
0.22020334,0.67277086,1.963098,2.7713683,2.4126914,1.2240348,1.4640763,0.01915679,-1.7523514,-1.9041064
0.10321375,0.5072012,2.048983,2.8022919,2.7310853,1.1560639,1.0966978,0.045360275,-1.6345203,-1.8831767
-0.26766723,0.84424937,1.7393963,2.7960057,2.1319551,1.5478606,0.51913416,-0.6972922,-1.4704038,-1.2768242
0.036134604,0.7156543,1.814239,2.342562,2.5009918,0.8152194,0.93879926,-0.025929498,-0.91512966,-1.3140604
-0.28734627,-0.11087217,0.9147025,1.5867782,1.5643698,0.9215268,0.3756891,-0.48987496,-1.2520372,-1.121576
-0.017846934,0.74429846,1.1547452,1.9632804,1.5323712,0.8473646,0.645868,0.21282661,-1.4079055,-0.7792377
-0.29687005,0.5720514,1.025853,1.6076083,1.0349029,0.89685553,0.26427922,-0.39068225,-0.88435763,-1.0752615
-0.44074848,0.29770404,2.3040164,2.0731874,1.8092868,1.4133795,0.5688116,0.2841801,-0.95727956,-0.72965395
-0.43612322,0.9553559,2.2668104,2.9347167,1.882468,0.85972595,0.39077294,-0.41310188,-1.3259661,-1.2520007
-0.61471325,1.5061014,2.8062677,2.636209,2.5687904,1.4684005,0.5080871,-0.73792714,-1.518928,-1.5625178
0.17602614,0.4230831,1.4673525,2.2393823,1.7721556,0.6761336,0.51190287,0.42197135,-0.965527,-0.8156283
-0.045705788,0.18208939,1.7842954,1.9015478,1.3482947,0.586154,0.6741727,0.21597502,-0.355905,-1.0010556
0.1333982,0.49257767,1.0322601,1.5582025,1.0059296,0.5211585,0.40653777,-0.22547272,-0.8431104,-0.8357111
-0.59284997,0.8423634,1.5895761,2.2569427,2.0983548,0.6286674,0.26716423,0.22005019,-1.1005327,-1.2268538
0.16315669,1.3275099,2.7106802,3.153986,2.6269712,1.2974563,1.147182,0.1997836,-1.7585342,-1.6280783
-0.39070964,0.45717874,2.1222734,2.3243296,2.329756,1.2249593,0.5151525,0.33045068,-1.1536188,-1.893972
-0.7661566,0.23490019,1.5389456,2.4095623,2.2369738,0.64913577,0.117355034,-0.73222005,-0.66770244,-1.0439045
-0.42621532,0.5164724,1.6555467,1.9673321,1.5308491,1.1479334,0.8213753,-0.018555183,-0.85055465,-1.3851684
-0.14248016,0.54618806,1.4970475,1.9484522,1.4691439,0.74792427,1.3923968,0.36244276,-0.81503594,-1.1392324
-0.6406534,0.17883575,1.3718857,1.569888,1.551995,0.6187447,0.16951464,0.022175103,-0.97336745,-0.7971755
-0.14609045,0.5697232,1.4964869,2.0526354,1.7138344,0.758502,0.51310426,-0.014960814,-0.88576996,-1.2914646
-0.19648987,0.1902772,1.0348966,1.4242221,1.3804108,0.65736157,0.29960632,-0.70863324,-0.53974044,-0.95753324
-0.02159078,0.5367703,1.5841732,1.794125,1.9772121,0.57553804,0.49247003,-0.37378487,-0.6450132,-0.96019447
-0.7135059,0.21500285,1.2069868,1.5607154,1.7127804,0.51073813,-0.02225158,-0.09912001,-1.3403296,-1.064613
-0.4639561,0.74076873,2.0959418,2.7555418,2.1689315,0.7909202,0.7929441,-0.15704176,-1.5861778,-1.961311
-0.9460724,1.142086,2.632814,3.622769,2.848185,1.6362586,0.8472824,-0.45670745,-2.1254816,-2.0592813
-0.5106429,0.81276435,2.589887,2.8456416,3.2699656,2.1001318,1.6386995,-0.32935256,-1.3400826,-0.9923998
-1.5186416,0.9266659,1.9994553,2.41695,2.1594214,1.1625592,0.5905027,0.12122326,-1.0009147,-1.2071328
-0.26224366,0.31065935,1.4128683,1.8995641,1.6959097,0.5854278,0.36573464,-0.49105987,-1.4418663,-1.1956276
-0.12985367,0.7098863,1.2701308,1.1240011,1.6799309,0.299315,0.80805045,0.066334754,-0.876376,-0.9633623
-0.31121725,0.42309782,1.5736727,1.5252482,1.7929467,0.5926887,0.32185212,-0.54496604,-1.0274876,-0.9090326
-0.35480925,0.27103475,1.8432845,1.7858258,1.8377795,0.9673852,0.29998112,-0.20840624,-0.7616203,-0.79421896
-0.6463148,0.5276575,1.5846425,1.9397719,1.5951761,0.6952007,0.5667187,0.06426115,-1.2206601,-1.2705091
-0.2939746,0.49464294,1.5066063,2.5172994,1.672455,1.1344606,0.013658255,-0.06800179,-1.3820219,-1.0574849
-0.44376612,0.36044824,1.5516021,1.9783546,1.7906048,0.7565954,0.058888517,-0.1072918,-0.8948626,-1.465185
-0.26127273,0.19950013,1.1270095,1.4408125,1.2402025,0.346053,0.51316947,-0.05329267,-0.63813204,-0.7902587
-0.138574,1.1229976,1.9085549,2.2000344,1.8821934,0.603924,0.22272664,-0.6472159,-1.3167683,-1.1963227
-0.7741061,0.9600991,2.3251305,2.604039,1.8902984,0.7216803,0.5395446,-0.2382459,-1.1551867,-1.1632389
-0.03881857,0.59848934,2.0617838,2.3718543,1.873459,0.7453222,0.39841193,-0.2606347,-1.2787119,-1.5126706
-0.39949754,0.54888487,1.8486003,2.343293,2.2922304,1.57946,0.8358381,-0.08457943,-1.0532892,-1.5306832
-0.4084289,0.8002534,1.9813915,1.727509,1.7749499,0.85747784,0.52573496,0.05508651,-1.0970817,-1.0644324
-0.58310235,0.56333,1.4880577,2.0933647,1.7428305,0.92741686,0.53510046,-0.69866574,-0.96738994,-1.170276
-0.5521432,0.18100785,1.1784191,1.7289631,1.4794581,0.8502089,0.28599894,-0.16035725,-0.6477602,-0.9352939
-0.20150381,0.39394653,1.2632693,1.9062966,1.7447404,0.78898925,0.4748389,-0.1723865,-1.2309803,-1.2717764
-0.78087366,0.47812453,1.9744831,2.935765,3.0140457,1.2254072,0.6371487,-0.92357606,-1.7569076,-0.7416933
-0.2765825,0.16079369,1.2049164,2.358264,1.8081386,0.56632316,0.15552221,-0.22224769,-0.6509051,-0.6787983
-0.42331606,0.56427664,1.5498432,1.7598845,0.95735544,0.13179319,0.1616829,-0.72985,-1.7328956,-1.2430319
-0.6627616,0.21618515,1.2676145,1.7203323,1.5515687,0.9431284,-0.21322292,-0.525308,-1.4044087,-1.7442826
-0.8932969,0.6619112,2.3571074,2.4788454,2.382984,0.7207703,0.13705426,-0.4830998,-1.9243932,-1.4610254
-1.0500033,1.744847,3.0432708,3.193807,2.6002345,1.7610313,0.91351366,-0.88973093,-1.630526,-1.1788656
-0.45001376,0.13817905,1.8348112,2.2941258,2.0034666,0.70465136,0.42570588,-0.041955236,-1.0965197,-1.4670949
-0.18234846,0.60294414,1.2660742,1.4122748,1.1873077,0.84370714,0.8309986,-0.14030841,-0.7881742,-0.7892737
-0.62170523,0.41860113,1.8017186,1.8184451,1.3422505,0.8986148,0.72786033,0.10384651,-1.028426,-1.5373652
0.06978558,1.5957966,3.255023,2.5596592,2.375135,0.8208892,0.72419274,-0.45391372,-1.320052,-1.5474249
-0.22626749,0.33342403,1.5438114,1.8387519,1.7172898,0.34078494,0.7109101,0.31084907,-0.60999507,-0.9484302
0.2744432,0.029731875,1.3739394,1.7945672,1.8171052,0.5839996,0.14298493,-0.08192437,-1.1119748,-0.9971411
-0.74691904,0.8258753,1.8419226,1.9485593,1.451859,0.7399578,0.26261386,-0.5274703,-0.7318394,-0.9423821
0.012261731,0.48509738,1.2094018,1.9627455,1.4072516,0.3104098,0.10991551,-0.06728076,-1.0718127,-0.7870301
-0.35315394,0.34018275,1.4199126,1.6164354,1.6271807,0.36259627,0.3838766,-0.2934569,-0.6537755,-0.9322098
-0.21746844,0.16011775,1.4509156,2.3834405,2.154626,1.5136912,0.892636,-0.1976697,-1.2440568,-1.6429641
-0.38484284,0.69762313,1.9895958,1.7119721,1.6085359,0.744056,0.17698216,-0.37255076,-0.93353,-1.7862489
-0.37693435,0.50367844,1.351956,1.7883937,1.6434488,0.56844044,0.52015144,-0.181485,-0.9728694,-1.0834885
-0.61459816,1.4979007,2.6156967,2.3695674,2.1722915,0.8503944,0.22645628,-0.32082453,-1.2282324,-1.5507133
-0.46702328,0.8417228,1.6994424,1.861237,1.4368528,0.6420846,0.63510424,-0.6296953,-1.0345542,-0.719217
-0.42455316,0.50835043,1.4637324,2.3900924,1.8106258,0.5619652,0.7793519,-0.014173884,-1.4402443,-0.9128367
0.025911642,0.34699944,1.6305585,2.037938,2.2392097,1.0253372,0.6266928,0.2594069,-0.934419,-1.3085726
-0.2421132,0.66668737,1.8533419,2.3569305,1.8455591,0.19143635,0.45419627,0.061099853,-1.0531411,-0.86098784
-0.25453833,-0.054865893,1.9483076,2.3132107,2.4701056,0.7924299,1.172676,-0.16880627,-1.0582649,-1.9431909
-0.6251166,0.0058276304,1.4071058,1.5351757,1.4020433,0.6803642,0.40053433,-0.36437407,-0.81196433,-1.6201671
-0.41030076,0.82032275,1.3622903,2.1905653,1.8482575,0.98734176,0.45639285,0.044872995,-1.4580185,-1.0110493
0.31999835,0.87065315,1.591206,1.868465,1.7080556,0.7374679,0.6941015,0.15546899,-1.1423326,-0.77553743
-0.49545822,0.7617412,2.4096463,2.3343346,1.8071496,1.0094852,0.7758489,-0.45250097,-1.5860031,-1.655862
-0.1802744,0.50376207,2.7722204,3.6003773,3.2423403,1.5058777,0.81723833,0.0581841,-1.4343432,-1.0199649
-0.18160695,0.85218024,2.4961727,2.9422882,2.0452251,0.4827901,1.0592715,-0.1742796,-1.19435,-1.0358016
-0.115702964,0.182022,1.814225,2.2492535,2.0739992,0.6738353,0.3374183,0.05071737,-1.0601804,-2.0067632
0.03071418,0.9522778,2.2739847,2.45678,2.3633904,1.0048021,0.7935319,-0.056641854,-1.1570591,-0.935173
-0.24286541,0.76306796,1.890316,1.8644186,1.2030525,1.0048252,0.44276196,-0.14316912,-0.91108984,-1.2527349
-0.3274441,0.71338004,1.2451788,1.7596854,1.8321359,0.48921573,0.6528484,-0.057212092,-1.2733256,-0.99740505
-0.41364482,0.5280546,1.4523011,1.6491698,1.5611149,0.5442586,0.4818241,0.08345647,-0.71654737,-1.5021744
-0.30053252,0.629084,1.7567337,1.8262494,1.6440746,0.7009638,0.2896421,0.3141627,-1.0654926,-1.3297455
-0.2767643,0.13176788,1.4307768,1.3872566,1.4978435,0.43244508,0.4927712,0.09012414,-0.8425177,-0.9769544
0.23349425,-0.05154741,1.29107,1.5846795,1.8830342,0.6157855,0.91419095,0.14900634,-0.9627537,-0.83759415
-0.49352726,0.63226616,1.7210869,1.9123783,1.7162329,0.9873868,0.39746818,-0.13017984,-0.74644065,-1.0905296
0.14310056,0.8949046,1.92052,2.007995,2.045048,0.94524586,0.73649126,0.66725117,-1.3845686,-0.7017099
-0.6840636,0.1751992,1.1180559,1.609515,1.0104674,0.19652481,0.39667886,-0.06626523,-0.90852785,-0.93303394
-0.54641587,0.5714396,1.3746932,1.4920652,1.3561757,0.5516941,0.5891637,-0.17201214,-0.96725625,-0.9099445
-0.31109267,0.87629044,1.1073295,1.5851802,1.8500232,0.2981097,0.17653455,-0.13508676,-0.53043836,-1.1273018
-0.449656,1.0437591,1.7263802,2.3865294,1.8828608,0.69500554,0.25978652,-0.2837449,-0.90689427,-1.4107723
-0.44486228,0.8128305,2.2426188,2.409564,1.9168683,0.6637807,0.20918658,-0.012972804,-0.91004324,-1.3290837
-0.7065876,0.65644264,1.538763,1.9410893,2.0873635,0.9022194,0.75427574,-0.47090182,-1.5640935,-0.5620314
0.5702905,0.38745773,1.1430047,2.337844,2.371758,1.0197645,0.15360081,0.09752367,-0.77061045,-0.66549844
-0.3329915,0.48621684,1.5933683,2.3299825,2.0596545,1.4301994,0.8847963,0.1802603,-1.4092375,-1.2103106
-0.5692133,0.3981521,1.0620965,1.827982,2.046385,0.7946049,0.42686498,-0.7373125,-1.2176789,-1.2468739
-0.39607346,1.0700312,1.7485453,2.5583296,2.4439592,1.1016692,0.39305982,-0.34574503,-1.2759349,-1.3478746
-0.1839777,0.3218425,1.5546525,1.6780807,1.8035316,0.7937993,0.4023529,-0.108686276,-0.9470788,-1.2069638
-0.46854863,0.94632494,0.9465612,1.8840895,1.7282709,0.591979,0.48043966,-0.2841341,-0.7369789,-0.7895007
-0.122138254,0.6982541,1.3038865,1.9187447,1.3513364,0.2670139,0.112087995,0.31234214,-1.0456324,-0.75024
-0.19331697,0.836205,1.6698341,1.7680925,1.8209465,0.9062271,0.17689672,-0.33201784,-1.1855148,-0.94538975
0.023488324,0.5886625,1.7101809,2.177293,2.0304985,0.95073164,0.7901238,0.1727954,-1.0494463,-1.5125967
-0.97178024,0.81985754,1.6219712,2.170239,1.7868538,0.5091302,0.7194207,0.06902074,-0.9997119,-1.0463287
-0.34979165,0.581988,1.7808442,1.6312773,1.7543249,0.33146796,0.7341532,-0.4959327,-0.8352357,-1.641326
-0.3392462,1.250373,2.5631993,2.8907683,2.2566247,1.2122282,0.4437634,0.2813538,-1.3784543,-1.411961
-0.8187794,0.6140992,1.8572448,2.422083,2.619155,0.9964652,0.67435336,-0.36295977,-1.0427955,-1.4141141
-0.30398694,1.0671072,2.9845011,2.5301712,2.5175004,1.3812848,0.54052556,-0.750317,-1.6402241,-1.5223666
-0.28023705,0.16096207,1.5059367,2.1473458,1.7517724,1.0684904,0.8937864,0.0118753975,-1.5133959,-1.8842446
-0.9327011,0.8006046,2.0712554,2.0855396,2.352194,0.948933,-0.12548886,-0.40878192,-1.6565835,-1.7773988
-0.47533748,0.5191996,1.1162679,1.8521966,1.7687422,0.7558689,0.5177637,-0.5066571,-0.9596299,-0.9424113
-0.28067318,0.65572643,2.078427,2.3801672,2.1208644,0.8105292,0.67709875,-0.07854097,-1.6292772,-1.516051
-0.6703318,0.39469254,1.5306077,2.2022624,1.8693478,0.90390825,0.4397228,-0.29801115,-1.1370842,-1.4283652
-0.28254628,0.8290582,1.449898,1.6880409,1.1674505,0.57040703,0.03070876,-0.15563324,-1.1102365,-1.3950872
0.045383908,0.47791737,1.3739585,1.3401102,1.6020454,0.3075767,0.053980432,-0.091883995,-1.1390271,-1.3506852
-0.59846437,0.86576563,1.1350833,1.9043556,1.3888199,0.7500119,0.0012816265,-0.27111077,-1.0562996,-0.8307443
-0.117103525,0.6205842,1.2640098,1.1436617,1.3493719,0.23176165,0.2842401,0.07491488,-0.6553023,-0.68259466
-0.27445197,0.33858594,1.5105292,2.0015123,1.5982112,1.1976862,0.88234985,-0.2812498,-0.97965515,-0.773005
-0.19844362,0.4280419,2.0254192,2.9594493,2.2897615,0.76010853,0.7492953,-0.20983778,-1.3444068,-1.0004076
-0.072157905,0.76492673,1.4556392,1.1552849,1.3572906,0.598695,0.21961981,-0.05182432,-0.54972136,-0.6827796
0.028266951,0.44599947,1.2062806,1.9887241,1.5823355,0.72207737,0.45117575,-0.43850297,-1.0769433,-1.0249406
-0.3013034,0.49573216,1.6938677,1.7824038,1.5310526,0.6415751,0.3581695,-0.09476904,-1.0091755,-1.058061
-0.2370807,0.44147623,0.92304945,1.3688711,1.4775081,0.7064664,0.8376601,-0.06153307,-0.90515035,-0.7737003
-0.44120902,0.42001966,2.2657485,2.0452015,1.9608443,0.51417035,0.3893702,-0.28990138,-0.69770646,-1.4854329
0.0065594465,0.7877393,1.4957397,2.4360707,2.080775,0.7395842,0.5681131,-0.48197746,-1.0717306,-1.242455
-0.4764992,0.44880405,1.7286102,2.2336593,1.744036,0.58474123,0.5565553,-0.049308185,-0.8858524,-1.409337
-0.4049672,0.23150001,1.4718599,1.7538517,1.6772084,0.8309639,0.47331834,-0.0675922,-1.0196105,-1.0834612
0.12185433,0.20221457,1.4977695,2.2386255,2.2305129,0.8745176,0.41198856,-0.07811537,-1.2396371,-1.2369797
-0.41165507,0.58195835,1.2125249,1.2841644,1.5089884,0.6434454,0.42997545,0.24673831,-0.9217765,-0.6825138
-0.29138252,-0.021089364,1.1475285,1.8413477,1.6825353,2.1896951,1.2783762,-0.012376931,-0.88740414,-1.2331889
-0.29183346,0.3660434,1.2248511,2.1243117,1.6532353,0.48201746,0.3064948,-0.28135926,-0.77729917,-1.8313483
-0.19912985,0.43006632,0.9332595,2.088479,2.1559212,1.0183163,0.5862178,0.11411405,-1.4020978,-1.6589068
-0.4990472,1.1767006,2.1360977,2.3047142,1.9871866,1.007992,0.6427962,0.1918109,-0.76832503,-1.1057484
-0.590521,1.5666736,3.3586094,3.613449,3.4967618,1.7524868,0.59162015,-0.68467045,-1.7002158,-2.2402918
-1.0915085,1.5144556,3.6668534,3.706965,2.952256,1.5126295,0.07668103,-1.2156993,-1.4430286,-1.6717887
-1.0440384,1.368264,2.83915,2.9899733,2.0875795,1.2785674,0.42870194,-0.47155073,-1.4741622,-1.7920828
0.14513433,0.89128715,2.072927,1.710493,2.0417993,0.6807257,0.486391,-0.36734903,-1.071948,-1.4729611
-0.4546871,0.34412262,1.6748123,2.037824,2.1821735,0.5235378,0.5468385,-0.09728466,-1.006628,-1.3031908
0.026595114,0.973642,1.9935724,1.9308205,1.4239548,0.5375399,0.66988134,-0.25388327,-0.83840656,-0.8953945
-0.12388713,1.0186628,1.4010744,2.1413586,2.2711549,0.8190899,0.8483747,-0.5531562,-0.9396903,-0.77190685
-0.28357694,0.96847254,1.7488346,2.0730042,1.8910762,0.51184213,0.69303465,-0.1587567,-1.2131115,-1.5292494
-0.00058377534,0.39340407,1.7586462,2.1919785,2.079909,0.9375571,0.5823834,-0.19357346,-0.7565886,-0.86252
-0.7636088,0.9127381,2.1514976,2.203748,2.1212106,0.7644564,0.210631,-0.022381993,-1.2525733,-1.4693959
-0.22517294,0.31710047,1.5028648,1.616794,1.2433637,0.642831,0.72362095,-0.21908563,-0.76950777,-1.0968407
-0.565923,0.37723622,1.1923529,1.6789694,1.3600469,0.5035418,0.2995511,-0.15072937,-0.72028595,-0.6543538
-0.60894936,0.696849,1.6203741,1.9253666,1.7938695,0.90192777,0.18970457,0.15683007,-0.86810887,-1.3083267
-0.20493707,0.70483345,1.254551,1.2396171,1.5307457,0.5366619,0.12444118,-0.18595043,-0.7575216,-1.0573316
-0.3064319,0.6001935,1.4560996,2.063895,1.9504863,0.7493787,-0.11474004,0.12225121,-1.3542019,-1.328123
-0.8772955,0.5133736,1.479542,1.5075362,1.5304825,0.754384,0.48269016,0.21305218,-1.0351768,-1.4324743
-0.46183935,0.74961156,2.0194106,1.7495376,1.9755794,0.81077224,0.5518485,-1.0513641,-1.6985743,-1.4437655
-0.70660496,0.83543324,1.6348168,1.8729155,1.0018861,0.5153636,0.6133915,-0.40408936,-1.0012776,-1.270306
-0.4254146,0.39046735,1.1254194,1.7915412,1.1644155,0.30547836,0.33607054,0.055018082,-0.9266786,-1.3564762
-0.227824,0.5373952,1.1526625,1.3039534,1.4680661,0.36714914,0.20157537,0.012334184,-0.6848403,-0.9328598
-0.4669346,0.47838634,1.6859393,2.169868,1.8467746,0.6559663,0.42758656,-0.19253695,-0.72144514,-0.82756877
-0.3232403,0.34460744,2.1389391,2.027597,1.5397711,0.81539464,0.6549098,0.58007616,-0.54271716,-1.4262996
0.035162397,0.5015663,1.7592804,2.2166924,1.6195296,0.75532734,1.0127175,0.23032396,-1.1877049,-1.5910416
-0.1654002,0.45986152,1.4488634,2.1116312,1.9096308,0.9909568,0.28490013,-0.65805763,-1.0738934,-0.8149072
-0.35019132,0.4758822,1.4284346,1.7343055,1.2871408,0.79690033,0.94142056,0.40751457,-0.6901908,-0.8185611
-0.77275556,1.1948005,2.0870845,2.8709257,2.2341409,1.2463373,0.47260052,-0.10073247,-1.3920032,-1.8836879
-0.056062207,0.4337556,2.2061098,2.4001932,2.056906,0.75572366,0.7553561,0.5208296,-0.87813735,-1.2895613
-0.3448892,0.9377038,2.1350007,2.2313354,1.8156737,0.816456,0.68313557,-0.45727977,-1.7007338,-1.1196797
-0.785636,0.37824306,1.7475947,2.6559267,1.9696711,0.876978,0.30551836,-0.5898399,-1.1757965,-1.099871
-0.55572635,0.85439336,1.305263,1.7496926,1.4554654,0.652038,0.56509745,0.256433,-0.7349991,-1.1223575
-0.083845325,0.88305575,2.0916357,2.087857,1.5222453,0.51654696,0.79646856,0.073294096,-0.9955132,-1.3832256
-0.6019656,0.2503671,1.5315362,1.4841974,1.6908294,0.46834707,0.36917508,-0.39848787,-1.0641692,-0.9930034
0.036473647,0.5934338,1.752069,2.4483635,2.4577415,1.3764979,0.20959114,-1.0510474,-1.1779268,-0.9762233
-0.56515414,0.6399795,2.1812623,2.6995044,2.2842164,1.0734049,0.4791398,-0.10583818,-0.89493936,-1.3855466
-0.53496724,0.84005475,1.2567215,2.246632,2.060901,0.45000535,0.3469716,-0.026411755,-0.968038,-1.4191294
-0.11459019,1.9345796,2.7527611,2.2959256,2.1698728,1.4004052,0.6539858,-0.6170952,-1.3616933,-1.3186675
-0.17151254,0.58862495,1.8496673,2.282149,2.2133453,0.618398,0.4446461,-0.49748307,-1.0500088,-0.994347
-0.23135492,0.6996462,1.2982152,1.6030257,1.3956167,0.37626216,0.33671016,0.0310852,-0.9170024,-1.2792094
-0.1926632,0.56295645,1.6001662,1.4205066,1.7232738,0.8745118,0.3782978,-0.27496016,-0.9440051,-1.0366995
-0.50045997,0.5460322,1.6571183,2.1247203,1.584692,0.41263935,0.58074415,-0.19453578,-1.0849162,-1.8196007
-0.95859563,0.24498545,0.9221161,1.7934353,1.7392335,0.87706393,0.3759271,-0.051405128,-1.0153545,-1.6384014
-0.7332774,0.91833806,2.267851,2.3474996,1.9595132,1.0476748,0.50828594,-0.9083382,-1.7474488,-1.7402955
-0.19982854,0.16642912,2.1764843,2.382563,2.0155778,0.9067506,0.8712566,0.09432707,-0.83247143,-1.3537173
-0.25143117,0.3825007,1.3949062,1.4155711,1.8480711,0.64338315,0.3416139,-0.06781866,-0.67120665,-1.291965
-0.14343444,0.6998149,1.2673398,1.6161566,1.651819,0.66360396,0.45669678,0.029055154,-0.7088313,-0.9733094
-0.47499242,0.5106142,1.9845672,2.4919763,2.4898262,1.4241583,1.1033739,-0.15037955,-1.5813078,-1.339029
-0.6365801,1.0782679,2.1806023,2.763925,2.7577565,0.987574,0.40647647,-0.7882794,-1.6044035,-2.0160127
-0.4565213,0.6327904,2.0234685,1.8576504,1.8744487,1.1030812,0.6083053,-0.71714586,-1.0836782,-1.1986305
-0.22424859,0.4690082,1.8296664,2.3334906,2.0370288,0.7283994,0.5513156,0.24951574,-1.1513364,-1.4068643
-0.363707,0.71561366,1.4470116,2.0239756,1.6249866,0.57988286,0.74821997,-0.419189,-0.8746016,-0.82824
-0.01697747,0.26496142,2.192702,2.312505,2.355447,1.1912758,0.814939,-0.05208135,-1.5086737,-1.3209642
-0.5648864,1.4495026,2.8327732,2.971882,2.4240048,1.2140945,0.7748739,-0.21080966,-1.3186957,-1.6905293
-0.7136619,0.40855676,1.4915632,2.677558,2.302016,1.3744885,0.5808447,-0.9287537,-1.8499676,-0.9085823
-0.42584494,0.5300334,1.9055778,2.0483682,1.855036,0.80944765,0.5094531,-0.25504944,-1.2547408,-1.5541214
-0.28920558,0.42768946,1.8541219,2.94928,2.518253,1.3966789,1.0956613,-0.01235296,-1.6651522,-1.98251
-0.38312212,0.6492034,1.3772002,1.5741866,1.6266763,0.5871036,0.32854375,-0.47350147,-0.69578344,-0.98349196
-0.30966842,0.49638233,1.3699203,1.367427,1.2739054,0.52074754,0.5197015,-0.34113288,-1.2650115,-0.60482275
-0.6982194,0.68105483,1.5731919,1.4700618,1.5760502,0.16065851,0.17986248,-0.35739848,-1.2928678,-1.1280968
-0.07999789,0.31920174,1.3323625,1.6897938,1.6494836,0.6728692,0.9365782,0.5456712,-0.8651663,-1.4928814
-0.42251515,0.79988545,1.17661,1.6033118,1.7535174,0.21365638,0.056713067,-0.3142677,-0.5733121,-0.9379272
-0.6215357,0.4479827,1.6751025,1.8658195,1.3401675,0.7051769,0.23169702,-0.042852387,-0.82602376,-1.157206
-0.02994774,0.29769608,0.99364734,1.433924,1.3388788,0.800653,0.3398954,0.121611,-0.781665,-0.8810542
-0.22859558,0.3457668,1.175125,1.782854,1.5387889,0.80511546,0.8862957,0.1623557,-1.086731,-1.5134019
-0.31011063,0.42807317,1.4079579,1.1352444,1.293722,0.25341335,0.40368682,0.0009881305,-0.7085666,-0.7169222
-0.32678205,0.33428225,1.7383244,1.8076828,1.8908209,0.83032227,0.6064108,0.04329003,-0.5261849,-1.0475005
-0.5270487,0.6390128,1.6806127,2.0957592,1.9660374,0.6603011,0.22486725,-0.37736547,-1.1198016,-1.0474306
-0.610061,0.44588837,1.3278396,1.4589653,0.8348701,0.4307131,0.40919125,0.078593,-0.75293356,-1.0615215
-0.24817696,0.54303974,0.99985826,1.1435186,1.1493706,0.51363844,0.8845353,0.22504573,-0.50969136,-1.0451194
0.35106438,0.84753686,2.8686223,2.9224014,2.6621108,0.92931503,0.18588722,-0.21299191,-1.0874715,-0.77003795
0.032601777,0.5110955,1.7739362,2.3550463,1.862504,0.61689085,0.75752133,0.2928726,-1.6450685,-1.6100948
-0.51127744,0.7956178,1.9991642,1.9147011,1.712504,0.8058652,0.77390003,0.14544837,-0.7127627,-1.083232
-0.043932624,0.26281804,1.4946438,1.6245213,1.573865,0.702254,0.56302065,-0.14432384,-0.8342311,-1.0856845
-1.1077298,0.17442486,1.5043068,1.9326698,0.9202652,0.11547801,0.6902944,-0.73413265,-1.2157856,-1.3672687
-0.1945284,0.6189487,1.7455802,1.9202746,2.2344978,1.3664007,1.1104505,0.101732224,-0.79252803,-0.9920358
-0.5611332,1.0509999,1.7310137,2.0915108,1.8263737,1.0302012,0.8253429,-0.12181832,-1.2217709,-1.504555
-0.037146654,0.1311376,1.1448663,1.4372019,1.6016158,0.7371086,0.26621023,-0.0057592695,-0.90175486,-1.0829557
-0.7143499,0.91100603,2.4019318,2.3900068,2.34177,1.190868,0.7480675,-0.52405196,-1.1243007,-1.0700616
-0.82346296,0.7294643,1.6422231,1.8632859,1.5966626,0.4605946,0.6296553,-0.21710859,-0.96142286,-1.4189117
0.07534103,0.27554992,1.3867977,2.1610665,1.4048651,0.4764079,0.5814216,0.0041989502,-1.1338853,-1.0157923
-0.059549943,0.3977676,1.2991854,2.1167312,1.5219401,0.7520633,0.36565477,-0.22139509,-0.8463747,-0.89605093
-0.22253576,0.6737827,1.4199054,1.4309977,1.4568771,0.38931566,0.51662743,-0.26384887,-0.9566793,-1.3196288
-0.2643545,0.6926687,1.4741114,1.7810532,1.478583,0.4595245,0.73384374,-0.20970115,-0.803508,-0.90008605
-0.20524955,0.5101296,0.6715011,1.2593288,1.5759774,0.6203811,0.494435,-0.12033057,-0.8486833,-0.69160503
-0.16516891,0.4216659,1.8000609,2.21307,2.1998463,0.66072613,-0.03242397,-0.45215365,-0.8132303,-1.025476
-0.49051568,0.58882433,1.4001309,1.5293081,1.2613583,0.5916241,0.62724006,0.14901654,-0.8760259,-1.601214
-0.558041,1.0615937,2.1134098,2.307705,1.9181746,0.33842304,0.44289684,-0.04345301,-0.9816514,-0.7995759
-0.36158246,0.5581338,1.645797,1.8035294,1.443557,0.9604889,0.36910555,-0.38470972,-0.6237822,-0.59192
-0.063852385,0.997898,2.0875819,2.112191,1.8598311,0.5962432,0.44474518,-0.030124815,-0.9195735,-1.0618037
-0.08024341,0.7445793,1.36206,1.4687005,1.8028837,0.529358,0.61204493,0.20931849,-0.53143626,-0.7038136
-0.4516398,0.81468064,1.8004627,1.848818,1.593429,0.52810997,0.22161314,-0.46294728,-1.0736892,-0.99790335
0.18909717,0.87023336,2.2166955,2.0871592,1.933765,0.33476716,0.65736943,0.111507416,-0.86288625,-0.917901
-0.37232667,0.055007983,1.3942109,1.6505376,1.4862058,0.46432358,0.3597369,-0.035766583,-0.8985995,-1.4536628
0.11477422,0.93442297,1.8561349,1.96477,2.434408,1.1954734,0.66851586,0.35873768,-1.1685019,-1.0761427
-0.6623782,0.59560734,1.5198714,2.632853,2.0984595,1.0027784,0.28925368,-0.50950193,-1.3993602,-1.7846766
-0.036021996,0.30009404,0.96725833,1.6586977,1.4325796,0.5022648,0.14916147,0.034357835,-0.9468241,-1.2287331
-0.47910956,0.63992906,2.1763563,2.3080096,1.9742633,1.6044253,0.52162683,-0.6552128,-1.4336649,-1.5605202
-0.49831071,0.725391,2.1083536,3.0051587,2.693302,0.8266962,0.55738723,-0.7148935,-1.7451543,-1.6353154
-0.8672186,0.6907274,1.764765,2.4984353,1.5537264,0.27683058,0.6545636,-0.90937763,-1.2199018,-1.3833444
-0.24582079,0.48401204,1.4661895,1.9595275,2.129629,0.8867121,0.46597844,0.2889906,-1.2142977,-1.1951836
0.09287008,0.88846594,1.7956716,2.3413234,2.169901,0.88957906,0.98873186,0.08416322,-1.5953014,-1.1960018
0.018295668,0.1325142,1.7604139,2.3924978,2.183653,0.89282966,0.4585113,-0.5017216,-1.6079868,-1.013688
-0.7333297,0.1459711,1.3187722,2.2401438,1.9859408,0.8320314,0.3955768,-0.33669916,-0.9404126,-1.7891214
-0.5687737,0.93931895,2.0852778,2.4732826,2.2970135,1.0877612,0.81037235,-0.055367768,-1.1626364,-2.183167
-0.061160333,0.33427268,1.1325462,1.3192606,1.4097973,0.51347923,0.7016926,-0.0005853805,-1.2416462,-1.0870711
-0.7315815,0.9032362,3.1125052,2.913262,2.3175614,1.2937073,0.6854092,0.2027089,-0.995877,-1.4242111
0.116992325,0.5914651,2.7190416,2.5126452,2.6096976,0.9826851,0.48425776,-0.33889225,-1.5372963,-1.6377307
-0.5051267,0.26671243,1.3453059,1.598444,1.2870142,0.9868692,0.77120584,-0.17107356,-1.0105306,-0.94647145
-0.7887549,0.37148708,1.879454,1.6785623,1.3754085,0.90088093,0.46268505,0.031425033,-0.7049452,-1.034495
-0.29554266,0.7430051,1.3167642,1.8995324,2.037052,0.8313763,0.44781387,-0.21717739,-1.3138087,-1.4747314
-0.2137847,0.7844471,1.6782445,1.8981434,1.6843032,0.34752497,0.078000315,-0.38851056,-1.1071566,-1.2432283
-0.5809274,0.7842713,1.5345876,1.5896194,1.491161,0.40747088,0.10341582,-0.71866924,-1.132259,-1.1268221
-0.5129221,0.5779705,1.7137847,2.3860269,1.925287,1.4607753,1.0713983,-0.013306923,-1.2176263,-0.9553987
-0.88276094,1.1663634,2.4153008,2.060867,0.9612138,0.4736187,0.39407513,-0.3281621,-0.9379775,-1.3797123
0.15850624,0.63967633,1.5303382,1.8446916,1.6479707,0.3699723,0.53204024,0.03913566,-0.80407894,-1.0181993
-0.7467209,0.45075068,1.2466695,2.3137972,1.8951259,0.8583571,0.3516072,-0.8342906,-1.3739152,-1.095613
-0.47625798,0.3756665,1.8532639,2.4176052,2.8158345,1.6187435,1.2540308,0.4077945,-0.9960377,-1.7114328
-0.4216634,0.26014304,1.3885939,1.6906469,2.1157317,1.1922137,0.21020515,-0.4046802,-1.2982345,-1.2268788
0.10834467,0.24008882,1.3512976,1.736048,1.5784919,0.5870812,0.21038422,-0.07269586,-0.8663199,-0.8572653
-0.11754107,0.42176443,1.4753127,1.5139372,1.4636887,0.61614996,0.60032135,-0.25626826,-0.67156076,-1.3178
-0.41333348,0.7904263,1.904027,2.5018165,2.6520736,1.136844,0.16780896,-0.5144357,-1.3748313,-1.3846375
-1.0416948,1.5365582,2.850053,2.880304,2.75158,1.0169773,0.22914946,-0.6523597,-1.9080302,-1.0717801
-0.24683094,0.91972435,2.2019856,2.8560562,2.5265257,1.047523,0.8753335,-0.37270325,-2.040669,-1.6920686
0.3477484,1.2653757,3.8594148,4.766322,4.6947856,2.5059977,1.6758399,-0.4308723,-2.0697238,-2.7291665
-2.6001434,1.3623437,3.2062433,4.6479177,4.4646034,2.202162,1.0604557,-0.21815126,-2.0519187,-1.7311338
-0.67902607,2.1773677,4.360014,4.9236813,3.5774686,2.484749,0.44170284,-1.5225611,-2.92679,-2.523672
-0.3551078,0.9720682,3.3073046,3.9440095,3.3693485,1.6307565,0.74047464,-0.9615109,-2.1626554,-2.0817218
-0.28118446,1.9472764,3.0019135,2.7791538,3.0113447,1.5084494,0.15504141,-0.2513082,-1.3238169,-1.5713754
0.193216,0.8965582,1.5188206,2.065717,1.6602726,1.2600815,0.5725653,-0.069877714,-1.2048109,-1.0515898
-0.1602579,0.4244566,1.1916261,1.4328606,1.4465581,0.911176,0.05642432,-0.3812016,-0.41510555,-0.94147146
0.026075184,0.7018852,1.4063045,1.4597231,1.7024307,0.684632,0.41896302,-0.14456552,-0.8558006,-1.4558539
-1.0486878,0.73346555,1.7860541,2.4231653,2.4506114,1.4676046,0.8979653,0.0109303035,-1.8269696,-1.2325839
-0.78371966,0.5053898,1.4766057,1.79714,1.7757112,0.57282186,0.60885155,-0.17886142,-0.80673665,-0.87800044
-0.2608548,0.46801174,1.5903655,1.9542329,1.7992169,0.44402203,0.49401057,-0.53656673,-1.0922624,-0.58129627
-0.28534684,0.26712874,1.4174786,1.6071173,1.2557893,0.60966367,0.7767514,0.3215598,-0.75832134,-0.4335782
0.012939094,0.6780598,1.5861362,1.9297643,1.4454621,0.39472306,0.30085877,-0.2663005,-1.0954262,-0.9253178
-0.5977368,0.782006,1.5472199,1.456562,1.6334672,0.9976126,0.3103511,-0.59673864,-1.0319303,-0.71294016
-0.2485806,0.3732383,1.2428929,1.6729211,1.1270939,0.22815357,0.3357383,0.14816329,-0.8423011,-0.770141
-0.8517182,0.29091686,1.4853866,1.7399776,1.7933315,1.1102277,0.9397502,0.3149428,-0.923011,-1.5014023
-0.35288575,0.29347157,1.1073562,1.3821265,1.2111498,0.5868072,0.09660564,0.020070713,-0.9125537,-0.96308017
-0.16356274,0.65822154,1.4360677,1.8371586,2.0179455,0.83019066,0.43666804,0.06765629,-0.7045297,-1.0553473
-0.8447048,1.2036052,2.3045475,2.2342284,1.5303026,0.68314666,0.33766553,-0.46385098,-0.8274052,-1.1524112
-1.0302433,0.39207137,1.7172493,1.7916833,1.6026081,0.8074434,0.23980409,-0.32890636,-1.2392478,-1.0162923
-0.5042863,0.41997972,1.2678293,2.2106013,1.5434039,0.6308193,0.25112793,-0.43160757,-0.799252,-0.9694347
-0.61308396,0.1233626,1.4203479,2.4437423,2.2238932,0.99338126,0.5502202,0.03852752,-1.0368226,-0.9595753
-0.53147286,0.7454694,1.7760941,2.676937,2.6332138,1.2999895,0.7075037,-0.17907742,-1.3871716,-1.6017617
-0.31507492,0.4057198,1.1581805,1.6035638,1.4383683,0.7235232,0.5693744,-0.05234099,-0.7596395,-1.3024021
-0.57921815,0.36159948,1.4968084,1.2795936,1.6229137,0.368592,0.5930746,0.012772027,-0.58840704,-1.2651329
-0.79020846,0.8449714,1.7546465,1.7421998,1.4713213,0.9448831,0.35500738,-0.53878534,-0.9717621,-1.1554257
-0.63475555,1.0036368,1.9005142,1.9812447,1.6386759,0.69809234,0.89682865,-0.37116763,-1.5357246,-1.6539977
0.40203568,0.48198146,1.090382,1.3027959,1.6982106,0.5310557,0.72013,-0.04906502,-0.61572635,-0.67344934
-0.8180119,0.48742142,2.0670686,2.2029483,2.0020952,0.41592494,0.24287364,0.060235642,-1.0108246,-1.4082339
-0.21178445,0.33244428,1.7434453,2.3869517,2.049753,0.7053749,0.7856131,0.6247092,-0.8871602,-1.482747
-0.6475421,0.2941121,1.3581598,2.3938048,2.0074549,0.48334908,0.18856241,-0.7365267,-1.237457,-1.447082
-0.121622495,0.46280456,2.1660967,2.513751,2.4212418,1.112101,0.7202402,0.26715076,-0.85038227,-1.4411237
-0.15353411,0.266019,1.1078997,1.3182727,1.3443131,0.41522673,0.78357995,-0.026471028,-0.65582037,-0.52555794
-0.23259526,0.55548656,1.7997026,2.2794085,2.092535,1.0228559,0.77047426,-0.5510757,-1.4824578,-1.6567501
-0.39842764,1.0868475,2.2291183,2.6745145,2.1314785,1.6144534,1.1579925,-0.20430847,-1.684812,-1.139006
-0.5188602,0.34939212,2.0696554,2.6219623,2.2702622,0.77012694,0.30928415,-0.25526348,-1.2705344,-1.8760095
-0.95987165,2.1025045,3.2749252,2.7593558,1.434452,1.4331505,0.25274953,-0.88666064,-1.9622984,-1.2927443
-0.9085407,1.5262504,2.2734928,2.6457367,2.5714526,0.9013437,0.41447225,-0.47533336,-1.720457,-1.8484844
-0.95664024,0.79322785,2.1697204,2.2779937,2.3762128,1.0155841,0.6811065,-0.74103105,-1.4927843,-1.554542
-0.115987904,0.10813489,1.61518,2.2629912,2.4470143,1.3529007,0.392805,-0.14309639,-1.0813409,-1.2814157
-0.38315558,0.09841581,1.48214,1.6970387,1.8072575,1.2209107,0.9417621,0.26632226,-0.74557984,-0.79971635
-0.7925574,0.74904764,2.3609023,2.3499315,1.7804041,0.95993745,0.20105039,-0.672036,-1.2815939,-1.208293
-0.26931003,0.020678883,1.3685287,1.9225386,1.5073763,0.54948765,0.8797279,-0.032568704,-0.6996795,-1.1887001
0.013794208,0.625282,1.5944654,1.6002333,1.5439959,0.873463,0.41508192,-0.3862841,-0.9956163,-0.8986002
-0.4129332,0.74364185,1.111703,1.6004192,1.4638153,0.43410972,0.4415412,-0.2930532,-1.1197388,-1.1697485
-0.24180198,0.95025355,1.1836041,1.8836107,1.6191645,0.6088839,0.12917237,-0.25408918,-1.1323265,-1.0288832
-0.19779742,0.6894257,1.9108765,2.285708,1.7977809,0.5870788,0.5183987,-0.10495124,-1.1561635,-1.2929044
-0.28110334,0.766355,1.6725837,1.8789707,1.6016351,0.40313104,0.15274519,-0.15490703,-1.3063581,-1.2382767
-0.5648218,0.8555425,1.3058124,1.6579653,1.4497353,1.071795,0.57479274,-0.27018464,-1.2108763,-1.2301185
-0.42047194,0.7809944,1.5497572,1.873097,1.4808185,0.6490678,0.13525678,-0.24846497,-1.0333412,-1.5005326
-0.72371614,0.5831002,1.9858332,2.8106158,2.5999727,1.4692127,0.4382759,-0.857436,-1.4603959,-1.5798465
-0.042817235,0.49374482,1.5630035,2.0625672,1.8880279,0.8902142,0.6909013,-0.16447014,-1.4079418,-1.4982195
-0.5336019,0.9124251,2.478066,2.874218,2.4668787,1.1933315,0.62687653,-0.021547057,-0.9695841,-1.7244424
-0.40889618,1.005907,2.7720797,2.6750233,2.089954,1.2943579,0.031814285,-0.4464358,-1.2694116,-1.111318
-0.54340506,0.19541416,1.6841099,2.0850022,1.4471364,0.06371996,0.11725098,0.16079703,-0.94910413,-0.7669745
-0.72342443,0.95615536,1.8000339,2.085786,1.4869221,0.86585766,0.83154434,-0.4771831,-1.6014355,-1.150516
0.025683094,0.67376316,0.8491436,2.0765297,2.015969,0.6247974,0.348015,-0.03180211,-0.95240676,-1.0251322
-0.35552785,0.79044837,2.2642798,3.0518582,2.6780987,1.3469867,1.1599785,0.059308268,-1.3987308,-1.8959018
-0.69766897,0.9305806,1.9237592,1.9389466,1.8197159,0.6361571,0.0734759,-0.50143987,-1.0310216,-1.2127779
0.13210727,1.3526574,2.361253,2.1572773,2.0940967,1.1671572,0.49050218,0.030429738,-1.0686891,-1.3217585
-0.1993528,0.36068285,1.1496723,1.6081902,1.3599143,0.8023177,0.82053995,0.22288018,-0.78098285,-1.225878
0.044197213,0.49264228,1.2837275,1.5287457,1.4608245,0.29719064,0.23657024,0.2110985,-0.8770228,-0.974071
-0.20176995,0.3922177,1.8979733,2.1892614,1.7525004,0.7414416,0.2597149,-0.106604576,-0.6497874,-0.7380938
-0.38797888,0.56160724,0.94583565,1.3106508,1.141716,0.3150663,0.17960253,-0.1909103,-0.89354223,-0.7466372
-0.2772419,1.1574813,2.0449224,2.351021,1.9683369,1.0649571,0.4727096,0.035385832,-1.2382579,-1.7050728
-1.1928223,1.6588396,2.9189074,2.956601,2.658815,1.4485928,0.25842732,0.16527896,-1.8995343,-2.054672
-0.56085503,0.74674773,2.148623,2.6332557,3.351315,1.852461,0.92703253,-0.08755965,-1.1694511,-2.228235
-0.28331748,-0.03086214,1.3905354,1.6278462,0.8286546,0.789716,0.5813543,-0.16336589,-0.9649976,-1.1917173
-0.34410995,0.5517253,1.0825088,1.9858485,1.7339292,0.96669877,0.15617362,-0.11238517,-1.0484071,-1.5251379
-0.34939113,0.7394609,2.1503925,2.2818778,2.0168283,0.68451643,0.4233315,-0.37545803,-1.4124537,-1.7830817
-1.3207631,0.59917,2.5097878,2.9006696,2.5669625,1.0193365,0.96936405,-0.24263169,-1.4291581,-2.2025514
-0.38534024,1.4598246,2.4695282,2.9434729,2.208707,0.37557596,0.17934953,-0.5158853,-1.480496,-1.2652501
-0.18228742,0.37772492,1.1246262,1.2933966,1.256175,0.97576046,0.20023066,-0.288575,-1.0449612,-0.9752416
-0.5578588,1.0668273,2.1528723,2.0043452,1.7369729,0.76900184,0.774679,-0.5167548,-1.4203126,-0.84569955
-0.37747103,0.37749362,1.7018733,1.732799,1.6689104,0.634514,0.5525971,-0.30119708,-1.1713405,-1.1208603
0.030917745,0.61919886,1.7373606,2.048287,1.3749629,0.48588806,0.7905467,0.101121955,-0.8032105,-0.9732369
-0.33023724,0.95845443,1.8156401,1.6743063,2.0205715,0.845374,0.35068762,-0.065121524,-0.82676566,-1.1613259
0.34167147,0.8201164,1.6259459,1.8056433,1.8243163,0.98824334,0.670415,0.16212952,-1.2818593,-0.9898564
-0.35769197,0.79829097,2.7294126,2.2563522,2.0488667,1.322402,0.3180605,-0.11346241,-0.6070375,-1.2139124
0.012080707,0.56199765,1.6567311,1.8655294,2.0295882,0.7100711,0.48274124,-0.152766,-0.7285019,-1.0601258
-1.3084996,0.56721675,1.8689926,2.2156017,1.9084462,0.562919,0.028244019,0.04218664,-1.5601733,-0.7774006
-0.07318412,0.7785915,1.7875298,1.9723538,2.2173781,1.2245725,0.90425783,-0.3356001,-1.220119,-1.4955636
-1.0979121,0.6550577,1.5906838,2.7111979,2.3425581,1.3184309,0.99333334,0.1088227,-1.6121724,-1.794787
-0.089385495,0.36985707,1.2700776,1.7138734,1.391988,0.3728429,0.6469903,-0.029380752,-0.6449539,-1.08999
-0.35873502,0.9702894,1.7504251,1.6254234,1.5412543,0.6495138,0.5557029,-0.126221,-0.9369638,-1.4210193
-0.34788832,0.5700445,1.4612182,1.9379911,1.478229,0.6621691,0.38642958,-0.12337075,-0.8293297,-1.0585024
-0.052028164,0.5709406,1.7339089,2.0571196,2.1784995,0.58967346,0.68337286,-0.45783323,-0.79561913,-1.4083037
-0.5258874,0.7840986,2.6249027,2.7743702,2.0618224,0.8653799,0.23517945,-0.45223507,-1.3678046,-0.74611455
-0.98988235,0.8838124,2.1070662,2.5744267,2.5386078,1.6175463,0.47080106,-0.16164196,-1.9952567,-1.7510936
-0.5730552,0.7744247,1.5947752,1.7243254,1.6178403,0.8181851,0.81933177,-0.21920583,-1.2044942,-1.1458719
0.09370714,0.11911559,1.5796595,1.6217909,1.2598506,0.32676983,0.67400897,0.1314132,-0.6721162,-1.2007372
-0.9634605,1.2850341,3.02525,2.4359977,2.1559255,1.148154,0.53964305,-0.44394007,-1.2792703,-1.5232701
0.34343895,0.51052576,1.1620156,2.2100005,1.4856266,0.7350192,1.195555,0.037245784,-1.4920027,-0.93510216
-1.0560396,1.0351939,2.6790454,2.8076687,2.8885806,1.3632153,0.5988165,-0.3620263,-2.1490848,-1.8346409
-0.24640426,1.3111461,2.201559,2.6082656,2.0557005,0.676609,0.29760134,-0.3777697,-1.0730242,-0.9123074
-0.33647338,0.44196436,1.6414328,1.5971217,1.8705384,0.8080034,0.6187761,-0.1559589,-1.0203775,-1.1347498
-0.5576506,0.5553363,1.5723656,1.9617416,1.4306984,0.6322017,0.5995744,-0.27658704,-1.4093311,-1.209798
-0.43051952,0.5692864,1.1747947,1.89455,1.8167318,0.6291945,0.5735419,-0.38056856,-0.45719638,-0.876825
-0.26237115,0.5734401,1.5106617,2.2119486,1.7178121,0.62309337,0.66224164,-0.42032307,-1.1459849,-0.9783659
-0.017194737,0.38250843,1.2325815,1.7610283,1.4920447,0.5249972,0.3368005,0.18550111,-0.6354234,-0.88685614
-0.3997691,0.7007436,1.5926931,1.57678,1.1738862,0.6933127,0.46516025,0.16649404,-0.61179477,-0.79357105
-0.31542966,0.43690556,1.0410762,1.8668492,1.6641419,0.6303755,0.77947944,-0.32243475,-1.3502778,-0.91172487
-0.48830143,0.36779273,1.3367591,1.7047309,1.197031,0.30142447,-0.038534682,-0.38406047,-0.5062931,-0.8492217
-0.77292883,1.037361,2.0866923,2.171755,2.5914032,0.91299355,0.566643,-0.3813217,-1.2966666,-1.500888
0.40406185,0.54522634,2.325563,2.036297,2.4150054,1.596467,0.7922878,-0.11558896,-1.1257973,-1.4825668
-1.1419765,1.972848,3.9244342,3.8376138,3.359218,1.3938086,0.8286341,0.3809758,-2.1397257,-1.7984864
-2.024332,1.2059141,4.20832,5.6035957,4.960893,2.5771384,1.0912284,-0.4958105,-2.3023856,-2.5402913
-1.5084313,1.1598569,2.945716,3.7743816,3.303937,1.2307914,0.61647886,-0.7686305,-1.9821951,-1.6751978
-0.7092736,0.64158726,2.0915346,2.137776,1.9951495,0.2458982,0.26099762,-0.18544747,-1.2678574,-1.5016525
-0.77604526,1.0554717,2.5222945,2.7047029,2.333347,1.0831656,0.88617045,-0.012925299,-1.5059059,-1.3402575
-0.36770234,0.81405354,2.2153533,2.885808,2.5927882,0.88004714,0.92063284,-0.47544977,-1.1289399,-1.6550537
-0.43986642,1.0262811,2.7602499,3.2998078,2.1614208,1.1103945,0.33787,0.12338924,-1.1803588,-1.148375
-0.479927,1.4033799,2.1174402,2.7106583,2.1875198,1.1684508,1.0813519,-0.38413206,-1.4584893,-0.82049984
-0.31649756,0.4309425,1.5669966,3.232246,2.9666867,1.4071001,1.6850483,-0.04532722,-1.7563511,-1.6442267
-0.88953274,0.9045166,2.373581,2.2682433,2.563549,1.3363612,0.2125007,-0.48796725,-1.3075119,-2.0237267
-0.8045366,0.4002048,1.9350742,2.517844,2.6689174,1.6090516,0.9165481,0.16393621,-1.7342323,-2.252802
0.17108834,0.5076563,1.8180742,2.450492,2.464433,1.0192552,0.7636612,-0.09137851,-1.2646103,-1.5658041
-0.45216286,0.65178734,1.8868816,2.0333836,2.2356713,1.1560196,1.2424208,0.25129643,-0.8273384,-1.7208996
-0.39096814,0.94452065,1.4983515,3.2586644,2.6434495,1.4256078,0.6852384,-0.02784522,-0.81344324,-1.0035142
-0.41820413,0.57998496,1.5194045,1.7144117,1.5901319,0.8109003,0.51325804,0.12668018,-1.4310977,-0.7474588
-0.2637518,0.3995376,1.3590062,1.7164687,1.4196801,0.5266647,0.123989314,-0.34029272,-1.055924,-1.3916935
-0.6367965,0.40209907,1.5433543,2.2838957,2.2213361,0.70394844,0.367242,-0.45937225,-1.5378698,-1.266979
-0.036769047,0.61150426,1.4609976,1.9051337,2.2259204,1.6326706,0.8260813,0.2741562,-0.9599953,-1.0646846
-0.12322857,0.05491655,1.5430571,1.5155469,1.622198,0.7071482,0.7459239,0.10353887,-0.9945787,-0.76849353
-0.6585569,0.6136834,1.0424985,2.0739791,1.899087,0.47853494,0.49410242,0.14120682,-0.8838408,-0.76354903
-0.24942306,0.41308084,1.3948498,1.6922907,1.6061289,1.0549664,1.0033896,-0.0069432505,-1.4377234,-1.3032377
-0.24448937,0.6775902,1.6766046,1.7406143,1.5678821,0.6669164,0.4173818,-0.1438818,-0.74143654,-1.4112945
-0.19233584,0.49055848,1.7270343,2.0005825,1.6352559,0.53904396,0.50971574,0.34246588,-1.0689149,-1.6163031
-0.19450107,0.4289898,1.3574173,1.2667755,1.6168951,0.5079646,0.085827045,-0.2972438,-0.4617668,-0.97126323
-0.010663342,0.5111431,1.5291145,1.6029935,1.8590833,0.8587926,0.6047276,-0.25881225,-1.4227208,-1.208179
-0.5555272,0.3314288,1.6399759,1.5994534,1.5236262,0.38464653,0.56841266,-0.2562382,-1.1334978,-1.6725419
-0.32157633,0.16390133,2.1816394,3.0603533,2.8071332,1.2793472,0.783327,-0.66698843,-1.4577758,-1.190962
-0.5028924,1.1877855,2.7511125,3.5946286,3.0677664,1.9419528,1.2764072,-0.10286594,-1.1169039,-1.2367847
-0.4750813,0.82144064,1.5815907,2.04477,2.5184553,1.326386,0.54585874,0.025447505,-1.0218993,-1.1536273
-0.41374886,1.2227426,2.3436296,2.3936725,1.9578205,0.7346701,0.5821679,-0.8166992,-1.6067196,-1.5048137
-0.7926193,1.7370914,3.3853743,4.0240564,3.6538503,1.7896645,0.7154492,-0.7901131,-2.6968915,-2.683325
-0.93109804,0.25368956,1.5903881,2.074725,1.783967,1.8452668,0.7872613,-0.23888355,-1.7811195,-1.9463992
-0.4522881,0.98657227,1.7128795,2.2443283,2.1651504,0.7798972,0.45724475,-0.8466158,-1.4965531,-1.1766757
-0.33117136,1.2296107,2.4349818,2.9632468,3.0180118,1.5384725,0.6203758,-0.45393327,-1.5174589,-1.2384005
-0.6541118,0.31233922,1.683084,2.2935464,2.3233829,1.3542051,0.5629283,-0.1704266,-1.2100037,-1.1837925
-0.4391335,0.66501904,1.5766811,1.8719556,1.881135,0.53393054,0.48959422,-0.43019214,-0.8969514,-1.3318422
-0.3525441,0.75409025,1.3513637,1.8201706,1.7451236,0.50544906,0.37951037,0.115672536,-1.1945791,-1.0506014
-0.03500726,0.5892285,1.6785032,1.6645596,1.1602839,0.8728302,0.82306874,0.4350677,-0.46918422,-0.7653995
-0.5165675,0.28302318,1.2837099,1.8390087,1.9826607,0.59282947,0.43276045,0.2130853,-0.8737699,-1.2801479
0.1501672,0.6230113,1.6689179,2.0188909,2.2462533,1.1447018,0.51486194,-0.13060075,-0.93721974,-1.0023952
-0.5441535,0.43189555,0.9321528,1.4644593,1.1594223,0.7161007,0.59479535,-0.22229025,-0.7286731,-0.5424624
-0.6341487,-0.045594677,1.2354292,1.749777,1.3937871,0.5779618,0.43264055,-0.5460081,-1.1118158,-1.0627033
-0.40857884,0.34608215,1.3785164,1.4703324,1.5366628,1.2065575,1.0712007,-0.17322001,-1.370923,-1.339235
-0.49922958,0.534395,1.6024698,2.4602246,2.3384237,1.3351457,0.87915903,0.08545224,-1.2831081,-1.0346316
-0.5058876,0.9190462,2.3925788,3.217283,2.7458556,1.5363936,0.75942206,-0.33856302,-1.3513945,-1.8456478
-0.18441206,0.54833937,2.0797668,1.9207618,1.7368731,0.4210031,0.31253287,-0.4259773,-1.1852766,-0.72236663
-0.15374354,0.21154,1.6340609,1.8142607,2.0790322,0.4889869,0.23586082,-0.17844357,-0.71811944,-1.2027866
-0.46126643,0.27150598,1.6151297,2.4998372,2.6714802,1.4429604,0.42058134,0.19136058,-1.2150185,-1.2739397
0.21684283,0.12508798,1.5492034,1.8486538,1.7571136,0.71534246,0.68252003,-0.35619518,-0.7383412,-0.87341946
-0.19502842,0.9509581,1.2065759,1.9837686,1.7843437,0.47942472,0.44363838,-0.26679832,-0.96725625,-0.8281965
-1.1164014,0.74720293,2.0542347,2.77109,2.310482,1.2879647,1.0171719,-0.7250614,-1.7070571,-1.8796067
-0.6576249,0.660491,1.732058,2.1913443,1.9982213,0.53096795,0.7889805,-0.11976792,-1.4415748,-1.0770084
-0.2614758,0.6752414,1.350894,1.8154153,1.6027285,0.50107205,0.48118955,-0.17892098,-0.9153888,-0.79133695
-0.7371641,0.74161625,1.4010139,2.2078772,1.6336076,0.63656276,0.14050777,-0.13670917,-1.2480568,-1.2962384
-0.63217556,0.5427408,1.5097138,1.6983624,1.3415314,0.22718178,0.32244682,-0.038681954,-0.77210975,-0.9139097
-0.4568771,0.20927985,1.7617656,2.454353,2.0166032,0.63016224,0.7230705,-0.33240026,-1.4366801,-1.4200532
-1.0348463,1.0856088,2.6523306,3.0994837,2.7043,1.7642492,1.3810565,0.11694822,-1.5566058,-1.7469041
0.30438745,1.1858199,3.1112728,3.358407,3.299812,2.202454,1.1873736,-0.28970173,-1.7976214,-1.5992202
-0.2159808,0.09564416,1.9041523,2.2205682,2.2302835,0.85253036,0.9927794,-0.21026953,-1.1459578,-1.8683605
-0.59113646,1.2516702,3.2405431,3.6961784,3.1463954,1.8203361,0.59904486,-0.7536965,-1.8362924,-1.7357637
-0.36631837,0.90151423,1.76097,2.758757,2.5788133,1.2660596,0.94817567,-0.7439507,-1.7934443,-1.6041945
-1.3513843,0.60138965,1.7176532,2.3188312,2.206816,1.2188061,0.49608833,-0.4807435,-1.1304584,-1.6334364
-1.1063004,0.5780754,1.5050174,1.840184,1.3764479,0.7824863,0.32100245,-0.41962016,-1.4527895,-1.2014472
-0.12573531,0.55379075,1.6926845,2.1186829,1.8911728,0.8656729,0.2242595,-0.29246333,-1.5371861,-1.4967856
-0.5003004,0.9385458,1.9408505,2.707358,1.8770237,0.44358557,0.43812585,-0.66694903,-1.2834805,-1.0941464
-0.59236753,0.53738844,1.5705163,1.7219571,1.5602907,0.91724247,0.72406876,-0.4151649,-1.5107481,-1.0915371
-0.007609887,0.16783205,1.2797054,1.6337407,1.2734759,0.29951632,0.37656304,-0.13665642,-0.68943286,-0.8009212
-0.8755652,0.7635196,1.424984,2.0068557,2.235203,0.8833802,0.41262135,-0.04755542,-1.1579897,-0.820625
-0.5444195,1.0268813,2.4302623,2.4515727,1.7757671,1.2666547,1.0072058,0.09998233,-1.1820372,-1.189716
-0.19413963,0.5944081,1.5537641,1.7704753,1.2594985,0.34461993,0.1554217,0.10078755,-0.6846661,-0.97348374
0.6351338,0.922899,1.6631402,2.1107209,2.2554662,1.261307,0.7355701,0.29352435,-1.1507427,-1.0416279
-0.12062084,0.32929912,1.0752431,1.5160176,1.130224,0.33799237,0.52036554,-0.31783232,-1.0258291,-0.78996956
-0.12101173,0.59272844,1.023071,2.069647,1.8041705,0.76695174,0.3022018,-0.14570473,-0.9207976,-1.0545946
-0.09991386,0.5231595,1.7475129,1.7574742,1.8685998,0.47989368,0.4234151,-0.36571586,-0.5785715,-0.9627368
0.3213961,0.59284437,1.8055012,2.2750185,2.318681,1.4164455,0.02418043,-0.38291335,-1.1289328,-1.1015059
-0.7581706,0.5145919,1.5531284,1.3619512,1.5148358,0.44521704,0.48209327,-0.041803088,-1.017565,-0.91485655
0.050288863,0.64474547,1.7589872,2.1817875,2.0749745,0.8719559,0.4262789,-0.57654566,-1.1882647,-0.78718644
-0.58535427,0.6125413,2.0811827,3.0723064,2.1870136,1.1624484,0.7487563,-0.47678035,-1.6750413,-2.120354
-1.5251449,1.31155,2.6631026,3.0784578,2.6587276,1.6440704,0.50934315,-0.2491675,-0.9470931,-1.487687
-0.21664697,1.1621943,2.28405,3.0113318,2.6793737,1.1252131,0.6760193,-0.01958929,-1.4817351,-2.0828815
0.17661142,0.27430832,1.3038942,1.9897469,1.521914,0.6608484,0.91225094,-0.1989665,-1.221128,-0.9981209
-0.4447088,0.7119982,1.4782026,1.9891094,1.4528337,0.56434214,0.6204727,0.041032657,-0.5167666,-0.68511814
-0.3580836,0.14684126,0.93752384,1.9141768,1.267369,0.438095,0.58434075,-0.20179255,-0.9533561,-0.7332831
-0.53714067,0.89710397,1.754306,2.0778334,1.9403377,1.2879404,0.81950945,-0.14973284,-0.9647655,-0.91699415
-0.38118258,0.32073894,2.018552,2.6251924,2.410495,1.5374688,0.87444085,0.13390459,-1.4639975,-1.1803796
0.030300748,0.7343856,2.2164152,2.7020376,2.4464054,1.2747583,0.84550756,-0.47046596,-1.3906333,-1.6223404
-0.2849686,0.70838654,1.6713908,1.6427234,1.5389996,1.0020323,0.25723973,-0.4489287,-1.358057,-1.2122185
-0.60439634,0.40695027,1.5984323,1.9003114,1.443908,1.1475872,0.27031645,-0.59110194,-1.4013375,-1.0814974
0.11624184,0.14674872,1.2977005,1.8426292,1.7091211,0.6940741,0.8329979,-0.1367191,-0.3634614,-0.6792072
-0.4348154,0.7686362,2.3437145,2.455059,2.0491788,0.17164302,0.29089284,-0.6441432,-1.1156532,-1.2606606
-0.8156652,0.5372151,2.0205252,2.611795,2.0204902,1.4448804,0.5734015,-0.12202367,-1.2108843,-1.206697
-0.5039397,0.9213334,1.8225646,2.8442702,2.7820308,2.2710948,1.1603278,-1.2239823,-2.3196957,-1.6009101
0.0838396,0.77755255,2.3654542,2.342327,2.1837416,0.974097,0.5839365,-0.41204968,-1.1302063,-0.9616236
0.2328789,0.16813873,1.0430046,1.51788,1.4042189,0.8060461,0.19860807,-0.25785547,-0.90701854,-1.2394475
-0.83048975,0.5940462,2.1931357,2.4363983,2.0505652,0.8527106,0.15670688,-0.58340365,-1.5962049,-1.8551632
-0.2547322,0.1366891,1.3527744,1.8312018,1.5318534,0.7828257,0.78358006,-0.42397994,-1.2593285,-0.8998615
0.015893973,0.18472143,1.1020908,1.6215352,1.3669813,0.7754579,0.37794754,-0.13479748,-0.9612291,-1.0090487
-0.68858916,1.0696193,1.6277974,1.7391914,2.2067716,0.797128,0.1921244,0.1614073,-0.8000331,-1.2690488
-0.13307795,0.3433499,1.3897598,1.737211,1.3677167,0.76278657,0.44463587,0.024217555,-0.7728065,-1.0123789
-0.25300258,0.30412516,1.2140878,1.3814881,1.3291605,0.33767334,0.35878256,-0.37682807,-0.8309679,-0.9502117
-0.8322426,0.96084005,1.7335144,2.0529432,2.07766,0.6133708,0.1159378,-0.46103257,-1.1552898,-1.290465
-0.426159,0.8496647,2.2844954,3.0470347,3.3597121,1.554424,0.5787058,-0.20255806,-1.8776728,-2.035499
0.11412971,0.44545162,1.7317775,2.2722366,1.8126479,0.42935723,0.42202663,-0.271324,-1.5092957,-1.1893188
-0.644712,0.17686643,1.3062656,1.4107293,1.5137836,0.7200063,0.7032279,-0.5036272,-1.3935745,-1.248711
-0.106864624,0.4363477,1.6438274,1.4440314,1.2544677,0.50329393,0.43624657,-0.20157307,-1.2311777,-1.0447214
-0.12244006,0.39017358,1.4436595,2.09644,1.6259109,0.7872587,0.46881574,0.087272994,-1.3064352,-1.1074787
0.09765555,0.05671108,1.0850481,2.221119,1.8880706,0.9372562,0.8025742,0.020876901,-0.97923934,-1.3387192
-0.34521732,0.5323445,1.9453413,1.6750598,1.4306817,0.2077335,0.48410666,-0.13193241,-1.0181137,-0.6004709
-0.63233376,0.39128232,1.2882172,1.667,1.8942189,0.41605178,0.07444473,0.010440794,-0.42393088,-1.0207769
-0.5530896,0.97875667,1.3256396,1.3990916,1.780745,0.5332691,0.039210536,-0.42577273,-0.5969679,-0.9265773
-0.5421725,0.3688735,1.4946777,1.6915137,1.4144806,0.5995453,0.48894334,-0.5597335,-1.0018666,-1.0637541
-0.69602865,0.34414035,1.7009538,2.3262188,2.115589,0.7807846,1.1404506,0.43839473,-1.7020297,-1.5295662
-0.26588467,1.2261502,2.1335034,3.1584132,3.1258488,1.7940047,1.0705816,0.21270649,-1.1962556,-1.518758
-0.22859105,-0.17419077,1.3218758,2.2324386,2.245993,1.2299399,1.0732931,-0.06411984,-1.4773777,-1.1698095
-0.2001901,1.2504181,1.7317939,1.7978795,2.0493402,0.56879187,0.5007239,-0.28346604,-1.5049753,-1.2354465
-0.75855,0.9650413,1.7024734,2.2913954,1.8287964,0.7566879,0.44651267,-0.46396315,-1.0148872,-1.1147814
-0.7904611,-0.053910088,1.8263954,2.4609747,2.5580075,1.4780356,1.3048978,-0.16849767,-1.2315671,-1.4343752
-0.5703045,0.5455428,1.4305649,1.6580832,1.4436501,0.749044,0.5456283,0.11767548,-0.9427562,-1.4009534
-0.25948605,0.72647256,1.755464,2.4345698,1.803986,1.0818526,0.066635884,-0.7973493,-1.3910255,-1.3587573
-0.12858698,0.3230363,1.1011173,1.5671731,1.7893828,0.70312834,0.5264986,-0.3428255,-1.0823365,-1.157308
-0.1857543,0.5595872,0.89225864,1.5538735,1.7615774,0.57720053,0.76983553,-0.16616395,-1.1027441,-0.618594
-0.24439025,1.2273477,1.9012187,2.5062108,2.1644495,0.811495,1.0733173,0.060647637,-1.1527944,-1.4427409
0.07692288,0.80426544,1.786208,2.2689025,1.9240915,0.84160143,0.40745452,-0.23229778,-1.0244069,-0.88839126
-0.34387052,1.2212905,2.5694,3.6682203,3.1542776,1.8351855,0.88967,-0.6932151,-1.7019194,-1.1037349
-0.36185506,0.36377892,1.4140689,2.30337,1.9551728,1.5846581,0.55486184,-0.5784013,-0.7345279,-0.76982486
-0.29151148,0.41216937,1.1606697,1.6023045,1.4660903,0.7986991,0.601425,-0.07126853,-0.79692465,-1.0153531
-0.3597471,0.3979919,1.3261747,1.8155283,1.7223952,0.4972778,0.72202027,-0.25241292,-1.1546191,-1.4611323
0.094628446,0.7507641,1.5478764,1.9524819,1.8317202,0.9216524,0.6487721,-0.204278,-1.0117934,-1.7508055
-0.27971667,0.44017774,1.1618588,1.5147258,1.0749646,0.45750517,0.98038375,0.0031390311,-0.8859625,-1.1749251
-0.51167935,0.4779098,1.5678695,1.7100672,1.6638367,0.96851695,0.35451573,-0.16664708,-0.91552114,-1.418224
-0.23937157,0.3331408,1.3845289,2.1688378,1.966621,0.8187407,0.15732154,-0.5068684,-1.0803926,-1.3993504
0.5476272,0.8893579,1.5022585,1.5335189,1.4509557,1.1024551,0.7560943,-0.11323158,-1.1135398,-0.9121044
-0.29442832,0.70629364,1.2548941,1.7203517,1.7616701,0.81995434,0.51360285,-0.12542668,-0.7885903,-0.9497947
-0.4709908,0.05211689,0.96121496,1.5886402,1.2563396,0.8602166,0.5243128,-0.008843865,-1.0486119,-0.8779308
-0.30616677,0.22413956,2.3150153,2.435167,2.0099804,0.84722775,0.78830326,0.30169132,-0.72428656,-1.6152376
-0.3276018,0.78205186,1.9631702,2.5297942,1.0692908,0.6799244,1.1716084,0.34632108,-1.0199957,-1.3488666
-0.24884528,0.52053875,1.4162297,1.3434504,1.6095245,1.066066,0.6131122,0.06460752,-0.9752474,-0.8753457
-0.8182599,0.68460345,1.473754,2.1341317,2.0044725,0.6682717,0.3302828,-0.28999442,-1.059329,-0.9895945
0.02569004,0.69170946,2.0345047,2.253829,1.4146305,0.52575946,0.34819224,-0.43420425,-1.0121408,-0.95915496
-0.26060694,0.18761858,1.3170711,1.899796,1.5113435,0.21551906,0.35914657,-0.22293212,-0.9841759,-1.1241333
-0.36003155,0.43062332,1.6250384,2.1396017,1.8394877,0.69459784,0.5317722,0.2441973,-1.0429296,-1.4797832
-0.5917605,0.47754994,1.8425202,1.9162797,2.1283507,1.0781158,0.46509206,0.04519712,-0.5901228,-1.0249051
0.045299232,0.5171052,1.8305856,1.6417232,1.9491125,0.7958806,0.20136718,-0.43469542,-0.43614802,-1.0062672
-0.5852883,0.2178275,1.9017699,2.7253022,1.8431895,0.6747458,0.60702807,0.032810435,-1.0840403,-1.0481969
0.121951364,0.4241412,2.4013786,2.3726263,2.2665071,1.3720727,0.39458868,-0.04713991,-0.9033771,-1.6430547
-0.32284078,0.4440891,1.4316112,2.1664588,1.4370577,0.79208827,0.9265906,-0.022038044,-1.3024849,-1.2730864
-0.55090696,0.332558,1.6175977,1.8557074,1.6928916,1.0574181,0.34946495,-0.70985377,-1.3245574,-0.84365904
0.03036712,0.35366064,1.7698182,1.6648303,1.7464229,1.1404704,0.56983596,0.026574923,-1.0259354,-1.1133016
0.3936372,0.3738554,1.7809639,2.5572653,1.9755546,1.2674569,1.0185214,0.12311569,-1.1213722,-1.4339906
-0.27414045,1.1179843,2.7391603,2.9778292,2.7967706,1.2279441,0.7762212,-0.26877037,-1.4201047,-0.95734674
-0.35940364,0.6276488,1.5851668,2.2134604,1.8312972,0.5045239,0.376599,-0.200384,-1.0030316,-0.8022921
-0.94292194,0.8133362,3.417455,3.5816264,2.3895006,2.0073729,0.3898901,-0.2864385,-0.96662796,-1.5200355
-0.9524927,0.6906997,1.5375065,2.5872908,2.531789,1.0826238,0.8933936,-0.72126466,-1.5996861,-1.4860969
-0.21258318,0.65072846,2.1438308,2.177287,1.571637,0.9538759,0.46060628,-0.6370576,-1.5160567,-1.549007
-0.31264856,0.5477196,1.7874444,2.2343283,1.9025885,0.74958766,0.14878741,0.08711125,-1.53587,-1.282802
-0.5522498,0.6258573,1.7615411,2.4833584,1.6435561,1.0075322,0.524242,-0.07497514,-1.1382481,-1.4123348
-0.4323486,0.5054854,2.5919104,2.7076612,2.0530615,1.1157498,1.2366003,-0.24596229,-1.2881256,-1.1911045
0.16590497,0.09190958,0.9086702,1.3352175,1.5890219,0.56923807,0.58283114,0.34427866,-0.5812509,-0.79250455
-0.36574456,0.34804314,1.6870716,1.7939559,1.2524632,0.5989535,0.7987235,-0.2647875,-1.2223964,-1.0431981
-0.13733196,0.70844644,1.6218431,2.1423738,1.8412523,0.94012594,0.48535705,-0.7128454,-1.3358841,-1.1898782
-0.7438925,0.90440595,2.1564424,1.8791993,1.6804013,0.5513644,0.24263489,-0.11384347,-0.84785,-1.2251319
-0.5871289,0.855221,1.7240502,1.8348678,1.6711903,0.36976907,0.011127599,-0.18273552,-1.6107532,-1.3276676
-0.2450135,0.59345645,1.5808978,1.8720882,1.5215334,0.7294037,0.35875532,0.13082875,-0.96809506,-1.3019115
-0.33974603,0.9249164,1.8319147,1.7358317,1.6018043,0.14216508,0.49760675,-0.36326924,-1.4133213,-1.301712
-0.40472376,0.5928057,1.9249557,1.667549,1.4187435,0.6173669,0.853827,-0.30836993,-0.9835019,-1.1912477
-0.6724749,0.08751825,1.6252435,1.8342978,1.2140461,0.52032775,0.45806172,-0.0035387683,-1.2066574,-1.8088542
-0.32472372,0.13937508,1.6071979,1.577268,1.6222333,0.5254679,0.5169844,0.21630727,-0.94876546,-1.7559327
0.12140642,0.53144795,1.0822908,1.7817271,1.5839915,0.6043985,0.4779272,-0.0048916996,-0.6736642,-0.68482226
-0.49857977,0.43949357,1.5379325,1.9064595,1.6362934,0.8099393,0.70559895,0.39622048,-0.7773266,-1.1169901
-0.7881837,0.7362986,2.3806236,2.0617409,1.6941613,0.9050009,-0.1167007,-0.29035357,-1.1261996,-0.9014785
0.3180638,1.1637249,2.0610998,2.0257201,2.182063,1.141765,1.2682987,0.17119586,-1.1877975,-0.6839004
-0.30980906,0.26161122,1.3098233,1.0220029,1.1545811,0.5126892,0.21191044,-0.5166127,-0.6619692,-1.1695459
-0.26505646,1.14647,1.3138657,1.9839848,1.8672844,0.6536561,0.09645714,-0.1081099,-1.0324235,-1.9090242
0.3630431,0.911695,1.7515789,1.7158262,1.9632374,0.9938865,0.069983736,-0.051709853,-1.178881,-0.8425365
-0.14527863,0.48891935,1.7059453,1.8455359,1.3905826,0.44130626,0.5762464,-0.47979534,-1.2933856,-1.350163
0.17060375,0.24449916,1.1382662,1.7259157,2.0432017,0.7731534,0.6791907,-0.23553698,-0.4969568,-0.9252128
-0.6866695,0.8313151,2.351054,3.4219224,2.4307368,1.680095,0.5264245,-0.8689792,-1.6071795,-1.6392957
0.17359596,1.3301754,2.0314875,2.4970233,2.0675015,0.7370373,0.074225776,-0.5686628,-1.3094159,-1.9615716
-0.24557665,0.8446733,1.5803962,2.3645835,1.8082812,0.5384979,0.7704181,0.052578226,-0.9456205,-1.3600161
-0.10627316,0.7527998,2.0039313,1.716685,1.4545813,1.1254305,0.60895604,-0.25311175,-0.69091773,-0.793754
-0.22371572,0.523184,1.034136,1.9498346,2.2500367,1.1396972,0.75823337,-0.10963177,-0.94276357,-0.89942265
-0.554141,0.47985914,1.4869218,2.1408472,1.9866515,0.6163135,0.6388554,-0.2944176,-0.46298158,-1.3652278
-0.26183537,0.4116503,1.3809791,1.9494333,1.6860236,0.7220061,0.4959647,-0.41423845,-0.9422801,-1.0696352
-0.60445654,0.008848235,1.2778965,2.1179662,1.3226238,0.5860883,0.48792785,0.015394403,-1.1018102,-1.0897545
-0.2293151,0.9156278,1.1838145,1.45601,1.7315396,1.0639335,0.74239147,0.33931425,-0.7464217,-0.7967695
-0.64467704,1.3944857,1.891353,2.6649907,1.9511241,1.1455003,0.5726171,-0.47410244,-1.9276356,-1.0045722
-0.6088707,1.0184855,2.2080727,2.870005,3.073712,1.2287287,0.4954704,-0.33868018,-1.4665551,-1.8124198
-0.2870557,0.93302834,2.0526774,2.2065387,2.039198,0.41513875,0.3495577,-0.44886434,-1.7322096,-1.6326784
-0.11734914,0.08098681,1.7035649,1.8948667,2.2211692,0.9730667,0.44978604,0.20772338,-1.0846965,-1.3242259
-0.09736213,0.23755161,1.2137573,1.84909,2.0077503,0.75733435,0.78052276,-0.012109442,-0.7367487,-0.80936503
-0.4021496,0.87728983,2.6101825,2.9393287,2.6235213,1.5995665,0.85754067,-0.34555808,-2.1260169,-2.1453977
-0.51899916,1.0871332,1.8102024,1.850421,1.8644407,0.42757148,-0.18799204,-0.91194314,-1.1508174,-1.3052405
-1.184806,1.2068464,1.9622716,2.2890477,1.366885,0.32323733,0.54491264,-0.68881553,-1.7418287,-1.4983261
-0.20623082,0.75692314,2.458824,2.5982814,2.092377,1.2945737,0.8308948,-0.4445839,-1.0530376,-1.2951313
-0.43517628,0.45288306,1.6437354,1.5814862,1.4090962,0.5911855,0.55111456,-0.09997564,-0.61537147,-0.67190826
-0.3704956,0.36281055,1.2732654,1.3197266,1.1878247,0.3034841,0.30781066,-0.054939646,-1.0069159,-1.4842638
-0.2795491,0.4402564,1.6217219,2.046411,1.9409252,1.1141895,0.718523,-0.2797419,-0.8770691,-1.1581547
-0.42087668,0.6268226,1.8084404,2.4697208,2.2558098,0.7304168,0.445661,-0.051467903,-1.3875605,-1.4316734
-0.4663592,0.34556064,2.0700998,2.2312706,1.4281439,1.3582405,0.7325867,-0.071182236,-1.2126687,-1.4086624
-0.40515882,0.22389914,1.5959406,1.5954498,1.5956355,0.63667065,0.56392044,-0.15203223,-0.6707451,-0.8235641
-0.80292946,0.30678836,1.2539266,1.8784996,1.9721137,0.38181084,0.24330986,-0.2521334,-0.66792166,-1.4726517
-0.17977962,0.80065066,1.1769147,1.4824421,1.4303052,0.552862,0.37516227,0.066799246,-0.6595856,-1.1382786
-0.79941773,0.65107375,1.3896835,1.6787118,1.035715,0.38004762,0.72575134,-0.39032534,-0.79443526,-1.0927943
-0.22231013,0.57438797,1.5917327,1.525597,1.3257527,0.4979747,0.71840835,0.19069932,-1.3077134,-1.2929641
-0.8092197,0.6829743,2.0347664,2.7387018,2.6985002,1.1836541,0.5362246,-0.4116738,-1.3657533,-1.7137312
-0.13809639,0.73341054,1.2833755,1.9024942,1.4360595,0.51609474,0.3333324,-0.21264574,-0.75662744,-1.198259
-0.6956096,0.20535567,1.3025213,2.0292826,1.9901103,0.92066205,0.7380765,-0.24489295,-1.3045127,-0.8622819
-0.4869536,0.4892873,1.3099041,1.6095936,1.6646165,0.5009731,0.3458089,-0.49261042,-1.1314447,-0.61482966
0.008195459,0.28337193,1.6710218,2.196568,1.8776743,0.84155756,0.4685446,0.11023068,-0.827519,-0.79518473
-0.3787191,0.83935606,1.5573188,1.9816161,1.685805,0.4570325,0.4174942,-0.260784,-1.113302,-0.91237104
-0.73143077,0.7041744,2.099767,1.9875273,2.2123978,0.763356,0.13222699,-0.5623593,-1.8792529,-1.6221763
-0.029888235,0.28914514,1.3544716,1.7155215,1.6158262,0.49441838,0.4693517,-0.24601841,-0.76195604,-0.6578841
-0.6129101,0.83622783,2.1570463,2.5987828,2.5892437,0.9126706,0.48418087,-0.7600499,-1.2369165,-1.8518935
-0.08238826,0.43588528,1.5232548,2.1801207,2.082214,0.9374037,0.7823432,0.069660224,-1.1482927,-1.7359902
-0.7970416,0.2263921,0.86950123,1.6285424,1.0979989,0.48925775,0.6451224,-0.22568735,-1.1542695,-1.060562
-0.32889587,0.6370362,2.197679,2.5114422,2.5141957,1.0373732,0.1506455,-0.10228178,-1.2241167,-0.9087306
-0.4955018,0.094684295,1.5043784,1.5314132,1.8510201,1.3117614,0.4758368,-0.25820988,-1.0994421,-1.7469392
-0.45365927,0.77622074,1.2523065,2.5000367,2.3005378,0.7983647,0.5863257,-0.31301275,-1.2518548,-1.1521041
-0.7110815,0.9105495,2.078733,2.1576414,2.1938074,0.3249791,0.28921235,-0.22267167,-1.4215267,-1.866953
-0.31881535,0.1602213,1.9540952,2.9866707,2.365113,0.76924044,1.0161979,-0.039342903,-1.485134,-2.166056
-0.7875078,0.5042899,1.628345,2.4047341,2.2271068,1.1686225,0.43247017,-0.39886376,-1.3496883,-1.6936632
0.40395707,0.77619636,1.780554,2.4197521,2.2879868,2.1391623,0.9775269,0.008051843,-0.99466467,-1.5594875
-0.4061374,1.070061,1.5429792,2.4114788,1.5856272,0.84239745,0.64728206,-0.5524398,-1.3819497,-0.5370135
-0.06197226,1.2670879,1.6435863,1.3224057,1.3358338,0.6881716,0.28477192,0.1792745,-0.94065857,-0.9929609
-0.44259518,0.29924288,1.7725416,1.9650966,2.2284892,0.73040396,0.64355683,-0.17387617,-1.0352185,-1.5855647
-0.30719414,0.7518712,2.7480323,3.207684,3.0441368,2.1015706,1.3183502,-0.1527384,-1.3178915,-2.3067641
-0.99735093,0.5996271,2.3202221,2.5791233,2.3229837,1.4980022,0.33375758,-0.6689936,-1.296944,-2.3002954
-0.1201568,0.31247932,2.0001411,2.3719404,2.6074355,1.3288151,0.48548633,-0.74645615,-1.6896937,-1.937938
-0.25798526,0.5105259,1.9084625,1.3932735,1.2100781,0.5986213,0.3746673,-0.60895103,-0.84790146,-0.92726487
-0.29859912,0.75523543,1.0929356,1.6062486,1.813732,0.41158503,0.07984206,-0.18682401,-0.692865,-1.0205996
-0.81593937,0.48812547,1.8042043,2.772897,2.085181,1.1566303,0.68607277,0.09405557,-0.97981536,-1.5616156
-0.3248546,0.501133,1.3562144,1.2954276,2.0191724,1.1898466,0.5969563,-0.14229767,-1.0317796,-1.4446093
-0.16859898,0.06302631,1.4839966,1.8261222,1.6989499,0.65921223,0.59670573,-0.24751565,-1.3754464,-1.3679823
-0.37120932,0.45995075,1.6171314,1.9765478,1.8085546,0.67058665,0.9077757,-0.32593927,-1.4661884,-1.8094089
0.058100093,1.0430448,2.0459473,2.5120625,2.1896093,1.1464407,0.71081626,0.014857557,-1.368853,-1.2823722
-0.22394606,0.6018483,1.1044075,1.8520486,1.5369685,0.5124975,0.72271216,0.51089287,-1.2775806,-1.0303601
-0.7352727,0.13778405,1.1991763,1.6696677,1.1162436,0.30519846,0.48088962,-0.42377007,-0.8439706,-1.0364807
-1.0276538,0.88287014,1.6259893,2.4818792,2.2339833,1.1130953,0.52742773,-0.6267825,-1.7671595,-1.4675522
0.053264797,0.484058,2.2414596,2.0586803,2.2660103,1.304346,0.7281754,-0.37652487,-1.3425646,-1.3027338
-0.5463601,0.30446723,2.031289,2.3688507,2.244901,1.0553493,0.4887216,0.16382943,-0.938158,-1.3248653
-0.16874552,0.615155,2.174205,2.3506763,2.45848,0.8664758,0.43295434,-0.80250245,-1.6334457,-1.5893943
-0.43435287,0.70614415,1.5614904,2.246576,1.8045189,0.9037331,0.3087957,-0.2041672,-1.2035786,-1.1684207
-0.37242278,0.4137797,1.3814173,1.79986,1.821372,0.8025187,0.3921122,-0.4093748,-0.8941389,-0.9396584
-0.5059252,0.4470448,1.2396945,1.743789,1.6643939,0.87028307,0.28228042,-0.43675786,-1.112336,-1.008766
-0.38225245,0.6380225,2.6027887,2.737407,1.9235873,1.3626214,0.51633614,-0.6724713,-1.3222245,-1.788667
-0.7705626,1.2466896,2.1119893,2.0694835,1.7092805,0.4579268,0.29510334,0.31782588,-1.2075784,-0.9175114
-0.2635802,0.34426966,0.9020159,1.5603206,1.8312715,0.55019015,0.65337443,0.45704758,-0.6091852,-1.0021579
-0.13757795,0.8687643,2.2161832,2.2971067,2.128845,1.1928656,0.69000196,-0.036703344,-1.4910461,-1.2046328
0.1232234,0.64778507,1.6102982,2.2536416,1.9755555,1.1047373,0.60133487,-0.45555675,-1.0221633,-1.0287542
-1.0703074,0.47854462,1.0916063,1.6624131,1.4942111,0.5691316,0.7180524,0.14468361,-0.9579518,-1.593214
-0.32445785,0.68386245,1.2584008,1.4692234,1.131245,0.7348297,0.57564205,-0.52621657,-1.1834732,-1.1793146
0.13169411,0.7273503,1.0058485,1.2499243,1.1963619,0.6735739,0.7264399,0.30759448,-1.0270542,-1.176312
-0.9782248,0.23735218,2.0414243,3.1656992,3.7198977,2.2123086,1.0297178,0.15848663,-1.230488,-1.7267606
-0.19620585,0.87016886,2.692359,3.6705046,3.0161824,1.5090894,0.40312642,-0.59500355,-2.0368252,-2.0226893
-0.6047832,0.93256307,3.175602,4.3530393,4.5660686,2.6076143,1.0394299,-0.4444125,-2.0782154,-1.8641907
-1.1686502,0.8663476,2.7681298,2.7596233,2.3441153,1.3517176,0.9426282,-0.22296551,-1.7484679,-1.1434854
0.10074129,1.0155762,1.4722635,2.30778,1.7831943,1.0004382,1.0944815,0.11740126,-0.59046817,-1.643121
-0.43432564,0.55640423,2.9593148,2.53335,1.7608622,1.1586379,1.2697237,-0.31686297,-1.5741972,-1.5581511
0.17033371,0.6027388,1.7576902,1.7028601,1.8464353,0.6558937,0.614917,0.24752747,-0.88795406,-0.5755539
-0.41716006,0.9087402,1.889088,2.08895,1.7447734,0.87014437,0.5631859,-0.37918454,-1.7276455,-1.0834244
0.10563957,0.681625,1.3646573,1.9377195,1.9256357,0.63326305,0.33851945,-0.17279214,-0.7796772,-1.354966
0.008543012,0.7207527,2.2621129,2.9351645,2.4738863,1.0018995,0.64898086,0.36297712,-1.3208114,-1.9003228
-0.5016202,1.6417294,3.256154,2.9376829,1.946172,1.1629028,0.5055188,-0.45333195,-1.3276025,-1.0742465
0.33759588,0.9689716,2.0527072,2.280147,2.0795975,0.88358396,1.0243348,0.78029484,-0.7433882,-1.0503935
-1.4625527,0.2911227,2.291118,2.7984183,2.5019383,1.4758866,0.5807908,-0.6008866,-1.0990236,-1.5648372
-0.6880863,0.7696328,2.0584352,2.3394246,2.1489778,0.54615873,0.3162227,-0.19516928,-0.9374252,-1.6101402
-0.45896462,0.28812227,1.2233438,1.2811449,1.6002712,0.7468947,0.46977276,0.03252644,-0.6221627,-0.73398614
-0.17483038,0.43680614,1.5075247,1.7461175,1.5352085,0.51090276,0.4790408,-0.11487741,-0.7977153,-1.3065703
-0.41520104,0.2222265,1.865793,2.3366063,1.6105808,1.113056,0.7061274,-0.5353318,-1.3745284,-0.9467638
-0.06604236,0.65838534,1.5116714,2.4759352,1.8015068,0.83303547,1.1671214,0.25136313,-1.1169608,-1.3513559
-0.1104239,0.6397787,1.3142613,1.15624,0.91601634,0.4039646,0.370003,0.1511998,-0.97203374,-0.80002236
-0.37665498,0.66726965,2.0701032,2.366274,2.287676,0.8946542,0.48075354,-0.49122837,-1.7764536,-1.544577
-0.31843328,0.17531072,1.4187583,1.785876,1.8200868,0.4277674,0.42431736,-0.03218535,-0.6235482,-1.0879167
0.6052125,0.47429672,1.3559778,1.3597548,1.3073496,0.85652703,0.57829523,-0.081858255,-0.84652305,-0.9828322
0.26391906,0.60669523,1.7657477,1.2140539,1.492856,0.94291234,0.73479474,-0.31116453,-0.5250052,-0.6119513
-0.9800082,1.185239,1.714666,2.203572,1.8199655,1.2500936,0.7648027,-0.17993747,-1.4895071,-1.3509834
-0.10004456,0.62695515,1.8725622,1.6802413,1.5126886,0.43101668,-0.123505615,-0.45318034,-1.1394997,-0.98471606
0.22125411,0.4966161,2.0259457,1.6860951,1.6713513,0.7520388,0.81388867,-0.2836714,-0.7285715,-0.92331976
-0.185635,0.43227503,1.5982248,1.8481152,1.6995134,0.6313531,0.80297357,0.75569934,-1.2508761,-1.9689872
-0.4918128,-0.08821368,1.3053503,2.1009922,2.317116,1.0016927,0.7267862,-0.17116618,-1.0273556,-1.4845754
-0.75763935,0.97178376,1.1675868,2.1992204,1.538973,0.7849671,0.47927654,-0.3734971,-1.2891284,-0.7840848
-0.1351254,0.3801292,1.4593002,1.7160715,1.6643014,0.35817796,0.4084622,0.38960657,-0.5656788,-1.2380306
-0.5052015,0.4080118,2.1573634,1.9031744,1.6265888,0.5796564,0.46399856,-0.035544463,-0.98484874,-1.2059851
-0.022824764,0.56916875,1.5007912,2.2022586,2.2937565,1.1408424,0.75917494,0.116448894,-1.2390233,-1.496434
-0.40766403,0.46490687,1.8491898,1.7462242,1.7977331,1.1515268,1.0685997,-0.36779723,-0.68752706,-1.6383216
-0.36094284,0.6622456,1.4052702,1.7137141,1.8139266,0.9055432,0.4361353,-0.040425997,-0.6513697,-1.2621331
-0.04320963,0.9449397,1.2975603,1.745833,1.6313715,0.62700707,0.82953876,-0.23153912,-0.9196367,-0.819003
-0.093312345,0.66082263,1.9445785,2.3097236,1.520708,0.7663616,0.7554828,-0.28015727,-1.2435925,-1.0485348
0.1107836,0.70647126,1.2298182,2.038065,2.0542974,0.86002064,0.55337936,-0.40478706,-1.0014777,-0.7358669
-0.35194096,1.223572,2.0826175,1.7419584,1.5726607,1.281506,0.7079978,-0.12536602,-0.9844065,-0.6729096
-0.18952152,0.31895694,1.8224217,2.20108,1.8903501,0.5232932,0.4482646,-0.34698433,-1.121952,-1.3540454
0.08815236,0.71532434,1.5198478,1.5694104,1.6609814,0.36085853,0.37472567,-0.04625981,-0.5345776,-0.8009684
-0.10483596,0.41058207,1.3275801,1.4808483,1.1896164,0.37949723,0.13853364,-0.13836867,-0.8436368,-0.6954249
-0.32789922,0.3171299,1.7591462,1.8479861,1.5085233,1.0598205,0.65449244,-0.6447146,-1.3352381,-1.3809048
-0.08414845,0.30240303,1.3631335,2.3387496,1.731904,0.12428321,0.47571927,-0.006457322,-1.2815171,-0.74527067
-0.3397508,0.24665977,1.7616528,1.4968027,1.5978473,0.32051012,0.36791506,-0.3727076,-0.9148558,-1.086055
-0.14279813,0.61493117,2.5935779,2.6318135,2.3099039,1.05386,0.82461745,-0.09465645,-1.1565416,-1.5623595
-0.4286963,0.44596028,1.5791909,2.1815367,2.1580954,0.92624575,0.84181386,0.06805204,-1.2517749,-1.6891196
-0.79257554,1.1915882,1.8469799,2.474421,1.9030108,0.876076,0.34141338,-0.08755249,-1.2706892,-1.735934
0.05059203,0.4615467,1.8299927,2.1559,1.8450271,1.2094318,0.9655533,0.32518873,-0.8025218,-1.1863071
-0.34324184,0.7033645,1.4489808,1.7413669,1.4034863,0.87409776,0.51997477,-0.17549036,-1.1928135,-0.92667305
-0.28657687,0.13781448,1.1972871,1.5065072,1.2921443,0.53596675,0.1748669,-0.34070748,-0.9920479,-1.376604
-0.69389594,1.0082009,2.2381556,2.5712776,2.468388,1.1096934,0.39508432,-0.442627,-1.1226478,-1.030614
0.1015028,0.5753131,2.4859943,3.2040634,2.5453959,1.4678401,1.5643873,0.16367163,-1.7043158,-1.6004295
-0.41678438,0.48876363,1.543161,2.2829041,1.9338726,0.80117935,0.44570518,-0.2865772,-1.1057855,-0.9007757
-0.020326328,0.4667632,1.6031048,2.6143754,2.1382923,0.94700146,0.20599438,-0.84669924,-1.0229435,-1.5289669
-0.31473416,0.8424194,3.0398715,2.8452427,2.0860703,1.1648511,0.80117375,-0.1442043,-1.2281787,-0.9421859
0.039051406,0.8088009,1.5407624,1.9278951,2.0351613,1.0342045,0.6228437,-0.048878994,-0.69804937,-0.65012145
-0.48699918,0.99085945,2.3811216,3.3313825,2.2953815,0.8547288,0.3920959,-0.20135592,-1.2133709,-1.9582257
-0.34793836,0.5396169,2.2037003,1.9872068,1.6551894,0.2992854,0.64603084,-0.24545836,-0.8733017,-1.0027996
-0.37283435,0.7898048,1.6008781,1.9821731,2.2921774,1.3170216,0.91002977,-0.10677897,-1.366221,-1.8300756
-0.4115367,0.7047927,2.404999,2.4869676,2.2812102,1.0967375,0.019853618,-0.52067006,-1.3919102,-1.6714634
-0.65961564,0.5863325,1.4835438,1.6098611,1.6273854,0.5646371,0.08361839,-0.24419212,-0.9522675,-1.1544733
-0.16265932,0.37734574,2.0194404,1.7515754,1.3186295,0.90678567,0.6579392,-0.30177534,-0.79622555,-0.8694431
-0.51904273,0.6839279,1.6357188,1.8627207,1.6542131,0.80384386,0.628692,-0.13211808,-1.351885,-1.2864915
-0.4732979,0.46293506,1.9114532,2.3265436,2.0671933,0.5332864,0.7350541,-0.18748772,-0.6980566,-0.7683974
-0.3429748,0.67841387,1.3932384,2.0965097,1.8600068,0.6535037,0.46059203,-0.06405998,-0.91541594,-1.0633185
-0.6508293,0.35166177,1.0430452,1.5049611,1.9790021,0.5495981,0.3457891,-0.043565433,-1.2226213,-1.2637806
-0.8225048,0.36566108,1.9580928,2.2431633,1.9680225,0.6679198,0.35536364,-0.5707701,-1.4003003,-0.7290643
-0.4269037,0.5100341,1.8803486,2.1048787,2.2266815,0.8460972,0.44179842,-0.079845645,-1.159943,-1.6084096
-0.5028081,0.40569422,1.5942725,1.8741348,2.0408242,0.4977547,0.29126403,-0.3958291,-1.1046244,-1.8861122
-0.24126422,0.6122728,1.7660824,2.0040448,1.6835598,0.44053048,-0.05867512,-0.5223103,-1.4238349,-0.8897603
-0.6837455,0.85891974,1.9791929,2.4471714,1.8949245,0.71274525,0.45138106,-0.18100761,-1.2748781,-1.0829047
-0.062397294,0.79291135,1.7647969,1.549832,1.1895696,0.33215088,0.65564317,-0.25283757,-1.125031,-1.022195
0.22139657,0.23656633,1.3170853,1.9693122,2.0515878,0.39214435,0.26536003,-0.19126756,-0.9112039,-0.8532124
-0.073740475,0.3815074,1.711734,1.998406,1.7474203,0.97484815,0.093719795,-0.5854202,-1.1503338,-0.79852724
-0.07415529,0.45461565,1.4699306,1.8983039,2.1779883,0.65479964,0.4255051,0.2544018,-0.9723698,-1.3869022
-0.43384835,0.23167422,1.9628186,2.127735,1.8053762,1.3412942,0.5255502,-0.42733505,-0.9857664,-1.3451958
0.34159154,0.25969407,1.7233886,2.6889536,1.97485,1.3847181,0.9280192,0.21332759,-2.0660937,-1.4011402
-0.842294,0.8785913,1.656662,2.033455,2.3358717,1.0028112,0.16033977,-0.09622036,-1.3858736,-0.9886058
-1.2085161,0.83449113,1.9203925,2.413163,1.7751344,1.1869864,0.2935699,-0.17002206,-0.95275414,-1.1821057
-0.062450126,-0.19282782,1.1462332,1.8133149,1.5561304,0.70452964,0.35476232,-0.41283742,-0.9625131,-1.0517476
-0.7783437,0.7607151,2.5367007,3.1567276,2.9530137,1.1663967,0.68308324,-0.48554385,-1.60661,-2.075807
-0.42275128,1.375424,2.2025847,3.5210657,3.206657,1.5688396,0.5499284,-0.5691923,-1.6830527,-1.8387306
-0.37716147,0.64709264,2.6040323,2.8899238,2.9676323,1.0719789,0.62828755,-0.1995263,-0.9663743,-1.8243482
-0.19433394,0.7387981,1.8583078,2.744584,1.9027168,1.5798304,0.57993346,-0.48709223,-1.2556748,-1.3303236
0.01808286,0.525423,1.3501675,1.4004204,1.2005494,0.3423403,0.68756056,-0.44454846,-1.0044554,-0.9670051
-0.36238658,0.66532576,1.2292471,1.565358,1.4073243,0.52223974,0.4369041,0.20334029,-0.9882281,-1.2570363
-0.78849447,1.0841573,2.5693388,2.579002,2.1011443,1.2130705,0.30062607,-0.8392623,-1.507387,-1.4362357
-1.2516954,0.9517211,2.757565,3.2806575,2.3627868,1.1977807,0.30675355,-0.9755243,-2.4273546,-2.326868
-0.24622169,1.0207025,2.068106,2.5724425,2.4190195,0.98063254,0.3352059,-0.07216218,-1.7255514,-1.6090674
-0.31140515,0.5553228,1.1735144,1.1635532,1.4798151,0.56876016,0.43335128,-0.2214985,-0.65681916,-1.0911249
0.10288217,0.4795765,2.2940874,1.7759767,2.2198994,0.8202728,0.48826456,0.17999102,-0.84425664,-1.0541302
0.028192962,0.90047747,1.7799747,1.951942,1.7616452,0.6861963,0.28782427,-0.6188355,-1.1253177,-1.1455624
0.21412086,0.37687436,2.3107011,1.7141901,1.9546372,1.0233387,0.7768667,-0.578481,-0.6797929,-0.9732263
-0.23368546,0.88994366,1.686265,1.9431745,1.736716,0.4516706,0.5338382,-0.26334238,-1.6220075,-1.3108515
0.105804816,1.1869054,1.8648727,2.1994123,1.4990213,0.6591376,0.7973468,-0.033087853,-1.0770422,-0.788371
-0.26041272,0.44144392,1.5389278,2.4663758,2.3695357,1.0668929,1.0320237,-0.24795955,-0.9909539,-1.4948714
0.08251265,0.7910166,2.4080725,2.570952,2.7477164,1.5355908,0.7495301,-0.75085115,-1.6054037,-1.4032607
-0.28037167,0.54724866,1.0025384,1.599789,1.4288042,0.6994025,0.37892032,-0.08120244,-1.2310718,-0.66060805
-0.38222155,0.7288812,1.9778626,2.153272,1.6005952,0.6523804,0.1714895,-0.6188683,-1.655422,-1.36674
-0.8482299,0.59030163,2.3016224,2.9020765,2.1676059,0.9775698,0.27237067,-0.59728974,-1.8935838,-1.5463347
-0.39581943,0.95282555,2.7195573,3.3356757,2.8511178,1.3139871,0.993852,-0.276274,-1.5898451,-2.4209576
-0.2506268,1.2490911,3.1208382,3.074294,2.7778006,1.5730655,0.4705875,-0.6726793,-1.4906265,-1.3402295
-0.96364456,0.528105,1.6929036,1.9312073,2.1571906,1.4984478,0.5079832,-0.47931662,-0.9421877,-0.6632575
-0.015734762,0.3215248,1.5432338,1.8175703,1.4639862,0.85088646,0.3866961,-0.44708923,-1.3532515,-1.288767
-0.119633935,0.7391762,0.8028711,1.8247663,1.434745,0.9294796,0.21546367,-0.100177065,-0.81853956,-0.74270296
-0.4400504,0.18735747,1.5404595,1.8742025,1.8430626,0.41352913,0.6868143,0.1258531,-0.90203947,-0.51515347
0.3141593,0.740946,2.392983,2.1614015,2.4486022,1.3307753,0.8571894,0.0018514073,-1.2200663,-1.3874081
-0.8585169,0.8432107,2.4652832,2.4988225,1.6151576,1.0439082,0.7650664,0.25712046,-1.2292664,-1.2035575
-0.13598844,0.16947575,0.87892604,1.6822497,1.0496161,0.75529724,0.6713477,-0.2703999,-0.9075654,-0.94583946
-0.5462272,0.44230407,1.5186228,1.5227573,1.4433268,0.8695907,0.50440305,0.08899443,-0.8700279,-1.1351724
-0.19128045,0.6107194,1.6296736,1.6724515,1.5720552,0.8788118,0.83670014,-0.25353584,-1.0150028,-0.95882994
-0.9508165,0.33641616,1.6181676,1.5059208,1.4196644,0.7596549,0.6356166,-0.024191052,-1.2695526,-1.120507
0.038000826,1.0363975,1.8529679,1.8217545,2.0243635,0.6039745,0.52483755,-0.038670406,-1.0016506,-0.7689481
-0.9323822,0.74333924,1.9573196,2.8340316,2.5116105,1.1000053,0.5937706,-0.2599516,-1.4594166,-1.49896
-0.92282414,0.43875295,1.3045206,1.4494046,1.7056888,0.9238077,0.7020031,-0.1429187,-1.5098825,-1.1275399
-0.062054917,0.331047,1.4384423,2.2431164,1.9207364,0.67990166,0.1702615,-0.31764987,-0.9756404,-1.0429833
-0.12331963,0.08344251,0.9639835,2.0385852,1.4981343,0.5299603,0.33351713,-0.09105151,-0.81078315,-1.0422832
-0.096331485,0.69362795,1.2946986,2.0601487,1.24147,0.6258056,0.2399295,-0.41951904,-1.1828706,-1.0481639
-0.31826514,0.37314495,1.475446,1.3818855,1.8078468,0.56326985,0.5073221,-0.10430074,-0.8507168,-0.61509657
-0.918484,0.52115345,1.119146,2.3450115,1.8627279,0.3954353,0.04153257,-0.84617865,-1.2811881,-1.526926
-0.56310415,1.0905962,2.064536,2.5349596,2.317555,1.0978267,0.10277818,-0.270602,-1.7581476,-1.5223598
0.007824217,0.6360168,1.6289264,1.9115952,2.0048954,0.9068764,0.38723525,0.012116251,-0.9503573,-0.6409457
-0.42694205,0.4811886,1.634013,2.0252163,1.6460394,0.7429592,0.5934397,-0.4677904,-0.9701827,-1.11953
0.19785708,0.35226274,0.57307583,1.82435,1.5346651,0.39381605,0.42443874,0.32874724,-0.65624756,-1.0243981
0.12555233,0.6115981,1.7893139,2.2322438,2.234473,0.9495028,0.3014347,-0.37166134,-1.123463,-0.9018885
-0.4291089,0.2781553,1.4391145,1.9661071,2.070801,1.1785085,0.22314256,0.09279494,-0.78315216,-1.3157443
-0.6134729,0.35784876,1.9876438,2.383502,1.7633791,0.37873527,0.48208368,-0.07621939,-1.3366327,-1.7991304
-0.6083067,0.30642325,2.0446267,3.2312293,2.982321,0.9035223,0.6526665,-0.20341115,-1.7431278,-0.7887284
0.37125605,0.9504154,2.6638606,2.6793246,2.103939,1.0410995,0.7085149,-0.123500586,-1.2040175,-1.6002313
-0.4817126,0.5981837,0.97372246,2.0692005,1.9908651,0.71949196,0.27518842,-0.3064289,-1.3157946,-1.133523
-0.7012918,1.282997,2.923627,3.5749693,2.742062,1.7777171,1.012515,-0.20101294,-1.9055241,-2.098634
-0.5497196,0.98083925,2.1226976,2.5649705,2.3219888,1.270247,0.86598873,-0.6084602,-1.156557,-1.0740131
-1.1037902,0.973282,3.1236355,3.278307,3.079877,1.1006731,0.7779054,-0.50685745,-1.9921627,-2.6870708
-0.9717815,1.0641407,2.4051218,3.2372375,2.9198647,1.7022331,0.9976362,-0.630387,-1.715753,-1.4264113
-0.29015303,-0.021750806,1.9955529,3.4009366,2.3904834,1.3462911,1.4281325,-0.06325239,-1.4957386,-2.0250187
0.5624839,1.7118931,2.9987738,3.387834,2.873851,1.5919833,0.6519398,-0.5842449,-1.587184,-1.6240183
0.3025222,0.7984236,1.5362763,1.932512,1.3000684,0.86005133,0.91054046,0.43237597,-1.1780795,-1.5381138
-0.36145675,0.38764632,1.5142043,1.8830429,1.441916,0.4441975,0.50663763,-0.385552,-1.5090556,-0.94885856
-0.22476208,0.6370162,1.3865104,2.0462987,1.5474098,0.6559236,0.3007862,-0.241553,-0.7513182,-0.60176915
-0.05600565,0.032281343,0.55713934,1.2745619,1.3751303,0.70339024,0.53940696,0.34743822,-0.67860544,-0.75173545
0.1399155,0.8647328,1.7906542,2.051586,2.2649407,0.71050495,0.7531362,-0.43995336,-0.86978346,-1.0921106
-0.16639149,0.7548792,2.4918244,2.82423,2.692753,1.1867293,0.50623345,-0.65820134,-1.7271507,-1.1085371
-0.24153605,0.6062707,1.5866567,1.9398669,1.431517,0.97523403,0.14579318,-0.47329044,-1.3416233,-1.0211794
-0.019734696,0.8849986,1.7108175,1.3028349,1.938243,0.5677742,0.69764316,0.07275595,-0.7539375,-0.6672993
-0.28210932,0.19926956,0.93675715,1.1568179,1.2072257,0.5536574,0.6051394,-0.06913385,-0.7139633,-0.82611936
-0.1455056,0.5104693,1.8889571,2.3822727,1.5711151,0.53534615,0.7565741,0.20249434,-1.2255006,-1.3362972
-0.2447015,0.10152943,1.336831,2.3037548,2.8025742,1.3452264,0.520811,-0.37326822,-1.0470418,-1.1627138
0.29924992,0.8545339,3.0663023,3.3858423,3.1917667,1.4294796,0.5285942,-0.62933266,-1.860123,-1.4862152
0.21937266,0.7163029,1.4295048,1.7614421,2.3324344,1.350784,0.79780275,0.32416964,-0.3157179,-1.2083888
0.43286458,1.1332054,2.126345,2.669293,2.8565562,1.741143,0.9605163,0.026988972,-1.2112472,-1.0551511
-0.69520116,0.9892284,1.6459624,2.4096174,1.8131961,0.70824844,0.63841784,-0.5897234,-1.6992732,-0.9996182
-0.36186638,0.8764275,1.6532153,2.0834134,1.6047497,0.8612942,0.66688025,-0.19886798,-0.98531914,-0.9241752
-0.6127877,0.6701833,1.5595793,1.6719103,1.7043766,0.5781451,0.4660365,-0.05507886,-1.177525,-1.1305894
-0.28801078,0.44019544,1.3987758,1.8838668,1.5920919,0.42491987,0.115230605,0.06896328,-1.0186458,-1.1561221
-0.61622506,0.6184424,1.7289782,2.4971004,2.2794018,1.236832,0.49264538,-0.42537197,-1.5924072,-1.4206463
-0.86811763,1.0280025,1.8460802,2.4699173,1.8464475,0.97854304,0.67380583,-0.07653402,-1.142309,-1.4151996
-0.7777169,0.4230905,1.8232118,2.2087705,2.059318,0.98411727,0.93568015,0.46061194,-1.0187705,-1.5614926
-0.1509017,1.284353,1.8852196,2.105978,1.9496741,0.990005,0.6087886,-0.37058228,-1.482814,-1.392069
-0.67543644,0.4436369,1.3741596,2.1327033,1.2901591,0.35453072,0.733106,0.03642637,-1.0187165,-1.5054028
0.41377565,0.4732684,1.1846157,1.6437322,1.9128006,0.8006829,0.40325147,0.16386986,-0.81592417,-1.2426878
-0.4895284,0.46744555,1.3920977,2.0805788,1.9108653,0.99016535,0.3848942,0.17031337,-1.1299706,-1.0758952
-0.183056,0.38400638,1.4762719,2.170495,1.8518523,0.30742225,0.89459974,0.34393564,-1.2149944,-1.3788058
-0.8890892,0.96293074,2.24933,2.9353018,2.4245777,0.7103665,0.46875477,-0.9453186,-1.3775324,-1.3070474
-0.9284243,0.65995014,1.8499441,2.2656293,2.2895627,1.5396239,1.047542,-0.47838455,-1.9086562,-1.6577423
-0.51029366,0.65828264,1.1901591,1.4345675,1.1697911,0.42462775,1.1493508,0.027218489,-0.82792836,-0.4244034
-0.116744526,0.5465185,1.6928402,1.647667,1.8590415,0.82884336,0.5128869,-0.23675649,-0.84739345,-1.1638753
0.085176095,0.3916649,1.6440513,1.5097619,1.2686675,0.59576833,0.40447167,-0.09226844,-0.767269,-1.1796786
-0.118389525,0.6204022,1.4824648,1.8014202,1.3849132,0.3820217,0.45281798,-0.10555607,-1.248889,-0.6656715
-0.6101272,0.32606003,1.4473763,1.7582378,1.6523165,0.6407793,0.5262139,-0.13755088,-0.8463334,-0.8516493
-0.094251014,0.47102335,1.6259706,1.7291217,1.8029451,1.1576785,0.29460666,-0.04629815,-0.8032001,-1.0579959
0.07665807,0.3327564,1.0407985,1.8815792,1.66916,0.6934288,0.502462,-0.07759725,-0.3920121,-0.77214956
0.05789937,0.6473809,2.0585742,1.7852676,1.7777338,0.17280257,0.57272553,-0.3888604,-1.2768385,-1.2553114
-0.13155809,1.3298384,3.3849678,3.4024894,2.826057,1.191063,0.33920893,-0.50013375,-1.4666146,-1.4563831
-0.41327196,0.54546666,2.7004738,2.1845212,1.9802011,0.80681777,0.16594492,-0.22738145,-1.321361,-1.7474905
-0.5275013,1.0695341,1.6843215,1.384352,1.3580005,0.3176826,0.1340155,-0.41839266,-0.741505,-1.0284561
-0.36422318,0.611228,1.5019878,1.7527307,1.7658643,0.9602518,0.49519247,-0.19048621,-1.0710243,-1.0067658
-0.652483,0.7063181,1.289766,2.4695787,2.197332,0.53007424,0.3763682,0.037209474,-1.0259798,-1.1245899
-0.041285418,0.40269965,1.8270105,1.848662,1.4017206,0.7524302,0.43197286,-0.04417672,-0.55868286,-0.73770034
-0.16032445,0.56264687,1.7366979,1.5409561,1.6107118,0.28981012,0.24229163,-0.29783142,-0.92014587,-1.1203349
-0.4875801,0.87460923,1.8207906,1.5277202,1.1762093,0.3533421,0.41122544,-0.19188803,-1.2133042,-1.021787
-0.078406066,0.29763335,1.5092349,1.6574953,1.5830406,0.7304137,0.8174587,-0.21229924,-0.77868795,-0.6875812
-0.2602859,0.6879439,2.324266,2.6878564,2.3509424,0.91597354,0.8498852,-0.5171193,-1.2371937,-1.3684272
-0.054049313,1.4583843,2.6825945,2.869488,2.2004924,1.09572,0.15626203,-0.786246,-1.3564837,-1.6213351
0.09163446,0.46817008,1.523552,1.9665811,1.9732627,0.6611216,1.0432667,-0.13768761,-1.1667206,-1.389508
-0.1543788,0.37008533,1.9944335,2.315202,1.8047878,0.77130526,0.48153567,-0.41779384,-1.7306195,-1.5170871
-0.13348085,1.4028538,1.7952226,1.9117906,1.4123136,0.70306736,0.39687124,-0.48744652,-1.2565556,-1.0583619
-0.4559316,0.8075736,1.2684389,1.6052343,1.138042,0.18278538,0.54002506,0.23310776,-1.0211024,-1.2299643
-0.040335357,0.6169429,1.4594797,1.3633314,1.4716997,0.9041996,1.0249126,-0.19945005,-0.9772626,-0.7138784
-0.36239576,0.50430185,2.2243767,2.2768657,1.6102324,0.47274572,0.151385,-0.25137925,-1.2307842,-1.1036559
-0.3995353,0.3405916,1.7775555,1.8061874,1.8630373,0.66453123,0.69476336,-0.2803469,-0.77674913,-1.1311584
-0.20238402,0.4559711,1.5300659,2.176032,2.1492126,0.902662,0.21850538,-0.43642253,-1.2173442,-1.3731418
-0.1935024,0.6653107,1.971713,1.9537942,1.8650867,0.7903763,0.6163735,-0.47163868,-1.2744935,-1.6590866
-0.24906927,0.25722572,1.7812029,1.836884,1.6184207,1.0597361,0.32446912,-0.3428515,-1.1021311,-1.28012
-0.30746347,0.4678471,0.92671096,1.4523714,1.3025875,0.54522973,0.4653958,0.2204018,-0.7730043,-0.54588807
-0.15583953,0.5132931,0.95176554,1.3030095,1.7164152,0.11584823,0.5066154,-0.06373488,-0.60979927,-0.70558566
0.015193209,0.39565068,1.1587704,1.6927887,1.6295455,0.38001978,0.31378382,-0.5920107,-1.0955657,-1.6086628
-0.009253571,0.7436509,1.6338556,1.719941,1.620362,0.4257231,0.39355558,-0.9255117,-1.2125267,-0.7919265
-0.25631273,0.6646704,1.5071943,2.0025196,1.627885,0.5949097,0.4320112,-0.25792846,-1.0177921,-1.1552857
0.11911536,0.41284326,1.8025267,2.1349063,1.9371604,0.726333,0.40938443,-0.4600977,-1.0762271,-0.92209685
-0.1389474,0.4537994,1.3406795,1.472346,1.3583392,0.6625218,0.61923856,-0.49838966,-0.72457767,-0.61885273
0.010108587,0.49649134,2.2998583,2.2564294,1.8299868,1.0039839,0.7111567,0.008000111,-0.8364163,-1.21932
-0.8591443,0.75468653,1.7365481,2.7442563,2.5663862,0.76452094,0.7064575,-0.5645961,-1.4498549,-1.737604
-0.14464071,0.5849433,2.524053,2.7344174,2.2068994,1.2869979,0.43648264,-0.8492825,-1.5761842,-1.6520296
-0.6714113,0.052691214,1.1460552,1.3202323,1.1617649,0.6828388,0.30814165,-0.48353526,-1.0336504,-1.0215945
-0.39242992,1.0332069,1.4176799,1.958292,1.9067152,0.93353194,0.1618049,-0.55241203,-1.5385073,-1.0982696
-0.38189372,0.92671186,1.8943915,2.2962856,2.0112298,1.0505604,0.21095003,-0.41161472,-1.1197222,-0.82887155
-0.48080707,1.1951941,2.8389964,3.181923,2.7052948,1.2819433,0.64391744,-0.7561733,-1.659215,-1.7890124
-1.1185305,0.7077405,2.240302,2.7083232,2.136055,0.901209,0.20032889,-0.5785234,-1.530485,-1.5905155
-0.39849037,0.40427878,1.6653217,1.1894698,1.4424512,0.9887403,0.54481614,-0.39821666,-0.99060094,-0.69783485
-0.4274887,0.024171473,1.747267,1.514552,1.7395203,0.6393324,0.56341344,-0.31012365,-0.851288,-1.583065
-0.45621192,0.4686089,1.4119116,1.8112006,1.742035,1.238176,0.6672193,0.4682666,-0.5091161,-0.5872947
0.068844564,0.23338655,1.4912544,1.957752,1.7482522,1.0074407,0.2640015,-0.21657541,-0.80824274,-0.65730685
-0.5051062,0.30268884,1.419526,1.8902787,1.610101,0.40077868,0.26084086,0.009616009,-0.84647727,-1.5528079
-0.54355264,0.66747886,1.3488306,1.438156,1.5667276,0.8568399,0.29731232,-0.083175935,-0.86939937,-0.90074545
-0.2831398,0.7397199,1.8787384,1.9433987,1.9267423,1.2734975,1.1581906,-0.30279884,-1.2023335,-1.6390134
0.035077095,0.25688362,1.4554213,1.6594865,1.5591097,0.31089264,0.35557717,-0.44362736,-1.1216173,-1.4306465
-0.12702927,0.5609532,1.9031742,1.899704,2.1366365,0.9991071,0.51907414,-0.30543357,-1.4551308,-1.685485
-0.82460076,0.6791557,1.4775842,2.1896024,1.8946507,0.6170458,0.7509404,-0.21014528,-1.4319853,-0.81165713
-0.11497744,0.33868653,1.1723294,1.8295743,1.8324865,0.9385441,1.0900801,0.3449164,-0.9390691,-1.5295497
-0.39018416,0.67529196,1.8098097,1.584927,1.6678447,0.57951,0.859703,-0.3083236,-1.0513511,-1.2598097
-0.09221637,0.43231574,1.6883613,1.8210559,1.612487,0.21108483,0.36354393,-0.2217882,-0.6360584,-0.98495054
-0.34311467,0.89274055,1.0451771,1.6630206,1.4944161,0.47756875,-0.07765466,-0.2196747,-0.6152575,-1.140364
-0.66967744,1.1089257,2.3535337,1.8100221,1.8788517,0.45692694,0.47322446,-0.13860609,-0.9806272,-1.5261909
-0.51802266,0.33535352,1.8964859,2.3554075,2.4343696,0.96316016,0.45036125,0.0965871,-0.97207093,-0.9931572
-0.41052356,0.7189254,1.8076491,1.956268,1.8722638,1.0394411,0.068510115,-0.5450287,-0.7189372,-1.4553694
-0.33960417,0.34495535,1.5269705,1.8601114,1.4600376,0.5233397,0.29574254,-0.44058868,-1.1818861,-1.2622814
-0.33411744,0.8258783,2.353441,2.1439888,2.1416278,1.2644488,0.30147225,-0.65453124,-1.877401,-1.5610622
-0.25855857,0.18046635,1.7844696,2.2925575,1.7719733,1.0957128,0.8642899,0.023438275,-0.73058337,-1.3328129
-0.6225976,0.71374935,1.749875,2.4547768,1.7633408,0.70391035,0.59251094,-0.21468207,-1.24784,-0.9046025
-0.2753054,0.47364572,1.1503994,1.3390448,1.5402937,0.5886823,0.40189072,0.20358273,-0.69750094,-1.1391242
0.12382281,0.45854193,2.125266,1.7742522,1.812785,0.49186426,0.37301075,-0.14480902,-0.6471918,-1.1789645
-0.04448244,0.4345253,0.7809892,1.2988042,1.4427284,0.23023207,0.11670709,-0.08041928,-0.5875712,-0.34362045
0.55446905,0.074563295,1.3897027,1.1155013,1.7894763,0.19261707,0.2445482,0.05603382,-1.2038645,-0.92418176
-0.8395047,0.45119724,1.6866395,2.1100578,1.8106035,1.0512537,0.3898259,-0.1760527,-1.6874715,-2.0422022
0.23613623,0.84781885,1.8534279,2.7605848,2.6983426,1.4394627,0.7434085,0.10470708,-0.6793157,-1.8228242
-0.8890685,0.654084,1.9270598,2.42126,1.3359995,0.40906438,0.60866463,-0.58960134,-1.4456496,-1.4947023
-0.393907,1.0361562,2.4298697,3.25609,2.8852186,0.65490174,0.092007205,-0.83233255,-1.5573732,-1.675917
-0.8129209,0.6160108,1.4633851,1.4951497,0.8695815,0.62628114,0.86458665,-0.5751647,-1.2723329,-0.70160496
-0.089313254,1.1411612,2.6983366,3.078939,2.5365882,0.9373707,0.29992583,-0.7104566,-1.9660939,-1.3474991
-0.4014251,1.0336818,2.2924762,2.0120878,1.844389,0.74321455,-0.021407224,-1.0176686,-0.9897615,-0.90339065
-0.16164601,0.4604152,1.2868539,1.519468,1.204083,0.5996813,0.4723333,0.07775569,-0.6454624,-0.927523
-0.37903303,0.999442,1.8936294,1.6393667,1.8181454,0.8061736,0.019744277,-0.45649174,-1.1259292,-0.7564691
-0.32240188,0.40742746,2.0083406,2.3329756,2.1173332,0.57010406,0.35030773,-0.44585234,-1.2093433,-1.7034647
-0.68285567,0.338497,1.3473997,1.6819507,1.7578796,0.34025845,-0.15911277,-0.5778187,-1.2902446,-1.0777459
-0.25694537,0.49935022,1.336236,1.6197262,1.741319,0.0981698,0.3184329,0.011428733,-0.6333789,-0.97663915
-0.23928139,0.07746891,1.2931064,1.8412292,1.7360591,0.4718542,-0.12311141,-0.4862842,-0.9260864,-1.407936
0.07372704,0.56661475,1.2749016,1.4125941,1.1544945,0.48561037,0.5163258,-0.09101522,-0.53056353,-0.7342505
-0.14413837,0.4156505,1.8798236,2.0910861,1.6398052,0.71581495,0.7367037,-0.16930921,-1.258184,-1.5551838
-0.21315467,0.48127523,1.4387877,1.7363901,1.346803,0.640819,0.9146404,-0.26211947,-0.73053426,-1.6576285
-0.149623,0.523092,1.0561324,1.4019009,1.1122055,0.47763968,0.45349482,-0.07560223,-0.7849362,-0.9069704
-0.5299369,0.29047474,1.4170113,1.7931012,1.4296701,0.63768107,0.6164366,-0.065052286,-0.6657692,-1.7352127
-0.35554305,0.28538403,1.3517666,2.333782,1.629289,0.7423259,0.58124024,-0.30389157,-1.2230303,-1.1385411
-0.024731837,0.8535449,2.0825346,2.897972,2.2555728,0.8844545,0.48556173,0.05924346,-0.8447658,-1.3158674
-0.36929494,1.0267813,2.688207,2.6420588,1.9081641,1.4705397,1.0253161,-0.0043454194,-1.2664406,-0.898082
-0.89865875,0.5177931,1.7869846,2.8786871,2.4125636,1.3771362,0.7569549,-0.13587081,-1.6938741,-1.6133461
-0.46684358,0.8570598,1.8908969,2.943656,2.456051,0.8520164,0.6100875,-0.3328301,-1.3994266,-1.99255
-0.32718602,-0.21338652,1.2400835,2.2527752,1.8874631,1.0038455,0.25885257,-0.030510513,-1.2602546,-1.1317704
-0.5012528,0.46326435,1.5785347,1.714639,1.4609482,0.8477946,0.77381986,-0.26626182,-0.65181124,-0.91006494
-0.009601105,0.79444015,1.476465,2.067114,1.8277905,0.79421574,1.0237973,-0.06735871,-1.331191,-1.7613484
-0.84458417,1.0581206,2.0530837,2.0337963,2.023374,1.0950192,0.7945165,-0.23828968,-1.388882,-1.5798932
-0.50150394,1.2328601,1.8130298,1.921189,1.7295451,0.54064786,0.31987435,0.014969077,-0.99633765,-1.0211802
-0.5098372,0.575801,1.246785,1.5439088,1.6907244,0.5581053,0.43362477,0.16806665,-1.010941,-1.5390027
-0.30425918,0.5847085,1.3862114,1.9270649,1.2489183,0.9002893,1.2065524,-0.45321548,-1.5734551,-0.95006686
-0.1635825,1.490109,2.5046766,2.90162,3.233469,2.0460064,0.7062817,-0.467468,-1.3021065,-1.3940204
0.007383069,0.84698117,1.5395328,1.5567124,1.642006,0.8792008,0.4146492,-0.29369444,-0.7123614,-1.0409744
-0.10414708,0.6853886,1.4585208,1.7441349,1.5069879,0.41991287,0.30491656,-0.12649983,-0.8299536,-1.2161903
0.09958736,0.18537252,1.5661316,1.7447864,1.5730453,0.83707017,0.7695128,-0.116844006,-1.2197942,-1.1055382
-0.49707583,0.59228647,1.4725096,1.6696026,1.6597362,0.21719687,0.12136628,-0.58517075,-0.9659529,-1.2689985
-0.43191022,0.7470126,1.6416019,2.237123,1.7989886,0.42520404,0.69382155,-0.5261835,-1.5137075,-1.0915354
-0.038482927,0.050170112,1.457629,2.332826,1.8222871,0.81974167,0.64719146,-0.22590993,-1.3688316,-1.3082552
0.51118624,0.45247033,2.3018944,2.8470156,2.567414,1.1002493,0.81397694,0.014944177,-1.1282877,-1.5044651
-0.45180035,1.0147676,1.9229316,2.2550375,1.901786,0.8939503,0.7687921,-0.003980638,-0.9657223,-1.2776213
-0.3812854,0.6913321,1.6178198,1.2351972,1.4843022,0.21509255,0.2241055,-0.25529012,-0.6475906,-0.86306006
-0.118833296,0.8359965,1.8538096,2.1267877,2.0323026,0.54475546,-0.14056878,-0.23583986,-1.263315,-1.6644362
-0.7287242,0.6190075,1.33004,1.5991356,1.7070786,0.38000214,0.0765098,-0.40803668,-1.0320603,-1.1706424
-0.4991252,0.603973,1.1242089,2.0551808,1.5423222,0.18758956,0.3739811,-0.21654677,-0.8483062,-1.0887443
-0.6469123,0.5617248,1.8887935,1.6902852,1.703111,0.71433485,-0.026846508,-0.27712366,-1.3345988,-1.1912246
-0.9311924,1.2591519,2.6314855,3.1471071,2.19269,1.210111,0.44673777,0.13608114,-1.14475,-1.5765563
-0.79573494,1.0179347,2.2173245,2.8817792,2.4035535,0.7226673,0.19233899,-0.55233765,-1.3064978,-1.47277
-0.6254812,0.7941855,1.7631892,2.295809,1.8649621,1.006785,0.6371548,-0.20561886,-1.3460882,-1.1769043
-0.036471575,0.62452966,1.9116399,2.1379013,2.3866284,1.1575097,0.6982284,-0.0069569736,-1.0567226,-1.7637331
-0.027449183,0.546078,1.0884106,1.4893548,1.1847795,0.5137925,0.31094173,-0.2492153,-0.62981117,-0.8968389
0.0085450765,0.78356075,2.1872723,2.5454488,1.9550582,0.83672297,0.5319996,-0.25037727,-2.021409,-1.9178549
-0.6075301,0.93797207,1.9311376,2.1837828,2.0636115,1.0299103,0.88465005,-0.19541712,-1.2139933,-1.0689218
-0.34435692,0.3470211,1.346812,1.8014208,1.8207688,0.55721694,0.5459692,0.12603772,-0.968586,-0.9054432
-0.57804155,0.6162604,1.9051318,1.5729743,1.5709893,0.5558192,0.54270965,-0.7961567,-1.1701931,-1.114246
-0.3679315,0.8263289,1.4185872,1.4986039,1.267348,0.603812,0.58787537,-0.27649987,-0.56097573,-1.0441066
0.10107964,0.30204654,0.9504452,1.2526039,1.4451283,0.5373973,0.24704304,0.08868686,-0.59699446,-0.5680368
-0.2909525,0.1814857,1.3183726,2.0692294,1.6915085,0.41936767,0.44813323,0.07733514,-0.9456487,-0.9707172
-0.40343654,0.3414308,1.5348182,1.9207897,1.6828595,1.2874268,0.52948165,-0.62843627,-0.58953243,-1.3939369
-0.3217725,0.49330333,2.1481633,1.4317515,1.0683539,0.498931,0.3510288,0.009988427,-0.41177884,-0.82396674
0.064637735,0.40945423,1.6412708,1.68277,1.3161529,0.5645598,0.77064586,-0.09400169,-0.90951276,-1.2945374
-1.343955,1.6206871,2.7156377,2.9505093,2.4734294,1.1998591,0.3034372,-1.0797124,-1.7087921,-1.2959486
-0.5952922,0.72389007,1.3890963,1.9228523,1.7307233,0.45523602,0.37976083,-0.21308158,-0.818135,-1.2715635
-0.44765672,0.7626931,1.8880424,2.2243788,2.12713,0.29861233,0.51126266,-0.35954407,-1.4061096,-1.1767887
-0.33772543,0.32908425,1.5010304,1.8145423,1.4630767,0.5902884,0.58826834,-0.1012185,-0.9859719,-1.3060981
-0.42222494,0.60798585,1.3012576,1.5630208,1.5255282,0.55643624,0.40001515,0.24069564,-1.2329425,-0.89123154
-0.2600403,0.13891228,0.7248519,1.153069,1.1022545,1.0575649,0.36342427,-0.33424717,-1.044527,-0.63062793
-0.5576159,0.8233943,1.4865125,1.9542544,1.953003,1.1705419,0.6095085,-0.5738902,-1.0797168,-1.8573915
-0.011299148,0.8153146,1.5158072,2.025777,1.889574,0.9359393,1.1087229,-0.3317118,-1.1036534,-0.9760836
-0.44303837,0.9403563,2.2193506,2.6237981,1.996318,1.2856137,0.9878571,-0.43834907,-1.8480461,-1.852574
-0.56673294,0.46696535,1.98158,1.9408565,2.2451851,0.86555725,0.32568938,-0.04807349,-1.0270829,-1.0952299
-0.089394204,0.15112536,1.5760168,1.4676996,0.95981306,0.7325602,0.47521693,-0.29640698,-1.004197,-1.3346987
-1.0516926,0.54196787,1.4212168,2.1877801,1.4268227,0.360737,0.56457,0.1341208,-1.1677879,-1.2306315
-0.031881604,0.7182194,1.4239151,2.0130012,1.349624,1.2022566,0.649841,0.106397554,-0.98256123,-1.0885237
-0.28367817,0.4714365,1.8311077,1.8271992,1.7671076,0.82639205,0.80113643,-0.43911275,-1.1222785,-1.2545613
-0.43066254,0.4167731,1.1899607,1.8939861,1.5146459,0.5873152,0.9581547,-0.13681869,-0.7249559,-1.2048455
-0.28893888,0.5124833,1.9916438,2.0573118,1.8393213,0.6679539,0.16136277,-0.37945512,-1.3926978,-1.5452794
-0.5690248,0.3117227,1.9482251,1.8366952,1.9807864,0.6453924,0.5125295,-0.5674601,-1.3721913,-1.1824615
-0.3772913,0.066055596,1.1817696,1.9666723,1.2899894,0.55674404,0.06387619,-0.29489726,-0.63457054,-1.0175228
-0.57875377,0.8913644,1.5587481,2.085396,1.9072967,0.70515746,0.19648452,-0.08393813,-1.3455733,-1.2710572
-0.097111546,0.5278105,1.5714332,1.2668486,1.4319242,0.4528569,0.55296373,-0.29847237,-0.86567944,-0.64910376
-0.38424402,1.1094328,1.748212,1.7883406,1.985922,0.9584242,0.54392815,-0.45674983,-1.576565,-0.9522958
-0.15069696,0.6952499,1.3394237,2.142004,1.5436326,1.031518,0.95523894,-0.3039623,-0.9495087,-0.96511763
-0.3653953,1.2144542,1.5967964,2.0567389,1.6148857,0.43147922,0.8502405,0.03656138,-1.0230255,-1.2132274
-0.7699514,1.0497072,2.0025861,2.1987536,1.7744908,0.64489865,0.3296432,-0.43484324,-1.160551,-1.752406
-1.0433147,0.93239707,1.4808319,2.2807672,2.1216307,0.49090117,0.21741316,-0.380762,-1.6376106,-1.1825693
-0.46691895,0.63695776,1.4349463,1.6471106,1.5927484,0.7355998,0.12808235,-0.46330923,-1.0816661,-1.3286769
-0.5929124,0.46189907,1.434043,1.9505645,2.046616,0.62708294,0.015128799,-0.23378797,-1.1552787,-1.3558419
-0.1529401,0.5392416,1.3132273,1.8555466,1.531604,0.8407538,0.22384977,-0.4565142,-0.8528146,-0.923322
-0.18875659,0.5981628,1.9372985,1.7837993,1.9371537,0.33970836,0.38312525,-0.1521117,-1.3070443,-1.1770481
-0.36709246,0.60073256,2.1045957,2.556647,2.3281972,0.8567177,0.36226764,-0.34329334,-1.5089264,-2.2975273
-0.37218896,1.393197,2.851521,2.5343888,2.423139,1.3101622,0.39152312,0.5445937,-1.2301371,-0.98353916
-0.89572656,0.74202657,1.6270869,1.7726117,1.242595,0.08076748,-0.16130969,0.054884795,-1.1002778,-1.0868617
-0.48099303,0.53819746,1.2398142,1.5872331,1.3850418,0.44656116,0.50641716,0.04199165,-0.9198654,-1.301996
-0.5118631,0.7795583,2.0612059,2.5142174,2.36873,1.4094297,0.75395364,-0.13138637,-1.116993,-1.4573194
0.053993843,0.4490689,1.398643,2.3414562,1.6101965,0.9992912,0.7993221,-0.121734634,-0.9267126,-0.917118
-0.30110824,0.4001042,1.3831195,1.8324807,1.2657765,0.31951243,-0.08047018,-0.6058022,-1.4196233,-0.90346336
-0.68051124,0.5741337,1.5966535,1.8843164,1.6828349,0.59260863,-0.1387668,-0.3129681,-1.2485883,-1.4672724
-0.14243582,0.3611855,1.3885343,1.7789973,1.6435833,0.5386911,0.39026928,0.6337587,-0.58029824,-1.3063371
-0.3699087,0.40864006,1.9355937,2.1874034,1.4078937,0.28839478,0.2943321,-0.42082977,-0.67983043,-1.3084445
-0.44866088,0.4463702,1.5543123,1.8367229,1.6058522,0.5337956,0.22706896,-0.9525248,-0.8687932,-0.8328832
0.049349606,0.7019133,1.2312686,1.987588,1.9005023,0.8797789,0.8498457,-0.28029644,-0.8596265,-1.3643358
0.08431975,0.46568102,1.6261171,1.598356,1.4784565,0.3865512,-0.04781292,-0.496175,-1.0148959,-0.8090761
-0.44201744,0.53359103,1.4564278,1.8876609,1.2793953,0.4385474,0.68439424,-0.49919754,-1.1187131,-0.6212778
-0.18208686,0.28238344,1.0792553,1.3353764,1.0823296,0.5139075,0.40025806,0.24607608,-0.8224523,-1.1179119
-0.37797952,0.8081955,1.2757535,1.7302516,1.8910234,0.69206494,0.17764078,0.16683866,-0.80390894,-1.3590829
-0.42311752,0.40005225,1.3692894,1.6880893,1.7288359,0.2710427,0.11355832,-0.05232885,-1.1602849,-1.0380334
-0.46323752,0.11793439,1.1989306,1.7869934,1.5790843,0.47488832,0.13115185,-0.24133627,-0.8279638,-1.2135135
0.13332622,0.31865618,1.3340948,1.9131609,1.764834,0.2997755,0.61074966,-0.07745328,-0.57616043,-1.152994
0.11240783,0.63363683,1.6685729,1.8947098,1.6906092,0.9053798,0.3465865,-0.6731008,-1.1051191,-1.2244745
-0.39110664,0.30097383,1.0035163,1.713832,1.6538107,0.65749514,0.6893546,0.120244615,-0.8071517,-1.245534
-0.73441964,1.3525794,1.3044568,2.2483556,1.7033828,0.43277296,0.17589407,0.020756595,-0.99336326,-0.7155105
-0.77852654,0.6042581,1.556268,1.6332234,2.1106007,0.6373081,0.35170382,-0.36240274,-1.4178251,-1.2399027
0.35404786,0.7249748,0.9223029,2.016465,1.3990211,0.69973314,0.9648038,0.24249437,-0.84088963,-1.0591699
-0.44893134,0.14679652,1.7312474,2.5269291,2.3783317,0.9471164,0.5279752,-0.11570902,-1.3512365,-1.2172786
-0.92010516,0.39722842,1.6739829,2.01985,1.0747302,0.8012439,0.7849747,0.0048406636,-1.3381885,-1.3850567
-0.29541203,0.9502018,1.8025368,2.517101,2.2143066,1.1525382,0.6279489,-0.16101608,-1.1387447,-1.9225614
0.15094286,0.35992667,1.5521585,1.7465271,1.2996086,0.55711514,0.3506172,-0.6886882,-1.4770156,-1.1170689
-0.52248186,0.70684725,1.4332366,1.7170036,1.610615,0.84913784,0.050575778,-0.65263164,-1.4453056,-1.2152203
-0.26946113,0.86367136,1.3330781,1.602643,1.3618034,0.36096257,0.31702054,-0.3010502,-1.0246761,-1.300181
-0.37658265,0.42017394,1.5394629,1.5086163,1.217362,0.49805862,0.47598958,-0.109211795,-1.1809202,-1.1224257
-0.35314217,1.0130951,1.5923402,1.8106122,1.8950006,0.93568635,0.47734123,-0.0021460778,-0.86065555,-1.4749926
-0.30574295,0.5312782,1.6418339,1.9556034,1.7719179,0.6211976,0.33461517,-0.13780619,-1.2884965,-0.81162333
-0.34733012,0.54465747,1.5656856,2.2768676,2.395313,1.2233506,0.67310196,-0.4564461,-1.2975526,-1.4200958
-0.4303006,1.0772985,1.7824727,2.1084936,1.6049674,0.6763541,0.5756214,-0.047747888,-0.7054703,-0.6167904
-0.26224926,0.9417825,2.0069737,2.2682736,1.9307346,0.85412186,0.92848814,-0.3514025,-1.4321921,-1.2478521
-0.15677157,0.7671159,2.7160518,3.0530312,2.113721,0.8193644,0.46946275,-0.6556637,-1.7570033,-1.7277634
0.04086052,0.51451135,1.0238918,1.7153101,1.9462808,0.15214686,0.275809,0.1960247,-0.8483593,-0.7405835
-0.4564593,1.1227849,2.1758845,2.7487001,2.0009768,1.3841971,0.5041099,-0.78753006,-1.4364035,-1.4738287
-0.27161735,0.3429295,2.3698895,2.6593316,2.249705,1.381323,1.0207826,0.113497406,-1.177921,-1.1869787
0.5747945,0.20577595,1.617633,1.8712232,1.9828385,1.5969139,1.3873037,0.116564505,-1.4184337,-1.3833891
-0.63706106,0.17288978,1.0418415,2.142807,1.9528794,0.88508517,0.3615697,-0.16876058,-1.5834907,-1.318572
0.213568,0.2056978,1.3278394,1.1204482,1.5137808,0.15945712,0.19311199,0.116456784,-0.61474955,-0.5768321
-0.38735834,0.29459965,1.7742269,2.144283,1.7279794,1.107169,0.51595867,-0.63443834,-0.77952856,-0.91495764
-0.26307836,0.014918668,1.6750481,2.3445356,2.020848,1.1224822,0.9598547,-0.2022908,-1.3830675,-1.4975886
0.04186204,0.42617416,1.3586568,1.5282545,1.8398734,0.8499872,0.9897598,-0.15452103,-0.9756484,-0.68924093
-0.3965673,0.45951703,1.7605338,1.7091918,1.8121332,1.2340323,0.33758837,-0.15537769,-0.7616777,-0.8175417
-0.031518098,0.9170291,1.7530614,1.5496523,1.7097934,0.56710374,0.8387171,0.17151976,-0.6634711,-0.5014683
-0.014765985,0.9279858,1.6046213,2.0265722,1.7320306,0.99907196,0.76996547,-0.26152423,-1.0710421,-1.1562557
0.031232554,0.5956321,1.3933256,1.2069582,1.692892,0.87407607,0.43757316,0.22829248,-0.3526594,-0.76111585
-0.6042229,1.4055512,2.6861575,2.5894303,2.2388582,1.2595036,0.8435166,0.12574482,-1.0381992,-0.9643072
-0.38241076,0.13360408,1.9990155,2.5183346,1.9332031,0.9194985,1.268966,-0.250348,-1.0787485,-1.2311336
-0.3585661,0.44580868,0.83170164,1.9511214,2.1312664,1.0916924,0.9673772,0.16196789,-1.3379482,-1.0799689
-0.395034,0.26569793,1.3115015,1.5267689,1.1258636,0.51875687,0.37581715,-0.16184704,-0.892822,-0.8965492
0.10711442,0.83268034,2.0989077,2.1310377,2.2030468,0.8839617,0.9329686,0.09092885,-0.87231433,-1.32657
-0.14599887,0.50431174,1.7993511,2.0498922,1.7426417,0.6359526,0.5423029,-0.22718167,-0.98811555,-1.2045379
0.2863572,0.6102191,1.8913978,2.7528434,2.5264459,1.0760227,0.5904773,0.057100046,-1.1726476,-1.4671623
-0.48917153,0.9766171,1.9374405,1.6850066,1.8344767,1.2551179,0.65034884,-0.4433258,-0.9482724,-1.2584785
-0.45858037,0.12751165,1.5205989,1.6927229,1.3470477,0.679286,0.28310546,-0.429999,-1.755714,-1.1595082
-0.08980387,0.3949044,1.5103878,1.3112351,1.3077518,0.4045651,0.27728936,-0.13684969,-0.5016499,-0.6206881
-0.18089074,0.915139,1.8515446,2.5531778,1.5228953,1.2246839,0.58672684,-0.055923335,-0.60975045,-0.5291062
-0.7660827,0.75003844,1.9709194,1.9494407,1.5342318,0.6929747,0.61683995,-0.2191236,-0.94671047,-0.89136964
-0.52314734,0.6779578,1.9006989,2.3781397,2.0621407,0.41428426,0.48301977,0.10552548,-1.2876416,-1.8830323
-0.5292905,0.34280404,1.0830411,1.7758504,2.1490862,0.97048473,0.61086076,-0.2775994,-0.8046416,-1.260373
-0.31458747,0.7586997,1.5713029,1.6756111,1.7101967,0.8094778,0.3508611,-0.47014832,-1.0847884,-1.2060282
0.050031915,0.60866094,1.3759247,1.977811,1.5328915,0.8032093,0.5788793,0.084305756,-0.8175094,-0.7268453
0.09314384,0.11161965,1.6504854,2.300222,2.464958,1.0504277,0.3732305,-0.32883596,-1.523738,-1.5760378
-0.642093,0.3818167,1.7412865,2.0472102,1.6369795,0.5685281,0.6845231,0.017182415,-1.5613767,-1.8577639
-0.9007516,0.99615633,2.9933214,3.7131677,3.0652227,1.7047505,0.31542927,-0.660932,-1.5193251,-2.0561771
0.10594132,1.2929296,2.9795358,3.5834632,2.9594924,1.267784,0.968464,-0.010623762,-1.2804843,-1.9853374
-0.36253378,0.582611,2.0600722,2.2190416,2.3085794,1.2970554,0.465007,0.009985582,-0.90690035,-1.5417032
-0.69043225,0.48400462,1.8290129,1.8894027,2.1356132,1.0406832,0.72420573,0.18143034,-0.70452905,-0.8672112
0.116809905,0.93419844,2.2787986,2.9586768,2.8880713,1.7321621,0.7078463,-0.33524406,-0.90142715,-1.3052038
-0.74881136,0.9092347,2.1810782,2.5113318,2.3022301,0.75770146,0.6436297,-0.043735057,-1.0571015,-1.5003307
-0.088956,0.48184937,1.539785,1.72585,1.9665605,0.73554736,0.42690906,0.133915,-1.0501677,-1.3066002
-0.36800194,0.73310435,1.752724,3.0409715,2.5587249,0.6779475,0.21895865,0.048818715,-1.4766558,-1.3443973
-0.44429308,0.4001425,2.0137994,1.9097979,1.979699,0.90962416,0.11930956,-0.5084035,-0.9677873,-1.3585064
-0.6310889,0.44743082,1.4537809,1.6112034,1.5341907,0.5853645,0.0070685074,-0.1639287,-0.9462053,-1.1462039
-0.53357565,0.43781948,2.2496743,1.9985822,1.8758675,0.7406486,0.35914633,0.15225387,-0.7382375,-0.8498919
-0.04173723,0.77663684,1.8551216,1.8628156,1.9144524,0.89295447,0.62275684,0.32182592,-0.83632576,-0.9166019
-0.006377021,1.0955971,2.2323163,2.7364907,2.626044,0.8569854,0.688927,-0.07597682,-0.9410556,-1.0284889
0.25142524,0.6349164,1.6938908,2.35369,2.0164862,0.69101286,0.36728412,-0.12091811,-0.8187557,-1.3702372
-0.98510647,0.8257991,1.8573742,1.7292507,1.58621,0.49330753,0.43630892,-0.5481672,-1.2537868,-1.2534163
-0.2347275,0.9802689,2.0699568,2.4515986,2.242316,0.7165122,0.64085805,-0.36096153,-1.270902,-1.6666516
-0.66785747,-0.012904775,1.3955251,2.418911,2.0695617,1.1120712,0.6657535,-0.24565127,-1.325058,-1.1479492
-0.88990504,0.76413673,1.5653344,2.0180783,1.5553277,0.8578801,0.33887365,-0.60379845,-1.3394941,-0.986063
0.4073221,1.0275362,2.5753574,2.5419374,2.5747416,1.4281719,0.63899696,0.09034561,-1.3250985,-1.0647198
-0.39878905,0.40506786,1.3688208,1.9714075,1.4465051,0.4185255,0.20861962,-0.28212792,-1.1327752,-1.1964177
-0.6558258,0.23685977,1.8090302,2.7226064,2.236706,0.6302891,0.55171365,0.38203955,-1.031688,-1.5366596
-0.9116521,1.5285407,3.5323532,3.727271,2.9984577,1.835005,1.3746417,0.006919676,-1.2421447,-2.2131708
0.4686898,1.3709778,2.964337,4.2332134,3.801927,2.1336553,1.5277965,-0.15986542,-1.5553114,-1.7304841
-0.6069656,0.7199465,2.6226652,2.9062903,2.3760145,1.849334,0.57686883,-0.6145625,-0.87635916,-1.2770076
-0.65720606,0.54379,2.2140741,2.8372993,2.7465372,1.5931562,0.5322935,-0.46809438,-1.5820379,-1.600787
-0.7287072,0.7158072,1.4861443,2.4419253,2.331663,1.815687,0.18275791,-0.1757654,-1.8113755,-1.5763524
-0.36474317,0.09200019,1.3007287,2.4882605,1.7081444,0.5853113,0.31704542,-0.086965784,-0.92357314,-1.1138692
-0.08532729,0.30833524,1.3279489,1.3925941,1.3876698,0.17000084,0.30115074,0.22401339,-0.69829875,-0.7916683
-0.61247265,0.60046464,1.5041332,1.7597353,1.5208676,0.4051681,0.21597001,-0.44847763,-1.217024,-0.95453346
-0.6053759,0.08395808,1.3393481,1.75061,1.9384124,0.3578877,0.22668457,-0.16736805,-1.2284237,-1.3099504
-0.061554536,0.6007676,1.5195562,1.9979643,1.7896249,0.87424344,0.64921325,0.4301102,-0.49148777,-0.7945725
-0.3918372,0.7380329,1.6638963,1.8365602,1.1983905,0.8340105,0.50440574,-0.66590375,-1.1918784,-0.77527857
-0.03744819,0.5924419,2.0118754,2.3893335,1.7072862,0.8625552,0.6223102,-0.13308333,-0.9268414,-0.8984862
-0.20853439,0.16030152,1.0305922,1.5915669,1.519573,0.33210236,0.14993693,0.17240146,-1.0053542,-1.4572908
-0.8352268,0.56993103,1.4106432,2.3994162,2.0747154,0.9863695,0.47346437,-0.08171855,-1.2719026,-1.503748
-0.8952209,0.8965962,2.3467555,2.6907074,1.964059,1.1855084,0.35400793,-0.4040683,-0.89623773,-1.2992605
-0.36659175,0.84875005,1.6407975,2.4217522,2.3089423,1.04922,0.12765211,-0.20454201,-1.2954705,-1.4030123
-0.63476485,1.0556666,2.1618605,3.091577,2.4768376,0.897161,0.9147263,-0.8253197,-2.130826,-1.5007815
-0.02411234,0.36502978,1.3225243,1.6007878,1.8876789,0.570582,0.6515911,0.11018895,-0.9346627,-0.59762317
-0.7047291,0.5833261,1.7049115,1.6947701,1.5964202,0.4665519,0.5169111,-0.09862938,-1.1138821,-1.2878635
0.17655542,0.768797,1.158738,1.5742588,1.8545549,0.6856387,0.10225417,-0.27225912,-1.1039289,-1.0607504
-0.38957372,0.25619015,1.493896,1.9587841,1.349144,0.6926848,0.622191,0.52484673,-0.8160804,-1.2182498
-0.33391586,0.83310765,2.2682729,2.6563046,2.4493165,1.3432524,0.70333266,-0.595318,-1.1418731,-1.4599632
-0.32040584,1.1273886,2.686004,2.7922757,2.5035625,1.1026888,0.35552227,-0.81402844,-1.7083544,-1.3974723
-0.7904215,0.8070729,1.89394,1.7530866,1.4905856,0.5733073,0.40082675,-0.3752875,-1.2007849,-1.0524443
-0.23714498,0.883561,1.4981374,2.0140796,1.648854,0.7746069,0.35598585,0.13150628,-1.2770995,-1.2080729
-0.36278564,0.98769164,1.8169664,2.0826573,1.4907961,0.7903449,0.6473656,-0.622423,-0.81116617,-0.97075295
0.27987543,0.6215595,2.0448432,2.2703984,1.8696594,1.2042282,0.9990258,0.41017196,-0.9284011,-0.8988696
-0.68626696,-0.07059452,1.2942748,1.6554426,1.4036291,0.72112525,0.2357752,-0.6142443,-0.9531301,-1.201581
-0.09672817,1.1640316,1.8425084,1.2262093,1.5612627,0.6792125,0.5806224,-0.4521513,-0.9975337,-1.5046979
-0.59587735,0.5500618,1.7079557,1.5151387,1.197602,0.8436034,0.7007011,-0.5626365,-1.1689904,-1.3057586
-0.18524781,1.0324806,2.428855,2.248041,1.8844334,0.6521643,0.35578066,0.21350753,-1.013629,-1.6446015
0.5334058,0.92883,1.7047172,3.099178,2.4046187,1.5140585,0.7152105,-0.07379973,-1.3946364,-1.6438153
-0.3364533,0.7912493,1.7511282,1.9150891,1.9616115,0.5564761,0.97823143,-0.07944046,-1.0236169,-1.145666
-0.116637684,0.7992009,2.1334875,2.1782355,1.7904133,1.7096918,0.86075485,-0.49372727,-1.3833615,-1.6379664
0.011536488,0.84598655,1.705387,2.7792222,2.2515023,0.842608,0.20224562,-0.32074437,-1.275804,-1.251536
-0.0395128,0.44341886,0.9756802,1.792805,1.7372371,0.50747585,0.2799308,-0.24001122,-0.6735342,-1.318973
-0.5785475,0.5559913,1.9579215,2.095932,2.0564344,0.85019654,0.16399726,-0.68531287,-1.4326322,-1.485848
-0.23860675,0.6112421,1.5332333,2.3609395,1.7887008,0.45550048,0.5037478,-0.35000175,-1.1711051,-1.0079274
-0.08307884,0.083468996,1.6329154,1.6131899,1.7274576,0.8147224,0.35938913,-0.48631325,-0.5351974,-1.1970974
-0.51688707,0.24343006,1.12063,1.7063845,0.9671943,0.32583648,0.50865495,0.2545323,-0.8587445,-1.0222745
-0.14766848,0.38341126,1.5869709,2.0564384,1.9329727,1.0373179,0.57511365,0.04807621,-0.96527994,-0.96469223
-0.6713441,0.44533953,1.3260573,1.9333819,1.5933048,0.70689464,0.08945966,-0.43193722,-1.1815784,-1.1758655
-0.48516724,0.20039712,0.8033053,1.2811909,1.4555742,0.5990362,0.29964533,0.015125677,-0.40484294,-0.6340227
-0.38402596,0.3666728,1.3898796,1.7108592,1.2331891,0.5082784,0.35583624,-0.51263994,-1.0608536,-1.1795484
-0.10308232,0.45860195,1.7062291,2.1119153,2.1747336,1.1555307,0.5967264,-0.25036263,-0.99591553,-1.0349718
-0.45847696,0.806429,2.5405955,2.5471427,2.2227552,1.6295037,0.85417676,-0.06923558,-1.3623915,-1.2015629
-0.20272624,0.74165213,2.133238,2.4461138,2.5057044,0.51423085,0.3637705,-0.73999494,-1.5915127,-1.6195645
-0.4704939,0.82655793,1.532991,1.862959,1.6738081,0.67243004,0.14827536,-0.648035,-1.1275687,-1.1164705
-0.90069187,1.0217617,2.218278,2.3847802,2.1655464,1.1881543,0.6308358,-0.07982226,-0.99206376,-1.5597721
-0.56755847,0.15886115,1.4348624,2.016069,1.4207323,0.6736761,0.025763247,-0.4280621,-1.02559,-1.0651689
-0.18287644,0.76937,2.0324738,2.458152,2.088303,0.8598692,0.77009654,-0.27644947,-1.3718885,-1.3987445
-0.6841827,0.28919998,1.2880944,2.0823088,2.1001472,0.7529008,0.4182261,-0.6303604,-1.5236146,-1.7305895
0.29243934,0.94274426,2.1690102,2.8701775,2.5018814,1.2351167,0.55613166,-0.0063894824,-1.3646933,-1.4347602
-0.2502159,0.2289463,1.3813916,1.7805301,1.0584909,0.8319294,0.78244305,-0.12035854,-1.0452726,-1.2973504
-0.42013186,1.1171122,2.4199681,2.5103245,2.24795,1.0544189,0.914062,0.12115998,-0.56579506,-0.8778797
-0.6802371,0.96292835,2.6209245,3.1097505,1.5876216,0.17893136,0.6211578,-0.11007578,-1.1273481,-1.2201189
-0.8607116,0.6411745,1.8679094,1.9648492,1.8205746,0.6422263,0.24901757,-0.06854216,-0.6758937,-0.90958256
-0.23403123,0.43602696,1.4780012,2.5769444,2.0694108,1.8098432,0.98233926,0.21146998,-0.9144099,-1.4526157
-0.87964267,0.29049975,1.3003781,1.5549026,1.2451812,0.6461431,0.20946965,-0.36622947,-1.1843829,-0.94449323
-0.9906832,0.89562464,1.8663163,2.3588727,2.2969985,0.7114822,-0.055710793,-1.0146037,-1.2954501,-1.3966874
-0.016226295,1.2279793,1.6264156,1.7158737,1.6809517,0.44611102,0.30945086,-0.22692527,-1.1594652,-0.8442961
-0.1950317,0.46015957,0.9445351,1.2474471,1.6466235,1.0756056,0.28504375,0.13213423,-0.41174415,-0.5163152
-0.14060214,0.38359693,1.3434952,1.6362913,1.7095704,0.5493527,0.13337727,-0.2124765,-0.73881257,-1.2648765
-0.043917093,1.1593832,2.4831457,2.0485752,1.9084944,0.8524429,1.1130433,-0.118835434,-0.88009316,-1.1276623
-0.1899885,0.6049475,1.7173127,1.8798195,2.0188754,0.84846514,0.23795259,0.23169479,-0.68487287,-1.6461861
-0.043578167,0.60374403,2.0476904,2.2942562,1.7028483,0.44957972,0.37619343,-0.20150284,-1.2285742,-1.24505
-0.6242312,0.5210629,1.306127,1.1717893,1.4736522,0.36916178,0.19994368,-0.03095529,-0.899968,-0.9361055
-0.4359337,0.393258,1.6361372,1.9378086,1.6272643,0.6225842,0.5223746,0.22614378,-0.70473284,-1.0908868
-0.14372498,0.31206298,1.891543,1.8383822,2.3856583,1.1847688,0.60677063,0.352942,-0.7145973,-1.5728045
-0.4653679,0.7612984,2.1143522,2.4219594,2.0260186,0.8900713,0.559412,-0.44077432,-1.4587893,-2.0395446
-0.7868067,0.7007114,1.6101313,2.3422942,1.4822913,0.52220047,0.61243194,0.16062953,-1.3090749,-1.6130432
-0.84406644,0.4466776,1.7053088,1.741859,1.0746647,0.64974916,1.0781918,-0.3491864,-1.3932649,-1.4413768
-0.37895858,1.1067538,2.0956707,2.4925988,2.0859382,0.63525707,0.08583311,-0.1025947,-1.4714774,-1.7869033
-0.4832516,1.0355713,1.5404116,1.873648,1.6615605,0.8048087,0.2750312,0.058999296,-0.84173965,-1.0108559
0.048304893,0.21325661,1.2170779,1.211816,1.1922058,0.42669952,0.41943964,-0.49110612,-0.59404546,-0.80117786
-0.2868986,0.50218195,0.7943508,1.6358658,1.3109194,0.4726547,0.34377944,-0.3430458,-0.6384387,-0.82499987
-0.10405653,0.7336855,1.1051741,1.7707403,1.4566143,0.92678106,0.5862659,0.18628876,-0.54763365,-0.8085406
-0.017018761,0.48538333,1.7273359,1.6469566,1.5130283,0.767658,0.67073673,0.03001825,-0.76059955,-0.83110106
-0.53589696,0.7981726,1.6695448,1.7657646,1.6940925,0.7209903,0.37471035,-0.13472539,-1.1544492,-0.80398786
-0.13648403,0.3182579,1.6501563,1.8121146,1.6673898,0.88016087,0.5372389,-0.7249029,-1.4130138,-0.9482709
0.28165326,0.09729366,1.935765,1.975772,1.3824271,0.885792,0.525635,-0.21129735,-1.2884133,-1.1954888
-0.41996005,0.8591567,1.5975213,2.0790796,1.4137691,0.48769218,0.28724304,0.0071771024,-0.92145926,-0.80118465
-0.38807276,0.5110462,1.368082,1.4178624,1.7181481,0.80721396,0.2070363,0.22381847,-0.9434186,-1.580938
-0.7748277,0.5432405,1.8695384,1.9625808,2.3718283,0.950104,0.71119833,-0.18889382,-1.1355135,-1.6106249
-0.15056017,-0.1742573,0.984171,1.9135442,1.5820535,0.3274667,0.030799694,0.13343684,-0.80212975,-1.3771042
-0.54016536,0.14968766,1.3800826,2.053682,1.67299,0.52055204,0.4073008,-0.08533045,-1.1085365,-0.62385494
0.12957291,0.51296276,1.942092,1.7651861,1.3779742,0.59786195,0.41817012,-0.6539817,-0.99704456,-1.1413699
-1.0305007,0.6993197,1.5910125,1.6096742,1.495149,0.2827784,0.1450368,-0.30952573,-1.3914176,-1.433321
-0.36329198,0.7123194,2.3043935,2.0653465,1.8133782,0.55536914,0.16336477,-0.19697161,-1.4660214,-1.347116
-0.04297828,0.5440349,1.3858967,1.5112438,1.25954,0.5699163,0.1952741,-0.28672957,-0.9370579,-0.7924541
-0.5626563,0.5429462,1.9602218,2.540192,1.8255379,0.86075175,0.23820221,-0.20446663,-1.1183829,-0.855059
-0.9133643,0.5126747,2.3391328,2.488385,2.5592957,0.5631794,0.07199938,-1.056545,-1.6292164,-1.3495506
-0.4561967,0.4371022,1.2723751,1.6674029,1.6014245,0.28596961,0.43457502,-0.1883983,-0.71889764,-1.1787653
-0.34048638,0.6725759,1.5551094,2.171762,2.1000836,0.82273036,0.4059575,-0.09379347,-1.2703204,-1.171873
-0.5927265,-0.30511734,1.951284,2.2311206,1.8437989,0.90474427,0.7484028,0.16183662,-0.9570527,-0.90570086
0.16148281,0.844255,1.9533085,1.5684643,1.9161712,1.2145078,1.0111605,-0.17690606,-0.6093975,-0.80512
-0.19656652,0.85892165,1.5690389,1.6723412,1.4355063,0.49522078,0.63633716,-0.0428384,-0.88414955,-1.135359
-0.31527546,1.2693017,2.2278893,2.530373,2.0436876,0.73412544,0.85000944,0.26322985,-1.0597531,-0.6265218
-0.54738015,-0.06091949,1.710351,2.2284503,1.9805385,1.0616516,0.83679897,0.029521838,-1.0457288,-1.3858613
-0.5242867,0.7676599,1.7750562,1.9613322,1.5494275,0.64166516,0.6034068,-0.23893835,-1.2345458,-1.1378002
-0.51827747,0.5688843,1.7142364,2.2928324,1.6826333,0.48729038,0.6791194,-0.25330564,-1.4152664,-1.3670952
0.058889654,0.509255,1.7501996,2.2285647,2.5270336,0.6451829,0.22762096,-0.15297355,-1.360251,-0.9932944
-0.9200003,0.91594094,2.0199478,2.8218482,2.2538526,1.2206436,0.8269178,-0.31740922,-2.0537603,-1.3321573
-0.24116123,0.5876572,1.5281993,1.292225,1.1816051,0.8483037,0.61537266,-0.43058825,-0.8701563,-0.74549514
-0.1944466,0.30248824,1.4342492,1.7976817,1.3661382,0.6751439,0.61528516,0.05548239,-0.48737255,-0.94488436
-0.5160472,0.92359376,2.5761294,2.1215203,2.1482148,1.2617245,0.4374154,-0.38695708,-1.1058623,-1.2350122
-0.15593922,0.8652842,2.2796876,3.0529912,2.5578415,1.2853544,0.6083082,-0.4655089,-1.3585914,-1.121915
0.19391364,0.18614084,1.9726081,3.1334772,2.8634539,1.1731652,0.44122332,-0.5932405,-1.8396231,-1.7640446
-0.7719187,0.96174765,2.0292695,2.5066226,2.5453005,0.8727914,0.20644437,-0.1650294,-1.4759957,-1.7590413
-0.26423243,0.60371315,2.2236881,3.039196,2.1251688,1.0258266,0.6675388,-0.10277951,-1.3114383,-1.6441008
-0.66205585,0.63793576,1.4576811,1.7276351,1.4615614,0.26729783,0.2849055,-0.028785976,-0.6203855,-1.3497376
-1.0372111,0.7793629,1.628646,1.9940604,1.7235358,0.79465145,0.41304517,-0.071661666,-1.1992104,-1.2897705
-0.11656604,0.22942549,1.5892829,1.5131203,1.9773248,0.55172944,-0.015636545,-0.40784556,-1.0139085,-0.9780701
-0.60345596,0.26457068,1.348041,1.6034425,1.4492996,0.6939923,0.39195386,-0.22957641,-0.86937356,-0.6635295
-0.254075,0.27367136,1.323708,1.6328522,1.7066671,0.8187872,0.68261296,-0.30438307,-0.8831589,-1.0941224
-0.017319083,0.48148552,1.4883945,2.3765764,1.8337252,0.34512702,0.82450205,-0.15461403,-1.230931,-0.89585274
-0.41847903,0.43045813,1.2396947,1.322814,1.2348937,0.17002048,0.36560124,-0.37795362,-1.464193,-1.2414265
-0.36132205,0.52383167,1.9635593,1.715215,1.4224895,0.77837425,0.7107635,0.20332955,-0.85847557,-1.0328383
-0.110563286,0.46437582,1.2601359,1.9031317,1.5486684,0.49777365,0.5505718,-0.44251356,-0.76525927,-0.91694546
-0.31263804,0.16594775,1.0292326,1.3390921,1.2229744,0.84076273,0.3460302,-0.35216206,-1.0350245,-0.92575264
-0.88686156,1.1489815,2.0306091,2.6760046,1.7943078,0.5784389,0.8415679,-0.046511516,-0.8353058,-1.0692656
-0.13500813,0.8489577,3.0666103,3.0699477,2.7066226,1.2112082,0.7313051,-0.36305174,-1.022309,-1.2050095
-0.75485384,0.34646153,1.9672195,2.2765272,2.7414024,1.2076766,0.84479916,-0.18732476,-0.666937,-1.641954
-0.95771927,0.87349206,1.23312,2.9508305,1.8175527,0.6158256,1.1016992,-0.12350333,-1.0055523,-1.6186302
-0.3081259,0.2626648,1.4712449,1.7338338,1.412273,1.1298147,0.35058242,-0.1213966,-0.5200529,-0.8166684
-0.38199767,0.14135914,1.1817642,1.4960372,1.6792545,0.5827787,0.8497013,-0.14398375,-0.64015543,-1.0577403
-0.33880505,0.61280435,1.4629953,1.9125761,1.1687217,0.8205273,0.8572721,0.19846562,-0.6409245,-1.0680528
-0.29625124,0.45852768,1.0377252,1.4912703,1.3858769,0.7358736,0.21685565,-0.39683387,-0.7232707,-0.5781217
-0.4143878,0.4639778,1.5734917,1.6899931,1.7699211,1.0002086,0.7656443,-0.10932878,-0.97997737,-1.096211
-0.6678601,0.4252155,1.1542331,1.4478935,1.202858,0.7087171,0.46125448,0.12906018,-1.2570977,-0.72782755
-0.55295736,0.5788825,1.0511868,1.2974007,1.9916421,0.22268383,0.30565056,-0.10978949,-0.7718222,-1.026569
-0.49984536,0.39109835,1.7524588,2.2949576,1.9503182,0.6306282,0.5598456,-0.24786234,-1.5628935,-1.8197094
-0.8531278,0.7714775,1.9745488,2.091135,1.6035838,0.8269786,0.41332605,-0.50817055,-1.3945595,-1.4507438
-0.377773,0.5696526,2.3754258,2.5326552,1.9751216,0.7878185,0.3317697,-0.4373123,-1.3075874,-2.0290537
-0.14165616,0.843062,1.196102,1.6617042,1.6084042,0.8980182,1.0373713,0.22038974,-1.1707997,-0.84025484
-0.8950936,1.1867203,2.1448078,2.3670065,2.067729,1.0611017,0.809696,-0.51017,-1.1738924,-1.0678005
-0.13476396,0.7556604,2.3811166,3.3775682,2.7924368,1.3300477,0.7570943,-0.43891084,-1.8154973,-2.1199896
-0.47756445,0.58474123,1.8185965,2.454217,2.5288765,1.0047514,0.52391356,0.06005006,-1.3087391,-1.4254446
-0.09650244,0.7359878,2.300824,2.5802717,1.8069265,0.5329899,0.870476,-0.37223628,-1.3466676,-1.7269318
-0.18224162,0.3142571,1.015948,0.8317716,1.2690495,0.48837507,0.3036723,0.13857956,-0.69858617,-0.6091786
-0.095091455,1.3386717,2.8908877,3.4626822,2.7122228,1.6892748,0.85212797,-0.070385695,-2.0434685,-1.6254988
0.06930687,0.9684039,2.8159688,2.8372169,2.2814143,1.6986029,0.9043981,-0.26313746,-1.541746,-1.3707753
-0.74866337,0.6908181,1.6549233,2.2657595,1.6824685,0.580329,0.06805421,-0.5063386,-1.8898343,-1.3967214
-0.40022597,0.6958477,1.8560035,2.3603752,2.5461502,0.9737086,0.5593032,-0.20570537,-1.1320647,-1.3995267
-0.6514293,0.69450784,1.4559151,1.9543595,1.5707518,0.49880564,-0.252792,-0.33455443,-1.3351378,-1.4220874
-0.24919802,0.38336197,2.6431384,2.194242,2.1904118,0.57438964,1.1671832,0.3755012,-0.84026915,-1.5140765
-0.447391,0.67969686,1.2103429,1.7060183,1.4251965,0.583441,0.896666,-0.00048668496,-0.9263593,-0.89994437
-0.26064873,0.3696354,1.3446833,1.3116798,1.0555785,0.35144976,0.36602765,-0.23705639,-0.67574596,-0.80891955
-0.67519385,0.39338228,1.75573,2.974473,2.3204865,0.7750526,0.2628607,-0.5806677,-1.1359187,-1.6525707
0.51056427,0.9087697,1.9735667,1.5608505,1.5829515,1.0990988,0.5911991,0.6512082,-1.0956553,-0.6841036
-0.30231777,0.73985,1.3551795,1.7783171,1.2506468,0.4628896,-0.11271412,-0.6602043,-1.3954597,-1.1012529
-0.5357271,0.40453714,1.420833,1.7604698,1.5754861,0.91375196,0.64747727,-0.098412186,-1.0141282,-1.525461
-0.19155753,0.112440735,1.5784423,1.5702496,1.2469662,0.67467016,0.4921447,0.09978287,-0.9742551,-1.3187708
-0.31408277,1.0715313,1.6304955,1.9589757,1.7488884,0.8680933,0.5887063,-0.26626563,-0.8678096,-0.9474694
0.308367,0.49666908,2.078176,2.3911154,1.8258251,1.1167885,0.39866507,-0.3471082,-1.444135,-2.0567262
-0.2376163,0.24696104,1.4430791,0.99295366,1.7501721,0.7399573,0.7766946,-0.051035058,-0.66075677,-0.8712582
-0.36678615,0.37509122,1.6641029,1.9715809,1.7193296,0.6472938,0.34053254,-0.094064154,-1.0161895,-0.82695496
-0.1733343,0.3394966,1.4247466,1.5671067,1.7541195,0.51058745,0.36189926,-0.14119682,-1.17515,-1.3479074
-0.670496,0.5987714,1.9749584,2.3046813,2.0341065,0.95687795,0.6220543,-0.16139682,-1.2467527,-0.6753348
-0.701674,0.5927056,1.6185182,2.1653519,2.3461902,0.7833,0.62168384,0.16831931,-1.121723,-1.8193525
-0.5218805,1.1234409,3.324596,3.493429,3.5198913,1.8393049,0.7511517,-0.28749594,-1.9028485,-1.7773719
0.96150327,0.31229445,2.433254,3.2861211,3.713081,2.4841764,1.6713415,-0.19121788,-2.0889595,-2.1310055
-0.6138196,0.19778888,1.8886808,2.603616,2.8660085,1.456822,0.83001983,-0.33034644,-1.2587268,-0.8970551
-0.62515885,1.6274576,3.0469944,2.981233,1.9462067,1.2239205,0.63692623,-0.49477476,-1.5932156,-1.004289
-0.57609975,1.0271178,2.3266332,1.5466471,2.001361,1.0506184,0.4319036,-0.2566388,-0.9026739,-0.44986844
-0.54343516,0.4784504,1.5292588,2.1548312,1.8988452,0.40409735,0.39033073,0.025037035,-1.1685016,-1.5929629
-0.316265,0.90696174,2.0011854,1.849446,1.5476273,0.7694161,0.7641767,0.12943304,-0.77874315,-0.9802236
0.09957384,0.38305205,1.195022,1.7055418,1.8748279,0.2777972,0.7448857,-0.11595628,-0.8269076,-1.2467269
-0.28272986,0.34323788,1.4254621,1.4447021,1.2027853,0.41937688,0.48431987,-0.100297645,-1.1529223,-1.0308254
-0.5790496,0.5998078,1.5266539,1.6930981,1.3360325,0.36043984,0.37895727,-0.7616773,-1.1603625,-1.2727189
-0.14151216,0.45202816,0.95148665,1.7624315,1.5257626,0.4750073,0.4374342,0.008730007,-0.6712224,-0.9473103
-0.18902239,0.35330474,1.4687855,1.251411,1.5684437,0.7113359,0.5247533,0.16671827,-0.94634235,-0.9250951
-0.021799322,0.22024097,1.3498071,1.6059978,2.0151262,1.0915227,0.5009647,-0.14179243,-0.8709355,-1.5265337
-0.18893662,0.27215323,1.4026843,2.0748162,1.5838814,0.5582879,0.64033383,-0.31379113,-0.7321192,-0.6812093
0.042445615,0.4190883,1.4252267,1.7142946,1.8169036,0.62809765,0.72034156,0.24303208,-0.656246,-0.81507933
0.3262709,0.8006997,1.7805724,1.6030244,1.4931005,1.1295209,0.5463456,-0.27228913,-0.73781496,-1.0515766
0.5919552,0.88483196,2.6175086,2.2690089,2.0442438,1.1977687,0.7672324,0.037066683,-1.2193214,-0.8866063
-0.31500533,0.6473808,1.3310337,1.5063782,1.6530058,0.88113064,0.39853457,-0.0155476555,-1.1687229,-0.92793673
-0.017798722,0.7855484,1.3993769,1.4776886,1.8310564,1.3301718,0.32696503,0.08715217,-0.4385817,-0.9128501
-0.30068403,0.77871037,1.8525448,2.3414958,1.9607189,0.773958,0.78260136,-0.06459199,-0.97846806,-1.0068121
-0.3705172,0.70286566,1.2688023,1.7839051,1.8382108,0.80469394,0.60997814,0.16304246,-0.80096626,-1.240847
-0.2774594,1.0517737,2.0368047,1.9859484,1.8872348,1.0704906,0.5978409,-0.23889267,-1.1420022,-1.0267628
-0.7175447,1.0721303,2.5558193,3.243964,2.9541683,1.3962287,0.62113035,-0.36883733,-1.3357581,-1.7007606
-0.26670706,0.2062527,2.0106504,2.34828,2.2076178,1.8985456,1.1297537,-0.27144372,-1.406582,-1.5271997
-0.635225,0.133178,1.4894948,1.8996184,2.1472657,0.91761905,0.086347714,-0.44935337,-1.2947961,-1.6609485
-0.6133304,0.86713,2.6855743,4.3792887,3.7241635,2.0326982,1.2496468,-0.8130761,-1.9775319,-2.430166
-0.6723427,1.4431053,3.7032468,3.7522357,3.2978408,2.4202447,0.7755735,-0.78834206,-2.0426023,-1.8324213
-0.22901374,0.5741798,2.9401555,3.6615183,3.5411818,2.5481977,1.0730741,-0.5459463,-1.1780325,-1.7338037
-0.69375867,0.8285516,2.3715725,2.569736,2.2919493,0.9454346,0.54928356,-0.81430465,-1.7325946,-1.5958889
-0.78061557,1.2297009,2.4635441,3.106334,2.3883486,1.0309526,1.0749373,0.1524708,-1.0937649,-1.4721423
-0.20187902,0.2276808,1.8447887,1.659981,1.2834932,0.87254983,0.46335983,-0.40671864,-1.4306737,-1.0640168
-0.84302264,0.25519994,1.9628398,2.2122374,1.8047854,0.90799814,0.77725905,0.26168048,-0.9118965,-1.1162894
-0.14694571,0.5530236,1.5671138,2.4697773,2.4733076,0.7204093,0.674289,-0.1999628,-0.9673263,-1.4387935
-0.92127305,0.73046273,2.5484564,2.4311569,1.65383,1.0526593,0.46577597,-0.7691942,-1.7690926,-1.5263654
-0.34171292,0.75417936,1.7442478,2.5814393,1.667823,0.91884154,0.98215556,-0.101125166,-1.0431665,-1.1752645
-0.8188877,0.56375104,1.7959341,2.868766,2.6753576,1.9963712,1.5214015,-0.26929244,-1.6980171,-1.7819567
-0.8337911,1.035438,1.737734,2.1215715,1.5799378,0.6574332,0.87503123,-0.68604195,-1.5909013,-1.060079
-0.36640558,0.13996263,1.1671225,1.8475994,1.4333833,0.41036028,0.9074999,-0.46888202,-1.2951832,-1.2468925
-0.52994585,0.5845349,2.079699,2.174588,1.4495296,0.24207358,0.76667696,0.3547217,-1.1974522,-1.3303517
-0.18083227,0.4469669,1.8221658,2.8522503,1.9864391,1.1400361,0.3480803,0.03572972,-1.2335438,-1.494715
-0.42206627,-0.2054278,1.2820212,1.6975287,1.893007,0.89747643,0.07162068,-0.13330251,-1.0594361,-1.0970033
-0.34730724,0.5921529,1.8095762,1.851805,1.7810768,0.9383692,1.1896623,0.22458014,-1.2397066,-0.85235417
-0.3388215,0.3306933,1.8161002,2.212633,2.315111,1.2734318,0.51415104,-0.44715586,-1.8134108,-1.4117647
-0.6207691,0.7575056,2.4150982,2.414559,1.6568604,0.8182813,0.094546914,-0.79272276,-1.4275883,-0.98449975
-0.6643236,0.3166836,1.5645962,1.8665353,1.9567277,0.5022155,0.6351928,0.10680026,-1.1362317,-1.18839
-0.32468423,0.22839537,1.7400153,2.406523,2.5155041,1.6175846,0.5031872,0.027153151,-0.868226,-1.1880821
-0.65432376,1.380891,2.5464401,2.79955,2.8889494,1.5091084,0.55140746,-0.8612188,-1.7369484,-1.9735763
0.04649587,0.33896244,1.7097595,1.8610134,1.6019675,0.8239831,0.2627752,0.18985152,-1.1877087,-1.2123641
-0.4797131,0.60556984,1.7856704,2.973174,2.8729713,1.186987,0.5246334,-0.6199073,-1.8752593,-2.1541219
-0.09347778,0.4015012,1.2758906,2.2643886,2.0257416,0.80560696,0.6790179,-0.103033565,-0.9738877,-0.91178477
-0.044957973,-0.0059611076,0.99977994,1.5862063,1.2695326,0.5598148,0.47089803,-0.13136716,-1.2712799,-0.8541518
-0.4422089,0.5322583,1.5937434,1.8907826,2.0862472,0.55974144,0.48970145,-0.41622078,-1.1090577,-1.16025
0.28970128,1.8540558,2.9627922,3.3581512,2.8409107,1.5098933,0.94699126,0.33957365,-1.4163555,-1.5512543
-0.4393128,0.48035017,1.5552512,1.9144483,1.9596823,0.76384777,0.28245884,-0.345171,-0.7754992,-1.2460682
-0.49454853,0.6145712,1.6451285,1.9769896,1.369112,0.5925686,0.586493,-0.32621187,-1.2751927,-1.622476
-0.29077914,0.5789129,1.1842716,1.77838,1.8024219,0.8477443,0.6735165,0.26757973,-1.0518074,-0.91401637
-0.6923603,0.34185025,1.8105203,2.2052994,1.5353221,0.83154625,0.44839767,-0.009303227,-1.202039,-1.3537371
0.11309645,0.81227374,2.3190928,2.185665,1.658719,1.1010718,0.87119716,0.4062204,-0.87479556,-0.5010505
-0.064525574,0.92150295,1.8081452,1.4398482,1.7450993,0.5608891,0.77379864,0.18149227,-1.0453401,-0.6538027
-0.21029148,0.39438316,1.6000756,1.8090725,2.0790448,0.7237047,0.4142431,-0.70054203,-1.5493867,-1.5149827
-0.1997205,0.31140652,1.9286983,1.7039746,2.0679474,0.9148183,0.5870171,-0.79257905,-0.9441054,-1.5391684
-0.44097674,1.0902563,2.247582,2.423111,1.8812513,0.74908537,0.32925302,-0.12964842,-1.2415056,-1.2820349
-0.3639335,1.3625832,2.6709194,3.067904,2.7034485,1.3953898,0.48055702,0.24194524,-1.5690472,-1.4683123
-0.48917493,1.7060125,3.5176995,4.176611,3.700364,2.2529233,1.1352284,-1.0666478,-1.819505,-1.905115
-1.2930323,2.262941,3.4603097,2.7478588,1.7327915,0.9725791,-0.10895537,-0.6390974,-1.3027477,-0.99113625
-0.55980444,0.8562051,2.0873616,2.2080588,2.2120843,0.9521123,0.2551874,-0.654931,-1.3644179,-1.047339
-0.45633358,1.0899396,2.3270009,2.7705097,2.3774514,1.8360677,1.0587312,-0.023564987,-1.5179476,-1.7455896
-1.9041796,1.9387313,4.693375,5.407335,4.7040043,2.3576212,0.59927756,-0.67982334,-2.5539355,-2.5790892
-1.2058791,1.5997471,3.897207,3.8437223,3.5870285,1.6976348,0.61744523,-0.89056265,-2.7167306,-2.464849
-1.0814251,1.024457,2.2558987,3.5868015,3.1362424,1.6762282,1.211404,-0.06533267,-1.4323609,-2.2791607
0.10893241,1.1308656,2.2218945,3.4695716,3.1775212,1.3754395,0.6788538,-0.3007973,-2.148526,-2.205723
-0.9647661,0.7865887,2.3765237,2.543229,2.7615669,1.0811065,0.6199497,-0.8351519,-1.8848816,-1.9599172
-0.46591386,0.47429162,1.1846324,1.2925141,1.7198403,0.31104687,-0.03783115,-0.28992352,-0.9516876,-0.65497476
-0.44219366,0.180925,2.0724022,2.6765318,1.9246832,1.474505,0.68660265,-0.46302283,-1.4123172,-1.0527282
-0.24737296,1.4660227,3.4130661,3.9643953,3.2653484,1.9950598,1.1524565,-0.7313249,-2.415126,-1.657508
-0.498089,1.0300145,2.3743923,2.4067948,1.8352959,0.701247,0.75629455,-0.15938434,-1.7078159,-1.1662631
-0.26690236,0.6900136,1.526339,1.4928817,1.2617487,0.5124706,0.1560242,-0.24571705,-1.4549623,-1.2760675
-0.6571387,0.8077048,1.4598016,1.8415251,1.8713003,0.8179954,0.3862413,-0.60483897,-1.2852314,-1.0909998
-0.40239587,0.4827892,1.1459843,1.2104115,1.3413578,0.3970855,0.3934892,-0.11792159,-0.74520046,-0.7886093
0.047818862,0.6977799,1.9854444,2.234888,1.9718202,0.82047474,0.81418383,0.26153183,-1.3439822,-1.2708682
-0.4167192,0.45096147,1.7335492,1.7328733,1.8470985,1.3019444,0.6317648,-0.024334785,-0.6201337,-1.221583
-0.6972916,0.62045616,1.8230544,2.151221,2.7821345,0.6032827,0.43667266,0.065015286,-1.4270957,-1.5117002
0.20341948,0.7167453,1.3971269,1.3674122,2.096606,0.39096764,0.11200115,0.14435196,-0.7763159,-1.1357203
-0.6386174,1.2211334,2.3793569,2.698871,2.4403963,1.1352255,0.8390567,0.062115088,-0.6922545,-0.987798
0.52216023,0.5790421,1.5355103,2.2441719,2.3486304,1.0323584,0.9200712,-0.03698161,-1.0870996,-0.435873
0.24518427,0.73405826,1.292631,1.1295315,1.6587783,0.34823433,0.87808746,0.42337027,-0.10444519,-0.72321296
-0.34823796,0.12029484,1.7483628,1.6312782,1.8074253,0.822678,0.535945,0.20209493,-0.6261117,-1.2386465
-0.9714245,0.78869015,2.1674876,3.1338377,2.1189039,1.1772207,0.8734956,-0.27567187,-1.6468359,-1.259461
-0.67945313,1.3041034,2.3454297,2.2333672,2.6951656,0.97934735,0.20557955,0.037475716,-0.9985753,-1.9505436
-0.8256218,0.7330101,1.4494933,1.5664864,1.2055099,0.50068045,0.36919534,-0.56709635,-0.8697188,-0.9915433
-0.30086756,0.01671533,1.535733,1.7081413,1.4534131,0.39609998,-0.012863871,-0.07515202,-0.88366795,-0.9666448
-0.23122644,0.3856477,1.4054935,1.73975,1.6715859,0.7539674,0.12201579,0.06221823,-1.1223502,-1.0236571
0.0222143,0.6192281,1.6596735,2.0107064,2.3501756,1.216123,1.0961555,0.829685,-0.8858482,-1.4332657
-0.7409706,0.19396709,1.7001193,2.003623,1.8178203,0.95566845,0.5841826,-0.28886035,-0.7921247,-0.97936296
-0.50398993,0.6815731,2.1211271,1.7464108,1.7266775,0.7542193,-0.09963857,-0.54154336,-0.8460713,-1.421078
-0.55731225,0.76214457,1.5199339,2.1643572,1.8044235,0.6204047,-0.32662576,-0.19060007,-1.381449,-1.4176881
-0.088682584,0.5053088,1.7851808,1.6949013,1.5321544,0.65721744,0.5819148,-0.09476709,-1.3472215,-0.91702336
-0.7215478,1.2836398,2.313057,2.1973608,1.3649929,0.19785021,0.18421349,0.12436725,-1.0097603,-1.491084
0.038363278,0.5600098,1.0590471,1.9235382,1.7198745,0.75201094,0.55982846,0.06254923,-1.0665823,-0.61965936
-0.5356993,0.2972524,0.9014763,1.7058986,1.0760506,0.8246983,0.43874228,-0.080141366,-0.928422,-0.5946409
-0.32270983,0.7568881,1.7484035,1.8716898,1.4259988,0.61141914,0.63257504,0.28329614,-0.8928871,-0.75979215
0.029280609,1.025255,1.0875113,1.9753817,1.9531375,0.77696824,0.2952065,0.14226092,-0.7593886,-0.9185212
-0.11704277,0.48788577,1.8810115,1.8945615,2.0146632,0.88301635,0.39673236,-0.46035036,-1.1209894,-1.3473969
-0.059638195,0.70498407,1.7126284,2.5728908,2.1488156,1.0722562,0.4990142,0.18762705,-1.0881273,-1.3199365
-0.59868723,1.451727,2.0992439,3.4777145,2.7732713,0.9557066,0.7555108,-0.10400579,-1.1873167,-1.2516261
-0.1267764,0.63390774,2.0120807,2.4751446,2.2670054,0.89692307,0.33063135,-0.6919762,-1.6159233,-1.5545306
-0.8166288,0.5368442,1.9759421,1.9792827,2.219221,0.6311623,0.7217533,-0.19666395,-0.82959974,-2.0481813
-0.46484047,1.0263132,3.0793774,3.286431,2.9176726,1.6464233,1.2018465,-0.25545925,-1.4904333,-1.7122569
-0.14380705,0.2887,1.3161802,2.1316667,1.9240465,1.9408169,1.2080956,0.04138592,-0.89119315,-0.88920695
-0.80415046,1.0271233,2.5386271,2.0722625,2.1774368,1.1995395,1.0416224,-0.09952745,-1.1119778,-1.2558775
0.25256354,0.44958887,2.277365,3.0989006,2.948352,1.976385,1.3844879,0.23574544,-0.74699825,-1.5481989
-0.77039343,1.3154961,3.2045,3.2715182,3.130567,1.5587404,0.69000345,-0.49229667,-1.8058201,-1.8199713
0.36370942,0.9584092,2.4457939,3.1308153,2.1845138,1.4022757,0.5387092,-0.014333846,-1.5697707,-2.114044
-0.3428105,0.53541255,1.6817567,2.1337426,1.994367,0.76874757,0.4757989,0.18403943,-1.3564361,-1.5705459
-0.62407297,0.5809375,2.7201617,2.8135157,2.3588734,1.0979124,0.5863077,-0.5814546,-1.4747213,-1.5236785
-0.05899337,0.37560895,1.8021407,1.7312126,1.7414863,0.7961373,0.2206848,0.040515475,-0.36865875,-0.90138316
-0.35996276,0.6755322,1.6987218,2.006659,1.7934148,0.8639057,0.47323042,-0.28305718,-1.3622608,-1.1581216
0.08480005,0.503981,1.8178058,1.342716,1.9911126,0.7492588,0.4930613,0.17033152,-0.4027937,-0.62771463
-0.9715073,0.7831134,1.4650841,2.5974107,1.9360626,1.0793612,0.19499783,-0.62669235,-1.7217379,-1.4978721
0.10715984,0.043639887,1.5475057,1.8763362,1.5357101,0.73612666,0.75336653,-0.10730455,-1.2455083,-1.1813926
-0.6889271,0.063046336,1.5201513,2.2440727,1.8247943,0.89858276,0.47533697,0.03301694,-1.096744,-1.2115328
-0.20460722,0.4589008,1.5370407,1.925462,1.5270529,0.6320942,0.66548115,-0.1557387,-0.79228145,-0.5987793
-0.6131349,0.72088987,1.9651521,2.2807615,1.7524121,1.5389622,0.27529645,-0.69861275,-1.3786479,-0.931535
-0.30884647,0.8257945,1.8383117,2.2834547,1.6485751,0.59831136,0.37641945,-0.106584236,-0.85516137,-1.3550091
-0.5272483,0.27114704,1.7738658,2.3709126,2.0925062,1.0174425,0.80950254,0.27200687,-0.8616106,-1.6302735
-0.26962712,0.641591,1.6565243,1.8613299,1.6550316,0.75947803,0.14169215,-0.4532231,-0.6829576,-1.3938192
-0.5267229,0.48802128,1.3327965,1.7580765,1.5009443,0.4591077,0.35967514,-0.21596244,-1.0977796,-1.3084462
-0.58778834,0.89132345,1.2322463,1.7506555,1.4182698,0.72819275,0.42057613,0.05437642,-1.3655329,-1.6142693
-0.3311396,0.35305554,1.1870841,1.8780316,1.6473117,0.982865,0.2191846,-0.29769614,-0.9166008,-1.2931508
-0.7457271,1.1741912,2.8505683,3.3111057,2.7165112,1.474114,0.5910285,-0.09581093,-1.5462153,-2.0130236
-0.7930498,0.45646095,2.051034,2.384969,1.9690052,0.78832805,0.76659703,-0.28533867,-1.830241,-1.6262268
-0.74996984,0.18381885,0.94713587,1.6452459,0.99364126,0.5110273,0.8015475,0.06209392,-0.57689995,-1.0189656
-0.4985415,0.74082106,1.4312683,1.9456109,1.4804312,0.449349,-0.06662802,-0.5516276,-1.0889138,-0.99915564
-0.121091716,0.29284236,1.5063316,1.6645312,1.4493393,0.94366527,0.8899045,0.01651442,-0.68989503,-1.2437122
-0.550737,0.11999187,1.3687421,2.1957319,1.7545956,0.36093423,-0.119007245,-0.6367152,-1.7689865,-1.3676529
-0.8672539,0.15099722,2.0563693,3.1325963,2.4849815,1.989766,1.1724538,-0.108879015,-1.4235777,-1.5041804
-0.3091725,0.5130119,1.6404021,1.4673877,1.8717984,0.886946,0.26097137,-0.57639575,-1.0570098,-0.8280797
-0.13616157,0.80320424,1.5125262,2.4091156,2.2879157,1.5116913,0.8164715,-0.101612896,-1.0232693,-1.7679542
-0.8740892,0.58342946,2.2261481,2.8194556,2.4810128,1.3727529,0.13331854,-0.47272348,-1.63499,-1.331453
-1.4150515,0.9181147,2.6432652,3.6247878,3.2335596,2.231303,1.2153578,-0.88061047,-2.1219568,-2.0389247
0.49220043,0.45548323,2.2768714,2.531671,2.6416643,1.5177784,1.0715458,-0.17575529,-1.325972,-1.4235636
-0.084278494,0.34397212,1.698921,1.8473376,1.1341932,0.5197554,0.5585,0.22871853,-1.075808,-0.49631009
-0.3045191,0.58219856,1.9856132,1.9172668,1.3793219,0.77739966,0.71477234,-0.22177997,-0.7823329,-1.0833117
-0.1167256,0.9878352,2.0030391,2.3597045,1.8048913,1.164854,0.32015797,-0.2780224,-1.3968962,-1.4068958
-0.28626052,0.6267846,1.2587826,1.9563293,1.3422536,0.3844181,0.5552411,-0.046714168,-0.8921702,-0.77449065
-0.14008635,0.21565735,1.0278149,1.5643139,1.1989496,0.4059923,0.59924203,-0.29745835,-0.72284853,-1.1058966
-0.069323465,0.56679916,1.2897308,1.3984212,1.3963978,0.721662,0.3977823,0.22546956,-0.87931764,-0.8129365
-0.34191635,0.14980738,1.3147206,1.4272455,1.2627844,0.6496996,0.7669394,-0.0056215483,-0.9043005,-0.532131
-0.16032898,0.28345793,1.578528,1.5655959,1.5701197,0.9205208,0.8486891,0.20504902,-0.9075049,-1.0304003
-0.36974913,0.3715048,1.2530308,1.2929587,1.3845606,0.6072887,0.35958886,-0.008980628,-0.8447719,-0.83912134
-0.9187372,1.0095456,2.49689,2.7542624,2.1550915,1.1907257,0.77460515,-0.9858486,-1.2629662,-1.5535297
-0.42751983,0.5251113,1.8250551,2.5436995,1.8632171,0.7854436,0.6102369,-0.66658515,-1.4008672,-1.2193921
-0.4650949,0.5447044,1.241959,1.6259164,1.3375626,0.47973347,0.058762595,0.036991354,-0.7041975,-1.0797082
-0.7237722,0.670756,1.6500049,1.7712485,2.0493636,0.43313035,0.37661985,-0.1385341,-1.1880589,-0.5552965
-0.41763815,0.8438132,1.834317,2.5897913,2.3630307,1.1471995,0.23437783,-0.31765252,-1.2631503,-1.4985757
-0.22665536,0.27260706,1.2689906,2.1100397,1.7972169,0.8361165,0.62841034,0.0042183343,-1.1087149,-1.2681108
-0.34339103,1.3663591,2.7272825,3.2051058,2.5640974,1.3501111,0.2807007,-0.417343,-1.7370712,-1.2603357
0.2270937,1.4173855,3.224829,3.7506886,2.6770892,1.59183,1.1641626,-0.23980735,-1.367056,-1.3675995
-0.3207438,0.6281713,1.285841,1.3210858,1.3481665,0.38484997,0.32081816,-0.17483564,-0.69711274,-0.6713875
0.10889993,0.6872575,1.5751338,1.3045077,1.6004344,0.89024895,-0.030006154,-0.4353777,-0.7519465,-1.171108
-0.56729305,0.5361247,2.1651244,2.5945046,2.4453447,1.1012497,0.6337231,-0.37576312,-1.1144123,-1.0660774
0.12676275,1.1062952,1.9864036,2.002383,1.9697758,0.91771334,0.97101855,0.34532264,-0.5162518,-1.0926884
-0.36260316,0.13308236,1.3895749,2.0191164,1.9443947,0.9245164,0.71773946,-0.18979812,-0.9336942,-0.87213725
-0.7979915,0.26371884,1.2628095,1.9821512,1.5472192,0.69099545,1.0168835,0.035900567,-1.2307403,-0.89225495
-0.0628016,-0.016286328,0.97552896,1.8988622,1.871405,1.1356672,0.6481083,0.46376023,-0.49476305,-0.8672834
0.027839776,0.3827483,1.6529862,1.8215201,1.421528,0.59483564,0.30169266,-0.10865335,-1.215404,-1.1992342
-0.041778993,0.44026276,1.4809011,1.5872719,1.737979,0.80259246,0.47211474,-0.08374878,-1.1342719,-0.9822051
-0.16298875,0.79405683,1.6511266,1.6994851,1.4675473,0.7466152,0.4671374,0.08186399,-1.1716373,-0.8675718
-0.049948096,0.5164764,1.037381,1.5439136,1.0323724,0.4123752,0.2951975,-0.20457916,-0.7026293,-0.63278735
-0.6753553,0.9286203,2.4104831,2.9988062,2.6470208,1.3263104,0.52648526,-0.13021576,-1.5737797,-1.8463044
0.61054516,0.9316167,1.9649017,2.6288264,2.89666,1.5836397,0.77974516,-0.40235886,-0.8914452,-1.4631258
-0.44642535,1.0982778,1.9335716,2.2534082,1.9915446,0.8945289,0.09611492,-0.42844275,-1.4789232,-1.601856
-0.28662887,0.6291486,1.4916099,1.6261307,1.4974432,0.31647724,0.6043459,-0.11983986,-1.272695,-0.92482275
-0.6149946,0.57013905,1.5387611,2.003676,1.4470638,0.38401586,0.4649166,-0.040914927,-0.74528295,-1.5490826
0.041996747,0.24824302,1.7561355,2.192851,1.8620842,0.97054195,0.5217575,-0.46729198,-1.101405,-0.8095647
-0.17882526,0.7748835,1.4748757,1.9417831,1.8208755,0.5291655,0.57701904,-0.26050016,-1.2564491,-0.9632412
-0.8969149,0.8106023,2.0745711,2.6910489,2.3781176,0.6232388,-0.066978395,-0.6272875,-1.6352509,-1.5418749
-0.3657362,0.8219195,2.0233128,2.037066,2.0216684,0.5645824,0.18033053,0.01528649,-0.80168325,-1.1033703
-0.4550972,0.5857834,1.3467097,1.5549033,1.5332899,0.3444446,0.2941306,0.040462013,-0.7610356,-0.9886606
-0.62830275,0.549771,1.2872446,1.8945912,1.4024322,0.58050084,0.6703111,-0.25140798,-0.98286366,-0.9521488
-0.396428,0.71072435,1.577758,1.7277334,1.7262553,0.39323387,0.32616478,-0.13733913,-1.0479835,-1.3896469
-0.2552055,0.19680859,0.86786884,1.2613164,1.4602376,0.6223969,0.46376398,-0.30129775,-0.806339,-0.55820954
-0.1730513,0.63944244,1.4450355,1.485073,1.7101569,0.88982743,0.34279278,-0.07281872,-0.97819424,-0.69037074
-0.3914581,0.564844,1.2485955,1.4571002,1.3755417,0.5523058,0.19551986,-0.2934346,-0.92034596,-1.1010555
-0.4250742,0.5989895,1.8590388,1.9188794,1.3467747,0.48020512,0.42377022,-0.18414634,-1.2839316,-1.4494892
-0.15258527,1.273862,1.7585194,1.6876496,1.4404131,0.35670194,0.3785648,-0.4172423,-1.3717895,-1.0734664
-0.4144749,0.63599294,1.6381316,1.4584547,2.0271902,0.845357,0.34640333,-0.54605556,-1.4012685,-0.94780046
-0.40395314,0.8906628,1.7956462,1.727342,1.2589296,0.84107727,0.41227323,-0.32522732,-0.6992821,-1.164602
-0.5841591,0.61947876,1.6625279,1.9902712,2.3385615,0.5777995,0.62593794,-0.14495546,-1.0394739,-0.94001484
-0.9287816,0.32613385,1.3634988,2.2679148,2.346256,0.9490533,0.6987073,0.24359351,-1.2451112,-1.5870894
-0.47645384,0.6210691,2.117125,1.7472749,1.9056181,0.9801909,0.42448646,-0.20656572,-1.0225774,-1.018087
-0.5433422,0.40631047,1.6660279,1.7992581,1.529786,0.5800368,0.31849888,-0.6479958,-1.2343513,-1.0166935
-0.6953246,0.4445011,1.438237,1.435308,1.412522,0.55958635,0.6676306,0.15262383,-0.94046074,-1.1074578
0.18700325,0.750111,1.3723007,2.2245984,1.9827884,0.8418159,1.1142794,0.04253824,-0.9022005,-1.3864808
-0.30230686,0.2319689,1.6529819,1.211708,1.3172629,0.649702,0.6232621,0.06427686,-1.2262032,-1.2578951
-0.80258536,0.809004,1.6207744,2.1291733,1.5245603,0.98896253,0.39149123,-0.397937,-0.74234635,-1.2242743
-1.4642516,1.3509519,2.9586346,2.834196,2.7331874,1.1786382,0.095330074,-0.46146077,-1.915829,-1.618408
-0.6126573,0.43048626,1.3869516,2.289615,1.8944099,0.90788877,0.4904427,-0.17843796,-0.9680351,-1.0466832
-0.53102785,0.7044615,1.5576569,1.5744832,1.8172027,0.7859354,0.25556898,-0.08195241,-1.127495,-0.8388806
-0.025594328,0.9682628,1.8322772,2.475618,2.262534,0.85067415,0.47033042,0.26135054,-1.103945,-1.5847458
-0.57425386,0.3496745,1.2991234,1.7402807,1.580418,0.9563166,0.34025764,-0.21185936,-1.1347357,-1.4451256
-0.8121599,1.5497769,2.5136645,3.174538,2.5148463,1.0779153,0.600485,-0.76319873,-2.3492286,-1.8450068
0.09003307,0.5771264,1.7385834,2.3406138,1.8527124,0.983024,0.77345175,-0.016695999,-1.4926722,-1.1251444
-0.12826061,0.8135075,1.6883185,1.3878152,1.5876273,0.6303315,0.39463735,-0.43430158,-0.6930779,-0.635946
-0.59937555,0.32854515,1.7492226,1.8979897,1.8137265,0.62540275,0.13159521,-0.36788014,-1.2110467,-1.1914663
-1.4914602,1.0707062,2.3995569,2.4536455,2.5290825,1.1606855,-0.042990915,-1.044396,-1.8704205,-1.4039837
-0.5434312,0.47704256,1.9831163,2.1082008,1.3749597,0.3983784,0.13393986,-0.1142476,-0.984074,-0.86571753
-0.70623326,0.4156885,1.6624392,2.1684875,1.5307138,0.9802275,0.50836015,-0.010710517,-1.0003046,-0.9897709
0.22016537,0.5716896,1.7828696,1.956051,2.0122352,0.97211385,0.65880626,-0.14380422,-0.9300043,-1.1266581
-0.77239317,0.25113186,1.59134,1.819841,1.5555118,0.57658935,0.18525907,-0.022223493,-0.8826918,-1.2374399
-0.5017746,0.5105597,1.37661,1.4165584,1.821333,0.8799469,0.040748484,-0.27894104,-1.0746766,-1.5498486
-0.44111893,0.15057953,1.5133543,1.5111837,1.4752609,0.44354433,0.4779058,0.22625868,-0.48623464,-0.51013124
-1.4752548,0.90355694,2.4781613,2.5985436,1.8213029,1.1065702,0.7495763,-0.29395026,-1.2585263,-1.249806
-0.038125273,0.2589057,1.6656607,2.4500034,2.1221323,0.6956006,0.23744336,-0.51253134,-1.0570898,-1.4827865
-0.16997337,0.6552853,1.502158,1.9280051,1.5116487,0.6827054,0.24512547,0.09265639,-0.9264281,-0.81795764
-0.2978964,0.14953403,1.2500747,1.6497245,1.2629766,0.5867218,0.73579985,-0.026731921,-0.82012945,-1.186014
-0.003906615,0.4181333,1.4193838,1.4634298,1.2267002,0.49434584,0.23601726,-0.17931426,-0.5115468,-0.8809815
-0.73629904,0.52944493,1.3467128,1.647796,1.3445731,0.68297523,0.17964546,0.0133518325,-0.892842,-0.8086876
-0.122124664,0.44826475,1.2674934,1.8129812,1.3079154,0.22636344,0.60085225,0.14606725,-1.0479547,-1.170457
-0.37909257,0.23531792,1.8412838,1.3735313,1.8223333,0.42252693,0.3678031,0.2060655,-1.0893682,-0.8037519
-0.11918665,-0.023447473,1.6102519,2.1584597,1.8217887,0.69866675,0.3160651,-0.52327484,-1.2051108,-0.81855977
-0.6433714,0.97487617,1.857061,2.531582,2.180959,0.66627866,0.39833936,-0.2691074,-1.3711433,-1.8299567
-0.37033755,0.6542148,2.0915194,2.3618171,1.707652,0.6547742,0.2270464,-0.39162254,-1.0071594,-1.0840075
-0.6119213,0.6761445,1.7205225,1.7080452,1.620211,0.918822,-0.20636806,-0.4684374,-0.781735,-1.4657869
-0.34571373,1.4020773,2.6924005,3.5213344,2.6641896,1.3508251,0.4386609,-0.17585468,-1.6564869,-1.7469349
-0.8987452,0.5529998,1.4820442,2.732504,2.4062667,1.4745133,1.2628425,-0.33330312,-1.1990484,-1.2639099
-0.27328548,0.3925082,1.5700213,1.3855805,1.7435303,0.9564365,0.24935558,-0.37200004,-0.8842896,-0.84864724
-0.5556491,0.46044573,1.4979318,1.6287236,1.4725151,0.27456486,0.5692297,-0.05199173,-0.5507705,-1.1421261
-0.2094689,0.36240685,1.5644073,1.6545339,1.8285549,0.685644,0.3947205,-0.39757344,-0.9331591,-0.91942185
0.4011405,0.55407155,1.8226613,1.6873126,1.7045054,0.877996,0.4547477,-0.10248419,-0.8653692,-0.70685536
-0.59487015,0.18902566,1.5063555,1.9971782,1.8173939,0.5789428,0.5692575,-0.0033365847,-0.75546974,-1.0662351
-0.29559827,0.59010565,1.3121102,1.534894,1.2408922,0.59795904,0.99997747,-0.15205291,-1.356792,-0.9404437
-0.7982114,0.65118104,1.7494476,2.3698885,2.3979263,0.9571061,0.34167105,-0.3060483,-1.4624861,-1.7807788
0.091611296,0.31812453,0.7657036,1.5988641,1.518223,0.2345023,0.43639195,0.048729695,-0.8215553,-0.98901224
0.13839404,0.5685368,1.5445913,1.8014967,1.7059335,0.6089144,0.68506896,-0.20059264,-1.1941707,-0.8169828
-0.45143753,0.6982986,1.7406901,2.1932976,1.3126116,0.4945014,0.4126435,-0.049330782,-0.6306251,-1.0280265
-0.5486113,0.5376239,1.5073999,1.7084614,1.7294674,0.5502013,0.5299142,-0.2826026,-1.2209374,-0.97656024
-0.40306583,1.0940826,2.7187877,3.0173666,2.5790308,1.3058962,0.69295806,0.14292297,-1.3981417,-1.7590374
-0.7007729,0.35342932,1.8436347,1.6912022,1.44063,0.7427928,-0.03394852,-0.28374895,-1.0669657,-1.3778015
0.051812418,0.77592236,2.1599972,2.0098693,1.6097944,0.57926863,0.12274292,-0.2510436,-1.0913742,-1.1542232
-0.08735212,1.0943407,2.4463735,2.2300684,2.3237998,0.50070864,0.17922866,-0.55381024,-1.9935055,-1.4079093
-0.42670864,0.52011734,1.781408,2.5418541,2.7977374,1.3125935,0.81973606,-0.22529112,-0.7190978,-1.2196053
-0.34240875,0.7259755,0.9696945,1.7896744,1.5507212,0.7709643,0.6753965,0.13397926,-0.50154847,-1.1436946
0.0024514701,0.8533588,1.8723255,1.8194948,1.833162,0.6495379,0.8943496,-0.22046234,-1.4404399,-1.3526163
-0.52434736,0.5084439,1.3902967,1.245166,1.0374748,0.92325217,0.77381897,-0.08492379,-0.92821056,-0.69594043
-0.39371875,0.84699285,2.0328991,2.26794,2.1328378,1.4937572,1.1521761,-0.07779816,-1.0223095,-1.2118987
-0.62992656,0.31917277,1.4951013,2.180596,2.072695,1.1863256,0.82280344,-0.122305155,-1.4263594,-1.4852245
-0.47964656,1.2068883,2.051807,2.0328531,1.985066,0.73684746,0.37863654,0.03787182,-1.3954154,-1.0124435
0.09461452,0.63977385,1.5310371,2.6172194,2.5055292,1.0842756,0.3682413,0.118202,-0.99225545,-0.89047456
-0.2961453,0.16729738,1.1851786,1.8115712,1.4932245,0.8342927,0.38313827,-0.2907119,-1.1225343,-0.72465247
-0.055816673,-0.20499022,1.4250706,2.028253,1.2456776,0.5967912,0.6347168,0.08927021,-0.810676,-0.70866203
-0.10883913,0.23687634,1.5922661,1.8157972,1.6046802,0.41488773,0.46834725,0.2829545,-0.54121435,-1.49699
-0.56743574,0.42198342,1.9942337,1.6649593,1.581312,0.8339302,0.2596454,-0.46597677,-0.54972315,-0.65099007
-0.6019066,0.53841776,1.8815677,1.8029487,1.5112746,0.5613582,0.7330499,-0.2496666,-0.9846419,-1.2735518
-0.6404954,0.7518153,1.4663388,1.7059966,1.4621091,0.72789353,0.57122445,-0.41971675,-1.3503357,-1.131351
-0.40472305,0.6889125,1.9668248,1.7888204,1.1063989,0.5511857,0.4250247,-0.23667839,-1.2963814,-1.057079
-0.23553959,1.0016063,1.6230999,1.6813534,1.5943229,0.49259096,0.55993736,-0.3468942,-1.0735502,-1.1585771
-0.4952809,0.64260566,1.6185462,1.6138197,1.3625325,0.34602904,0.6283525,-0.106531605,-0.96482855,-1.1515901
-0.25154856,0.65399146,1.317851,2.012811,1.7418567,0.90941995,0.8558446,0.093783006,-0.6656645,-1.2108701
-0.6141055,0.14071147,1.9450114,2.8224456,2.5711074,1.3427294,0.38555264,-0.6517126,-1.2021453,-1.4616147
-0.061383538,-0.0047960845,1.3562596,1.9509311,1.6570551,0.45246178,0.6107533,0.11007775,-1.0624986,-0.91976774
-0.37816876,0.74193066,1.2222089,1.6267506,1.0167571,0.35953468,0.29526615,0.18022355,-1.0222368,-0.89317495
-0.571314,0.64488167,1.5386999,1.6717087,1.9625288,0.6797828,0.7960956,0.05627799,-1.1364925,-1.2788221
-0.16572139,0.8207755,1.8590939,2.2465346,1.942552,0.64430785,0.1289635,-0.10282724,-1.302693,-0.88574773
-0.34714466,1.3835912,1.967342,2.518091,2.4928114,0.92468196,0.309011,-0.16311654,-1.0345738,-1.4907765
-0.3816497,0.8049728,2.3653023,1.6430528,1.3468356,1.0701898,0.66860217,-0.60185033,-1.3594987,-0.8444207
-0.50503296,0.88307196,1.8999027,2.1781292,1.7233644,0.85691047,0.5667485,-0.28592417,-1.0498004,-0.98053145
0.20200661,-0.047834884,1.3546023,2.5343215,1.8683033,0.44770312,0.34522033,0.0016197218,-1.0229278,-1.0149119
-0.5768425,1.0232801,2.145175,2.575901,1.6589661,0.7311573,-0.08520954,-0.81719744,-1.8833201,-0.6315813
-0.8254843,0.43550184,2.2164872,2.9123366,2.5159771,1.076534,0.44414234,-0.49229273,-1.038494,-1.0811163
-0.52969575,0.85539687,2.179189,2.6656835,1.9234568,0.9571341,0.743524,0.53394437,-1.0184757,-0.95025647
-0.2701303,0.0669241,0.99546015,1.5373291,0.9378031,0.7429004,0.4998204,-0.33941197,-0.7435397,-0.43048224
0.19492519,0.47588032,1.4510232,1.63872,1.8125455,0.6916196,0.5289012,-0.089203455,-0.6720237,-0.69896466
-0.24832985,1.1685681,1.9046936,1.6266141,2.2105896,0.9908775,0.64302576,-0.1247717,-1.048217,-1.0665904
-0.38124922,0.94466716,1.8599564,2.1489484,2.0966563,0.9927554,0.93216264,-0.025161458,-0.53848535,-0.73393905
-0.40494558,0.55232984,1.4966165,1.6242309,1.3328788,0.43937743,0.37872195,-0.23358344,-0.93373305,-1.1483428
0.074176565,0.6851798,1.6428591,1.4848706,1.5333873,0.85156244,0.45636457,0.007737023,-0.8416329,-1.1297165
-0.030659005,0.37888816,1.5448008,2.0639668,2.0602758,0.6675528,0.5341741,-0.38987797,-0.76138973,-1.1788152
-0.3915108,1.1545691,2.194151,2.9428728,2.7618668,1.4745691,0.41995716,-0.2049948,-1.4965619,-1.3991082
-0.21257555,0.6464607,1.5878427,2.3012972,1.9667283,0.98268855,0.00653309,0.19237798,-0.8971412,-1.5725758
-0.147964,0.74208945,1.1975974,1.5773163,1.6801271,0.5171317,0.8897984,0.23380312,-0.87036365,-1.1196941
-0.093785554,0.93290967,2.1907866,2.0477948,1.9618107,0.59299237,0.48020935,-0.53269875,-0.87642384,-1.4066951
-0.25388622,1.0015129,2.3723335,1.9165062,1.6010355,0.8708926,0.6555976,0.14419992,-0.76820236,-0.66885763
0.1220758,0.30056375,1.3314048,2.244312,2.107926,1.1797174,0.69774866,0.038953185,-0.71356815,-0.9367213
0.1735225,0.7823169,1.6145285,2.2680492,1.9621171,0.9031363,0.452914,0.35827845,-1.1677257,-1.2706739
0.116398446,0.35712138,1.4886979,1.7300458,1.6250652,0.7477107,1.0062182,0.11977329,-0.83925486,-0.8110289
-0.6091841,0.79790276,2.1526446,2.3512013,1.970843,1.0976169,0.49051744,0.12702425,-1.16547,-0.8854651
-1.0015374,0.6481741,2.0444286,2.5779214,1.6242902,0.60084873,0.09327501,-0.68435884,-1.381016,-2.137518
-0.600987,0.28352228,1.4882984,1.9295002,1.8809756,0.71617323,0.36766666,0.1706793,-1.060939,-1.1951008
-0.3161717,0.63542736,1.6659228,1.9249082,1.6328295,0.6183832,0.75168455,0.16616859,-0.20286061,-0.71992695
-0.40503162,0.59673196,1.4726199,2.2686105,1.8550917,0.5928992,0.4598422,0.32432276,-0.6340225,-0.9726773
0.05637991,0.26153225,1.9292166,2.4214387,1.7655903,0.5950602,0.48655367,-0.24672997,-0.9917996,-1.119537
-0.24269709,0.5127563,1.6840668,1.4746785,1.3775487,0.70199907,0.8320847,-0.06820843,-0.74793035,-1.060083
0.051511213,0.20312667,2.0914817,1.9722809,1.6883193,0.57191944,0.46850276,-0.29865223,-0.90468055,-0.7803871
-0.0347015,0.26875186,1.266706,1.6516923,1.6077371,0.4480523,0.015632749,-0.59827363,-0.9827442,-1.0584698
-0.5218983,0.30346796,0.8090063,1.8242233,1.3771255,0.76579756,0.3543056,-0.6297156,-1.1157627,-0.8838946
-0.34344012,0.24338032,1.5327897,2.0454087,1.4861041,0.5621129,0.51802355,-0.45597976,-0.7908828,-0.74825144
-0.5053421,0.25331587,1.0953611,1.6855859,1.524046,0.33198568,0.79492897,-0.3401676,-1.4935389,-1.2493538
-0.19077334,1.060408,1.9600403,2.267358,2.1404097,0.63728446,0.4539712,-0.42761418,-1.263085,-1.1582664
-0.652419,0.52466905,1.7113632,1.5326915,1.8412383,0.77185696,-0.09976579,-0.5187057,-0.65621674,-0.66160715
-0.08077023,0.039145652,1.548345,1.879266,1.8522136,0.86409765,0.43397194,-0.19467404,-0.8234412,-1.3303792
-0.4548668,1.0775412,2.265672,2.5823483,2.033665,0.2794861,-0.16735902,-0.57537484,-0.8310851,-1.3967308
-0.3637611,0.11093911,1.8735154,1.9461572,2.2206128,0.7270929,0.802872,-0.17122309,-1.0443356,-0.797353
-0.22568727,0.16917247,1.6166722,2.4008172,2.0164568,1.157217,0.808393,-0.075747736,-0.8785424,-0.97210497
-0.08012556,0.79354364,1.836961,1.7259973,1.5400429,0.5754755,0.450256,0.021560227,-0.6034853,-0.90322757
-0.19603571,0.43111268,1.482315,1.6058974,1.587188,0.51898754,0.52540034,-0.22881128,-0.7397002,-1.1182053
-0.4847019,0.056240592,1.7780775,2.7128286,3.0367887,1.26774,1.0603589,-0.32113108,-1.3820254,-1.8766024
0.0045786323,0.057272095,0.9580426,1.5196735,1.5782624,0.33929992,0.4696812,0.17012435,-0.86715597,-1.1715497
-0.2986638,0.80470586,1.4802201,1.9026968,1.469348,0.56421065,0.3736682,-0.30582628,-1.1659715,-0.842248
0.08424908,0.83970934,2.0393755,2.2415988,1.888314,1.1042042,0.6538664,-0.36809093,-1.5817444,-0.9660263
-0.5376181,0.42391613,1.952269,2.9436374,2.849829,1.1516258,0.45252094,-0.31996533,-1.9101077,-1.9807881
-0.41699338,0.46815556,1.7423607,1.9845151,1.6335604,0.5653162,0.5525713,-0.11568908,-0.8050255,-1.0218487
-0.62797034,1.0458803,1.7731246,1.7265543,1.8627805,0.46615082,0.13567396,-0.47807735,-0.9709448,-0.7415941
-0.26074946,0.38226432,1.6534618,1.8923899,1.7892332,0.9813298,0.5077435,0.098142266,-1.1587814,-1.5238721
0.1883614,0.23910798,1.5001798,1.4741087,1.4560682,0.6313957,0.35597953,-0.07608669,-0.8195572,-0.82808304
-0.08320487,0.37791553,1.4983352,1.9044077,1.6961334,0.6598754,0.43504938,-0.30284354,-1.2177079,-0.92545956
-0.016426183,1.1076052,2.4645379,2.839149,2.0004554,0.96051276,0.946549,-0.38845754,-1.7996526,-1.3673916
-0.5377877,0.6193061,1.47128,1.6638477,1.711337,1.1064703,0.44870338,-0.19508192,-1.0087236,-1.3387421
-0.6773487,0.5587079,2.0844462,2.2732854,2.6347957,0.7998914,0.22137639,-0.26448196,-1.2773404,-1.6757523
-0.6162947,0.27356306,1.0315783,1.962852,1.7262982,0.670236,0.24672142,-0.59962046,-0.907381,-1.0038354
-0.43272743,0.7638406,1.6443048,1.7763659,1.8971843,0.41078597,0.52800184,-0.003452173,-1.0649977,-1.631737
-0.57559,0.37407067,1.47603,1.873505,1.6297954,0.418764,0.29933122,-0.15835623,-0.9256692,-1.2393123
-0.53411925,0.8018638,2.3985472,2.5171642,2.0970855,1.1637288,0.59246874,-0.80861115,-1.7527115,-1.4977658
-0.63758075,0.81939536,1.9748054,2.611713,2.0725255,0.62892395,0.10723528,-0.5026194,-1.3179501,-1.1265827
-0.6573099,1.0390952,2.1707666,2.1755092,1.8668168,1.2509679,0.7032976,-0.0273177,-1.146883,-1.0407009
-0.23552853,0.68995833,1.9631429,2.235489,1.532704,0.61569333,0.5327559,-0.430495,-1.2300355,-1.1149509
-0.115378134,0.42036372,1.5109286,1.7302066,1.8712016,0.38097632,0.56505984,-0.15428391,-0.9839984,-1.3673683
-0.6563214,0.5639377,1.2096442,1.2195994,1.5883093,0.15182729,-0.080950744,-0.49477392,-0.95428765,-0.9215113
-0.20948371,1.0762228,1.2290016,1.7682111,1.7700591,0.6385917,0.36543828,0.21588223,-1.050378,-1.1378478
-0.14555082,0.5068987,1.0740007,1.6607268,1.1670222,0.3700027,0.85745525,-0.2588087,-0.95718944,-1.4357709
-0.6994574,0.5969678,1.308638,2.0196373,2.0908873,0.89268297,0.1176936,-0.18592721,-1.1456162,-1.7762815
-0.13012081,0.94545686,1.7572361,2.373876,2.0601723,1.2485753,0.83835346,-0.5318584,-1.001788,-0.98716056
-0.38618985,0.67965496,1.9744693,2.4095461,2.690195,1.1002461,0.7449586,-0.60463524,-1.165504,-1.24843
-0.14305916,1.2881502,1.785649,2.1326575,1.5531615,0.8360128,0.398919,-0.41817814,-1.1234394,-0.87866634
-0.7047066,0.7661871,2.2283275,2.2924106,2.673431,1.5197566,0.49791324,-0.1449475,-1.3328818,-1.678886
-0.65229386,0.6999444,1.7297616,1.614091,1.4456508,1.0580237,0.64247,-0.40234494,-1.0755947,-0.8381521
0.032196276,0.3601091,1.0971551,1.9991611,2.0101054,0.8560956,0.72783446,0.09110665,-0.5856869,-1.4615246
-0.26434648,0.37694544,1.3898792,2.0616148,2.1424186,0.8102407,0.86139315,0.6345685,-0.7919015,-1.0750015
-0.56789637,-0.03421786,1.6597251,2.0057857,1.7296696,0.75319904,0.40780577,-0.38752317,-0.59068507,-1.0443876
0.232523,0.34608096,1.3871856,2.0815887,1.3265804,0.9642701,0.5028473,-0.058577403,-1.0140482,-1.1468086
-0.34099117,0.53817207,2.0603337,2.3291295,2.1091688,1.2393024,0.39807406,0.29572737,-1.0716139,-1.4153312
-0.40274987,0.5303694,1.4501349,1.3961979,1.7006347,0.7833391,0.28015545,-0.26253477,-1.3012064,-1.4813141
0.13665158,0.7213857,1.5710322,1.830642,1.7265319,0.43667048,0.6808757,-0.42732462,-0.93426615,-1.0219504
-0.4896039,1.1622007,1.7884896,2.3096328,1.7575399,0.7169078,0.66056573,-0.1507288,-1.1412481,-1.0098101
-0.4923626,0.5563484,1.5843607,1.7702019,1.6383904,0.44683564,0.48772222,0.041039903,-0.83405375,-0.89926547
0.45582426,0.34275118,1.8638102,1.6824473,1.5545026,0.72378606,0.3785583,0.571634,-0.5702836,-1.2603245
-0.5668649,0.48218778,1.470436,1.277471,1.3987503,0.5756983,0.26514006,-0.38262057,-1.0836365,-0.75194025
-0.30984902,0.78959966,1.9493032,2.1296968,1.7706168,1.3164283,0.6449406,-0.6395045,-1.3302476,-1.4931235
-0.10237035,0.72975403,1.9296896,2.5106063,2.1148453,0.6183695,-0.1046944,-0.41721582,-1.5990256,-1.6951208
-0.21844754,1.3453116,1.5015703,1.793186,1.7242137,0.67072695,0.43613136,-0.1635939,-1.3259959,-0.86739904
0.12092358,0.34309343,1.3875275,1.6884931,1.4214765,1.0189731,0.480672,-0.077492334,-1.043341,-1.1692706
0.011187291,0.5740654,2.501478,3.0484095,2.6056278,1.2946398,0.57163596,-0.0118502565,-2.3763306,-2.092328
-0.77960205,0.68664086,1.5434867,1.7897079,1.3132178,0.73789644,-0.02343173,-0.17367753,-1.2157526,-1.0747625
0.12484211,0.06134471,1.4972271,2.3295715,2.5209012,0.9328302,0.73990744,0.15047832,-0.6555524,-1.0612273
0.12621981,0.4765897,1.3238499,1.6547151,1.3689865,0.71522456,0.30446818,-0.13612823,-1.2532054,-0.79993683
-0.53598714,0.84502006,2.285914,2.473648,2.309215,0.8338614,0.42066097,-0.5780135,-1.8201437,-1.4233937
-0.3166556,0.8375054,2.0193505,1.6919857,2.2755773,0.82421756,0.38422373,-0.14891362,-1.3195292,-1.2430646
-0.51724786,0.36064854,1.1831464,1.7857171,1.3745856,0.94255024,0.41267076,-0.18432023,-1.1120788,-1.0498585
-0.14629012,0.93618,1.5030487,1.9808394,1.6385502,0.9061784,0.4196001,-0.35268787,-1.0888412,-0.8955578
-0.16491452,1.0171748,1.8140441,2.3688006,1.8338566,0.8363064,1.1099881,-0.066003576,-1.2083193,-1.4776897
-0.21825284,0.6614169,1.3207214,1.2091478,1.2103732,0.07713105,0.28602454,-0.30501753,-0.9186585,-1.3733193
-0.08939381,0.849356,1.6669548,1.6850969,1.6253417,0.83647,0.7470192,0.108621575,-1.1030197,-0.57459944
-0.23687679,0.90418035,1.8075233,1.6912519,1.2926344,0.5073266,0.734454,-0.1631544,-1.3848915,-0.84848446
-0.86071026,0.35433713,1.687327,1.466175,1.43098,0.6976021,0.42985794,-0.08408934,-1.0260264,-0.4738645
-0.5056401,0.7493618,1.737864,1.7124304,1.6094968,0.9392631,0.33050904,-0.5787297,-0.7147724,-0.68748134
-0.5404718,0.40387917,1.6942815,2.0535927,1.6734341,0.428986,0.45517573,-0.24810398,-1.3916264,-1.1827224
0.0035577016,0.06549027,1.4182162,1.9164988,1.6655021,0.7518297,0.9447239,-0.52845097,-1.2215964,-0.6426754
-0.21358374,0.8715338,1.5636073,2.292829,1.9100692,0.4708705,0.34656918,-0.080763474,-1.4639902,-1.2854389
-0.51109,0.8209521,1.4493647,1.5148418,1.6473227,0.8256387,0.2712997,-0.6520329,-1.5006362,-1.555881
-0.39433432,0.52232736,1.8407038,1.6755989,1.4800586,0.72594005,0.2238302,-0.35919833,-0.51013243,-0.7393824
-0.17779595,0.94607186,1.5692495,1.5876938,1.4633142,0.5346606,0.19085963,-0.22172454,-0.4879416,-0.85857713
-0.1327726,0.31134868,1.6630423,1.696341,1.3574282,0.6126939,0.539357,-0.3337518,-0.40339103,-0.9557518
-0.16197133,0.6842728,0.76557696,1.579178,1.3432357,0.2070928,0.45200217,0.08136043,-0.4894419,-0.64988464
-0.21735111,0.5086485,1.7628976,2.0794625,1.9625467,0.6996116,0.68525696,-0.20929885,-1.0052141,-1.34156
-0.54018974,0.71432906,2.2501593,2.2717729,2.2742121,0.7337408,1.2347077,-0.018353496,-0.94818395,-0.9279998
-1.4611505,0.5852544,2.2381332,3.18179,2.6413314,1.2057172,0.7211864,-0.92540437,-2.0564458,-1.5444367
-0.45512205,0.39481613,1.8103855,2.2214642,2.1373706,0.9370863,0.6819694,0.50078356,-1.1121243,-1.1483816
-0.5845836,0.4793844,1.1334999,1.9125859,1.6179712,0.26607546,0.7591014,-0.22690871,-1.3428183,-1.4188673
-0.4889389,0.47779495,1.2629426,1.9154938,1.7552841,0.8378398,0.4223493,-0.1435207,-1.470405,-0.87972325
-0.06591463,0.029050628,1.8128313,2.1418688,2.0679781,1.0737171,0.39730603,-0.773413,-0.85777146,-1.3823253
-0.8917525,-0.06772866,1.5150015,1.9763094,1.8623401,0.52105117,0.48159093,-0.13208313,-0.8133864,-1.1180478
-0.20320219,0.24203499,1.7736819,2.07683,1.9514854,1.0831869,0.47916853,-0.18909292,-1.2886491,-1.2956787
-0.82006115,0.5036413,1.250325,1.5236722,1.4059213,0.6918402,0.43950135,0.064287156,-0.69186205,-1.4066458
-0.28145796,0.34933928,1.2211382,1.6065817,1.6342688,1.2898194,0.3005301,-0.19214723,-1.7859725,-1.4413275
0.119626276,0.25343242,1.2983915,1.989144,2.029365,1.0212166,0.7196292,-0.07552207,-0.90743387,-1.0652307
-0.08534487,0.5152565,1.4277427,1.8215872,1.7668306,0.7161246,0.5409983,0.4439501,-0.9329217,-0.8496298
-0.4622131,0.35066435,1.1703817,1.4500996,1.0171528,0.56413716,0.42129773,-0.18592197,-1.1282784,-0.7170368
-0.44360957,0.5651703,1.9379936,1.9599606,2.1767263,0.54993826,0.003099557,-0.31859565,-0.9460762,-1.3900408
-0.1401743,0.44890544,1.3977187,1.5940443,1.4431756,0.29178128,0.4737482,0.06573086,-0.97064406,-0.906804
0.12892246,0.8508357,2.1396306,2.1723433,1.4646705,0.78920925,0.39436126,0.028287202,-0.73688555,-0.71767896
-0.70014614,0.64604044,2.0113392,2.2311044,2.2072494,1.2982875,0.26034912,-0.8020456,-1.5109028,-1.3662697
-0.23049301,0.025896458,1.9381478,2.1597779,1.5020342,0.73394513,0.65166575,-0.45043892,-1.7081816,-1.3193264
-0.102648154,0.82462585,1.2546221,1.7994787,1.9811617,1.0213374,0.42387447,-0.26253712,-1.3772537,-1.5889553
-0.1689423,0.44103745,1.7684265,2.1577833,1.9784039,1.0088812,0.4347522,-0.008096449,-1.1016775,-1.5029378
-0.3113309,1.0216386,2.2509332,2.729469,2.8174627,1.340769,0.73407364,-0.50886637,-1.4137193,-1.4366232
-0.8395897,1.0300871,2.9574206,3.2362738,3.1478693,1.7132303,0.7456557,-0.41741532,-1.9683021,-2.512343
-0.37638098,0.40090275,2.419633,4.03544,3.3688493,1.6672527,1.1319685,-0.3526881,-1.7264816,-1.8462062
-0.0029526167,0.7504807,1.6798505,1.9412061,1.7183648,0.8681207,0.4799884,-0.6963777,-1.4544817,-1.0585566
-0.26838234,-0.010040805,1.3112831,1.2904534,1.4412491,0.6418114,0.3687605,0.23998441,-0.5949546,-0.9605131
-0.5986883,0.671314,1.4645095,1.4581807,1.6829572,0.467771,0.33920085,-0.10870744,-0.9505823,-0.81096524
-0.7336147,0.3241899,1.4750403,1.7678174,1.3953879,0.5979028,0.27549243,-0.31729448,-1.444845,-1.27442
0.05501979,1.4896667,2.806811,3.18367,2.6201305,1.1086099,0.4343053,-0.6367815,-1.5712413,-0.8662614
-0.9665837,0.7667745,1.9784583,2.3254802,1.5991663,0.3283883,0.10539481,-0.3992893,-1.0203261,-1.4226047
-0.2421172,0.8282562,1.2491041,1.8074192,1.7684699,0.64844775,0.6794367,0.20962648,-0.7051761,-0.9962673
-0.24437958,0.1997052,1.6555128,1.3238673,1.799087,1.0190597,0.2739686,-0.26850933,-1.0072981,-1.1499462
-0.5483543,0.76661754,2.004819,2.271364,1.6071342,0.75715995,0.39652273,-0.41768128,-1.7178267,-1.3040465
0.021592185,0.38541305,2.0230317,2.1619124,2.1894808,1.4791155,0.8293228,0.07667285,-0.9586723,-0.74943584
-0.43899953,0.18889524,1.1387696,1.1836039,1.1433644,0.44272387,0.27590173,-0.28765973,-0.9824798,-0.6087625
-0.7383547,0.5164559,1.6738497,2.38488,1.882242,0.5174235,0.30252632,-0.30007353,-1.4234284,-0.62828857
-0.65201044,0.5915939,1.8718226,2.0036163,1.9532928,0.63629884,0.27319214,-0.78193074,-1.2210008,-1.5680739
-0.017214458,0.3709413,1.4489627,2.0674593,1.9991277,0.7587249,0.029277422,-0.7305807,-1.0905867,-1.260268
-0.7443076,0.93203074,1.8619245,1.5713825,1.6913605,-0.14583966,-0.07815911,0.016634088,-1.3254285,-1.0556105
-0.078157194,0.24890508,1.1028744,2.1241372,1.6896838,0.70178574,0.26840264,-0.029076306,-0.8123267,-0.95267
-0.594058,0.45913783,1.5768979,2.6036842,1.9105188,0.6879549,0.6472685,0.009569667,-1.5035352,-1.151409
-0.6801183,0.8885231,1.754672,2.591659,2.318629,1.1087575,0.38430545,-0.63840246,-1.4307396,-1.5507812
-0.7674535,0.7134065,2.3014708,2.195928,1.3285376,0.71585155,0.4186312,-0.70724285,-1.487171,-1.2433395
-0.026063047,0.3889331,2.0934262,2.0752418,2.2214713,0.5792326,0.7843562,-0.15265863,-1.3159728,-1.3786349
-0.52199835,0.7267742,1.5462543,2.0283043,1.5959721,1.2423526,0.7812102,-0.3165948,-1.5196388,-1.1957743
-0.3844864,0.51749146,1.0537002,2.0763443,1.4899608,0.73066694,0.44094366,-0.21286696,-0.51823056,-0.75641406
-0.8078262,0.30184412,1.3099421,1.8823236,1.7562852,0.8722829,0.22665581,-0.5556418,-1.1307477,-1.3588166
-0.7901139,0.5496171,1.4398193,1.9162773,1.3967979,0.49842995,0.32797885,-0.6786941,-0.8428818,-0.842809
-0.32912764,0.7956668,1.2023585,1.9227803,1.8127744,0.4820822,0.2614735,-0.030132947,-1.2245128,-0.82428175
0.02172396,0.59945714,1.7557713,2.0709684,1.9357754,1.4438862,0.72136086,-0.7525777,-1.4141185,-1.2272134
-0.315987,0.325696,1.2364858,1.5841455,1.5607722,0.5626097,0.3053758,-0.14571784,-0.9822583,-1.2238913
-0.5547256,0.3887924,1.5684863,1.7957991,1.6887407,0.2530531,0.30529243,-0.48901075,-1.2583694,-0.92361116
-0.2567994,0.38080046,1.5710447,1.9462209,1.4836658,0.61733633,0.5169105,-0.47283778,-1.1689583,-1.100691
-0.03772572,0.65541714,1.7586361,2.15827,1.8752351,0.8759972,0.79255897,-0.25372377,-1.5017781,-1.1111221
-0.16540271,0.30748698,1.6918409,2.0076964,1.7990845,0.555147,0.3420083,-0.66586727,-1.037576,-1.1986023
-0.15011397,1.225764,1.2544758,1.8805526,1.37382,0.5882894,0.490404,0.20624223,-0.8528205,-1.2310083
-0.40554357,0.16953638,1.0469519,1.4571058,1.3319438,0.5262587,0.13885526,-0.057918906,-0.7551991,-1.0186377
-0.111770175,0.7406837,1.5465884,2.0773215,1.4427894,0.46984857,0.18218446,-0.4014799,-1.1252683,-1.0232396
-0.4858509,0.48528555,1.0698488,2.231372,2.3484173,0.5895857,0.7102905,0.4075391,-0.89159214,-1.6677526
-0.42614147,0.7077186,1.6634477,1.520001,1.4884063,0.7120031,0.7798421,0.1345839,-0.67305267,-0.42201424
-0.31058833,0.55515873,1.3383838,2.0181828,2.5257666,0.93742216,0.3160093,0.059123233,-0.96927905,-1.6371522
-0.51665866,0.35561395,1.3922558,1.9013234,1.2808228,0.43532583,0.81523174,-0.3251688,-0.8336733,-0.6133945
-0.4035367,0.8108991,1.7944216,1.5884039,1.6321554,0.47025955,0.104555205,-0.31039986,-1.021145,-1.0633307
-1.0591549,0.9094289,1.8525239,2.461252,1.7650423,0.6784336,0.40499058,-0.05479507,-0.9068223,-1.3059752
-0.53930557,1.1019562,1.8785132,2.4245546,2.2431438,0.9644954,0.3207487,-0.5575022,-1.2367702,-1.2570555
-0.3472788,0.14219397,1.1860509,1.5074168,1.4314133,0.5753341,0.6700874,-0.38250345,-0.8105201,-0.8080336
-0.18079197,0.51232773,1.2714916,1.6472652,1.7703397,0.99738324,0.6015694,0.0822319,-0.79698014,-0.77517164
0.14611787,0.55196595,1.7283438,2.2712235,1.9105268,0.7439916,0.2887631,-0.0044391337,-0.9820708,-1.3327191
-0.20376357,0.78898823,1.5393405,1.7308444,1.3107708,0.4864543,0.57467633,-0.42023098,-1.400414,-1.4767382
0.07397987,0.5184311,1.5750642,1.7988249,1.6480552,1.0924525,0.6590003,-0.33978847,-1.1597252,-1.2666959
-0.46500474,0.4411902,1.7310581,1.9779083,1.8477409,0.55996203,0.3074085,0.10846511,-0.9673101,-1.029103
0.16306543,1.1950551,2.6710122,2.9233422,2.0606189,0.59867287,0.6770758,-0.7928424,-1.7103807,-1.7504809
-0.3193066,0.6750981,1.7485372,1.6604319,1.44192,0.617631,0.4656002,0.055839363,-0.4706085,-0.84254766
-0.2979317,0.99847925,2.1188009,2.198147,1.886444,0.5537032,0.40914926,-0.3210916,-1.0546284,-1.0980546
-0.95279706,0.66240025,1.4757569,1.9790446,1.9355227,1.0364974,0.4361182,-0.5181347,-1.0734428,-1.390043
-0.033925645,0.18523487,1.3938143,2.156066,1.8713048,0.3994352,0.3644362,-0.037405662,-1.0956974,-0.8813945
-0.28938776,0.44969025,0.98864865,1.2191395,1.0197755,0.19348443,0.04179985,-0.44237164,-0.6847759,-0.8240077
-0.08471563,0.43578205,1.6967257,2.0616453,2.011195,0.98833215,0.41020066,-0.019019043,-0.77736914,-1.0859416
-0.51474655,0.5020998,1.4482566,2.0660958,1.4508264,0.8456671,0.62932265,-0.48459813,-0.94279265,-0.91066813
-0.45912403,0.39248592,1.9093881,2.392708,1.9046923,1.104629,0.43173975,-0.59181446,-1.6441987,-1.4578135
-0.4040088,1.1101999,2.585148,2.9471602,2.2624469,1.0607893,1.0537802,-0.21483973,-1.7595283,-1.3003547
-0.48743728,0.5215503,1.6872503,1.1361943,1.3146389,0.46310765,0.24646094,-0.3810275,-0.770205,-1.3929904
-0.51628524,-0.07989677,1.2529527,2.0091152,1.730889,0.5343649,0.5368723,0.21718808,-0.8212778,-1.2610033
-0.4356121,0.3154093,1.6305993,2.0278556,1.8709145,0.6494194,0.26120076,-0.5917244,-0.8547261,-1.0984321
-0.71935016,0.8068535,1.8431034,2.6755643,2.5818374,0.85332024,0.5580592,-0.5222302,-1.2649463,-1.1607239
-0.4880189,0.25777918,1.261468,1.5442239,1.473802,0.5535071,0.44959202,-0.06282495,-0.775765,-0.89297974
-0.1620253,0.6710716,1.9586037,2.3213098,1.688752,1.4224068,0.89825684,0.10811087,-1.2444009,-1.0610672
-0.69900835,0.46575984,1.5806254,2.172096,2.2112,1.1146914,0.38526595,-0.39268672,-1.1352915,-1.0377467
-0.21056625,0.66335857,1.9019488,2.5579715,2.1566715,0.8172426,0.2478804,0.26592943,-1.0787511,-1.4816576
-0.11160245,0.12468274,1.3178389,1.6911887,1.6055695,0.61923164,0.3751173,-0.3265726,-1.0578064,-0.9073091
-0.28397304,0.31576636,1.3788246,1.500629,1.3696593,0.92483246,0.1612539,-0.3019449,-1.0919862,-1.1065096
-0.14346445,0.36660734,1.400378,1.8373207,1.5083745,0.34408706,0.4556699,-0.040121354,-0.92721635,-0.8741635
0.28266644,0.21935482,1.5868648,2.00745,1.8201872,0.15176849,0.31275383,-0.49374574,-1.2030325,-1.0948781
-0.20955607,0.81815535,1.8553971,1.7553487,1.9411234,1.1461824,0.080264166,-0.3473486,-1.3877044,-1.6765828
-0.3000904,0.7565654,1.7251792,2.1454406,1.7341944,0.2676783,0.12517597,-0.16120775,-1.1799821,-1.8078197
-0.21542534,0.9131711,1.9779603,2.0795476,2.031292,0.66162,1.0981047,0.057325833,-0.78118104,-1.0728227
-0.10365361,0.41842932,2.0137737,2.4810784,2.050065,0.945506,0.6933835,-0.1707868,-0.77602667,-1.4087574
-0.29945233,0.5070284,1.2473375,1.5559654,1.4350855,0.6239769,0.40682182,-0.0026096147,-0.9521454,-0.6771915
-0.31422237,0.30551395,1.381681,1.4815068,1.2645139,0.42304146,0.02478518,-0.41414684,-0.7099705,-1.4308981
-0.2388081,0.2906568,1.6378412,1.5749655,1.8402492,0.18237829,0.5726216,-0.1756738,-1.116385,-0.92338073
-0.069075465,0.2986912,1.5812753,1.4828686,0.8054946,0.7105959,0.6983937,0.16964169,-0.8935054,-0.8377382
-0.9641936,0.809217,1.6247267,1.8736463,1.9061327,0.59542835,0.3197005,-0.45288345,-1.3398796,-1.2664391
-0.3534218,0.5501215,1.5180998,2.1247528,2.3154383,0.89616287,0.704342,-0.10940436,-1.2828463,-1.67217
-0.49825367,0.38640118,1.3475587,1.3221505,1.2733185,0.6910073,0.1670619,-0.3053602,-1.0817944,-1.1631579
-0.25707364,0.44149905,1.9686364,2.306244,1.7263354,1.1591011,0.8096841,-0.24298331,-1.4169219,-0.94239444
-0.13176009,0.48945698,2.0263655,1.7685207,1.5164676,0.1375961,0.4871536,-0.026237069,-0.66449046,-0.96029425
-0.36123228,0.6720295,1.7878587,2.1735988,2.0711095,1.1189681,0.5507499,-0.44559866,-0.9984684,-0.87476414
-0.26740184,0.71131027,1.3100579,1.4409477,1.746143,0.46857542,0.28707343,-0.29525265,-1.0594794,-1.0818514
-0.30132988,0.15372905,1.1908746,1.6126,1.6100167,1.035634,0.07648375,-0.21316221,-1.351092,-1.1857436
-0.42248657,0.3386334,2.0202036,2.0097756,2.1292696,0.89674056,0.73009795,-0.44253638,-1.0955888,-1.5594739
0.0324537,0.32097065,1.1746919,1.9629159,1.5058546,0.79895896,0.44279906,0.042023856,-1.2020317,-0.6320796
-0.12498247,0.39752778,1.0446461,1.6805995,1.6738358,0.6664766,0.39784083,0.024805343,-0.97164035,-1.0271997
-0.07119537,0.581597,1.4336917,1.7159166,1.3154023,0.8163854,0.6402043,-0.30355248,-1.1046025,-1.3897393
-0.69443613,0.4423859,1.5563108,1.8842347,1.6504521,0.87441766,0.7122816,-0.12970248,-0.8712383,-1.0716592
-0.040998966,0.54010457,1.1840183,1.5594015,1.2163484,0.19103658,0.30487046,-0.41725075,-0.90409267,-1.2926136
-0.5600236,1.0598853,2.0102239,2.2501981,2.7417812,1.3171004,0.5434939,0.24933916,-0.78205866,-1.2903733
-0.05231546,1.0579956,2.1627429,2.3695931,2.5551708,1.4842073,0.553521,-0.61588454,-1.2399818,-1.0828663
0.13799664,0.5935644,2.2337058,2.2641075,1.8330708,0.44523078,0.23324734,-0.44297224,-1.3819304,-1.2692118
-0.76692533,0.38159865,1.193402,1.7019596,1.11648,0.38298416,0.24150324,-0.6640175,-1.1598873,-0.8747138
-0.54625845,0.7991817,3.1258466,3.8810148,3.3661013,1.2008896,0.5769786,-0.51989305,-1.2623379,-1.289585
-0.48490068,1.302621,2.5155997,2.564485,2.003798,1.0738852,0.43046153,-0.5920593,-1.3181329,-1.2270799
-0.36729217,0.41275403,1.1213247,1.6774027,2.2308376,1.1500143,0.51488304,-0.06241233,-0.66986173,-0.72598517
-0.30317843,0.63359284,1.9220387,1.8825146,1.9521326,0.72216606,0.6045181,0.43190566,-0.82177025,-0.75811803
-0.38340437,0.4683688,1.612178,1.8686697,1.3874508,0.5629603,0.2589801,-0.055200994,-1.3065312,-0.93989855
-0.73579544,0.63656074,1.9405075,2.2329879,2.0020614,1.1708653,0.113673195,-0.24145871,-1.1757613,-1.74526
-0.2031407,1.0381066,1.553156,2.0482635,1.613842,0.9196885,0.5650439,-0.079371266,-0.62727904,-0.8554624
-0.49054995,0.14213203,1.5393838,1.7923586,1.9688152,0.85193026,0.3921684,-0.011632249,-0.9097623,-0.98646635
-0.4562968,1.3440659,2.4037087,2.9143944,2.962018,1.2016016,0.20762675,-0.8860642,-1.935694,-1.4554753
0.05670001,0.54491365,1.8773496,2.0180871,1.5512389,0.75002295,0.75551224,0.034112867,-0.72928524,-0.81521964
-0.38135958,0.7118589,2.358608,2.3490164,1.9108003,0.8672501,0.99923384,0.015684757,-1.4088315,-1.1882284
-0.40974218,1.1535213,2.4280808,2.3253522,2.2753842,1.0777041,0.910248,-0.03491125,-1.0191895,-0.88934416
-1.0377734,0.48996797,2.503424,2.6960127,1.8457088,0.7439309,0.62602854,-0.26780796,-0.6136887,-1.3209839
-0.3361291,0.9463821,1.3890684,1.5859694,1.6771703,0.571409,0.7121526,0.20134227,-1.0757151,-0.7869499
-0.30344662,0.649587,1.5412577,2.1682687,1.0932882,0.7463908,0.80065364,-0.30942273,-0.8654345,-0.71703327
-0.8871368,0.914688,2.334202,2.3411894,1.8015662,0.6301696,0.25630152,-0.38107356,-1.1827325,-0.8557579
-0.2902817,0.36153463,1.5858418,1.658759,1.698051,0.77976066,0.7232858,-0.08792825,-0.74818724,-1.0740476
-0.6209558,0.74197984,1.6420971,1.7091705,1.6747065,0.790789,0.3974918,-0.15868922,-1.2977258,-1.1106851
-0.45976996,0.7190005,1.8714994,1.5480803,1.7699147,1.2292418,0.91384995,0.09990299,-0.56135726,-1.0355456
-0.3980981,0.14823057,1.0654428,1.4626043,1.4753324,0.77362037,0.5578248,0.15350269,-0.6583566,-1.1018018
-0.32597816,0.8326404,1.4753315,1.7006837,1.2701885,0.36117804,0.78569806,-0.26175988,-1.0482138,-0.9443216
-0.4351623,0.6215687,1.2669988,1.5416447,1.5845314,0.45925432,0.32420313,-0.217227,-1.120427,-0.87631404
-1.0098019,0.24977268,1.1462873,1.6886349,1.6586298,0.7815318,0.38333672,-0.35372826,-1.061755,-1.3851941
-0.6831691,0.7114296,1.6656814,2.0018282,1.8060265,0.58604395,0.14810547,-0.5150798,-1.4050392,-1.3458264
-0.35263148,0.20151472,1.5257832,2.04648,1.4916844,1.1469443,0.76511407,-0.13605039,-0.55363405,-0.8098445
-0.47627458,0.71436477,2.087846,1.6958205,1.4265635,0.6091364,0.7860798,0.12710153,-0.588917,-1.0868983
-0.38391268,0.45826998,1.4198804,2.2089238,1.5773296,0.79453546,0.89178735,-0.3258884,-1.1733809,-1.0568101
-0.10769995,0.255732,1.366301,2.1177151,1.5393354,0.3547269,0.57399756,-0.0379016,-0.7537072,-1.0648134
-0.0524142,0.018671451,0.56790483,1.6980287,1.5205996,0.77351475,0.4857517,-0.3315913,-1.0923645,-0.79839486
-0.8190311,1.0248334,3.152807,3.5057993,2.7873797,1.376104,0.7254145,-0.20210658,-1.4881737,-1.387445
-0.18483701,0.2538927,1.5675337,1.9228663,1.3209357,0.7226581,0.5588402,-0.023384644,-1.054712,-1.0571994
-0.35858825,0.46938065,1.5217868,2.2477753,2.2217526,1.1695313,0.42299795,0.026384713,-1.1827124,-1.3973556
0.54350805,0.7457425,1.6342037,1.8719729,1.8025383,1.2330518,0.34376773,0.42420313,-1.0853602,-1.3116003
-0.8442301,0.6985758,1.8715644,2.367321,2.3261006,0.8855107,0.26388875,-0.124165416,-1.1321123,-1.346784
-0.4579956,0.9778755,2.757324,2.379494,2.0531676,1.0185801,0.40949377,-0.16410062,-1.261557,-1.2421165
-0.95782024,1.57287,3.0155115,3.3128824,3.1790447,1.7034224,0.6559044,-0.705224,-1.2887808,-1.4467812
0.0014764741,0.5105857,2.038018,1.8034027,2.0289183,0.5652516,0.19605112,-0.3429311,-0.7845584,-1.0049602
0.7427119,0.7336553,2.2647974,3.1660116,2.7283485,1.4829425,0.55934966,-0.15097518,-1.230921,-1.9455945
-1.3249892,1.3118601,2.8029025,3.3321617,2.389409,0.9691447,0.76908845,-0.6521245,-1.4937092,-1.532167
-0.5975662,0.61210006,1.1964319,1.7827266,1.6370203,0.7473277,0.026295453,-0.6054454,-1.3526527,-0.97231454
-0.2933201,0.15077074,1.8442367,2.0727816,1.2365613,0.5404674,0.7086634,-0.25862214,-1.251213,-1.3558106
-0.13559186,0.6385804,2.192811,2.1700044,2.5354586,0.92413515,0.7155674,-0.4511298,-1.5192635,-1.721496
-0.4786886,0.3100762,2.2108543,2.0111697,1.7263325,0.7115681,0.8559046,-0.3418856,-1.132878,-1.0512829
-0.95532215,0.9308591,2.0430446,2.413584,2.4350262,0.78782874,-0.08605873,-0.42005414,-1.722744,-1.5158201
-0.34314308,0.94212425,2.3453827,2.6471534,2.4876025,0.8526339,0.54344594,-0.50361586,-1.5339777,-1.6209786
0.38653132,0.64397043,2.0418534,2.5275993,2.6382773,2.1389482,0.99539804,0.19317865,-1.5731343,-1.8908076
-0.67710876,0.95710456,2.4642818,2.3996978,2.7260513,1.29007,0.94393563,0.29150105,-1.3818473,-0.962972
-0.14492571,1.0075371,3.222151,2.780257,1.6956786,1.0996994,0.79997104,0.49929434,-1.4283887,-1.1139606
-0.25004768,0.33776626,1.4511647,1.7713256,2.3138824,0.8454773,0.49827993,-0.21297438,-1.1429404,-1.4234834
-0.26068473,0.77324694,1.2080201,1.8980892,1.4574225,0.6540994,0.3136081,0.3395564,-1.0114713,-0.86416763
-0.23285991,-0.18248302,1.1795423,1.7993336,1.3847979,0.3773371,0.14465784,0.012607165,-0.57273585,-0.9937277
-0.33027256,0.065029845,1.0910004,1.464361,1.7639048,0.9765204,0.41655797,0.039602462,-0.47619936,-0.6755711
-0.53019077,0.7848177,1.9988712,2.2919374,2.0075028,0.48775727,0.38458845,0.36354497,-1.1348414,-1.2090598
-0.7224222,0.56600916,1.9716552,1.9721485,1.6660337,0.8768268,0.54085773,-0.18658978,-0.6759699,-1.6624298
-0.547847,0.57610697,1.4685302,1.4140275,1.4778255,0.6094327,0.22140557,-0.40109032,-0.6991356,-1.1917614
0.022967642,0.7778719,1.8278551,2.0481346,1.5926975,0.7126231,0.5632402,0.33638147,-0.9665565,-0.76682
-0.9279199,0.9921832,1.9455856,2.326283,1.6010891,0.89371717,0.26878247,-0.684757,-1.4374636,-1.1882931
-0.30595568,0.71567416,2.0871031,2.262481,2.021139,0.8993347,0.18578719,-0.36419678,-1.0755825,-0.8249479
0.108744614,0.706209,1.8788495,2.3072217,1.884745,0.6756089,0.5601003,-0.08973694,-1.285027,-1.374379
-0.27575958,0.75127566,1.7628022,2.0293818,1.2140058,0.5147796,0.25913686,0.093266554,-0.6798261,-0.9537189
-0.55771184,0.50764185,1.3073672,1.6767133,1.6452799,0.48759395,0.2416715,-0.07793755,-0.90820634,-1.6883824
-0.52212524,1.0005189,1.2675523,1.7194421,1.8213403,0.51817006,0.18614398,-0.182481,-1.1467527,-0.88449675
-0.5360794,1.0058959,1.5439957,2.1261733,1.9746221,0.41019806,0.57175916,-0.32168707,-0.98925805,-1.1537958
0.2055161,0.27820712,2.2435434,2.2368386,1.9643887,1.3927225,0.72307515,0.15724304,-1.5078177,-1.6510518
-0.7794189,0.7685945,2.3655274,2.7824538,2.1540866,1.4797138,0.642757,-0.38726506,-1.8588501,-1.8757063
-0.6339466,0.27458695,1.5743326,2.3573365,2.6667962,1.5736972,0.8393137,-0.25798705,-1.4045521,-1.61862
-0.22679883,0.42885637,1.4816724,1.9858979,1.6016246,0.46304095,0.9219162,0.20983325,-1.0682633,-1.3469046
-0.48233828,0.850658,1.9399705,2.464888,2.0324762,0.99679244,0.5031885,-0.40582427,-1.4375345,-1.1998394
-0.2825689,1.0420542,1.3806757,1.6336114,1.821794,0.72633934,0.037929907,-0.49822366,-0.7401911,-1.0263149
-0.28950652,0.48952544,1.6421088,2.6889026,2.2960894,1.211759,0.6006933,-0.2900754,-1.2704114,-1.9806483
-0.55516165,0.48800215,1.5573592,2.1840427,1.9432514,0.5019824,0.6655256,0.012301087,-0.88606733,-1.5253239
-0.4985076,0.22966905,1.6828874,2.5826685,2.7154315,1.5835319,0.62008214,0.039792426,-1.5082293,-1.3740437
-1.193285,0.8852773,1.4871383,2.2069404,1.4418882,0.9906888,0.7013807,0.3415354,-0.9207989,-1.3863986
-0.12310291,0.19764987,1.8567414,2.3874884,2.4809408,1.3477484,0.6671955,-0.1587402,-1.1446185,-1.644428
-0.21163303,1.0596335,1.3596659,1.5969645,1.6521826,0.48664844,0.4757768,0.19793876,-0.9535705,-1.3136585
-0.7085645,0.22529146,1.960641,2.1142468,1.4353696,0.37882924,0.5285884,0.019538904,-0.9814824,-1.5177449
-0.21661448,0.7151007,2.0710363,2.3466892,2.4574172,0.8168216,0.47411102,-0.67478496,-1.3893496,-1.5594764
-0.52751786,0.6234914,1.0055292,1.5559692,1.1691897,0.37324694,0.5319658,-0.23733296,-0.4030107,-0.7811149
-0.053359687,0.96217525,1.9202237,1.7690343,1.8033507,0.6255667,0.30225635,-0.16964479,-0.95079434,-1.09677
0.07874042,0.07882569,1.2894591,1.9679351,1.8861471,1.6289358,0.72505933,0.21654783,-0.6559801,-0.77016866
-1.1571954,1.0119243,2.0269952,2.3448744,2.5917854,1.2732587,0.40828246,0.01358421,-1.4454919,-1.336204
-0.539447,0.40319452,1.986938,2.3490403,2.355164,0.7932601,0.43041408,0.028342495,-1.1919158,-1.5551654
0.20474035,0.75784737,1.9317431,2.6052377,2.3374252,1.2141362,0.6794721,-0.25390363,-1.0781906,-0.88221246
-0.44341406,0.64325166,1.3384832,1.9459587,1.8613352,0.7979755,0.84384936,-0.032451775,-1.1713572,-1.1139098
-0.19601858,0.67999196,1.4304599,1.7433035,1.6004294,0.73706734,0.49897456,0.09381063,-1.0028218,-1.4178799
-0.84666765,0.92336106,2.3113706,2.1659107,1.8946092,1.0891591,0.88267016,-0.08940458,-1.3984965,-0.7237458
-0.42917252,0.8482956,1.362338,2.1709406,1.7023681,0.24418099,0.48058188,0.04154116,-1.4204477,-1.2332431
-0.21065691,0.07822077,1.7285724,2.661573,2.2574658,0.6096065,0.49368513,-0.1664519,-1.2880193,-1.5869964
-0.40019,0.506561,1.1589048,1.6319051,1.568912,0.43417522,-0.019077273,-0.3391308,-0.52958244,-0.9180673
-0.37862924,0.18984857,0.77812773,1.856171,1.5956427,0.810423,0.24078819,-0.012714868,-1.1030835,-1.3772342
-0.3311192,0.41229585,1.4271249,1.4526649,1.7006747,0.8555155,0.49757987,-0.6144324,-1.1383847,-0.9980459
-0.020102322,0.5223169,1.2500571,2.2155628,1.9137493,0.35879418,0.7189936,-0.26013157,-0.88288474,-0.8262359
-0.2716087,1.0435553,2.1758654,1.3438056,1.5287768,0.612947,0.27930146,-0.6887993,-0.72142506,-0.99183565
-0.5399528,1.0728859,2.2414398,2.6649091,2.647344,1.3572838,0.09147601,-0.09048864,-1.4999598,-1.5557384
-0.73329014,0.8603645,1.5694388,1.9274434,2.1103356,0.9295539,0.16920087,-0.23046081,-1.2780737,-1.6266239
0.13580376,0.43703842,1.72327,2.1088443,1.5445783,0.5180312,0.80120975,-0.0021809167,-1.3448122,-1.0597119
0.0043877643,0.51048625,1.7270266,1.8203788,1.6022693,0.53020686,0.5494084,-0.17873268,-0.9615919,-1.4302572
-0.23816171,0.4145701,2.0614567,2.8808777,2.5696065,1.0570817,0.6500713,-0.5577065,-1.2468494,-1.8171633
-0.24730706,0.39131194,2.0137935,2.147641,1.9578875,0.83590704,0.396915,0.12506405,-1.2159358,-1.1804912
-0.18177673,1.0738697,1.4952804,1.8652804,1.3556558,0.9533622,0.7303758,-0.43068007,-1.477849,-1.1868782
-0.3011552,0.40901732,1.4878063,1.6469085,1.888998,0.72328085,0.57811934,-0.19694117,-1.0822213,-1.1920792
0.24799281,0.93268776,1.9079628,2.2501278,2.09654,1.0466044,0.96594036,-0.032994196,-0.9869423,-0.8194589
-0.2893623,0.11020875,1.1392628,1.6107409,1.4578276,0.42906642,0.5523275,-0.033412974,-0.990275,-1.0738789
-0.06523453,0.19232988,1.1206142,2.0665379,1.6853235,0.7476847,0.33654493,0.15429203,-0.35061604,-1.3095481
0.4024238,0.65894955,1.4797561,1.9103237,1.7827861,1.0850818,0.71239656,-0.030835198,-0.9017319,-1.2455369
-0.44105065,0.12208788,1.8076081,2.1199267,1.7837023,0.48354262,0.6226784,0.25269476,-1.1553637,-1.4696324
-0.2790637,0.19625299,1.8349012,1.6488622,1.6043513,0.8525324,0.26174074,-0.10308407,-0.67727304,-0.94623244
0.17854449,0.3938441,1.5608705,1.7940389,1.6884141,0.6971327,0.7349631,-0.24150515,-1.4777743,-1.3053025
-0.079556815,0.44698906,1.0369993,1.6018127,1.7004709,0.6537377,0.45056203,0.21887147,-0.5884152,-0.8755558
-0.5350754,0.68655473,1.1252238,1.3868142,1.5657903,1.0397632,0.127936,-0.14601278,-1.0949414,-1.12447
-0.21533266,0.32182515,1.7031595,2.7171686,1.6935513,0.97715366,0.8849118,-0.58647186,-1.5782169,-1.2804003
-0.56666887,0.5455264,1.7725881,2.293493,2.0309784,1.047363,0.46518064,-0.563479,-0.7901397,-1.3618264
-0.38905063,0.10332594,1.7196716,2.1400592,1.6882256,0.9430947,0.0012771674,-0.15342808,-0.98228216,-1.0818657
-0.36720958,0.8901047,1.6318743,2.0920727,1.8098661,0.8558156,0.848495,-0.23862717,-1.2692538,-1.3897039
0.00990764,0.4457675,1.562773,1.8730798,1.6532451,0.54912376,0.4859097,0.07780938,-0.61199564,-0.8760353
-0.43286085,0.1167554,1.6960357,2.365794,1.6724132,0.5362665,0.2157616,-0.6025192,-0.9651823,-1.0435485
-0.67360306,0.87604165,1.8900884,1.9010808,2.1699333,0.51835465,0.31613487,-0.1727175,-1.105835,-1.2975789
-0.23170236,0.7181448,1.2208594,1.6074773,1.4203781,0.59368473,0.87776905,-0.03913098,-0.87980366,-0.31213078
-0.079512246,0.22795151,1.2983378,1.5849245,1.3376576,0.5343511,0.3972469,0.1421374,-0.94440776,-0.76889896
-0.07233082,0.8272159,2.6528006,3.2369137,2.890569,1.5566258,1.4686593,-0.35538435,-1.6271785,-1.0245911
-0.9445064,1.1110926,3.2353158,3.700628,2.9666789,1.388197,0.87210363,-0.943166,-2.1508775,-1.3578408
-0.8504957,0.826071,1.8033078,2.0644968,2.1335714,0.45020467,0.23077005,-0.6513442,-0.55768025,-1.5150585
-0.5277321,0.9048713,1.3154382,2.2599068,1.7863247,0.7419079,0.3135494,-0.30802733,-1.0481176,-1.0784165
-0.30479756,0.80254483,1.5082729,2.029283,1.3735486,0.6599472,0.36063373,-0.5314729,-0.9251495,-1.3496398
-0.54136807,0.2760374,1.2869885,1.628632,1.5639405,0.9273596,0.63786596,-0.11613781,-0.9428356,-0.9785368
-0.69269085,0.39766183,1.4083865,1.9360867,1.1469308,0.6143933,0.2052295,0.135916,-0.5186683,-1.1954619
0.45072082,0.64126456,1.2656626,1.4998816,1.8675623,0.7842352,0.56549996,0.14447685,-0.48428944,-0.9660295
-0.33886507,0.22693685,1.8788937,2.5910132,1.4944042,0.7677426,0.7460798,0.39908794,-1.5603007,-1.828896
-0.4669794,0.96122223,2.4152164,2.6396585,2.188031,0.8372979,0.8051939,-0.062973954,-1.386068,-1.6014256
-0.58975583,0.14046188,1.3892264,2.47316,2.327533,0.81454057,0.38725576,0.15321201,-1.1166962,-1.5927261
-0.4920378,0.65410537,1.7601217,2.295592,1.7496289,0.4239503,0.43489808,-0.15226302,-1.0901943,-1.0638978
-0.568814,0.58030015,1.7894489,2.2926238,1.5700724,0.7413114,0.32757515,-0.3622951,-0.85704714,-1.0487078
-0.11655951,1.1077825,2.7189436,2.5131466,2.7339218,1.000529,0.5118966,-0.35082114,-1.3828284,-0.71960443
-0.5553144,0.7557891,2.3283393,3.0879989,1.9822706,1.2741605,0.5518884,-0.40046397,-1.5738118,-1.2372007
-0.010252908,0.72534317,1.4174047,1.9339888,1.7779634,1.0299577,0.79024,-0.27389494,-1.1193827,-1.3043761
-0.781782,0.7139575,1.684023,1.7147946,1.5299685,1.0552499,0.38279283,-0.03969988,-0.9171135,-0.9035301
-0.55236006,0.6798035,1.9872471,2.3323996,1.8481084,0.6273856,0.51458085,-0.52349263,-1.5727748,-1.7339138
-0.2565704,0.8389957,1.8031412,1.943672,1.522597,0.834705,0.3055023,-0.6110372,-1.4337795,-0.80674297
-0.39822498,0.36852378,1.4376845,1.2943059,1.2642554,0.6986007,0.26062536,-0.053407256,-0.8803988,-0.9232087
-0.7895974,-0.06481743,1.2769597,1.5889461,1.1586556,0.30338195,0.32465404,-0.15667772,-1.0778729,-1.0092723
-0.43309352,0.71640956,2.2255268,1.9226054,1.8499469,0.74027693,0.46342057,0.13710155,-1.316957,-1.5349104
-0.12130018,0.20692414,1.3421171,2.7042098,1.8806775,0.97902524,0.83888865,0.1882355,-0.81188065,-1.0513499
0.19216955,0.8987321,1.9259348,2.4687874,1.8763499,0.36941114,0.31482115,0.043928135,-1.2803328,-0.9216755
-0.21260765,0.293379,1.7206389,1.7451833,1.6960657,0.51221365,0.1502131,-0.28314412,-0.8809764,-1.1022493
-0.43572602,0.6564176,1.2350262,1.9137917,1.6054177,0.71183926,0.35118353,0.39988166,-1.0762914,-1.3445892
-0.57115376,1.4456502,2.4867778,2.6520088,2.279577,0.8141019,0.55514425,-0.28053197,-1.4590964,-1.8801442
-0.64263403,0.081530325,1.0111666,2.02529,2.0434766,0.7744069,0.05454164,-0.6873247,-1.412938,-1.310325
-0.28335547,0.21106878,1.4024038,1.6667826,1.377449,0.48497105,0.014543951,-0.14781478,-0.9203511,-1.1110284
-0.78184414,0.09108369,1.3872002,1.8342649,1.7554746,0.3259758,0.8361676,-0.18310195,-0.92720056,-1.088057
-0.107774325,0.4483033,1.7530063,2.5282958,1.9282027,0.8528444,0.51747525,-0.13459465,-1.077259,-1.3117988
-0.08265535,0.62054473,1.6662705,2.1014228,1.8581246,0.74330807,0.4330117,-0.378571,-0.8610448,-0.7308516
-0.51207006,0.6897586,2.0971339,1.9236215,2.0927238,1.3107915,0.38539022,-0.17176723,-1.4689089,-1.3275326
-0.44014505,0.6545531,1.6272553,1.7355269,2.0529518,1.0415404,0.54935133,-0.4915408,-0.6579967,-0.98179054
-0.97294664,0.39943594,1.3008124,2.3569667,2.2164526,1.5469412,1.3051351,0.26320124,-0.6564299,-1.6586792
0.03528347,1.051655,2.1634672,2.963171,2.7900856,1.1209793,0.39425373,-0.37512383,-1.5100188,-1.1449898
-0.9916606,1.1040647,2.6287973,3.4325936,3.0433311,1.5998613,1.1324606,-0.5947361,-2.0194793,-2.0790746
-0.04176986,0.6944527,3.0591385,3.5074542,3.3159764,1.7885026,0.80298465,-0.27947024,-1.7226733,-1.7490585
-0.60439205,0.40648496,1.7293284,2.4638457,1.9790024,0.6815758,0.16912238,-0.68568444,-1.5235586,-1.474451
-1.0674374,1.379035,3.270251,2.9452486,2.0065467,1.0503386,0.7790354,-0.47125655,-1.5609943,-1.1437523
-0.006200429,0.28250661,1.1940602,1.8266113,1.9823192,0.9753493,0.84074056,0.08242105,-0.97654593,-1.2099361
-0.3529055,0.9839224,1.6609169,1.8528055,1.7365031,0.60032606,0.5119564,-0.48185578,-0.7967808,-1.2034005
-0.25071904,0.35897073,1.5371172,1.6547503,1.6432312,0.63675076,0.20934892,-0.50798404,-0.9437669,-1.0080454
-0.47770473,1.2697266,2.3755348,2.4549935,1.8555014,0.6269141,0.1858054,0.009309353,-1.0584815,-0.89968216
-0.24931622,0.5049882,1.057883,2.013251,1.5735993,0.68272597,0.61462456,0.06514392,-0.5049138,-0.9214829
0.11078762,0.55852354,1.1101892,1.7373937,2.1896553,0.91710544,0.7768544,0.14938529,-0.80911154,-0.74862117
-0.10347862,0.7544653,2.042818,2.2405813,1.9888445,1.1436858,0.63038594,0.009694462,-0.76596206,-1.2079428
-0.33595103,0.9007541,2.3321292,3.1023843,2.7854269,1.4722241,0.666499,-0.16627923,-1.3450888,-1.4001274
0.01541774,0.7465106,2.0231006,2.092257,2.1401002,0.788673,0.19008355,-0.4377049,-0.9821658,-1.1488012
-0.115359135,0.2974407,1.5899394,1.4212687,1.4866629,0.8978246,0.6194109,-0.45700166,-0.6941967,-0.71342045
-0.3628977,0.23867999,1.3913287,2.0343463,1.7455664,0.49381566,0.6455049,0.0715328,-1.1813391,-1.0203875
-0.66043186,0.6549217,1.4853318,1.6110747,1.485103,0.40837324,0.18408678,-0.26405865,-0.649893,-0.9885251
-0.61622214,0.5515928,1.2521819,1.6018773,1.9883231,1.0087465,0.5743002,-0.19592622,-0.9231739,-1.2878588
0.19166133,0.6441687,1.5422229,2.283081,2.0881767,1.1423552,0.61654377,-0.161278,-1.0871018,-1.7273631
-0.34573367,0.70881164,1.5459291,1.7001193,1.7452277,0.8036964,-0.059022844,-0.21135555,-1.3748292,-1.6865959
-0.5981168,0.5671058,1.4500275,1.3035076,1.5426899,0.6131395,0.13586073,-0.050537948,-1.1964458,-1.1449125
-0.573345,0.54089874,1.4842128,1.8060799,1.1329887,0.50432706,0.5051267,-0.24649948,-0.60222924,-0.8549427
-0.019513804,0.5996564,0.99456096,1.578804,1.5501624,0.5108057,0.5157363,0.19234866,-0.7723676,-0.4552832
-0.013497554,0.8269287,1.3231415,1.6009848,1.6551771,0.68932146,0.5454138,-0.0208562,-0.5833534,-0.98697096
-0.18597487,0.5747769,2.0890057,2.0832899,2.1502647,0.85827935,0.7901621,-0.07039444,-1.0084531,-1.4440783
-0.3566167,0.25337875,1.5933517,1.7087226,2.0905428,1.4858707,0.64737976,-0.2787281,-0.966627,-1.4123312
-0.5982563,0.6374712,1.6944269,1.6655246,1.3337561,0.34683302,0.10614076,-0.015281104,-0.74581623,-1.2346013
-0.82503706,0.80454,2.145784,2.6461644,1.7957022,0.9498718,0.4964257,-0.5201716,-1.9034387,-1.1676898
-0.42775086,1.0954806,1.8126174,1.6945055,1.8767856,0.6985348,0.508811,0.14126618,-0.5634106,-0.80438966
-0.33008295,0.70486057,1.4330888,1.4008714,1.7714317,1.2742822,0.64533263,-0.17443575,-0.87541527,-1.1899756
-0.23047927,0.8201262,1.4154699,1.8240153,1.6571516,0.55990726,-0.000107221305,-0.48055327,-1.4609774,-1.1888092
-0.44766748,0.2521472,1.1784593,1.980987,1.6932665,0.68362767,0.5032169,-0.11747112,-0.8481045,-1.2127607
0.16760266,0.6534691,1.255313,2.4064112,2.6393795,0.85263485,0.8325835,0.23036654,-1.0389036,-1.398031
-0.9680765,0.5163646,1.905284,2.1215637,2.2223287,1.5332618,1.0550299,-0.074011095,-0.96590954,-1.0497512
-0.17398614,0.44743845,1.8645351,2.258565,2.2401142,1.3541942,1.0129255,-0.030305048,-1.366085,-1.1062285
-0.69259053,0.26077947,1.8069466,2.0529387,2.2593544,0.7675972,1.1939282,0.48270294,-0.532619,-0.79472387
-0.25104144,0.45714557,1.4057606,1.9145927,2.0440748,1.0664619,0.5227265,-0.19349748,-1.215211,-1.6645552
-0.58101255,0.9113301,2.0702913,2.305239,1.7002537,0.6863294,0.301571,-0.4383585,-1.2205826,-1.1504328
-0.21509212,0.81887525,2.109584,2.0263567,1.8431554,1.4590926,1.2742581,-0.052755546,-1.2228801,-1.3528618
-0.8314062,0.5099209,0.9994582,1.6797597,1.6380224,0.83202946,0.6705377,-0.6049278,-1.3296515,-1.0858219
-0.54212093,0.2559881,2.1020718,2.7834377,2.0605016,0.86737007,0.5330482,0.0925294,-0.9597534,-0.9543655
-0.12239631,0.58304995,1.7440238,1.9252571,1.8670058,0.472578,0.4499885,-0.010005746,-1.4579768,-1.4217288
-0.35467,0.69554305,1.8413898,2.3847451,1.8898096,0.9357866,0.8005582,0.06059253,-1.0713122,-2.0480695
-1.0346459,0.30899346,1.8879217,2.154903,1.680475,0.78359914,0.7603279,-0.7962062,-1.6005657,-1.1932791
-0.52479434,0.72032464,1.379223,1.7833023,1.6321608,0.6289443,0.20955479,-0.11958419,-1.0311432,-1.872451
-0.15814632,0.0975217,1.6165246,1.7948519,1.6530812,1.0984834,0.6599115,-0.08043095,-0.856377,-1.0136925
-0.9422189,0.83140266,1.5741665,2.336562,1.835039,0.62290496,0.5396391,-0.87157524,-1.6767455,-1.4176632
-1.054962,0.85480666,1.9206841,2.252027,2.136295,0.52589077,-0.26150364,-0.5910304,-1.6022004,-1.4562122
-0.37476686,0.81592,1.4359338,1.9055218,1.901218,0.8592059,0.44662407,-0.25215667,-1.6110713,-0.7970597
-1.0992506,1.1048454,2.616586,2.7032235,2.7000225,1.2405121,0.8324313,-0.7616809,-1.9066046,-1.4106138
-0.47353327,0.83427525,1.8179473,2.7226446,2.6964993,1.389726,0.7678899,-0.19044495,-1.4977288,-1.3874435
-0.62366754,0.63763696,1.6964886,1.8475409,2.111142,0.8810148,0.2691682,-0.55436486,-1.2776027,-0.8128114
-0.6690558,0.49860397,1.7946604,2.0088725,1.8184179,0.51374817,0.6210446,-0.5596886,-1.6458485,-1.198848
-0.3708083,1.0965334,1.9403365,2.268218,2.466538,1.0525551,0.81467575,0.034593485,-1.2900605,-1.2827178
-0.46707878,0.8697272,1.4614431,1.853622,1.7529812,0.67516595,0.4242081,0.0957561,-0.8945741,-0.58448005
-0.396168,0.78899956,2.2936504,1.8397062,2.039384,0.7770747,0.86966133,-0.051796656,-0.6688984,-0.99288917
-0.29783732,0.70251423,1.4387789,1.3705814,1.767774,0.82697064,0.61390525,-0.4487455,-1.0123987,-1.0516294
-0.23044491,0.6161848,1.4365778,2.3274448,2.363816,1.0875254,1.1116685,0.1890943,-0.67952126,-1.3458624
-0.5045973,0.8196793,2.0350258,2.0214891,1.5022895,0.577478,0.39686683,-0.19006673,-0.92200184,-1.072569
-0.4650704,0.59976655,1.9906427,2.5734127,2.1467655,0.93240523,0.4041903,-0.018661074,-1.3531302,-1.249646
-0.45256856,0.80875826,2.1471019,3.0384624,2.4118588,0.5470919,0.67628855,-0.2874532,-0.9811826,-1.3298187
-0.2719213,0.4999331,1.78105,1.3203231,1.8400748,0.4913293,0.1617768,-0.074614644,-0.59358877,-1.4524397
-0.40292606,0.61538726,1.3825111,1.9783472,1.733562,0.44738615,0.5781447,-0.008744618,-1.0518831,-1.0873806
-0.24692371,0.22079726,1.4142236,1.6638266,1.4176247,0.43880928,0.2486268,-0.4444455,-1.0635824,-1.2818308
-0.64703494,1.0410169,1.8154283,2.1069486,2.0758703,1.4534758,0.6988171,-0.35229838,-1.2064594,-1.6745907
-0.307817,0.29299262,1.3701375,1.1426244,1.3282583,0.28155676,0.46775538,-0.20789859,-0.77372456,-0.88833416
-0.3228107,0.38944733,1.8382804,1.466589,1.5793943,0.36305723,0.40677944,-0.25523427,-0.8310227,-0.89010364
-0.34026736,1.2560291,2.729319,2.1496143,2.3320842,0.68850005,0.65704745,-0.110790014,-1.5184038,-1.677648
0.20427236,0.6840705,1.3468367,1.5407258,1.518687,0.50649333,0.20889406,0.16923963,-0.8708478,-0.9962094
-0.2868468,0.3226607,1.5482981,2.1396058,1.625361,0.8204859,0.5027801,-0.326639,-1.3632842,-1.1095395
-0.55483174,0.1316976,1.4572394,1.7135385,1.4409666,0.70677423,0.67971945,-0.18465881,-1.0371583,-1.1649208
-0.70853984,0.4158841,1.1994348,1.7487518,1.1393358,0.2206585,0.64418226,-0.6219657,-1.1504185,-1.2457136
-0.6911269,0.69814646,1.5546187,1.8143531,1.2537131,0.26577413,0.7083864,-0.12689316,-1.2353141,-0.54943883
-0.36753368,0.4999433,1.9271388,2.1329517,1.9933637,0.71529037,0.73659474,-0.36228466,-0.7371741,-0.36687732
-0.02233506,0.6513275,1.6096345,2.2889063,1.9202856,1.0401317,0.73394006,-0.069799654,-0.9683783,-1.2510116
-0.31389418,0.23641463,1.1198049,1.4622511,1.5073227,0.4025599,0.35836938,-0.36536655,-0.9841274,-0.70358205
0.00817576,1.3389726,2.8491154,2.9673107,2.5262802,1.5447096,1.0003476,0.11039335,-1.0328373,-0.85327464
-0.15954372,0.65845996,1.427493,1.651587,1.8362709,0.72976726,0.4424779,-0.17361535,-0.7628676,-0.6339646
0.124948636,0.66600513,0.96652013,1.7200016,1.8524685,0.34471065,0.25534067,0.22165038,-0.5438946,-0.6928157
0.27756694,0.34428418,1.4377939,2.0021708,1.9897717,0.68845046,0.47536737,-0.016387386,-0.94487226,-0.9129506
-0.13929981,0.45087007,0.96828634,1.2870668,1.8702328,0.4291992,0.5019034,0.12750606,-0.53641355,-0.68862176
-0.47424614,0.33097115,1.2647129,1.7393378,1.178704,0.5165007,0.25477612,-0.17291118,-0.98461187,-1.1017243
0.33323947,1.1502461,2.5814815,2.4504228,2.4121451,1.4658281,1.1093109,0.24566938,-1.0122541,-0.94637215
-0.61198807,0.7244217,1.3582203,1.6659937,1.8668563,0.69712543,0.12977606,0.052525666,-1.5722575,-1.5089519
-0.5909499,0.44297305,1.5357068,2.256699,1.8660843,0.5805163,0.57314485,-0.033568215,-1.1737782,-0.8832572
-0.40963274,0.92177117,1.4638598,1.6588598,1.9408816,0.7524874,0.22598857,-0.10801055,-1.0025197,-0.8610239
-0.13091159,0.37201434,1.5283915,1.9491892,2.3612998,1.2193036,0.7521621,-0.14097175,-1.0654348,-1.1628332
-0.54103553,0.7366139,1.3578192,1.8609343,2.2652783,1.0498261,0.7959342,0.29262504,-1.1761022,-1.3945321
0.08409875,0.10576573,1.5054481,2.3762565,2.443547,1.6434008,1.0477647,0.37497705,-1.155921,-2.1582131
-0.39876205,0.36673203,1.3729811,2.0565639,2.0076478,0.67497665,0.8652053,0.28883582,-0.79496646,-1.2861842
-0.5162396,0.54382646,1.2514147,1.6125562,1.4980983,0.81271565,-0.16476,-0.29879722,-0.8184128,-1.4957093
-0.15950385,0.30700493,1.5854033,2.5638926,2.2734313,0.9166894,0.9719206,0.118699625,-1.230659,-1.0220376
-0.6261306,0.31511992,1.4009297,2.0782113,1.7514392,0.7795086,0.91087574,-0.12499422,-1.3557571,-1.4234983
-0.7215794,0.27493948,1.1823118,1.7541435,1.0036019,0.3434568,0.510073,-0.40176037,-0.87898076,-0.9662678
-0.42947963,0.27482793,1.6545401,1.5052305,1.2937706,0.62146723,0.7099762,-0.0700053,-0.59965426,-0.59632206
-0.4554196,0.6477876,1.8307949,2.2078302,1.3792465,1.0201594,0.48558325,0.20693332,-0.9875027,-0.9507278
-0.44178978,0.064965054,1.3288839,1.6251372,1.4459926,0.6740579,0.18097886,-0.55418813,-1.2073482,-1.224363
-0.33662054,0.5405814,1.7566221,2.5793157,2.2988641,0.76065665,0.48907608,-0.21146218,-1.0385795,-1.2087767
-0.36234307,0.02085416,1.74835,1.9331697,1.6291853,0.6652902,0.19946109,-0.29142514,-0.9619237,-0.90516144
-0.215476,0.6331798,1.7963119,1.514692,1.8792287,0.4395079,0.21086527,-0.20761624,-1.0120687,-0.99713504
-0.033973858,0.55188406,1.508338,1.5317086,1.8218436,1.2020807,0.22274905,-0.9199982,-1.1797527,-0.9037387
-0.18932232,1.2422134,1.3464056,2.5725625,2.7475517,1.1678492,0.5796938,-0.50191766,-1.389962,-1.2641995
-0.64399064,0.6168086,1.6053824,2.322571,0.7415492,1.2180275,0.814021,-0.22883286,-1.0614953,-1.0098794
-0.02427655,0.15201524,1.7934452,2.4910188,2.2045262,0.9566939,0.7888328,0.24870636,-1.0742748,-1.5057567
-0.16708604,0.77669317,1.1281633,1.66755,1.3077754,0.51858765,0.48644185,-0.23418383,-0.6423336,-1.0650675
-0.523487,0.9901894,2.5601308,2.1015148,2.03858,1.0606006,0.34482464,-0.008952379,-0.92330045,-1.470224
-0.5932146,0.50841624,1.6730635,1.5664833,1.1036198,0.88045174,0.45768467,-0.17044036,-0.71630025,-0.7580652
-0.30512053,0.48525497,1.4610274,2.0399482,1.8196992,0.77992755,0.6823432,0.2989313,-1.0959232,-1.6479117
-0.022946488,1.2001565,1.7511237,2.1581025,1.5340447,1.0396366,0.51272106,0.25140855,-0.8664594,-0.9416487
-0.40075135,0.63985735,1.6365207,1.666108,1.2969402,0.6017468,0.3272818,-0.57683176,-1.5418257,-1.1043364
-0.37795424,0.4547362,1.600873,1.7145777,1.4339159,0.6094995,0.25458214,-0.43411618,-0.57577085,-1.1497175
-0.106235325,0.13107435,1.1996202,1.5443766,1.9481658,0.73849106,0.5279423,0.11784906,-1.0974633,-1.4129204
-0.40800095,0.2713523,1.1566583,1.5318345,1.5623368,0.8170067,0.4781118,-0.28627992,-1.6405826,-1.5398152
-0.0993532,0.49319914,1.3026363,1.6040459,1.6307545,0.59951127,0.4840892,0.42113033,-0.4239572,-0.9218127
-0.37335023,0.30639994,1.3472313,2.0693572,1.461322,0.9646288,0.8646066,-0.2636795,-1.0666872,-1.1639658
-0.43272942,0.45802042,2.4755595,3.0156937,2.182103,0.8055511,0.2867223,-0.0013858848,-0.76361096,-1.6250755
-0.23920104,1.1419739,2.5285742,2.4523156,2.0153706,0.6932335,1.0228903,-0.11270547,-1.332198,-1.601136
-0.08059855,0.4806283,1.8367684,2.292806,2.0829563,0.7509358,-0.017105376,-0.29300264,-1.1500105,-1.410607
-0.2599001,0.6917342,1.2722923,1.9135634,1.7693856,0.95640326,0.5929528,-0.1699679,-1.0852922,-1.300951
-0.70566094,0.7196084,2.2070699,2.5055537,2.109456,1.2510682,0.7879737,0.108517304,-1.0209496,-1.055255
-0.3498645,0.4299238,1.2122844,1.9166688,1.3536336,0.8985606,0.039499775,-0.22334382,-1.094109,-0.8069939
-0.82873094,0.9229827,2.1916177,2.4449444,1.8940536,0.90680325,0.5817735,-0.68704796,-1.0063604,-0.85024154
0.24598348,0.32635456,1.2980325,1.2534525,1.8305827,0.6828242,0.644256,-0.08147729,-0.94633603,-1.2166564
-0.054659024,0.7386752,1.6092745,1.9023218,1.7555388,0.471896,0.7336145,-0.08118158,-0.9414163,-1.1112754
-1.0112983,1.5798895,2.3176155,2.1508358,2.1394,0.5144473,0.19138144,-0.7898407,-1.3330066,-1.3694617
0.47321707,0.66059685,1.6048008,2.0648322,2.3278816,1.1025324,0.25684837,-0.13057846,-0.9905033,-1.155221
0.02858727,0.7697139,1.6994284,1.5756748,1.6131176,0.47427,0.4952411,0.060717516,-0.9074508,-0.9502531
-0.21435332,0.8788565,2.7797608,3.1713758,2.6248007,1.9650172,1.2698091,-0.0457674,-1.1256912,-0.9417156
-0.10202231,0.78011936,2.3691897,2.4578578,2.2778022,0.96193314,0.8630219,-0.2252307,-1.0374442,-1.2429988
-0.45025587,0.56495625,1.5306808,1.7770689,1.4143128,0.91983277,0.3660166,-0.024176251,-0.76002795,-1.1262423
-0.06374615,0.52661383,1.813411,1.652251,1.5659645,0.78706735,0.44325772,-0.04321129,-0.649483,-1.0108021
-0.2257545,0.1672481,1.4758947,2.0123537,1.704162,0.8675244,0.7428775,-0.37866443,-1.1963061,-1.3098477
-0.012061894,0.8457772,1.9318023,2.5031102,1.7915416,0.76236206,0.59383374,0.02983304,-1.3863449,-1.1391733
-0.469741,0.72661763,2.6296334,2.7995331,2.6069772,1.152774,0.7411566,-0.19913182,-1.8534226,-2.2051227
-0.70995444,0.6802469,1.6317543,2.3346035,1.9619936,0.79972434,0.45394897,0.13754198,-1.1994944,-1.638843
-0.24008635,1.4571669,2.1300397,2.712791,2.2939653,0.9836359,0.5314778,0.0502031,-1.1367255,-1.3208667
-0.46845755,0.57154936,1.5218691,1.8765649,1.6901609,0.24806397,0.121106386,-0.14007653,-0.9902108,-0.9715416
-0.61587286,0.47422075,1.6900704,2.2399807,1.8969274,0.49246955,0.2708542,0.18685359,-1.0389469,-1.5164777
-0.45275202,0.63753825,2.2809088,2.1439645,1.7225012,0.8657602,0.5620642,-0.73084164,-1.379196,-1.3688955
-0.0014736764,0.23633489,1.6495832,2.433232,2.1306338,1.1385643,0.7094932,0.29555717,-0.9570184,-1.5020041
-0.51545334,0.82060486,1.6313152,1.8899702,1.7129433,0.5566111,-0.045620933,-0.18685485,-0.9779333,-1.1194663
-0.21150804,0.35878226,1.3653592,1.608945,1.1438057,0.7634627,0.43552423,-0.4453956,-0.8905506,-0.64541185
0.06460235,0.44188374,1.4438767,1.3345277,1.3750907,0.47360873,0.35493517,-0.34446335,-0.78177166,-0.6378603
-0.5539187,0.48619238,1.0151666,1.8569088,1.6928259,1.1970642,0.5318375,-0.12135638,-1.1609142,-1.4101671
-0.43266177,0.030678948,1.6727879,2.2800417,2.3067253,1.1343592,0.63765657,-0.31468448,-1.2992458,-1.291439
-0.66932714,0.972278,2.309269,3.1631033,2.5420897,1.0421658,0.2567683,-0.54371685,-1.4219149,-2.0335708
-1.0410585,1.0494074,2.4018195,2.9433615,2.0234108,1.3328484,0.025462564,-0.27229187,-1.6464331,-1.6633042
-0.18725014,0.2749505,1.2324852,1.9402332,1.8183337,0.51971483,0.42850497,0.080630854,-0.7494513,-1.3555764
-0.43638945,0.49590966,1.2911937,1.6350101,1.2078277,0.21715699,0.19021687,-0.27740294,-1.0473038,-1.585195
0.1280549,0.9368904,1.4759202,1.8348869,1.4094675,0.64775336,0.41775015,-0.37801817,-0.7384557,-0.66978484
-0.71211183,0.45742354,2.1208682,3.2803051,2.5605562,1.4052056,0.5006827,-0.6651429,-1.8709412,-2.0081878
-0.44961342,0.3009193,1.4510939,2.682218,2.2468805,1.0992203,0.45788667,-0.48884964,-1.7081846,-1.6173384
-0.20883736,0.34549332,1.4382961,2.0003989,1.8321375,0.7752919,0.6362132,-0.31863424,-1.3248175,-1.0818137
-0.73593974,0.24043551,1.1054074,1.5910361,1.4531024,0.4247256,0.87716967,0.09232652,-0.9786773,-1.1809276
-0.41370782,0.5349186,1.1523944,1.0687759,1.1539353,0.6446246,0.3050713,-0.09663154,-0.5402024,-0.47842702
-0.24847224,0.24830376,1.2129672,2.309501,1.8346097,0.6948036,0.715465,0.11581585,-0.84974724,-1.6867945
-0.09509272,0.7189708,1.8455768,2.024846,1.502558,0.8836183,0.6058406,0.0029377027,-0.8108904,-0.8515802
0.013839986,-0.18884006,1.2439457,2.2829058,1.9314343,1.2904043,0.737535,-0.026369693,-0.77546597,-0.6456658
-0.27084017,0.1770819,1.8498482,2.2758865,2.0681832,1.0964309,0.15770979,-0.48681778,-0.9752662,-1.1280621
0.21657887,0.57664,1.1978753,1.8696997,1.8668807,0.8298205,0.51128846,-0.1064654,-1.1021731,-0.93106693
0.2256875,0.429763,1.6366895,1.7551842,1.5257741,0.646731,0.7915982,-0.25617605,-0.8668249,-0.7996684
-0.76811075,1.0951976,1.8089412,1.775833,1.5298575,0.53090245,0.30434713,-0.27652606,-1.3718475,-1.4468685
-0.49381968,0.25392616,1.7264858,2.2546954,1.5786555,0.6007383,0.5852358,-0.18974458,-0.77809083,-1.0591022
-0.47504815,0.5274155,1.7583816,1.7652228,1.0497147,0.672609,0.77008986,-0.18431254,-1.0320944,-0.8033275
-0.47195855,0.5385172,1.9171089,3.0286465,2.1744084,0.68314743,0.7578828,-0.48039737,-0.8880064,-1.060093
-0.68251,0.80544245,1.7593244,2.5450094,2.4521842,1.3017472,0.41109696,-0.37654203,-1.5994817,-1.866939
-0.28187856,0.34772092,0.96953607,0.90549767,1.5353332,0.875201,0.5008101,-0.06879252,-0.78781796,-1.077056
0.11012693,1.176355,2.1934052,1.90986,1.8332849,0.8331385,0.2728027,-0.40723845,-1.0955285,-1.2883822
-0.28688747,0.4255967,1.0993125,1.5271899,1.4239405,0.7086805,-0.045536503,-0.70908815,-0.9872049,-1.2278448
-0.2513527,0.87666065,2.7869558,2.9077926,2.1360095,1.23738,0.49579,-0.3781737,-1.0850445,-1.2866974
-0.53570855,0.8649029,1.9518359,2.9180748,2.5611367,1.853411,0.615081,-0.041779406,-1.5780988,-2.2097392
-0.6765391,1.0917212,1.7320887,2.0388772,1.720661,0.61633736,0.69401413,-0.1223907,-0.5574714,-1.0430589
-0.2115432,-0.29705575,1.3949734,1.9014504,1.4904815,1.0001909,0.4121953,-0.027159078,-1.0176545,-1.3127127
-1.1129224,0.62529516,2.2493742,2.394037,2.315443,1.0575808,0.4449093,-0.7676997,-1.0761019,-1.4871521
-0.11100713,0.56926304,1.756529,2.243916,1.9299741,0.9085973,0.17208825,-0.39809677,-0.6110802,-0.8238495
-0.13310266,0.42680195,1.574865,1.7794566,2.0867403,1.0962605,0.24702519,-0.109823056,-1.0199004,-1.1390907
-0.1684502,0.9660066,2.0907097,2.809772,2.024625,0.8028918,0.9098816,0.22028135,-0.9724828,-1.0954915
-0.7162269,1.2122362,3.1349103,3.5424812,3.085328,1.613697,0.85671055,-0.6723292,-1.9208741,-1.7529958
-0.6828775,1.2391454,1.7428302,2.4552228,2.0560412,0.69591755,0.14366108,-0.3136522,-0.9342159,-1.6543776
-0.01040378,0.41438547,1.2297105,1.5723088,1.5603817,0.83410114,0.18382286,-0.21702321,-0.8731726,-0.6774607
0.117295675,1.0678115,1.9205039,2.124161,2.0052886,0.8113079,0.3614934,-0.41207817,-1.1134374,-1.1315993
-0.42688453,0.710808,1.4611096,1.8141267,1.5303864,0.6091639,0.37703025,-0.3175945,-1.4317907,-1.1480348
-0.41692093,0.77755284,1.7286975,2.309466,1.6654084,0.87729096,0.58367515,-0.24029824,-0.8472842,-1.0941925
0.04623195,1.1838659,2.6640694,3.089655,2.5679045,1.4653748,0.58293986,-0.16982287,-1.6368637,-1.6852425
-0.5560608,0.4677603,1.6782279,1.9980196,1.3621392,0.7174497,0.18141635,-0.43176255,-1.4638919,-1.1929137
-0.9213136,0.7714744,1.91026,2.2587345,2.1559021,0.729514,-0.24912424,-0.7318469,-1.1427039,-1.612448
-0.56309474,0.400824,1.3894836,1.6756997,1.7539192,0.46745098,0.34431067,-0.28196833,-0.9440604,-0.7703036
-0.29708356,0.8338188,2.5025706,2.4413779,1.6458136,0.42056903,0.3530275,-0.2322602,-1.6383685,-1.4337397
-0.33301052,1.1740272,1.8025061,2.4628863,2.397922,1.2376095,0.59724957,0.0037550295,-1.5796877,-1.9475169
-0.53439933,0.12422462,1.3300214,1.726335,1.4455738,0.54883325,0.37786362,-0.28696442,-0.9526973,-0.65588355
0.033152353,0.5214968,1.2707641,1.4715956,1.5291382,0.53589845,0.3734567,-0.14917825,-0.59617794,-0.7863676
0.27937788,0.5188567,1.0595256,1.4151272,1.4266585,0.5687704,0.8476979,0.27579764,-0.41018763,-0.85762274
-0.53489834,0.35363147,0.83108944,1.4686022,1.1816761,0.8272086,0.2068762,-0.5428818,-1.5380359,-1.4229692
-0.25245872,0.73583543,2.0528152,2.1176815,1.7539728,0.51118207,0.08915702,-0.01545647,-1.0614306,-1.1569067
-0.2676849,0.22199982,1.5460175,2.4214072,1.9506593,0.9048811,0.6443661,-0.41409084,-1.2033553,-1.0146005
-0.42231843,0.4417336,2.132915,2.7563334,2.0316598,1.125657,0.7197056,-0.20314856,-2.047879,-1.8654389
-0.8979267,0.92023265,2.537408,3.4274251,2.7241607,0.73719335,0.46984607,-0.1366144,-1.5998049,-1.7628855
-0.5742112,1.418167,3.4739876,4.6280236,3.21952,2.485528,1.3589245,-0.8829692,-2.1754901,-1.904973
-0.40012142,1.2449543,3.360675,3.0255368,2.8684332,1.249276,1.1894015,-0.2719811,-1.4531124,-0.74594253
-0.392479,0.92384267,1.9696349,2.517301,1.9586993,1.0565475,0.23427224,-0.3368155,-1.6595309,-1.1671698
-0.8127101,0.94402623,2.3469412,2.3460412,2.0911107,0.852538,0.37441173,0.12729338,-0.51650965,-1.3232708
0.2993645,0.4737645,1.9333227,2.534132,2.1950412,1.2802418,0.79300654,-0.34220302,-1.4184667,-1.3651923
-0.22539279,0.98366785,2.5453207,2.376921,2.175391,1.2767897,-0.018054316,-0.95110285,-1.4354074,-0.9069889
-0.47197127,0.73830193,1.9581925,1.8632601,1.3275071,0.7831984,0.48921168,-0.6885505,-1.2232435,-1.5527203
-0.27128392,0.24652146,0.95530766,1.835529,1.9566649,0.60794,0.5572383,-0.2216055,-0.7927059,-0.9444853
-0.6226503,0.44911578,1.4871802,2.0513606,1.4793351,1.2111561,0.5686013,0.5031705,-0.5779101,-0.54934657
-0.65085304,0.82496524,2.0000796,2.538463,1.9532259,0.6594736,0.5136687,0.16197927,-1.0713282,-1.9037358
0.07437393,0.7772601,1.6504025,2.0062823,1.8472654,0.6176296,0.6638393,-0.1832046,-0.978708,-0.83590335
-0.46817243,-0.1199661,1.2347574,2.1249917,2.1911914,0.6081286,0.3948278,-0.25610894,-0.9932145,-1.4722766
-0.31901285,1.0135745,1.952699,2.8062537,2.3661523,1.3274723,0.5324336,-0.6883595,-1.1593204,-1.6150525
-1.2346528,0.3359287,1.8100396,2.397156,2.1903584,0.6935552,0.607696,-0.63853234,-1.5051008,-1.6158664
-0.084868245,0.42588136,2.0902896,2.5621915,2.1170323,0.90009266,0.5782768,0.10368431,-0.9203982,-1.11055
-0.6838019,0.08356272,1.1001219,1.862799,1.6184406,0.33541566,0.1535004,-0.4187528,-1.1671181,-1.0331749
-0.4677235,0.54924375,1.5129006,1.8928605,1.8684675,1.0010698,0.56856626,-0.049013067,-0.37186456,-1.236735
-0.27033326,0.28595087,1.5778486,1.8283975,1.8213274,1.2324854,0.59743565,-0.25052553,-0.5948587,-0.83814317
-0.40745044,1.0596724,2.0804033,1.6216389,1.8796507,0.8395534,0.47463197,-0.30896476,-1.2749356,-1.1827551
-0.11007198,0.42153525,1.5332745,1.6592416,1.7902216,1.0406662,0.48871595,-0.31237537,-0.8018354,-1.1412275
-0.7624911,0.4471337,1.7815858,1.991548,1.5830393,0.74507207,0.36970395,-0.41114938,-0.68623215,-1.4206996
-0.3544813,0.52342063,1.4051801,1.2985182,1.657592,0.4010759,0.5469299,-0.024975417,-0.9497153,-1.032479
-0.48939255,0.09495799,1.3385277,1.8488892,2.668092,1.7265769,1.2433088,0.07914391,-1.2831527,-1.9720111
-0.27046824,0.49787548,1.7623314,1.6322602,1.7197474,0.4467442,0.6607024,0.3351283,-1.0660666,-0.82496196
-0.18878394,0.5613261,1.4247482,1.8415393,1.7483348,1.074066,0.70478076,-0.26425114,-1.1112279,-1.0202683
-0.24565962,0.92749625,1.8702854,2.2205417,1.6233188,0.631754,0.33581278,-0.553803,-0.9832854,-1.0705545
0.08962939,0.6400767,2.6280692,3.1120093,2.475612,0.96976256,0.13653828,-0.47056237,-1.2183956,-1.2928036
0.5387089,1.3504324,2.357675,3.5342615,2.771901,1.5076354,1.285745,0.15813038,-1.1062735,-0.9450745
0.21856865,1.2305189,3.0169675,3.8915844,3.314579,1.8497978,1.5670195,-0.053242564,-1.6048151,-1.7523638
-1.4626186,2.1160762,4.0748568,4.1959643,4.1121845,1.698166,0.48804206,-1.3185956,-2.2367392,-2.1137636
-0.18206856,1.2038021,3.608047,3.7815647,3.6162581,1.6021417,0.6745772,-0.24786508,-1.6944876,-1.3011448
-0.26620406,0.91088265,1.5892752,2.0489178,1.7549142,0.5366722,0.5984153,-0.22393991,-1.18684,-1.0214659
0.06882666,0.2990306,0.98036003,1.5506462,1.2724998,0.6723805,0.8350065,0.0795457,-0.65503126,-0.7893102
-0.336142,0.16835327,1.5930674,2.0087914,1.4187968,0.62722504,0.67322236,-0.10019954,-1.0904245,-0.9326019
-0.05287222,0.8011148,1.561212,1.6758252,1.2447629,0.594142,0.5895354,-0.88651866,-1.357436,-1.2884945
-0.48023522,0.50943357,1.7862383,1.6478994,1.5271525,0.34721407,0.008523755,-0.92520463,-1.5849771,-1.4202709
-0.318227,0.78063774,2.0387688,1.9460487,2.0545192,1.0310199,0.39974597,-0.40336427,-1.380221,-1.0351613
0.122681655,0.006277068,1.2594854,1.9761406,1.4571364,0.45798522,0.3342643,-0.028400807,-0.66232866,-1.1853471
-1.4758068,1.1079577,2.5236988,3.2718008,2.9896202,1.4711866,0.552579,-0.6025144,-1.5530008,-1.5662225
0.08453832,1.1467699,1.6094427,2.4672596,2.3379388,1.1938316,0.70194346,-0.08993201,-1.3648943,-1.6286688
-0.07714567,0.5936874,1.7553983,3.277933,2.8877642,1.5699507,1.2749171,-0.32090876,-1.9435276,-2.0362973
-0.7621935,0.6784361,2.5339732,3.0507743,2.7737362,1.39077,0.3282077,-0.7556611,-1.6735493,-1.8686035
-0.5761933,1.2611767,2.7353492,3.363398,2.9517193,1.1061575,0.7072785,-0.44448853,-1.7673922,-2.0894196
-0.42597562,1.5782492,2.2513168,3.4516096,3.2873476,1.6044532,1.4045086,0.5975361,-1.715663,-1.9521048
-1.5330609,1.0371151,2.0829606,2.7646666,2.4436157,1.1996152,0.38100532,-0.52636945,-1.6540622,-1.2568388
0.098264776,1.2067338,2.396862,2.5362616,2.517205,1.3806978,0.70151323,-0.701378,-1.9670388,-1.7779994
-0.2793723,0.17672755,1.2569553,1.6076425,1.6126376,0.5531491,0.33327833,0.23625426,-0.7868236,-1.0844615
-0.46224454,0.35696357,1.1802784,1.2344966,1.128571,0.8449241,0.60679525,-0.066960745,-0.6587194,-0.8252951
-0.045450933,0.6532725,1.0502821,1.977117,2.0794947,0.8521658,0.6915636,-0.04856825,-0.5960514,-0.7378537
0.20490012,0.6771103,1.7074908,2.0046868,2.1935344,1.051033,0.71788615,0.0734602,-0.61422557,-0.80818075
-0.07471281,0.31356114,1.5130682,2.1656692,2.3023074,1.2692792,0.6756342,-0.32352212,-1.1705152,-0.9925809
-0.20143694,0.3156072,1.58245,1.4959105,1.2818419,0.65574384,0.27227482,-0.36857826,-1.1629573,-1.2114372
0.10944639,0.13322137,1.5815516,1.93744,1.3139136,0.8173092,0.5036353,-0.04366984,-1.2808987,-1.1147027
-0.84089524,0.78229743,1.6271408,2.2248232,1.7817025,0.76227367,-0.20229152,-0.62782663,-1.372068,-0.96387464
-0.29295728,0.21248825,1.1458039,1.5346457,1.4419208,0.465487,0.11645715,-0.20228621,-1.2809093,-1.0411749
-0.4810455,0.7363635,1.2786354,1.9737948,1.7827221,0.7704863,0.64034134,0.06293634,-0.6732801,-0.75441515
-0.56364554,0.23043332,1.2815188,1.4715384,1.4339699,0.6538763,0.43441352,-0.40923047,-1.1733463,-1.1798316
0.017474145,0.7210508,1.3765347,1.6278273,1.718335,0.28947458,0.6075443,0.10123292,-1.076689,-0.8402926
0.09235694,0.27574477,1.7524829,1.8572153,1.50648,0.73391974,0.735646,0.2833909,-1.0745572,-0.77907395
-0.7719839,0.56200117,1.5684826,1.8789995,1.5407254,0.6762055,0.4527831,-0.021064846,-1.2243638,-1.3798411
-0.691436,0.58800316,1.7357123,1.9934605,2.0523741,1.1530668,0.49163067,-0.1982798,-1.4689339,-1.0164329
-0.38857633,0.15648787,1.0396379,1.615876,1.4348705,0.6762469,0.3045263,0.12231488,-0.6724401,-1.3907186
-0.08407838,0.5623276,2.0186098,1.9430385,1.7028161,0.77410877,-0.06966928,0.12834366,-0.40371713,-0.93062407
-0.7662897,0.7267902,1.8625038,2.225971,1.3972232,0.2983428,0.60201037,-0.44450942,-1.1539831,-0.88193566
-0.43059435,0.34689468,1.2663286,1.9804789,1.8869503,0.8167327,0.458014,-0.054318096,-0.859511,-1.3239695
-0.35189357,0.2066048,0.992772,1.3838513,1.2603445,0.4051241,0.71237856,0.2217147,-1.0419979,-1.0913472
-0.45603806,0.66228265,1.7392728,2.2232597,1.5560727,0.34306028,0.6548315,0.06552412,-1.1226294,-1.1271188
-0.4742919,0.71842325,1.4399166,1.4541807,1.4355481,0.47590393,0.6574502,-0.029845437,-0.92752564,-1.281221
-0.09151681,0.8186623,1.214502,1.687082,1.7185998,0.36519557,0.3164077,-0.37323084,-0.742251,-0.97866476
-0.039996535,1.06189,1.9022388,1.9780449,1.6045989,0.8821842,0.4527753,-0.22449027,-1.2048517,-1.239847
-0.5932271,0.9529663,2.5180998,2.3370998,2.482372,1.7925833,0.92251277,-0.7499566,-1.069618,-0.94675034
-0.76770586,0.34658995,1.0066917,1.6600345,1.5877967,0.87306184,0.66777027,-0.52805895,-0.9691361,-0.7935751
-0.27495813,0.30625412,1.4588672,1.7135136,1.2297293,0.45651782,0.28244442,0.20953491,-1.1427783,-1.2598782
-0.71399695,0.72666186,2.0480368,2.0209625,1.5190353,0.54712284,0.28997254,-0.6976584,-1.148371,-1.6317995
-0.7315668,1.4599478,2.0448232,2.1264641,1.7531904,0.4100739,0.55416036,-0.38482907,-0.7643769,-1.0696589
-0.5429864,0.51804984,2.5748227,2.3698416,2.3205783,1.3502607,1.0163347,-0.014888916,-1.186622,-1.4419292
-0.079502165,1.2562761,2.0609303,2.5772786,2.314779,0.67774004,0.66961634,-0.51115835,-1.2048037,-1.7612436
-0.25920168,0.66649175,1.4586568,1.9618261,1.7804722,0.8040829,0.6087373,-0.32729307,-1.0622882,-0.84533334
-0.3938214,0.8972366,1.6031193,1.6965208,1.3645797,0.00012343004,-0.12623112,-0.5662949,-0.89247245,-1.2510886
0.1940344,1.0565403,1.9719219,2.4840355,2.1659722,1.2784902,0.42441085,0.07918656,-1.3103384,-1.6604145
-0.92184687,0.5292856,1.8867217,2.3854756,2.428783,1.0842109,0.70457447,-0.45626026,-1.5264915,-1.199715
-0.41314366,0.44219342,1.0455817,1.1714268,1.4942667,0.5514177,0.23248288,0.041157447,-0.8114707,-1.0809722
0.1779468,1.5137242,3.1696622,3.941193,2.8707113,1.6780446,1.0121195,0.07782252,-1.4465535,-1.5673065
0.06623429,0.32079127,1.8471237,2.0254292,1.6248075,0.7208332,0.7027929,0.11043442,-1.4194014,-1.1283404
-0.74679476,0.54065824,1.7538466,1.9551972,1.4218522,1.0288415,0.9095538,-0.29192725,-0.9599932,-1.1249334
-0.74074435,0.28225756,1.409147,2.178264,1.8559353,0.731293,0.32213604,-0.5111902,-1.5471102,-1.4268733
0.069995895,1.0959369,2.1838102,2.7252192,2.368968,1.3973895,1.1741805,-0.2830144,-1.2727026,-1.5775661
-0.08242442,0.82687885,1.4718856,2.117209,1.8351938,0.92060924,0.5428687,0.16462265,-1.0300674,-1.0159384
-0.57751554,1.0468683,2.3230884,1.6870228,1.3389891,0.44835007,0.4811229,-0.23622954,-0.8992953,-1.0191886
-0.14537367,0.44804415,1.131881,1.8292543,1.4380307,0.5720541,0.4039958,-0.17684884,-1.1541026,-0.9646517
0.20537573,0.35189286,1.9433244,2.0816586,2.1293235,1.1516377,0.6806433,-0.0614561,-0.9218425,-0.67701006
-0.6164444,0.4574128,1.6711284,1.8624468,1.6030774,0.38426894,0.44112962,-0.8318204,-1.7640148,-1.6049842
-0.35645628,0.7127416,2.7645237,2.816587,2.099127,0.83122265,0.87608176,-0.4191804,-1.4198142,-1.5786703
0.08281653,0.8723321,1.8803623,1.610415,1.6494203,0.55017495,0.29612085,-0.11937334,-1.191247,-1.2827554
-0.1509997,0.5045871,1.3869414,1.5336106,1.3756909,0.3228039,0.33024463,-0.0739631,-0.5315579,-1.0387598
0.0890187,0.50289255,2.7511225,3.6778026,2.66638,2.0335379,1.1037647,0.057769444,-1.4377664,-1.5992029
-0.71297354,0.58179384,1.4491408,2.0544086,1.9598578,0.9200317,0.5445952,-0.13602601,-1.1961446,-1.3481333
-0.11281883,0.13399667,1.95332,2.1039407,2.1655016,1.4765297,0.83312124,-0.76721376,-1.6671205,-1.6438553
-0.85657,1.0381666,2.9780126,3.5794952,2.9681168,1.664429,0.56888723,-0.608834,-1.8275628,-1.7164193
0.008972828,0.97550786,2.490835,3.369403,3.0034375,2.1122928,0.89546907,-0.4424004,-1.1736691,-1.2856984
0.11957498,0.72528523,2.4210355,2.5009606,2.8089924,1.3047187,0.4609907,-0.5294324,-1.3253918,-1.8420398
-0.224774,0.6841969,1.7164685,1.4932268,1.6438359,0.84373647,0.34769872,-0.057858884,-0.758313,-1.223641
-0.46074352,0.13708991,1.5107955,1.8759553,1.5240668,0.73794425,0.37698737,-0.2646458,-1.0036659,-1.1478373
-0.44767937,0.93091714,1.923119,2.102953,1.9799377,1.0962234,0.49491972,-0.34984303,-1.339171,-1.2209319
-0.5562075,0.40265608,1.7662162,1.8836436,1.7905055,0.22059889,0.49521595,-0.3607897,-1.1039438,-1.3807586
0.18791333,0.4517991,1.3620423,2.2963204,2.0025985,0.6016232,-0.07699363,-0.06381935,-1.0669259,-1.6163491
-0.96013266,0.73142403,0.91662276,2.1523197,2.5407853,1.0797411,0.412703,-0.033336464,-0.834902,-1.244012
-0.42363396,0.7871676,1.954951,1.8795089,1.7717506,0.86319965,0.49467933,0.04104402,-1.3792487,-0.85850424
-0.04057219,0.31439856,1.8913673,2.7149007,2.6726031,1.3990802,0.7512116,0.15329719,-1.4104555,-1.8799238
-0.92301416,0.82745177,1.6867908,2.5242074,2.427033,0.96571684,0.33555582,-0.65727055,-0.9999273,-1.5577041
0.37522647,0.19011508,1.6825866,2.2967618,2.370333,1.30097,0.99406636,0.2603599,-1.7450001,-1.9376068
-0.32446024,0.6100813,1.0223666,1.9366871,1.4622481,0.79110456,0.18034422,0.2324949,-0.44783607,-1.1846733
-0.32709765,0.4588259,1.3982979,1.0131423,1.0994245,0.07928875,0.23762879,-0.25831342,-0.56974703,-0.5024895
-0.47075692,0.8623461,1.2767521,2.3357182,2.7557313,0.97395027,0.50808656,-0.33134243,-1.3003997,-1.728502
0.04203235,0.17266455,0.83256835,2.0965765,1.8152049,0.5890495,0.37296355,0.06377994,-0.967786,-0.6631425
0.34877646,0.6526796,2.1577468,2.3333423,2.490334,1.6179847,1.315995,-0.1164424,-1.252849,-1.5398568
-0.6732391,0.68094575,1.9389422,2.1398818,1.5090103,0.76346236,0.5455464,-0.62914956,-1.0966433,-1.254358
-0.27683488,0.7049171,1.6550148,1.7545097,1.3287743,0.4392783,0.21815217,-0.08522171,-0.93541235,-0.6163665
-0.529329,1.3414828,1.7892962,2.7387543,1.8707864,0.5183618,0.29927656,-0.9704132,-1.986326,-1.176779
-0.86169785,1.1741694,2.1233325,2.162485,2.086348,1.160648,0.36760715,-0.5460772,-1.5317485,-1.8284533
-0.56931466,0.31630766,1.8544341,2.3653154,2.2841055,0.74964356,0.78829116,-0.048682,-1.0529081,-1.5010707
-0.63483423,0.15211901,1.3103871,1.9075334,2.149096,0.43006548,0.118251726,-0.0067067915,-0.99387825,-1.5475507
-0.08505421,1.195398,1.995541,2.2496057,1.9367477,0.91168797,0.34144074,0.0128999185,-1.019116,-0.8663135
-0.39204434,0.51011246,1.5794573,2.2430837,2.062436,0.85221887,0.5977731,0.119671725,-0.85230726,-1.0050892
-0.42097768,0.511522,1.153197,1.7186338,2.0967505,1.1163211,0.78194886,-0.12633575,-1.0801642,-1.2353631
-0.64648867,0.9326566,1.888367,2.3978186,2.1052902,0.8838865,0.35658628,-0.56185573,-1.5145705,-1.2507713
-1.2329683,0.7458386,1.5809869,2.0983107,1.58415,0.098319426,0.35110086,-0.022322303,-1.421412,-0.76129675
-0.616005,1.0675339,2.552077,2.6954303,2.6297414,1.2311563,0.85757107,-0.3037831,-1.4475994,-1.5010096
-0.6045147,0.603948,1.4321208,1.791191,1.9394419,0.92997307,0.5075354,-0.14756067,-0.74947214,-0.92359954
0.03024959,0.44868237,1.1824685,1.7888701,1.7981219,0.38113835,0.4143155,-0.17423342,-0.8358306,-1.0890352
-0.12058648,0.43841228,1.377105,1.90919,1.6130633,0.9010267,0.41609904,-0.3012853,-0.96670353,-1.2994958
-0.2940581,1.1606168,1.7487955,1.9211212,1.9283102,1.116861,1.0024161,-0.35413826,-0.8671235,-1.0861521
-0.31899384,0.3702534,1.5144422,2.4701877,1.7281538,0.97498024,0.4380867,-0.5672865,-1.358011,-1.1355262
0.0714619,0.4931347,0.9464303,2.312205,1.763231,0.59895957,0.38403246,-0.2677536,-1.1290443,-0.27353567
0.08486658,0.8004001,1.9210366,2.3592792,2.580437,1.6021512,0.4839638,-0.5546513,-1.5339738,-1.3733337
-0.08254559,0.6266454,0.8186691,1.9458008,1.3889506,0.5730123,0.44678628,0.29280403,-0.8793786,-0.603826
0.19313616,0.54658216,1.6951483,1.3307601,1.5876666,0.37641028,0.6886589,0.01611592,-0.81021357,-0.6772682
-0.706281,0.38465995,1.2347044,1.3211566,1.2316469,0.7836814,0.5271528,0.13820615,-0.9236605,-1.0939939
-0.4800076,0.77763176,1.6933981,2.1754375,1.4881047,0.49143577,0.37940058,-0.48339155,-1.3821257,-1.2553241
-0.61552423,1.0358851,1.8364611,3.2827637,2.9406326,1.1675795,0.34338555,-0.71755147,-1.6121548,-2.294068
0.004400866,0.22327967,1.3273951,1.3402263,1.6566224,0.71844757,0.78521866,-0.0047746147,-1.3660308,-1.3355415
-0.23637614,0.1558921,1.8064394,1.8416508,1.628329,0.5145809,0.63168645,-0.17854565,-1.1075732,-0.62799704
-0.44766527,0.51382613,1.1639992,1.5510212,1.6324868,0.4588561,0.35568255,-0.0010942561,-0.66602033,-0.97743976
0.23218659,0.38778526,1.0992182,1.9741086,2.0627124,1.4220898,1.0556184,0.11497598,-1.3405228,-1.2610732
-0.53539985,0.36082748,1.9773887,2.1414323,1.7471796,0.42258584,0.5752769,-0.53663623,-1.038197,-0.6553072
0.34586498,0.93555063,2.5130713,3.2500145,2.7351873,1.5956264,1.0122204,-0.09084722,-1.5177175,-1.5920914
-0.65259284,1.0464543,1.7272558,2.7920704,3.4713166,1.4442033,0.43671426,-0.32467133,-1.6522621,-2.0722878
-0.88492835,0.69691527,1.7457361,2.341369,2.7201226,1.0295459,-0.2841047,-0.75034,-1.7966747,-2.142605
0.0498974,0.4209014,1.4510822,1.8574114,1.5625718,0.7272149,0.5146466,-0.016244773,-0.82645094,-0.97621834
0.0572927,0.35065284,1.6188451,2.1993191,2.0265162,0.76795673,0.49130958,-0.002217623,-1.1836208,-1.1202412
-0.8138278,0.89048505,1.5265493,2.442697,2.0841267,0.7027033,0.15145652,-0.10703693,-1.2789477,-1.5211707
0.043776423,0.69731975,1.7358725,2.3127286,1.8820242,0.5946379,0.6560937,-0.52752596,-1.131922,-1.404979
-0.0278003,0.8199475,1.4851784,1.921308,2.091643,0.84793866,0.70176893,-0.09184345,-0.9193844,-0.93107575
-0.251935,0.5505102,1.5380207,2.0812376,1.7056967,0.6406446,0.49405092,0.19813456,-0.946956,-0.5715316
-0.88872063,0.43893802,1.7925994,2.0427237,2.0727181,1.0084293,-0.11854037,-0.7404532,-0.94543177,-1.0022279
-0.69369113,0.23204616,1.6572767,2.0954509,1.6590043,1.2338264,0.3607703,-0.6046377,-1.6114112,-0.8329392
-0.09538999,-0.08312877,1.1093601,2.2631335,1.8163457,0.6932041,0.33003387,-0.17913502,-0.9832021,-1.2951871
0.119346365,0.08685696,1.3002658,1.6322017,1.2106696,0.99498403,0.5079185,0.09794035,-0.6348528,-1.1923189
-0.14400789,0.80693036,2.0826378,1.6427357,1.9121896,0.66172063,0.3051275,-0.4066283,-1.3919444,-1.0642982
-0.29288277,0.77228266,1.5368668,1.7433078,1.5912024,0.45976704,0.34214118,-0.1830542,-0.8009061,-1.129275
-0.14649779,0.9000964,1.9244303,1.9017575,1.7229009,0.76863337,-0.011818765,-0.70695025,-1.3075596,-0.94182944
-0.4633991,0.55637217,2.4159408,2.5931985,2.2547445,1.3054914,0.6181836,-0.4352194,-1.0665275,-1.4161876
-0.24189731,0.23940702,1.4654675,1.6368484,1.1277456,1.0869988,0.44433087,-0.25836053,-0.4863303,-0.8709233
-0.4938424,0.603591,1.3194532,1.7247499,1.7852743,0.744622,0.6022673,-0.17130278,-1.3098284,-1.0194958
-0.46974134,0.6849263,1.7171122,1.8199494,1.6946424,0.47070724,0.34713802,-0.14212167,-1.0985808,-1.3431301
-0.8983138,1.1642145,2.950808,2.8384566,2.6056604,1.2696353,0.5080053,-0.498281,-1.5410162,-2.198151
0.25764114,0.3503752,1.5380446,2.617699,2.4042294,1.0574715,1.183143,0.4301169,-1.6187613,-1.7780069
-0.16285855,1.1215175,1.9674771,2.1500628,1.8891524,0.6778102,0.3953245,0.045731205,-0.9029346,-0.9861331
-0.42471159,0.4035604,1.6301185,1.896629,1.6762639,0.8331384,0.3828,-0.2697468,-0.9562465,-1.3743342
-0.3356866,0.5047108,1.5143481,2.012551,1.4149754,0.8480328,0.38296813,-0.5247124,-0.8127861,-0.8572078
0.2212426,0.6585072,1.284151,2.003521,2.079666,0.6379372,0.58088386,-0.25416082,-1.4524691,-1.5009346
-0.10713213,0.582224,2.2147663,1.7766747,1.9501203,0.80390686,0.49567074,-0.10102703,-0.87844,-1.2190249
-0.45278043,0.022422029,1.7811556,1.760593,1.3695664,0.8373321,0.37665403,-0.56911457,-0.4920927,-1.2398641
-0.8538374,0.5596349,2.89616,2.8041823,2.7812517,1.8977112,1.1770558,-0.011619622,-1.0379221,-1.3974407
0.34622967,0.48074493,1.8718671,2.5651882,2.853191,1.3127738,0.97815883,-0.14904661,-1.5587035,-1.8018241
-0.24791762,0.6754571,1.7953122,2.92914,2.207826,1.3568913,1.0180235,0.032106355,-1.2622359,-1.0670353
-0.4654311,0.25458774,1.7217228,1.7924044,1.3577807,0.53984606,0.505191,-0.17566636,-0.45032984,-0.50676054
-0.43792853,0.016971553,1.3430113,1.770817,1.5091221,0.61500376,0.7069645,0.3047102,-0.72652346,-0.94720733
-0.54182726,0.7160763,1.7886354,2.4499981,1.8497816,0.60724497,0.44217405,-0.2070268,-0.96961915,-1.0564771
-1.047265,0.7074577,2.3998733,2.4863024,2.0667388,1.0918785,0.88030326,0.3524371,-0.57391626,-1.6754467
-0.8110957,0.88324547,2.6960156,3.468585,3.2121649,1.8295368,1.1869543,-0.4083418,-1.3504463,-1.0962452
-0.57307893,0.9890054,1.877641,1.9464595,1.5566636,0.68902725,0.33634737,-0.42320257,-1.131677,-1.0833492
-0.5552731,0.8655339,2.0285587,2.3224833,1.6729999,0.21177374,0.1332697,-0.395041,-1.3936667,-1.49595
-0.094636075,0.4181487,1.6878388,2.1905875,2.2521455,0.77439386,0.50077957,0.3185298,-0.7429642,-1.1458313
-0.43904662,0.6171193,1.5895109,2.369341,1.8865534,1.2235678,0.7360439,-0.4476176,-1.5181501,-1.6517032
-0.7505693,0.6328731,2.0648625,1.8116366,1.3403999,0.5316553,0.3322027,-0.2375176,-1.0783223,-1.1434873
-0.111086465,0.39674345,1.3435692,2.0071514,1.7780542,0.47618353,0.47621548,-0.16300397,-1.2697043,-1.0072994
-0.13772917,0.98523694,2.0210793,1.8884952,2.0299735,0.4885009,0.34460905,0.012579586,-1.2028415,-1.036899
-0.25608954,0.40086788,1.4957757,1.615256,1.5220387,0.7494908,0.56378114,-0.063197754,-0.9975419,-0.9068817
-0.40002784,0.76742744,1.2851545,2.3144808,1.8877225,0.87256294,0.5921623,-0.15644012,-0.72918636,-0.9800113
-0.011229586,0.61691695,1.7087126,1.9534134,2.0063086,0.8656786,0.584632,-0.18889453,-1.1823548,-0.61289054
-0.06521132,0.5869921,1.1220195,1.2829037,1.2934822,0.17276949,0.11385341,-0.38763425,-0.8584119,-0.6766791
-0.55772513,0.46752566,0.98124886,1.1761695,1.6388606,0.28308415,0.24868375,0.008453113,-0.5428378,-0.94267803
-0.38976625,0.8684408,2.107678,1.8191062,1.4382027,0.9107498,0.46824503,-0.036132187,-0.7240425,-0.8037161
0.26578528,0.40172452,1.4365828,2.2196925,1.8618147,0.92189103,0.49560314,-0.072077736,-1.355699,-0.9022643
0.26747572,0.5707506,1.2712625,1.7030708,1.7083569,0.96048665,0.6880005,-0.47047225,-0.80306965,-0.88527083
0.6162935,0.81812435,1.9854488,2.2593489,2.6793666,1.7591661,0.72021353,0.21319371,-0.8342536,-1.4845401
0.35002667,0.5958592,0.81230456,1.7331507,1.7294887,0.6923039,0.44969603,0.23062156,-0.45285884,-0.8681577
0.121635266,0.2347624,1.2503585,1.9719161,1.6785218,0.30496404,0.5270503,0.04721531,-1.008788,-0.90661544
0.30738,0.5382221,1.7334597,2.5003576,1.991809,1.1236341,0.9500073,0.103158645,-1.2329656,-1.4647177
-0.024457563,0.64477736,1.6001605,1.7065337,1.3056054,0.5930885,0.6894484,-0.5672868,-0.81629854,-0.93540907
-0.26858398,0.99134016,1.5760388,2.121469,1.4792491,0.50878024,0.76666754,0.24359971,-1.2141429,-0.903584
-0.58261293,0.13337106,1.359692,2.3274841,1.8670713,0.9263266,0.7381403,-0.31316173,-1.1663858,-1.345846
-0.28164816,1.0118155,1.821528,2.932519,1.9480802,0.97434044,0.76161534,-0.37060368,-1.3481548,-1.6560694
-0.7138428,0.799009,2.080554,2.9907136,2.3995116,0.6076039,0.771076,-0.6282316,-1.6772764,-1.7243215
-0.5074459,1.1199642,2.7062447,2.8271816,2.6597471,0.95694673,0.5206834,-0.11769374,-1.3249669,-1.984888
-0.62307554,1.3794473,3.5244112,3.9907928,3.631464,1.6911179,0.77221555,-0.9180264,-2.4649534,-1.9587275
-0.19808564,0.7632742,2.6986334,3.0276918,2.81434,1.1589966,1.0541366,0.69270235,-0.82217634,-1.3280455
-0.55651075,0.9156945,1.9491857,2.1864848,2.224772,1.7984995,0.33988956,-0.22195996,-1.0369979,-1.2115352
-0.14278316,0.15428686,1.4557085,2.0266178,1.4768658,0.75122845,0.5063506,0.120616645,-0.5936743,-0.8393783
-1.0544053,0.97222465,1.9842328,2.103335,1.8635141,0.93531555,0.54342526,-0.18276142,-1.0115914,-1.6129556
-0.18667668,0.588689,1.4897119,1.9214464,1.5486246,0.6375407,0.59669244,0.7198753,-0.8019008,-0.2933167
-0.37286976,0.7633313,1.1886387,1.9460648,1.5472233,0.87901944,0.44490412,-0.19555208,-0.8399122,-0.99735355
-0.54286176,0.37314427,1.2713379,1.5474097,1.4103075,0.5264567,0.46485084,-0.123705834,-0.7643564,-1.0083171
-0.5565956,0.5590686,1.2719399,1.522002,1.7178495,0.5143693,0.6154082,-0.2079177,-0.7423794,-1.161855
-0.15040454,0.76673925,1.8576268,2.0683413,1.8479018,1.0046743,1.0959909,-0.07158403,-1.1978441,-0.9394075
-0.74463654,0.8032155,1.7747793,2.1118271,2.097162,0.8915115,0.80367833,0.21565829,-1.1654949,-1.320347
-0.25083813,-0.36040476,1.1030293,1.5324924,1.799966,0.6781171,0.6937212,0.08954119,-0.84895754,-1.0549511
-0.54231286,0.69248223,2.0236528,2.4057794,2.1111748,0.8273312,0.59587836,-0.2395298,-1.4295621,-1.0889014
-0.009967864,0.38947845,0.6721284,1.5771881,1.8324437,0.83823776,0.9476953,0.10956022,-0.87766707,-1.4467977
-0.23251155,0.017654851,1.2389758,1.2608014,1.4785306,0.35912117,0.20303291,-0.28196496,-0.80568117,-0.97973883
-0.27908617,0.3398951,1.2450608,1.8142587,1.6838286,0.7522121,0.88172174,0.04436222,-1.3341609,-1.1639515
-0.32966533,0.3931948,1.8374438,1.9527695,1.3054516,0.49529636,0.472588,-0.12254344,-0.50287724,-0.6135367
-0.88197356,1.2334094,2.2289774,2.305323,1.9123427,0.6660136,0.5847037,-0.29999995,-1.9804368,-1.7621012
-0.5803244,1.0238124,1.860062,2.0648825,2.2356126,0.6461822,0.0792153,-0.30777243,-1.2638297,-0.9994805
-0.26481694,0.6241234,1.2324264,1.5112914,1.5797063,0.77588546,0.49525702,-0.047583796,-0.8351736,-0.8974535
0.36032894,0.59624386,1.8342701,1.9721469,2.1643384,0.8982564,0.4133949,-0.33081597,-1.1050467,-0.6225886
0.2876847,0.10259136,1.3122798,1.9788343,1.5922189,1.0774089,0.91981006,-0.085578136,-0.84609884,-1.0349587
-0.14985257,0.25822145,1.7493752,1.7794254,1.2497469,0.8118075,0.41551736,0.009549823,-0.75909203,-0.53938407
-0.1223206,0.59221417,1.5337002,1.8529341,2.0222614,1.1342738,0.1322843,-0.16779248,-0.9700616,-1.1589502
-0.20215812,0.6592427,1.4852988,2.0899193,1.6858349,0.9724275,0.57687527,-0.62836206,-1.3332202,-1.5496387
0.19465527,0.952999,2.2737563,2.5308506,2.5182247,1.5139103,0.78080577,-0.15687479,-1.6176212,-1.3511322
-0.3345831,-0.121193536,1.435427,1.9039022,1.8027743,0.44263685,0.28262123,0.10631017,-1.4578995,-1.6712164
-0.38971996,0.82248074,1.6837777,2.323848,1.5502126,0.8307215,0.6675871,-0.6091615,-1.6323352,-1.4380733
-0.06527206,0.5898093,2.1961071,1.9064349,1.9907023,0.6326263,-0.1696697,-0.5589191,-1.0450797,-1.2264286
0.13566792,0.63189906,2.0864987,1.9375328,1.9138694,0.954867,0.98535657,-0.24939811,-0.98660815,-0.8889464
-0.17035031,0.3346946,1.9156091,1.5460387,1.5957271,0.7476989,0.60195464,-0.42824838,-0.8311602,-1.1010913
-0.65108985,0.95544446,1.8243529,2.002436,1.712886,0.74859226,0.57498956,-0.40923643,-1.1898553,-1.6275022
-0.0722529,0.13865511,1.0427862,1.1494634,1.353542,0.50036013,0.48595178,0.007647099,-0.7179529,-0.7889925
-1.1550512,0.6485331,1.8760686,2.3074849,2.972675,2.1574013,1.1813521,-0.17939101,-1.5786744,-1.6049805
-0.17226142,0.73349965,1.478625,2.1849377,2.2805784,0.63556504,0.76243013,0.25754073,-1.0669839,-1.3298109
-0.050683044,0.13073988,1.1202575,1.7673091,1.5914193,0.7086614,0.762183,-0.17091314,-0.9378536,-0.87479335
-0.46750924,0.467226,2.0148163,2.578137,2.3817112,0.8252891,0.6168718,-0.11308045,-0.95273113,-1.2720531
-1.138671,0.92721987,2.6896453,2.2983239,2.1675582,0.9976113,0.6226298,-1.203853,-1.6583259,-0.79502386
-0.90845495,0.57677424,1.6948227,2.041557,1.757602,0.5336745,0.33671793,-0.42635643,-1.0694494,-0.75498044
-0.07678262,0.40467364,1.2967368,1.3989363,1.3625844,0.40402946,0.40171975,-0.08412976,-1.071279,-0.7331913
-0.30790508,0.57245946,1.7811542,2.4259539,2.4251583,0.9363084,0.6657973,0.009809298,-1.1327845,-1.3804281
-0.36773193,0.4230193,1.3272907,1.5674347,1.3912021,0.52394384,0.28326342,-0.48085922,-1.4335778,-1.4917827
-0.19386938,0.9980539,1.4740802,1.4240688,1.5595415,0.26930472,0.34604737,-0.056051806,-0.53496486,-0.70665115
-0.34910154,-0.023344025,1.5467107,2.3464494,1.9010998,0.6476111,0.42191222,-0.26613638,-1.2111996,-1.498366
-0.023780446,1.042677,1.7626367,2.019901,1.9405619,0.7198723,0.70317495,0.0738066,-0.99692655,-1.0564654
-0.26653492,0.47812268,1.1967762,1.6628373,1.7362368,0.37094587,0.5002888,-0.23282677,-1.2857844,-0.79309845
-0.6662583,0.41832915,1.6821588,2.49301,1.953841,0.5996037,0.83718634,0.13577738,-1.141985,-1.53902
-0.29226136,0.54620117,1.756541,1.7194476,1.6777518,0.9176356,0.5014444,-0.016740395,-0.97420573,-1.2295789
-0.113190226,0.07742302,1.5672293,1.7056639,1.9391936,0.69332,0.76194793,-0.078961834,-0.705029,-0.7448409
-1.2681537,1.1330992,2.1206658,2.229513,1.9837757,0.9936335,1.1201637,-0.89617884,-2.237894,-1.7824976
0.29441437,0.12275778,1.1260592,1.9738714,1.5520118,0.9940498,0.44001943,-0.14568281,-0.9344124,-0.9262794
0.37280768,0.5963593,1.7410979,1.7346404,1.3472197,0.61176986,0.4649337,0.012842925,-0.6939805,-1.0616523
-0.4302489,0.2841574,1.1741116,1.7653674,1.1068949,0.368634,0.851199,-0.08120289,-0.87170005,-0.96488315
0.37206987,0.667574,1.8732544,1.6108004,1.9410961,0.202965,0.610137,0.021020593,-0.9082118,-1.2729102
-0.6284253,0.4955174,1.8310063,1.5965676,1.5017775,0.95283365,0.7076989,-0.143844,-0.9292423,-1.4236892
-0.33299747,0.45493552,1.5795023,1.8115753,2.0713634,1.199001,0.41071624,-0.025732646,-0.96709263,-1.4135605
-1.2874253,0.7275274,2.3854702,2.6779969,2.0253558,1.097898,0.9740777,-0.25433716,-1.2865641,-1.8588601
-0.22746152,0.8031109,1.6564633,1.5984727,1.0285416,0.7293642,0.45036823,-0.47344968,-0.9467624,-1.0256209
0.20570931,0.9350277,1.5315813,2.446299,2.0701528,1.1419669,0.34802756,-0.44383729,-1.2331208,-1.7010987
0.03959339,0.80674124,2.0087502,2.3950713,2.2179947,1.0179013,0.4970562,-0.2525214,-1.0183517,-0.83661306
-0.6376871,0.9944805,1.7651855,2.092535,2.373305,1.1465735,0.40815637,-0.015246648,-1.4143151,-1.1957935
0.010913705,0.23072296,1.4751183,2.0674186,1.6866217,1.2737938,0.6052935,-0.42352995,-1.0659955,-1.2933975
-0.44109777,0.38820434,1.4969893,2.12726,1.6462188,0.7381208,0.41947028,-0.33949745,-1.4558271,-1.3470678
-0.14199245,0.68500566,2.048631,2.5340078,2.0373614,0.7358576,0.34827736,-0.50522286,-1.2863612,-1.0599043
-0.72742397,0.7688822,2.3757477,3.3794758,2.8648748,1.412274,0.83136356,-0.7073003,-1.4066406,-1.2850375
0.081054196,0.36070094,1.9396241,2.3253205,2.2388477,1.188525,0.77577066,0.17737366,-0.8023053,-0.7667689
-0.22330213,0.9636865,2.1511614,2.0785074,2.1714914,0.80605596,0.8457329,-0.035463374,-0.66473955,-1.0730538
-0.0055172015,0.5628194,2.074718,2.3057592,1.9507072,0.15884657,0.66226023,0.17018789,-0.63391834,-1.1908404
-0.4838303,0.40407315,1.1999385,1.5000426,1.1547474,0.48557192,0.42977828,-0.08303585,-0.58221257,-0.56953865
-0.7428646,0.7734557,1.4249645,1.9601301,2.3256946,0.21292312,0.23982373,-0.44468284,-1.2767035,-0.9996294
-0.317528,0.07984584,1.2398043,1.9969097,1.6546133,0.30156666,0.45309857,0.09275574,-0.86166686,-1.3973075
-0.5029996,0.48284316,1.290496,1.6675718,1.6415259,0.5933133,0.43811715,-0.010940889,-0.75310004,-1.2765532
-0.9969096,0.61734396,2.2500978,2.5773892,2.3709412,1.2831166,0.9541681,-0.28172454,-1.2650256,-1.7829251
-0.42774358,0.94115055,2.2788618,2.724706,2.0876663,0.6722671,0.07906142,-0.69177777,-2.311883,-2.2552516
-0.25850803,0.6620729,1.1520553,1.3787471,1.6375718,0.78821045,0.42293218,-0.20825157,-0.7343971,-1.104704
-0.93883085,0.78763,1.9777273,2.1883132,1.8771095,0.9144751,-0.10301127,-0.4384333,-1.1514633,-0.97826123
-0.4887149,0.39069757,1.5693355,1.9645023,1.2195328,0.49876207,-0.2413832,-0.43758398,-1.0850556,-1.5359421
0.22663504,0.9074992,1.8342803,1.5553603,2.1210644,0.75070345,0.7780746,-0.26791087,-0.6833552,-0.5879719
-0.28514946,0.5713556,1.3577992,1.7421631,1.6432893,0.5239278,0.68180597,-0.26087788,-0.66777974,-1.2062958
-0.64490986,0.5282987,1.5651501,1.951075,1.8437868,1.2240262,0.91748977,-0.3114229,-0.8669089,-1.0916728
-0.68748343,0.15943202,0.97280216,1.4738026,1.2640603,0.39206094,0.6931762,-0.11920175,-0.97887313,-0.6733372
-0.9618146,0.6750167,2.412854,3.3853736,3.0883057,1.5017816,0.51705855,-0.3900528,-1.3424326,-1.2006663
-0.3023568,0.29062057,1.4031314,1.6014636,1.5854446,0.16240828,0.034797654,-0.05877415,-1.1007295,-1.3200117
-0.7794739,0.43224546,1.5614216,1.6924962,1.6660128,0.85143614,0.41365716,-0.13752453,-1.48226,-1.6185193
-0.64116263,0.55949444,1.2922454,1.8294498,1.382806,0.76140195,0.82855767,-0.4317095,-1.6024237,-1.6913477
-0.1341128,0.23948616,0.8857277,1.7113273,1.323305,0.71936077,0.8536707,-0.17997046,-1.1760781,-1.6290433
-0.35030493,0.5393774,1.2960138,1.5021656,1.8236154,0.8504164,0.15206252,-0.48303947,-0.75446576,-1.2239871
-0.7514133,0.57332206,1.448442,1.487085,1.3658623,0.22757627,0.33476174,-0.094863854,-1.2397343,-1.4804183
-0.54435354,-0.019927664,0.87654567,1.7045482,1.9555073,0.4941777,0.6443513,0.05011812,-1.0272201,-1.1129413
-1.0103792,0.30146918,1.4983474,2.1149352,2.0068002,1.060786,0.3392532,-0.018695181,-0.77136225,-1.014986
-0.23921081,0.8542401,1.5390466,1.7856177,1.8290797,0.78751266,0.68900144,0.08392922,-1.0817183,-0.80934227
-0.6530763,0.40934762,1.7555761,2.1385896,1.9052808,0.5964839,0.7619223,-0.45503482,-0.92026323,-1.2204607
0.17371902,0.16979805,1.8226024,2.4080095,1.9232433,0.9774548,0.842636,0.29007405,-1.0492553,-1.4769982
-0.4735328,0.31763083,1.4053403,1.7690479,1.7387954,0.41465652,0.55647576,0.28502586,-1.3212516,-1.459862
-0.23471391,0.5825042,1.518517,1.7760661,1.4328307,0.7539824,0.59978306,0.14659607,-1.0262475,-0.74552417
-0.3841671,0.024561444,1.1839739,2.010932,2.0815465,0.41452304,0.5397498,-0.18981418,-1.101787,-0.49244773
-0.63406265,1.2424821,1.8733586,2.461168,2.2065566,0.6358853,-0.067091696,0.16649571,-1.3579184,-1.2310176
-0.17889994,0.7816597,1.6419058,2.4723196,1.7977754,1.0619867,0.6040848,-0.026874287,-1.189299,-1.3289247
-0.69026065,0.5009664,1.4555849,1.7386268,1.6133621,0.6887341,0.31630185,-0.39699548,-0.9059342,-1.1861534
0.275109,0.8953323,1.7627529,2.1546123,1.8717976,0.817156,0.43300548,-0.5669352,-1.1136206,-1.3142161
-0.108548395,0.2409809,1.405433,2.1285362,2.2610528,0.88883793,0.16243444,-0.009847874,-1.3584172,-1.4070915
-0.43356255,0.4064959,2.1085925,2.2910054,2.0606194,1.4873558,0.4478302,-0.41749197,-1.3608083,-1.6428074
-0.6126457,0.5464653,1.5286672,2.0942943,1.9683357,0.7709167,0.42191708,0.017990194,-0.9934982,-0.9309026
-0.9031597,1.0022281,1.7652578,1.9854094,1.6256115,0.15866917,0.117802724,-0.590745,-1.4006927,-1.140457
-0.47254637,0.48592353,1.1804922,1.6666238,1.6383117,0.6083674,0.41558948,0.12625669,-0.8556915,-1.0613618
-0.79520184,0.40458143,1.5936555,1.735599,1.3739076,0.87344563,-0.023158966,-0.37976134,-0.66224414,-0.93464756
-0.19777736,0.41705063,1.7052611,1.87716,1.2886238,0.2307656,0.39389592,0.041488983,-0.7747737,-0.9872952
-0.24652153,0.3169357,1.4711875,2.205669,1.6274785,0.86459905,0.66321903,-0.17427023,-1.6215869,-1.3109727
-0.11873519,0.8357002,2.6511042,2.6144812,2.2592692,0.9083188,0.9521819,0.24145386,-0.86654377,-1.0496219
0.12270201,0.79378605,1.3991262,1.7974179,2.0647068,0.4337976,0.2830246,-0.35639167,-1.1365904,-1.0489175
-0.52789825,0.6322289,1.2565552,1.3615128,1.5264041,0.52903134,0.372217,-0.012053836,-0.57700145,-1.1272852
-0.7900462,0.78035724,1.0286907,1.8476344,1.9399105,0.83536476,0.4533437,0.20250963,-0.48734012,-0.5984718
-0.4004425,0.8666933,1.5788898,1.7086104,1.5768867,0.2527691,0.44429582,0.16776402,-0.85403866,-0.8467646
-0.38012913,0.28464732,1.2141895,1.9677117,1.9698402,0.7760676,0.25156718,0.08462015,-0.61067367,-0.8497195
-0.14280453,0.4542916,1.5060064,2.0981877,1.4833342,0.99640393,0.5514574,-0.25336525,-0.6596186,-0.9625623
-0.5322396,0.7852469,1.3529862,1.5530368,1.6692698,0.846614,0.6634843,-0.3241718,-1.4289365,-1.2168496
0.1730003,0.5501476,1.4280981,1.2226441,1.4089152,0.24591766,0.13031295,0.03994011,-0.8180305,-0.7836334
0.13831258,0.21324985,1.229792,1.7684886,1.2813168,0.6594359,0.51198053,0.36560258,-0.4696057,-0.91933775
-0.4800704,0.35622182,1.0154605,2.1367452,1.9016949,1.1650723,1.2261739,0.27103168,-1.1404841,-1.5879134
-0.8137878,0.87473965,2.088206,2.548596,1.8313038,1.199243,0.6610837,-0.6429568,-1.7637409,-1.4223689
-0.68035084,1.2257502,1.8795607,1.9737247,1.9278948,0.57752836,0.4608844,-0.07580373,-0.9075667,-1.3126615
-0.6784164,0.53921884,1.600348,2.2941194,2.0106704,1.0208602,0.3320165,-0.25863138,-1.7271563,-1.4341191
-0.17711875,0.44677287,1.9422671,1.9415125,2.0172427,0.77258503,0.27204016,-0.061908394,-1.0668917,-1.1108174
-0.10450172,0.36123016,1.2761846,1.5178018,1.5324125,0.8270841,0.101731196,0.18403268,-0.86133844,-0.5959037
-0.53863627,-0.019607197,1.0195891,1.6617638,1.1480324,0.26832986,0.65335524,-0.3474846,-1.1615022,-0.71926844
-0.5794216,0.6776921,1.7061381,1.6593039,1.4740555,0.57851315,0.15347582,-0.18359248,-0.77226853,-1.0320271
-0.42842624,0.71397704,2.597068,3.7140372,3.5846336,1.7319545,0.9885205,0.09894904,-2.0518913,-1.2835895
-0.3216176,1.6234564,4.0551505,4.3289137,3.9419029,2.0947902,0.65620893,-0.66607714,-2.177076,-2.1831324
0.63913363,2.1599836,3.4813921,4.072954,3.5548873,1.7977141,1.3182069,0.17377628,-1.5499077,-1.9642683
-0.40907034,0.96284443,2.0991683,3.3693016,2.904637,1.4017489,0.88974845,-0.1602346,-1.7635585,-1.6877942
0.025127709,0.08012906,1.2350326,1.564049,2.0120792,0.880019,1.051824,0.33160466,-0.73717505,-1.241831
0.08864971,0.62758785,1.8958919,1.542844,1.664925,0.31187588,0.71713483,-0.32426825,-1.1104416,-1.1092469
-0.58402073,0.81774145,1.7752091,2.313992,2.7923708,1.0409132,0.80394334,-0.7955524,-1.331179,-0.7249922
0.25337863,0.17080218,1.1325992,1.7523012,1.6872452,0.91267043,0.4492914,-0.42030838,-0.9852679,-0.6047582
-0.17629313,0.047902927,1.7355508,1.9404767,1.6469159,0.9165062,0.30872938,-0.7636536,-1.0544688,-1.0920453
-0.11133208,0.61255395,2.2317646,2.0015075,1.9888266,0.80916536,0.8369015,0.3613957,-0.5309238,-1.7115202
-1.0436381,0.57501924,1.6049999,2.3115153,2.3023267,1.0724931,0.29847732,-0.18045186,-1.3953274,-1.400795
0.11153529,0.9727002,1.851631,2.6844962,2.4786584,0.86907464,0.78914934,0.057272803,-1.0102385,-1.5847992
-0.14219412,0.7665111,2.1414022,2.477141,2.6505067,1.5276414,0.87670994,-0.46160522,-1.4986473,-1.1434385
-0.3171585,0.35275933,1.4346573,1.7607996,1.3744286,0.5969047,0.41825625,0.14772342,-0.98070896,-0.4633086
-0.9173573,0.7904047,1.8639901,2.1485078,1.9314145,0.64180374,0.16259556,-0.6812128,-0.8923179,-0.8881416
-0.5389597,0.2839615,1.6239399,1.7053154,1.7784244,0.8120911,0.6335204,-0.6330065,-0.66562325,-1.1134484
-0.44134724,0.70298964,1.4295346,1.633782,1.0377842,0.7372696,0.38208503,-0.45502803,-0.97839713,-1.3379108
-0.25421745,0.94970584,1.9748453,1.756292,1.0558128,0.63131803,0.6762673,-0.2895986,-1.414443,-1.1994805
-0.66593546,0.5811393,1.7580633,2.334313,2.11262,1.2190411,0.8332399,0.040146276,-0.6418788,-0.6875652
-0.66227496,0.6420833,1.5986841,2.0186596,1.638807,0.42420393,0.5513155,-0.5203833,-1.0882374,-1.3411475
-0.35817105,0.4347005,1.3538337,1.510548,1.5562078,0.8130104,0.3184842,-0.060919955,-0.96527475,-1.0473639
-0.36417004,1.0572951,1.3188285,1.7678784,1.8755848,0.4780019,0.37640917,-0.33957177,-1.259753,-1.0330669
-0.5868673,1.0183603,2.4178553,2.5560353,2.7341342,0.77285343,0.27645847,-1.0686451,-1.5537637,-1.1019188
0.06950258,1.2647392,2.917932,3.7445352,2.8000476,1.3263518,0.35977665,-0.709575,-2.294998,-1.8502057
-0.13576028,0.29447263,1.4592898,1.6031723,2.304525,1.2252339,0.71041286,-0.15846771,-1.1105679,-1.3803892
-0.19692141,0.7077031,1.5734929,1.4103949,1.5917208,0.43246636,0.25146642,0.0804933,-1.2060925,-1.1690718
-0.23865533,1.2306093,1.8495898,1.9793307,2.195519,0.69458103,0.3444561,-0.2514275,-1.1030117,-0.90705127
-0.1860854,0.7969273,1.7998606,1.9517074,1.6666132,0.46736073,0.16910352,-0.032699876,-0.89187634,-1.8538042
-0.12077346,0.7049467,1.973295,1.6994948,1.6261443,0.64271235,0.49245518,0.12271709,-0.789203,-1.0089452
-0.2174592,0.5915445,1.4938534,1.3589122,1.3351457,0.43320212,0.9682313,-0.10605904,-0.85814434,-0.68662494
-0.49838218,0.92376,1.6014843,1.757776,1.4865806,0.5614813,0.66222525,0.08790914,-1.2770084,-0.9884751
-0.24966109,0.7591794,1.3269857,1.8240663,1.7378681,0.70909363,0.34042728,-0.11402373,-1.0143327,-1.2677648
-0.51971656,0.48923498,1.8843375,2.1138651,1.3508867,0.39518213,0.072667874,-0.32733247,-0.8685579,-1.7936378
-0.70133746,1.1988653,1.8839223,1.6397907,1.39512,0.27994314,0.74995345,0.008296372,-1.2444316,-1.0501156
-0.33391073,0.9324642,1.6341349,2.170492,2.0352857,0.98030925,0.00069059804,-0.67457646,-1.6844144,-1.118542
-0.5388225,0.45901245,1.0226663,1.5793295,1.5828868,0.5790477,0.50169814,0.19959804,-0.9875705,-0.9877936
-0.037418768,0.27775,1.2538265,1.8101957,1.4591227,0.6580713,0.66485065,0.2226699,-1.068187,-1.0291421
-0.62127,0.85552716,2.0982463,1.919306,1.8471398,0.28238395,0.097613424,-0.6669644,-1.0912863,-1.2467225
-0.57806,0.41817403,1.6691532,2.1790447,2.1290166,1.0267662,0.9944564,0.30202776,-0.57532406,-0.8417166
-0.27544582,0.76874536,2.7295146,3.2700634,3.596532,1.8153002,0.868229,-0.37748572,-1.9736118,-2.7296474
-0.36249053,0.55191547,1.2871016,1.9179734,1.8661599,1.0350103,0.8358489,0.22876929,-0.6875667,-0.84468174
-0.3912847,0.7822031,2.3412423,2.5614974,2.1916351,1.2526445,0.87827605,0.10049118,-1.4946309,-1.691843
-0.44733247,0.8800041,1.5593758,2.0323894,1.3236283,0.58684415,0.544817,-0.16649495,-0.9877504,-1.64797
-0.09292232,0.09595367,1.1462556,1.2407862,1.6914341,0.5092634,0.2639251,0.19796312,-0.6036455,-1.1701154
-0.2806648,0.45031208,1.7630006,1.908513,2.118985,0.81065863,0.3573623,-0.44782385,-1.3754733,-1.4237322
-0.2961112,0.8487216,1.64333,1.9820832,2.0176082,0.9740474,0.32860094,-0.021994649,-1.1791817,-1.644509
-0.43037587,0.18768649,1.3887987,1.8892362,1.4384565,0.26493815,0.041963056,-0.8352312,-0.98536074,-1.1779356
-0.7974196,0.6230062,2.1355245,2.201247,1.567148,0.7638473,0.39055762,-0.1392705,-1.1392615,-0.913747
0.18494529,0.74754053,1.7845361,2.0712986,1.666096,0.53295875,0.58684665,-0.5170398,-0.7188866,-1.0937678
-0.51532114,0.8240614,2.0424683,1.7095269,1.9915792,1.0501727,0.61517376,-0.7419453,-1.1137251,-0.98318803
-0.061991982,0.14202867,1.537014,1.8431572,2.0644553,1.0329529,1.1367449,0.09144346,-0.7239979,-0.91208786
-0.3509791,0.4732299,1.4727,2.251643,1.9493963,1.0233511,0.43381637,-0.24639791,-1.3828437,-1.6241641
-0.25732756,0.06917233,2.1893816,2.9742682,3.0801032,1.0740739,0.9803457,-0.45273587,-1.6621414,-1.6445901
0.13273579,0.21919616,1.4201183,1.7418472,1.7327541,1.2672246,0.10152705,-0.41052383,-0.9344926,-1.1930906
-0.003541045,0.87942946,2.0563834,2.2073548,1.573676,0.77126867,1.0747223,-0.1732647,-1.1703949,-1.1385443
-0.5264482,0.5402331,2.1233463,2.2029805,1.2136575,0.87200546,0.70003194,-0.35634395,-1.1112032,-1.5966777
-0.5373387,1.5003964,2.1341662,2.4805627,1.980538,1.1207412,0.5065397,-0.75501,-1.0844245,-1.1628768
-0.5109767,0.15458353,1.4759226,1.8675131,1.5785658,0.61551476,0.17155437,-0.40253568,-1.074481,-1.3116335
-1.0190343,0.65920585,1.720402,2.425722,1.8156414,0.556511,0.48850054,-0.25476333,-1.021857,-1.0976342
0.048181627,0.5927413,1.5560545,1.6329058,1.2022024,0.51942265,0.739611,-0.17195241,-1.1006608,-1.2005662
-0.35954154,0.541391,1.3976885,1.6770637,1.5937654,0.80931073,-0.28989238,-0.38878265,-1.1481695,-1.0696491
-0.008997902,0.96856284,1.8844061,2.3945453,2.1208053,0.8718849,1.0065023,0.5440298,-0.7935104,-1.0210925
-0.9767937,1.083861,3.0587373,3.4645705,2.6659741,1.3276479,0.4259696,-0.33765572,-1.9743497,-1.4097906
0.18913382,0.89374804,2.4773326,3.024949,2.911396,2.0438423,1.9052532,0.5044449,-1.8371913,-1.6288815
-0.5367458,0.64062893,1.9200314,2.5621371,2.4957993,1.0247021,0.52984023,-0.46337134,-1.4214089,-1.4863949
-0.32414874,0.6662429,1.2970648,1.6119179,1.6919937,0.32334772,0.18699974,-0.11942606,-1.0066617,-1.1255279
-0.26299462,0.23926097,1.4629004,1.7218381,1.4261752,0.661468,0.7243327,-0.09003675,-0.8342503,-0.81987935
-0.04432417,0.5751274,1.2067138,1.2254287,1.4362411,0.75653774,0.25495902,0.025834927,-0.78145266,-0.78573346
-0.8084368,0.89667475,1.5097971,1.8790181,1.606612,0.4667644,0.3250529,-0.73482996,-1.661595,-0.8430739
-0.34032843,0.94898665,1.6812881,1.4090203,1.6995949,0.55119973,0.45009777,0.05747952,-1.0815231,-0.52802736
-0.36283845,0.924551,2.230985,1.9104176,1.5895637,0.7737079,0.52671176,-0.39545143,-1.0829703,-1.3628048
-0.2293829,0.8811326,1.7201756,2.5575633,2.1397731,0.9617517,0.6715049,-0.59392786,-1.3125268,-1.0652361
-0.74628353,0.836537,2.5460088,2.327715,2.112162,1.3931909,0.6773843,-0.22873437,-0.913673,-1.2934353
-0.639549,0.86028415,1.6413174,1.8433112,1.5502204,0.78758866,0.5526695,-0.20816465,-1.1643327,-1.5279107
-0.18133733,0.31767246,1.5097829,1.9386358,1.404393,0.53165627,0.9243309,-0.1562459,-1.0603337,-1.2932955
0.063792944,0.31207386,0.9322666,1.0127578,1.3664488,0.43423504,0.35773078,0.013978334,-0.37304386,-0.9206491
-0.32591045,0.35588712,1.2820863,1.5847994,1.7595202,0.7939543,0.55256045,-0.23137632,-0.87860805,-1.0802302
-0.19147229,0.3221922,1.3105067,1.574231,1.546615,0.6098296,0.35864753,-0.28463906,-0.92370963,-0.79065937
-0.34218985,0.3115981,1.164685,2.1975315,1.4976902,0.55752957,0.5810103,0.19798718,-0.41906115,-1.1154195
-0.31709978,0.62088305,2.1423054,2.6142318,1.3272496,0.36284125,0.5633674,-0.20996621,-1.4431573,-1.5780652
-0.25843444,0.8397926,1.5267904,1.586852,1.5090706,0.2862465,-0.07505317,-0.3662411,-0.86847746,-1.1626505
-0.14415547,0.7826195,1.5862292,2.2708924,1.6088437,0.727569,0.7741553,0.26374772,-1.1136092,-0.60751283
-1.0431222,1.1331384,2.2763128,2.07892,2.0170586,1.0063006,0.43975487,0.13533156,-1.3492781,-1.2704376
-0.5699599,0.44950634,1.3659366,1.501831,1.4398744,0.31464577,0.13026176,0.32114443,-0.535377,-1.218508
-0.6774544,0.6357167,1.7972962,2.1293,1.9225672,0.6105456,0.4987555,-0.3884048,-1.2296332,-1.6267773
-0.29197308,0.49126446,1.6499486,2.1259735,2.0577035,0.98793566,0.3631852,0.10058996,-0.7950771,-1.8105724
0.013127992,0.5560756,1.7648392,1.8525504,1.6306715,0.92156637,0.34463093,-0.25512075,-0.7464348,-1.1248223
-0.45635125,0.24033576,1.0503522,1.4359117,1.5241067,0.19942372,0.27273783,-0.18095417,-1.2407999,-1.1936649
-0.41195092,0.6677901,1.739032,2.0671217,2.0050066,0.78687483,0.69497794,0.021872902,-0.7716726,-1.1671824
-0.654015,0.50299585,1.3113825,1.6893553,1.9442102,1.082009,1.0889719,0.0149825625,-1.2341813,-1.3655072
0.088811524,0.74808204,1.3440787,1.8390586,1.6368401,0.67084676,0.6000435,0.51469594,-0.812047,-0.925306
-0.8595635,0.93454814,2.0372,1.9507625,2.0670288,0.7283941,0.016487781,-0.0330805,-1.2978178,-1.4583263
0.18595216,0.9842633,1.6583722,1.6286212,1.6457092,0.30605152,0.3256006,0.0034258552,-0.98940766,-0.91084737
-0.19174469,0.9096688,1.9258782,2.1191669,1.5923841,0.6825431,0.34576046,-0.6397495,-1.1268293,-0.82633436
-0.41332367,0.25964564,1.2666554,1.470809,1.4597783,0.7296932,0.6839526,-0.23497994,-0.9771055,-0.6036385
-0.46824116,0.9431745,2.243933,2.3829286,2.2251,0.84488076,0.15761638,-0.6592857,-1.3509356,-1.4311892
-0.6243012,0.7763359,1.3932465,1.8815941,1.9332824,0.44518688,0.039633207,-0.43033734,-1.185991,-0.9347059
-0.083119065,0.10506294,1.4763001,1.7371284,1.7138315,1.0600644,0.63842505,-0.08218741,-0.7366389,-1.3647066
-0.30021474,0.5679187,1.8924221,2.2568622,2.0442448,0.9085205,0.7710091,-0.17398414,-1.2324023,-0.6087138
-0.85926145,0.31525725,1.6524471,2.1746473,2.0187058,0.849666,0.31577826,-0.39220935,-1.4906869,-1.3185823
-0.31397325,0.10643602,1.536864,2.099425,1.6345843,0.6779845,0.2784055,-0.060184933,-1.1496663,-1.2791555
-0.5663929,0.5169475,1.5956613,1.4959428,1.3004379,0.6441398,0.40650648,-0.63299197,-1.1548777,-0.98970294
0.30890548,0.5348851,1.8625894,1.6940482,1.5779479,0.77434295,0.43733838,-0.055260908,-0.89417154,-1.4435441
-0.16658238,0.36691082,1.0853702,1.5849229,1.1710432,0.69551355,0.23010337,0.04061618,-0.7737315,-1.3083764
-0.4725351,0.02695796,1.2584379,1.5416754,1.1504973,0.28039357,0.3028631,-0.17169203,-1.1514033,-0.9805851
-0.73967904,0.54231566,1.5120587,2.106885,2.1152966,0.76973104,0.13535139,-0.12467487,-1.1888115,-1.7079786
-0.4666203,0.43246678,1.420818,2.0666015,2.1478846,1.1645648,0.94712913,0.22214854,-0.75743514,-0.79345566
-0.029557005,0.5870384,2.009059,1.9052002,1.6998732,0.94109654,0.5682755,-0.018583786,-1.0743226,-1.3619561
-0.5014622,0.41053087,1.7195628,1.9271175,1.5038227,0.8694985,0.6315935,-0.08059996,-0.99703705,-1.0351558
-0.2999229,0.4800993,1.8017759,2.3676407,1.3242154,0.4624914,0.6275342,-0.22917274,-1.1021341,-1.1601745
-0.807337,0.03372471,1.2004298,2.0589569,2.4914784,1.2924587,0.67307836,-0.54027313,-1.5927211,-1.4486972
-1.054622,0.18195094,1.5395653,2.9145112,2.6224928,0.95762575,0.8491423,-0.27195385,-1.7673123,-1.1032525
-0.7469995,0.89336944,2.2961788,2.3587005,2.4037032,0.8692693,-0.051821537,-0.55516315,-1.1834,-1.5897149
-0.5630454,0.38375047,1.7509491,1.9879717,2.3673391,0.8508603,0.35094023,-0.6150514,-1.0127108,-1.5760168
-0.60068524,0.48547396,1.48796,2.4422247,1.8171419,0.26988977,0.23292175,-0.32223275,-1.0858523,-1.586457
-0.22011492,0.295832,1.0765524,2.428761,2.1120684,0.54605633,0.4671527,-0.2324827,-1.5814608,-1.358821
-0.029545851,0.7890268,2.32881,2.5903313,2.0525918,0.7656776,0.7934092,-0.6457379,-1.059145,-0.7402246
-0.69329154,0.34732962,1.6158442,1.9150754,1.6028345,0.6029048,0.47686118,-0.11680464,-1.1163864,-1.1856447
-0.35381347,0.844646,1.9659426,2.4649322,1.9029281,0.6501143,0.7596692,-0.004643138,-0.9051486,-1.1468028
-0.8910202,0.605673,1.5047127,1.8606765,2.1826043,1.3790739,0.73307854,-0.113267794,-1.1934825,-1.3999203
0.14975047,0.62944806,1.6948378,1.7607588,1.9646074,0.70947266,0.86367327,-0.013534209,-0.7713697,-1.1314821
-0.4929684,0.83464897,2.1555572,2.3735235,2.3844368,0.6672247,0.451855,-0.016223965,-1.4461439,-1.5466084
-0.1953831,0.47768977,1.564539,2.2199223,2.1113,0.94692695,0.6506206,-0.34886482,-1.4931084,-1.7043777
-0.7507006,0.6890329,1.9472443,2.0744057,1.6885718,1.1624187,0.54363245,-0.7400868,-1.4611851,-1.3213904
0.11541427,0.32877484,1.6131502,1.831188,1.676191,1.1745735,0.76452374,-0.45440638,-0.9477195,-1.2996968
-0.829856,1.0053931,2.2049706,2.6874518,1.9675704,0.8197697,1.1202905,-0.3878937,-1.1025497,-1.2459502
0.061792567,0.7295375,2.1770132,2.75896,2.9082794,1.196946,0.45373896,-0.47279218,-1.8139795,-1.3847009
-0.618307,0.65725285,1.6240169,1.9415196,1.4330512,0.71550083,0.3799114,-0.34963575,-0.59351647,-0.39439258
-0.20534113,0.5285857,1.6700184,2.067182,1.8351685,0.67490685,0.4896444,-0.4147552,-1.1019465,-0.9050561
-0.4442466,0.6315245,1.4847045,1.9510236,1.2659737,0.49719042,0.80234647,-0.9136616,-1.0059563,-1.0024372
-0.37140492,0.7550651,1.5153141,2.3211734,1.979693,1.3969618,0.77915907,-0.14254907,-1.1672418,-1.4120017
0.03097133,0.4992244,1.2070955,1.8076197,1.4991131,0.30998912,0.08578187,0.043233644,-1.1686462,-1.202032
-0.36968875,0.69488555,1.506084,2.1536758,1.8077503,1.1347476,1.0055265,-0.35261905,-1.1591171,-0.8255372
0.031730533,0.868782,1.3210799,1.213736,1.642443,-0.009057704,0.0016971976,-0.24912432,-0.811913,-0.6284373
-0.4345927,0.51225805,1.7739605,1.4277476,1.5594164,0.5425397,0.6664467,0.0608116,-0.75827265,-0.7553026
-0.25163445,0.95737255,2.010707,2.031134,2.2040546,1.1580375,0.955898,-0.14994289,-1.2008624,-1.0891107
-0.13288155,0.4633083,1.782989,2.3153636,1.5105239,0.36532694,0.5963958,-0.026301509,-0.7945793,-1.2961004
-0.15730435,0.59630036,1.3308774,1.81595,1.5503244,0.6044764,0.38448828,0.028170532,-1.1376823,-0.8860242
0.09738416,0.50890154,2.208306,2.5064156,2.0962527,0.8885867,0.46762896,-0.24992803,-1.3060969,-1.008028
-0.1328027,1.1698579,1.5193058,1.986394,2.0469503,0.8546317,0.5346562,0.019704673,-0.8917886,-0.9666759
-0.33637312,0.45804927,1.78424,1.7344558,1.5192168,0.59561676,0.3515415,-0.15017265,-1.2695328,-1.0766915
-0.5085908,0.6616093,1.3661,2.012991,1.6582192,0.62548244,0.38642576,0.09307127,-0.36784855,-0.7147031
-0.25800025,0.52601373,1.5388615,1.9486592,1.6814713,0.67111486,0.4622738,0.23851529,-0.7841036,-0.86601007
-0.3769003,0.16764848,1.219035,1.4524463,1.4137999,0.6174564,0.42567798,0.105973616,-0.7245977,-0.9148991
-0.43552807,0.52630514,1.1923441,1.0924628,0.96856534,0.2655872,0.44608027,-0.549124,-0.75092834,-0.6610204
-0.036653288,0.44276172,1.2064545,1.6246637,1.6745316,0.3735922,0.24022725,-0.59096944,-0.7332135,-0.93621224
-0.27295673,0.7678164,1.4250567,2.4314141,1.9907094,0.84404266,0.8005375,0.20851938,-1.2247432,-1.8271694
-0.45474818,0.5319583,1.4272668,1.8321736,1.9965545,1.0861619,0.44443342,0.23263128,-0.26481685,-0.28958032
-0.3938339,0.56593734,1.1023155,1.5417532,1.3573965,0.54003084,0.45269832,0.052043546,-0.82050264,-1.1778938
-0.6234084,0.60094947,1.3114094,1.2591097,1.3687158,0.17895192,0.51151216,-0.2932782,-0.9751717,-0.91952074
-0.036517356,0.39942798,1.8726871,2.4298778,1.9410297,0.7627185,1.1185933,0.5618207,-1.0497133,-1.818755
-0.21594056,0.5624122,1.8369418,2.8369114,1.835538,1.1163996,0.5894076,-0.23685887,-1.1029748,-1.0997972
0.024001371,0.20019473,1.8866857,2.163714,2.11228,1.0358896,1.13506,-0.0010784497,-1.1988066,-1.7036133
-0.47581384,1.4835064,2.719358,3.5276651,2.5393329,0.76688343,0.25482813,-0.6338568,-1.7961233,-2.137118
0.24062487,0.70750296,1.5313381,1.8449868,2.0023425,0.51387614,0.38785762,-0.7223978,-1.093972,-1.0355296
0.030417291,0.54863113,1.6845211,1.9139081,1.3530302,0.96537924,0.66456956,-0.2607307,-1.0364264,-0.98173964
-0.7859736,1.2511166,1.9554249,2.0485194,1.7958311,0.77226543,-0.026978321,-0.21530916,-1.2145752,-0.75088775
-0.40291262,0.32211873,1.5653365,1.8956288,1.1841955,0.5519673,0.6557834,-0.26315698,-1.0779798,-1.2848597
-0.0027155299,0.34302166,1.4167632,1.4629594,1.3436751,0.6640502,0.528429,-0.0035678581,-1.1302621,-1.2018636
-0.070554614,0.26674655,1.3874482,1.5605866,1.3908266,0.73009527,0.55303967,-0.26699352,-0.7898024,-0.8070199
-0.41771933,0.2370213,1.4283365,1.486518,1.0014006,0.8499985,0.8702093,0.057047535,-0.6047542,-0.5702062
-0.27449748,0.43510783,1.383399,1.5309491,1.5288789,0.5298217,0.6236157,-0.059338078,-0.9579174,-0.4918974
0.061467394,1.1833677,2.0171838,2.5439792,2.2196724,0.82174146,0.32711136,-0.5372933,-1.3022151,-1.0528768
0.40366405,0.9042935,3.2325041,2.6618,2.3066566,0.9413703,0.57937735,0.18803096,-0.65996933,-1.1381035
-0.80147684,1.3978883,2.1270475,2.6996741,1.9961196,0.4935733,0.44530705,0.18062681,-0.8896947,-1.2775517
-0.5706628,0.34441674,1.8398644,2.5053515,2.7500563,1.5108768,1.0102344,-0.4125415,-1.0350001,-1.1952955
-0.4646961,0.67857975,2.2289748,2.574809,2.7142324,1.1017853,0.84331906,0.14979616,-0.70759165,-1.3813522
-0.120047174,0.653968,1.5547662,2.1506653,2.1430354,1.1360536,0.8775918,-0.08166826,-1.2424687,-1.6908336
0.34971306,0.3090785,2.1933868,2.0446825,1.7599908,0.4533832,0.4319708,-0.39730576,-1.2446636,-0.9044708
0.3505092,0.7296386,1.6456335,1.474426,1.6576502,0.71412027,0.59753245,-0.17673297,-1.2818178,-0.9492727
-0.7831322,0.51530117,1.3528997,1.8964802,1.475756,0.7455557,0.05515609,-0.37537694,-1.1972145,-1.2710915
-0.1651164,0.6808483,0.9687655,1.6057844,1.3336127,0.033898707,0.14058232,-0.24845111,-0.73129314,-1.0736313
-0.42381182,0.9346698,2.5294704,2.9188774,2.3978379,1.4295373,0.77815616,-0.3948001,-1.6436629,-1.7163208
-0.48764715,1.320213,2.600326,2.1707637,2.0398817,0.9239566,0.80088973,0.10191575,-1.1916642,-1.5633929
-0.31931528,0.87937915,2.486685,2.269513,2.2039638,1.1796337,0.62854683,0.16393338,-0.7562517,-1.5175984
-0.30019364,0.3644828,1.419783,1.9282781,1.4939951,0.11958468,0.17574574,-0.0639205,-0.80429536,-0.81148344
-0.3631201,0.3879794,1.3114192,1.9258013,1.8138149,0.3540533,0.28360492,-0.06440077,-1.1577301,-0.99140215
-0.05719298,0.62333584,1.4108866,1.6848797,1.0879943,0.5449,0.48094434,-0.13566585,-1.2264266,-1.3520025
-0.5732421,0.54671925,1.6620336,2.2112644,1.7741973,0.50625575,0.24187809,-0.075610496,-1.3057637,-1.2774696
-0.44466117,0.43019682,1.3755326,1.3151919,1.1977085,0.6298594,0.38128093,0.04021019,-0.82610023,-1.6217608
-0.87923396,0.8970411,2.0269022,1.6712421,1.8267782,0.632104,0.27062097,0.23076579,-0.627813,-1.0958289
-0.37309825,0.624661,1.6264919,1.6988937,1.892162,0.45585865,0.5998928,-0.24484062,-0.90053105,-0.4892064
-0.27426985,0.016324397,1.3728213,2.3967812,2.0250044,1.1981399,0.64476705,-0.61707735,-1.5067496,-1.4404616
-0.12947395,0.48138505,1.8058281,1.7945545,1.2238882,0.9108697,0.70396185,-0.17062566,-1.0516492,-1.5269334
-0.28224647,0.56181216,1.6323948,1.7750275,2.0030437,0.6387392,0.2182996,0.011417797,-1.0975218,-0.9869608
-0.16203645,0.8180527,1.8574371,2.7207017,2.309866,0.90133256,1.1461761,0.2584655,-1.3270634,-1.5442601
-0.33895695,0.10102957,1.4416766,1.7108057,1.8634194,0.6889964,0.37643933,-0.0953046,-0.96729696,-0.97284836
-0.99278724,0.42513663,1.5524676,2.1658483,2.2141461,0.8194434,0.4442951,-0.6550285,-1.4131786,-1.4294778
-0.07882301,0.28946868,1.4498534,1.7670362,1.8409576,0.6143338,0.64365494,-0.23375346,-0.79029566,-1.2003934
-0.48686668,0.41925147,1.626145,1.4221308,1.5477406,0.67957056,0.85761887,-0.32869956,-1.0519495,-0.98162806
-0.51384956,0.9513274,2.2106001,2.6224678,1.716229,0.9375216,0.79464215,-0.53924674,-1.1546079,-0.9578769
0.04468085,0.8091987,1.5249553,1.8723133,1.7923406,0.66485816,0.14457375,-0.14513378,-0.93986315,-0.92567724
-0.6512859,0.37257147,1.6312679,1.7639827,1.8665253,0.8142537,0.41273776,-0.09242625,-0.8805225,-0.78825754
-0.41154426,0.30820146,1.2202007,1.9728786,1.7975217,0.43241802,0.7591777,-0.10024715,-1.3892566,-0.7556988
0.11590027,0.71124,1.1676046,1.2379223,1.4029229,0.5062232,0.09490086,-0.36842534,-0.95177495,-1.2674679
0.0860009,0.46597084,1.1598814,1.553521,1.5200536,0.7421757,0.3776614,-0.28729308,-1.0840882,-1.4376526
-0.11294747,1.1601789,2.4720523,2.534503,2.4511166,0.8450053,0.51722324,-0.0839358,-1.0698473,-1.7001961
0.0053674886,0.27905494,1.4785801,2.041844,1.8027862,0.4675305,0.38061985,-0.23628074,-0.84547794,-0.7013631
-0.5610029,0.19520614,1.652303,1.7609988,1.446831,0.6557752,0.07511288,-0.5993403,-0.9734024,-1.0230055
-1.3106873,1.8496189,3.7425249,3.9189162,3.1933095,1.4161671,1.2236011,-0.33350125,-1.9117111,-1.9150568
-0.14790776,0.2778062,2.338709,2.9250884,2.4144437,0.6975033,0.21047132,-0.4931418,-1.4430813,-1.8499917
-0.6753005,0.505548,1.7811798,1.7441729,1.6401348,1.0265158,0.49063897,-0.2194478,-1.20375,-1.3179737
-0.8649479,0.7572527,1.7637361,2.2073345,2.0963,1.3427422,0.8801872,-0.96716094,-1.7226137,-1.516103
-0.46186468,0.5065889,2.3028886,2.1251428,1.6227077,0.92138475,0.25765607,0.1475812,-0.8815662,-1.5911459
-0.63422126,0.41243395,1.5549814,2.4285982,1.6541845,0.71780175,0.13339643,-0.18124849,-0.75295293,-1.2946
-0.31687498,0.31701234,1.0301578,1.1162227,1.2928009,0.5130286,0.4151183,0.39088723,-0.6998665,-0.67496806
0.0790876,0.84039116,1.4304225,1.9326289,1.6440275,0.4956953,0.23720673,-0.1974287,-1.352425,-0.9258297
-0.04138624,0.4786716,1.3480324,1.6298513,1.4511584,0.5495211,-0.023220126,-0.0674378,-1.0469859,-1.041855
-0.15945685,0.45020473,1.3382887,1.5929782,1.6193732,0.5758485,0.6443927,-0.024297414,-0.7092787,-0.8661093
-0.14411438,0.72120583,1.4033537,1.3867087,1.4608519,0.32066637,0.3613983,-0.19055255,-0.6103275,-0.6240547
-0.60861945,0.75731117,1.2841231,1.491871,1.5554817,0.5340904,-0.10099436,-0.25854996,-0.9662655,-1.057338
-0.21594241,0.22039206,1.7154654,1.7536823,2.0229228,0.9956958,0.6011182,0.040617842,-0.6022063,-1.3666838
-0.7076905,0.8970015,2.1460392,2.715537,2.5113623,0.77820474,0.20036833,-0.34631997,-1.6062164,-2.1376383
-0.58391136,0.77189493,1.5741311,2.2743177,1.9991609,0.3140209,0.25570872,-0.5092268,-1.0188482,-1.1012554
-0.042587735,0.5665688,1.1646768,1.621976,1.2746049,0.9180996,0.5367011,-0.10413712,-1.1057495,-1.1076041
-0.2520834,0.17675626,1.0393901,1.3811508,1.5729266,0.56012005,0.315579,0.20489062,-1.4108019,-0.910082
-0.360938,0.6244398,1.3595763,1.7709835,1.6539904,0.16266535,0.44797775,-0.09666379,-0.98662865,-1.1800208
-0.33416182,0.34056798,1.4048883,1.5697536,1.5166988,0.5050403,0.46185067,-0.024384797,-0.74631816,-0.87013775
0.089698456,1.0579357,2.05858,2.4744487,1.9039708,1.5512651,0.64357454,-0.020169467,-1.196709,-0.73762476
-0.31349364,0.70510846,2.1234097,1.8425506,1.3903583,0.5987699,0.51746833,-0.020553324,-0.7356188,-0.46729755
-0.28846192,-0.036625065,1.4778693,2.1365707,1.9605336,0.49170995,0.36091658,-0.09641989,-1.1478254,-0.9682903
-0.293742,0.83642834,1.8812819,2.1046128,2.2292497,1.0854182,0.6819226,-0.5248243,-1.3217118,-0.9023618
-0.4641286,0.51075053,2.0302536,2.126716,2.214946,0.8089188,0.4116062,-0.17330112,-1.2140033,-1.5497144
-0.3645307,0.43239516,1.7337081,1.8639442,2.0494173,1.2531617,0.3787043,-0.09396771,-0.7580754,-1.4464351
-0.20357111,0.29457203,1.3667053,1.4325426,1.1994088,0.6147115,0.91105837,-0.080102354,-0.76854324,-0.9223596
-0.6210158,1.0081006,1.5951052,1.8012384,1.5784671,0.53082347,0.20926489,-0.520846,-1.2168862,-1.4887607
-0.4391728,0.73136336,1.8802797,2.1564882,2.0464246,0.60816455,0.08415395,-0.13976277,-1.1072853,-2.1198454
-0.21573088,0.39034283,1.1796476,1.5214926,1.7322966,0.60437673,0.5949423,-0.3937048,-0.9069601,-0.71135324
0.061564766,0.6218316,1.6469964,1.6748819,1.0571606,0.2572823,0.69163585,-0.0142586585,-1.0058659,-0.7905859
-0.95042264,0.6783804,2.0927248,2.1791358,2.468358,1.0040035,-0.022654278,-0.7711753,-0.8401676,-1.5808041
-0.6476845,1.2774174,2.2266614,2.4122913,2.0502222,1.0064156,0.20658638,0.08468104,-0.8849366,-1.37087
-0.69270575,0.19549412,1.0429466,1.7400634,1.7494909,0.66629326,0.34141174,-0.05722905,-1.1523156,-1.5554897
-0.3789527,1.1816229,2.0356357,1.8267342,1.8035543,0.8862865,0.7230787,0.084728055,-1.3640723,-1.1149055
-0.16680011,0.070070714,1.2421064,1.3269389,1.2156295,0.8005635,0.23113051,-0.33214182,-1.0808872,-0.81591743
-0.29444438,0.34175664,1.5533487,2.1786258,2.196082,1.0377976,0.6685301,-0.27228528,-1.2774178,-1.5489984
-0.5159016,0.43767357,1.280791,1.9817015,1.4272232,0.25025028,0.039054252,-0.44236267,-0.83892334,-0.77560717
-0.45759487,0.47703782,1.611008,2.3513904,2.1350377,1.1788381,0.46146426,-0.33810392,-0.7757725,-1.3435614
-0.54193556,0.42580077,1.3089384,1.6772593,1.1569843,0.49229753,0.24547881,-0.04020382,-0.8817538,-1.0255425
-0.34945858,0.76064944,1.945904,1.7970304,2.00234,1.1818241,0.74469435,-0.12576202,-1.020982,-1.8186607
-0.73358345,0.74788195,1.2685376,1.6191107,1.5727676,0.9798119,0.8167844,-0.077574864,-0.64912516,-0.6262958
0.15431899,0.13754943,1.4323182,1.6224396,1.6861327,1.0358387,0.4484236,-0.4669561,-1.0745711,-0.83501804
-0.49866602,0.35351765,1.2779939,1.5488333,1.7354172,0.6726446,0.49810654,0.10444027,-0.9267975,-0.98578084
0.26061082,0.5023113,1.6058295,1.7541703,1.5570916,0.5488181,0.23700017,-0.22299448,-0.71225184,-1.0408978
-0.26918402,0.63233006,2.044387,2.0033512,1.9043573,0.6259755,0.071454614,-0.34740072,-1.4897615,-1.2068973
-0.066270694,0.69376755,1.5991719,1.6247373,1.7373109,0.36168006,0.34986958,-0.03931548,-0.7670832,-0.7407511
-0.7719543,0.68097746,2.5430233,3.2008305,1.957278,1.3344795,0.7005293,-0.043468393,-1.6497818,-1.7814562
0.009166711,0.43643856,1.4993002,2.0734622,2.0962648,0.54299176,0.80312294,-0.11687192,-1.0424392,-1.2602482
-0.10357628,1.578541,1.5969616,2.5236223,2.5409358,0.848838,0.018178817,-0.84187573,-2.0991993,-1.5484947
-0.22938147,0.767742,2.059958,2.110059,1.7498918,0.37353188,-0.28746974,-0.36047202,-1.1436118,-1.4249048
-0.49814478,0.5342153,1.8641307,2.2054908,1.4767848,0.86195916,0.9893762,0.14576958,-0.88387257,-0.6486688
-0.72837496,0.9358292,1.8058132,1.7612594,1.820975,0.38085607,-0.028704595,-0.323702,-1.076265,-0.9090944
-0.6508355,0.4688855,1.6490653,1.5520258,1.4978608,0.52959865,-0.10114482,-0.3283262,-0.59602934,-1.2419542
-0.33667225,0.26948932,1.335922,2.2978475,2.0502217,0.9844805,0.39242676,-0.45883328,-1.0324967,-1.1525052
-0.33679456,0.29885066,1.2014,1.4614629,0.7486366,0.6575384,0.4352361,0.15984619,-0.62494254,-0.84445786
-0.4501928,0.5825803,2.0406332,2.6834064,2.0298038,0.84465295,0.06864779,0.033035226,-1.1173967,-1.491046
-0.5234239,0.05259816,1.4877691,1.6089906,2.2208564,1.1365176,0.23540923,-0.42226195,-0.8025937,-1.0367266
-0.7836138,0.38800192,2.5908961,2.7562792,2.8400748,1.2801417,0.49874663,-0.50677484,-1.7648097,-2.1993706
-0.88375,0.7453361,1.7748746,2.1402574,1.672919,0.9439088,0.61077017,-0.8598119,-1.8374654,-1.6705275
-0.20198154,0.9631659,1.9115682,1.788383,1.6302092,0.7308095,0.3326626,-0.43914542,-1.1375796,-0.97556025
-0.29752192,0.3216387,1.0166599,1.2239648,1.5463643,0.79682946,0.42997774,-0.3333442,-0.7123151,-0.90079373
-0.7422686,0.7039519,2.0780666,2.721763,2.4688175,1.2231158,0.5516899,0.09696692,-1.6591471,-1.5753429
-1.1311473,1.8834169,3.4531636,3.2734864,2.435153,1.4360902,0.6516367,0.017503886,-1.4713118,-1.2262856
0.00096154213,0.55764174,1.8586843,2.7263243,2.252405,0.7968499,0.35313916,-0.14931814,-1.4556446,-1.8349234
-0.5669702,0.7600997,2.4158227,3.7093873,2.4833682,1.0664594,0.15576865,-0.2266077,-1.4854088,-1.7147049
-0.3005023,1.0157145,2.1285164,2.2638695,1.6345246,0.77826893,0.7920032,0.3763368,-0.8707375,-1.5484362
-0.0787035,0.5234158,1.6464009,0.9199771,1.3428389,1.0980402,0.76989025,-0.020672696,-0.41403875,-0.68280846
-0.66248083,1.1920232,2.8416116,2.870585,2.1220884,1.3352183,0.30609265,-0.7978829,-1.5125281,-1.4789801
-0.6841861,0.8205448,1.7922025,2.189004,2.6595585,0.9137931,0.4311846,0.0015596934,-1.2276211,-1.8498613
-0.597451,0.6069272,1.9776567,3.1174572,2.801591,1.3194947,0.7399714,-0.2581052,-1.2393587,-1.8057244
-0.09410255,0.77303404,2.367173,3.0056727,2.7317853,1.1963882,0.7591158,-0.24070098,-1.4025829,-1.9497836
-0.9510767,0.35553303,1.7290568,3.294105,1.8252159,0.84233594,0.3726457,-0.41631576,-1.9670455,-1.4760708
-0.6738474,0.4306426,1.7941983,2.7121153,1.7162218,0.83910143,1.1740772,-0.026515963,-1.4432904,-1.2140999
-0.21356606,0.5055551,2.3229032,2.5496166,2.310739,0.94134706,0.53884023,-0.4360291,-1.2870111,-1.2685341
-0.21747833,0.40491655,1.7130427,2.385574,1.9483958,0.7658747,0.4758129,-0.045827705,-0.73696214,-1.1376001
-0.36269554,0.09669686,1.8862814,2.6644933,1.8682698,0.5683357,0.3589779,0.11595645,-0.92293423,-1.5066596
-0.14589271,0.65353984,1.5015978,2.1627405,1.7959213,0.2574561,0.105652735,-0.2187558,-0.7812355,-0.8886172
-0.2884571,1.2321732,2.888222,3.0297406,3.0869443,1.6655775,1.1730458,-0.4126142,-1.2823598,-1.5312824
-0.7304161,0.35040194,2.29564,2.4510345,1.7793354,0.81350857,0.7454969,-0.64670795,-1.4748214,-1.6621503
0.039053373,0.70651585,1.8971883,2.1159675,1.6622446,0.4599449,0.018954776,-0.08717938,-1.3600352,-1.3938938
-0.23365211,1.2178891,2.645034,2.4020913,2.1787772,1.0032992,0.5943449,-0.8437527,-1.4067155,-1.0729935
-0.26946163,0.5277222,1.1811804,1.8910627,1.7489411,1.0920959,0.20024468,-0.21597442,-0.7769946,-1.4085033
-0.20521933,0.15041685,1.2615368,2.141791,2.0837746,1.1587603,1.1018889,0.117386535,-1.1273669,-1.0951446
-0.4776763,0.8432228,1.4793212,1.757049,1.7510848,0.7017305,0.15308051,-0.31859842,-1.1549513,-0.71829647
-0.11524286,0.32383832,1.6300126,2.423324,2.2692137,0.99196947,0.9559277,-0.1096591,-1.3197175,-1.5880535
-0.19780889,0.84242517,1.9993716,1.9140319,1.7984742,1.0252476,0.42959064,-0.3091584,-0.6203711,-0.90000606
0.0076807914,0.5650612,1.4004017,1.9445934,2.125144,1.0331702,0.7615593,0.19293553,-1.1337465,-1.4515408
-0.6548058,0.7204888,1.6690143,2.3131986,2.1467457,0.7115513,0.30064029,-0.2206851,-0.70238155,-0.88119143
0.12629867,0.579385,1.7176526,2.3330324,2.1043859,1.1798284,0.94033104,-0.44137567,-0.8999059,-1.0946565
-0.32593587,0.6011273,2.248917,2.6662183,2.1606686,1.0243121,0.6802908,-0.20063496,-1.0896692,-1.5767206
-0.07364101,0.79712707,1.6542593,2.138609,2.5554717,1.3214687,0.94984233,-0.089614466,-0.8300046,-0.98888195
-0.3845184,1.07186,2.1308017,1.8959391,1.7545048,1.0656918,0.55802816,-0.14638302,-1.299977,-1.0549074
-0.32300833,0.7203079,1.8276062,1.5201218,1.2039237,0.43549386,0.01802728,-0.02539066,-1.0332446,-0.9453746
-0.125031,0.23272952,1.2719703,2.0378397,1.564193,0.6539636,0.69912374,-0.13008988,-1.290554,-1.2692935
0.13331708,0.6044058,1.7140843,1.6726549,1.3660493,0.46040112,0.15195294,-0.41179138,-0.72011995,-0.70634943
-0.12913474,0.37002102,1.7444971,2.0358076,2.224545,0.5950046,0.22654316,-0.26599193,-1.2968862,-1.264023
0.08109501,0.29303703,1.8429909,2.3562653,2.3936656,0.8642935,0.45845225,0.23197319,-0.60889274,-1.3134278
-0.36282042,0.3358328,2.388227,3.2023108,3.0522199,1.0410141,0.643548,-0.5455345,-2.2946055,-2.480525
0.5513485,0.58906466,1.7376846,1.7909967,1.5823519,0.7436811,1.0557792,-0.14751987,-1.2458469,-1.0555611
-0.34336057,0.4544275,2.0664759,1.8740821,1.926847,0.4195219,0.7411282,-0.34327066,-1.2186832,-0.44997838
-0.13054642,0.42532408,1.0184919,1.4198622,1.6345547,0.8457401,0.6522025,0.15984733,-0.66466665,-1.128144
-0.10790955,0.25304237,1.1770995,1.559931,1.3773959,0.3839946,0.36285546,-0.24404475,-0.68111145,-1.1161054
-0.011378223,0.36451757,1.753032,2.2616973,1.9182624,1.1143007,0.15937918,0.020027583,-1.0695328,-1.033396
-0.563127,0.33369875,1.2712728,2.225511,2.2670736,1.0760491,0.39932895,-0.12997407,-1.1309998,-1.4283224
-0.27261797,0.38414392,1.7566023,2.1409564,1.7687827,0.84625804,0.38795564,-0.34193373,-1.6887454,-1.1381586
-0.16446134,0.55316156,1.723467,1.7235296,1.6064601,0.8909436,-0.083011106,-0.13597919,-0.7806139,-1.4743048
-0.9610623,0.49671975,1.9291655,2.2435129,2.1396694,1.0165622,0.9296043,-0.26261157,-2.008123,-1.6110779
-0.28702193,0.5084565,1.5622716,1.8145144,1.7767078,0.52359885,0.2849838,0.0845809,-0.5438839,-1.0323346
-0.1644479,0.48905966,1.3871208,1.1610646,1.3991597,0.5243028,-0.14007953,-0.46293303,-0.97755027,-0.24632964
-0.31597912,0.52463603,1.9257396,1.6833265,1.7969369,0.7349297,0.6885997,-0.29124925,-0.5984245,-0.9526017
-0.009253534,0.62677485,2.4279068,3.3670394,2.7718592,1.1449426,0.17887992,-0.80558085,-1.8465953,-1.2459748
-0.52747184,0.33868662,1.5025133,2.0997934,1.8600663,0.5074817,0.34025782,-0.30182672,-1.01331,-1.1160927
0.094447486,0.40989625,2.0630078,2.4807932,1.6262004,1.1675977,0.9155454,0.2670927,-0.8620868,-0.93063813
-0.12334276,0.9757086,1.9865049,2.054906,2.2003355,0.93998677,1.2431874,0.021302804,-0.8656021,-1.4902967
-0.35109517,0.9947138,2.4063616,3.0280395,2.5055826,0.98346674,0.46165124,-0.31292334,-1.8680822,-2.0525434
-0.8866168,0.8758552,1.9068062,2.3267512,2.0038602,0.7510929,0.7476837,-0.1452121,-1.4341422,-1.526555
-0.11143028,0.25067383,1.3008189,1.5601271,1.6429142,0.5359976,0.15296257,0.12046054,-0.89038867,-0.71856135
-0.07203054,0.4919955,1.1761813,2.2751198,1.2413895,0.769263,0.7512711,-0.088530995,-0.9508155,-0.5589776
-0.589714,0.1570489,1.4630327,1.6870036,1.4879054,0.5752227,-0.06513925,-0.50096613,-1.2560904,-0.8854156
-0.55840546,0.91799575,2.4537432,2.3765345,2.276298,0.50871897,-0.1464183,-0.46838742,-1.6901646,-1.308476
-0.2645816,0.62716615,2.0801873,2.3077037,2.0879273,1.3084508,0.55315113,-0.03911089,-0.61847717,-1.3562558
-0.4612044,0.42867115,2.1917133,2.3276181,1.9833459,1.0960802,0.68984985,-0.33860216,-0.94581085,-1.4537863
-0.45598936,0.55011284,1.6877475,1.2197622,1.6975157,0.6504694,0.4198181,-0.35756737,-0.84405893,-0.70603627
-0.34878433,0.3123956,1.1997633,1.4102185,1.4603369,0.86796355,0.3017384,0.1750593,-0.7039254,-0.8628031
-0.16988227,0.41192475,1.5985957,2.0080035,1.7732337,0.5335536,0.4570455,0.16900577,-0.87121475,-1.1174164
-0.026583318,0.039565213,0.93843997,1.3927943,1.1623333,0.59899324,0.53767073,-0.40943676,-0.863418,-0.6903331
-0.46341932,0.6120624,1.5266476,2.0239751,1.3661234,0.55932504,0.054942667,-0.5594947,-1.1113256,-1.4281459
-0.21421695,0.4719288,1.769886,1.504971,1.8138363,0.65069187,0.2971527,0.054949526,-0.93295264,-1.5202756
0.32348427,0.78327936,1.5933075,2.157545,2.6433785,1.0025135,0.27057338,-0.015308848,-0.7726164,-1.2745003
0.13068897,0.6932695,1.9192646,2.381963,2.1354005,0.7021981,0.23962843,0.3869695,-1.4956739,-1.1893587
-0.3229837,0.57083446,1.2872158,1.5318213,1.7307221,0.57780933,0.4850465,-0.23010522,-0.60899335,-0.92749196
-0.47237512,0.7514212,1.2530482,1.8766409,2.4066732,0.699609,0.56220746,-0.39065683,-1.2753876,-1.0237868
-0.20185125,0.37298167,1.3747475,1.5548834,1.6274108,0.46302086,0.7706337,-0.05270142,-0.8119234,-1.3355238
-0.8348515,0.15647665,1.4432333,2.3390224,2.2965128,1.4727032,0.64865357,-0.05557336,-1.5915526,-1.2636534
-0.52551705,0.19495128,0.9904275,1.4924104,1.3031547,0.59584606,0.54357266,-0.33728188,-0.73167723,-0.8533661
-0.47404724,0.19530486,1.299157,2.0278323,2.1687331,0.9004479,0.47285014,-0.33749276,-0.78070706,-0.896164
-0.38465542,0.6937026,1.4815367,1.7343063,1.756471,0.599296,0.8520564,0.21073332,-0.9691698,-1.3017497
-0.433448,0.21610022,1.1688229,1.3289008,1.2719916,0.71720743,0.43987292,-0.5000875,-0.86224353,-0.5695973
-0.63124603,0.41594803,1.3356636,1.6002481,1.2203655,0.3779976,0.35571438,-0.4580774,-1.0113511,-1.0267198
-0.11801531,0.8954645,1.3724796,1.2952299,1.5286629,0.4948491,0.2649036,0.14580122,-0.82124835,-1.1869301
-0.3996837,0.3694576,1.0581341,1.4085025,1.4666196,0.35141298,0.6724516,-0.07206887,-0.5828571,-1.1174743
-0.14942893,0.73549,1.6532359,1.3082002,1.4494592,0.98942876,0.6076132,0.064482905,-0.49889556,-0.6169772
-0.36378717,0.9390745,0.9775483,1.7595472,1.6790134,0.5639879,0.55883515,0.105063505,-0.92850465,-0.9199385
-0.04700076,0.8411441,1.8181086,1.7053218,1.8709849,1.0306741,0.6469228,-0.08553588,-0.7039597,-0.9720872
-0.6857639,0.8526389,1.2323587,1.4871395,1.4009521,0.21458589,0.3093766,-0.013063505,-0.74205035,-0.49911252
-0.03640231,1.5463246,2.725612,2.670186,2.7295074,1.0448108,0.7658191,-0.32617185,-1.7149261,-1.235071
-0.06311705,0.17977194,1.5808073,1.3009702,1.5783979,0.9538721,0.74451864,0.11904464,-0.75078976,-0.95514435
0.31878638,0.60662186,1.5139673,2.044643,1.6636789,0.5020706,0.28496256,-0.27053922,-0.871293,-0.95366204
-0.0011719931,1.183698,1.6796091,2.6220386,2.2686203,0.9834671,0.6248139,-0.012735333,-1.0075774,-1.5053536
-0.35928756,-0.197596,1.4899305,2.4546635,1.9502958,1.0030544,1.3859793,-0.5957747,-1.5459317,-1.3845946
-0.062950574,0.89373153,2.4637022,2.5816083,2.0596366,0.9848428,0.76298857,-0.3244054,-1.2740859,-1.0458336
0.109962225,0.7289809,1.4658718,1.9642935,1.6580623,0.764575,0.67101556,-0.51834893,-1.3765944,-0.6962633
-0.4748866,0.68066245,1.3321736,1.5642196,1.3017924,0.53824556,0.5054358,-0.16988386,-1.1127278,-0.63341475
-0.32286695,-0.21163699,1.2271724,1.3130779,1.5943519,0.5684898,-0.06556195,-0.51128656,-1.0326184,-1.1640434
-0.30598152,0.4202396,2.299866,2.185546,1.376589,1.2705187,0.5698507,-0.54331964,-0.98311913,-1.2232038
-0.08456356,-0.024409762,1.5441173,2.025866,1.9788135,0.916408,0.66574556,-0.043919556,-0.6240829,-1.4044629
-0.051983483,0.7190216,1.5304029,1.6474113,1.5413041,0.5725596,0.6940569,-0.3148902,-1.0327786,-0.7969902
-0.95388657,0.5246486,2.0079708,2.4826565,1.6752933,1.574565,0.4446496,-0.51905364,-1.0819345,-1.6018872
-0.32530838,0.64597857,1.7215899,1.589947,1.6444539,0.5069884,0.3923352,-0.5540778,-0.93505377,-0.91151035
0.088533364,0.58435196,1.8257896,1.8019699,1.3932576,0.36783823,0.17863412,0.07645974,-0.90339607,-1.4587524
0.05762547,0.4947439,1.4892331,2.0501719,1.4716241,0.71587926,0.30091497,-0.043509997,-0.7239381,-1.1302365
-0.7561381,1.3448453,2.4833772,2.8953445,2.0272822,0.895508,0.41236553,-0.020566968,-1.0328174,-1.2475283
-0.5608109,0.3532452,1.8511802,2.0924878,2.173247,1.0380818,0.44813544,-0.057988197,-0.73863316,-1.06064
-0.51346594,0.96672815,2.3232982,2.9286795,3.0935154,1.422243,0.42062885,-0.14961131,-1.6174319,-1.693486
-0.89345443,0.6799639,2.2628815,2.1027393,2.969188,1.2079705,0.7862915,-0.2651548,-1.2737122,-1.1017089
-0.97578615,0.6548146,1.9028342,2.275604,1.6931479,0.3129181,0.22710553,-0.79288685,-1.446358,-1.8009541
-0.1829814,0.81076086,1.8525394,1.9246913,1.7388679,0.77439755,0.6580659,-0.0178136,-1.1042556,-0.71521527
-0.31387493,0.17386058,1.3107699,1.7258099,1.5172652,0.52061355,0.67265415,0.28803653,-0.58644766,-0.85194707
-0.43503115,0.9865113,1.6620817,1.8083678,1.9327723,0.9441707,0.54712343,-0.05117236,-1.3366897,-1.296381
-0.33867055,0.5705224,1.3899562,1.903388,1.5193772,0.35804743,0.3319084,-0.40723768,-1.0317897,-0.9319997
-0.5957485,0.45811632,1.4634966,1.9747866,1.9261209,0.78991246,0.24673545,-0.2207396,-1.2533678,-1.3877757
-0.084064305,0.77473754,1.3740445,2.0065963,1.6462969,1.192005,0.76404274,0.031485707,-1.1108813,-0.6750267
-0.061894953,0.6709883,1.332482,1.4698226,1.6392231,0.03294948,0.20829302,0.23487452,-0.89446837,-1.039206
0.14319226,0.49956682,1.3846495,1.5683092,1.7985028,0.54059815,0.5097247,0.27111217,-1.014308,-0.83778864
-0.2031914,0.20937814,2.1039004,2.2342463,2.0577686,1.3042516,0.5082695,-0.41436923,-0.81878257,-1.5624098
-0.42446694,0.53963476,1.2948723,1.8378401,1.4292583,1.0217748,0.13912602,-0.3979671,-1.2023053,-1.0136373
-0.13599676,-0.19550344,1.3513286,1.6923499,1.9804827,0.5836306,0.4647841,0.164188,-0.96675265,-0.96547675
-0.21322662,0.7602579,1.3194762,2.1937811,2.1434338,0.75829643,0.64547795,-0.30962524,-1.1951499,-1.4218038
-1.0853398,0.30217496,1.695892,2.5755181,2.6039858,2.1506882,1.0006949,0.20307028,-1.0531701,-1.6118829
-0.585084,1.155128,2.7876532,2.7241313,3.005544,0.87272143,0.106062576,-0.6119165,-1.1246023,-1.5345289
-0.37270916,0.6466006,1.8610351,2.8842132,2.6802323,1.075363,0.24454036,-0.038445618,-1.6101401,-1.4373164
-0.18181047,0.48506477,1.2308122,1.6055079,1.2877605,0.44500303,0.16210614,0.024666019,-0.56565887,-1.090315
-0.4772381,0.51543957,1.3143452,1.2396371,1.2245084,0.48877978,0.3072595,-0.36705205,-0.8341231,-0.71046734
0.049111135,0.35924616,1.0362022,1.736337,1.800413,0.26340106,0.54307246,-0.11797428,-0.858644,-1.2141329
-0.35483494,0.6562108,1.870848,1.94077,1.6207192,0.5342779,0.67980164,-0.11054898,-1.1591371,-1.9255264
-0.47685748,0.18137057,1.4015543,2.0782733,1.411007,0.6798061,0.8554618,0.5222746,-0.6873156,-1.3127521
0.07611364,0.40549597,1.6751306,2.5552645,2.0214071,0.68697417,0.42449832,-0.15705349,-1.1570942,-1.5327288
-1.0254226,1.0768334,1.1722087,2.239954,1.8775853,0.9522817,0.27703473,-0.3140357,-1.3874125,-1.68855
-0.15225577,0.41449633,1.343603,1.6344733,1.7879795,0.60406435,0.571552,0.016175432,-0.86756754,-0.9694029
-0.9385043,1.197884,2.703279,2.6967797,2.1009777,1.1054931,0.24754566,-0.45911548,-1.5162274,-1.4936835
-0.1993688,0.42720237,1.2910593,1.831396,1.5605118,0.73605675,0.31762367,-0.1698641,-0.98954225,-1.0549971
0.45753026,0.48615897,0.9089311,1.5639976,1.322316,0.67823553,0.69115597,0.06541667,-0.60073256,-0.91751844
-0.11345466,0.6291975,1.7629337,2.0522788,1.6915457,1.0390449,0.47766745,0.53847873,-0.65837586,-0.77870417
-0.7447357,0.45770556,1.7362772,2.139638,2.260721,0.9607233,0.3409792,-0.94872814,-1.4620551,-1.5400193
-0.56912184,0.88869363,1.7945465,2.8232322,2.4827259,1.7212903,0.9124603,-0.13564245,-1.2295312,-1.4103351
-0.80812764,0.49873105,0.93716437,1.9559478,1.774794,0.57739043,0.69862807,-0.16281836,-0.8186709,-0.9922854
-0.36187986,0.7724802,1.2735642,1.485044,1.549986,0.5616608,0.4686951,0.4647126,-0.9202937,-0.9657314
-1.1891072,1.0633571,1.9700441,2.191999,1.7944199,1.0583835,0.65354913,-0.3443755,-1.5300002,-1.5818653
-0.7716684,1.3393286,1.9563733,1.7108151,1.9252607,0.770666,0.17676392,-0.75557417,-1.0935471,-1.4067745
-0.23424509,0.099487625,0.87489974,1.9814588,2.1013322,1.2562087,0.5306726,0.123245426,-0.82436365,-1.1569993
-0.9727939,0.43424505,1.191512,1.9027524,1.423593,1.326348,0.9492759,-0.25060657,-1.3907591,-1.5476984
-0.07669212,0.5168958,1.7551035,1.8907131,1.260616,0.4597537,0.3581685,0.060723044,-0.8164817,-0.8037445
-0.541486,0.5972506,1.8260539,2.272353,1.8158951,0.8167984,0.63263655,-0.09100493,-1.0492741,-1.4179834
-0.42127177,0.08428482,1.4880162,1.7038507,1.6729357,0.35833618,0.26865083,-0.19470213,-0.8636711,-1.3017707
-0.042718068,0.5539311,1.5942154,1.9461168,1.8028486,0.990816,0.686279,-0.39015555,-1.624645,-1.2181754
-0.7149131,0.69576126,2.437305,2.547629,1.777063,1.6560867,0.3115927,-0.8315609,-1.4492687,-1.8468674
-0.6186004,0.6439821,2.3422482,2.6806169,2.3160317,1.2177545,0.88315356,0.27106553,-1.3280605,-1.5949923
-0.44310954,1.2091408,2.259939,2.5936835,2.2544923,0.78691393,0.37049493,-0.76080024,-1.2151786,-1.0739166
-0.03483665,-0.14779945,1.8640286,1.8968284,1.1744916,0.6705462,0.6479779,-0.04777481,-0.8146918,-0.5602037
-0.8712501,1.0461035,3.0225008,3.0257685,2.644367,1.9249201,1.2171444,-0.13665582,-1.3254483,-1.1892558
-0.5775912,0.49647436,1.7578813,1.7617851,1.4403739,0.71806246,0.3004953,-0.534255,-1.0583612,-0.7353285
-0.60300773,0.24177022,1.6388013,1.751739,1.6052004,1.0859728,0.23781562,-0.16884752,-1.4238408,-1.4859669
-0.81254876,1.0226638,2.0405674,1.9639705,1.9494061,0.9342845,0.46860003,-0.15241207,-1.4406412,-1.1208813
-0.48937365,0.26122135,1.3872454,1.6151733,1.4646801,1.0622821,0.7570434,-0.16556379,-0.71363163,-1.2063347
0.021310532,0.6113161,1.4508317,1.8739196,1.8834786,0.52538383,0.24352929,0.18085022,-0.84228194,-1.0749972
0.09468837,0.2775394,1.185017,1.6959628,1.963591,0.7164093,0.34168923,0.09871808,-0.5083638,-1.3826793
-0.18790734,0.68343526,1.3587662,1.8821056,2.2959092,0.86302805,0.45395905,-0.07865253,-1.0548828,-1.6242431
-0.8162437,0.4291992,1.7063669,1.6323447,1.8978057,1.3310359,0.32876348,-0.1517689,-0.8277714,-1.4054408
-0.073183745,0.41210097,1.6996841,1.988521,1.6253767,0.70530957,0.55407447,-0.30970117,-0.6684736,-1.2483836
-0.3917684,1.0230695,2.6273894,2.4687657,2.2985752,1.102524,0.6390262,0.19685963,-0.76245826,-0.8972083
-0.2869365,0.6736001,1.8415043,2.0930605,2.2255044,0.89346784,0.9129628,0.08955165,-1.0451571,-1.3998793
-0.049037717,0.39258957,1.2654482,1.4357411,1.5668038,0.50324064,0.20561783,0.5341636,-0.44576168,-1.0692804
-0.44035292,0.93270457,1.8027664,1.8847451,1.5553054,0.63057053,0.19000944,-0.32541266,-0.71496904,-1.4780223
-0.16492045,0.68076247,1.484781,1.5222055,1.8244599,0.921281,0.28421137,0.35900542,-0.75325507,-1.0871775
-0.26752916,0.46234658,1.7864358,2.0091987,1.4867598,0.301037,0.21354078,-0.4148383,-0.91790193,-0.9838572
0.27101523,0.5899113,1.9967414,2.3455122,2.367177,1.1345052,0.68226445,0.4274859,-0.70318025,-1.482283
-0.31690583,0.838709,1.4694982,1.9424475,1.7188714,0.71319115,0.66098243,-0.26215076,-0.91752934,-1.1880939
-0.21532354,0.13597344,0.8831834,1.2254894,1.452173,0.47177702,0.10692468,-0.10929008,-0.9896388,-0.5498418
-0.56584203,0.34254274,0.97206974,1.6514496,0.78519875,0.81786025,0.54091966,-0.06828829,-0.9753778,-1.3174055
-0.35294527,0.71540064,1.1704404,1.6713805,1.446566,0.4726491,0.43466952,-0.12029782,-0.8464872,-0.8203616
-0.03433331,0.51574004,2.1764016,1.8592713,1.3815374,0.40609273,0.13059017,-0.34673133,-0.7726365,-0.9326629
-0.14400163,0.42013106,1.2115674,1.508062,1.7966578,0.8925507,0.18085779,0.12708119,-0.46891063,-0.6299591
-0.4204713,0.3885863,1.8558657,1.7051481,1.4141476,0.7267557,0.5697685,-0.2055653,-0.40826488,-0.6805799
-0.34496406,1.1085507,2.377726,2.5378141,2.0117118,0.93421143,0.50567204,-0.30620334,-1.0747654,-0.84569055
-0.7071816,0.5457213,1.270063,1.678024,1.3152882,0.6463579,0.8148013,0.3502354,-0.38584682,-0.45178923
-0.3902684,0.7842148,1.5550611,1.4655921,1.4680297,0.6604467,0.57418346,0.065593734,-1.122779,-0.7824832
-1.1157874,0.47541076,1.4265275,2.1301975,1.7046407,0.7571223,0.6991004,-0.4888255,-1.3083371,-1.8921613
-0.4895703,0.5006425,1.7613633,2.9892151,2.3968089,0.7321917,0.45948383,-0.53283113,-1.579907,-1.152299
-0.07344383,0.70547867,2.1101172,2.3133974,1.672947,1.1769178,0.27594614,-0.34850037,-0.87322795,-1.0618815
-0.112553544,0.52852833,2.039761,1.9183306,1.391664,0.8299235,0.46794003,-0.068679616,-0.8138935,-1.0911006
-0.6156148,0.9869405,2.3921998,2.2449353,1.9920489,0.94484264,0.17012563,-0.47579378,-1.2833061,-1.0664366
-0.82135063,1.1573212,1.8695321,0.95205647,1.2908963,0.905345,0.7365473,-0.30642146,-0.9499783,-1.1013005
-0.24569911,0.57846296,1.1089801,1.2874062,1.408517,0.48847193,0.34747323,-0.29315597,-0.61632514,-0.68854326
-1.1417933,0.79653543,1.4269747,1.648717,1.5209392,0.7726471,0.3255908,-0.5034728,-1.1628723,-1.4761848
0.40960371,0.062134724,0.8054177,1.5766463,1.4509939,1.1496367,0.69741285,-0.25169548,-0.6457001,-0.5342018
-0.51410145,0.49000436,1.365894,1.622038,1.3783692,0.34068325,0.24712232,-0.28733853,-0.9579403,-1.0156761
-0.42567587,0.8767991,2.1888132,2.7834113,2.4633064,0.84162396,0.65486944,-0.17480561,-1.48439,-1.3151438
-0.16182697,0.35767445,1.6266961,2.1327105,1.4810413,0.5970021,0.055157468,-0.12581904,-1.0463915,-1.276365
-0.2106838,0.04034606,1.0974895,1.7183045,1.690493,0.7156766,0.2977875,-0.11447237,-0.92107624,-0.9836497
-0.09105438,1.3818521,2.624442,2.9780993,3.001485,1.2664503,0.9247144,-0.10482819,-1.5557704,-1.1126152
-0.40942588,0.8961104,2.1589959,2.123616,2.135857,0.7838875,0.44256172,-0.27409902,-1.1241786,-1.5685023
-0.2795526,0.36233914,1.4225117,1.9980797,1.6729695,0.89626783,0.15632819,-0.6595632,-1.0218866,-1.1494608
0.115688376,0.28603002,2.2487829,3.0697722,2.9791138,1.3413316,1.2836101,0.24676605,-0.93239176,-1.618604
-0.18068832,0.5127778,1.6555005,1.9788142,2.0759056,0.9855802,0.560749,-0.15499003,-1.11389,-1.176406
0.010524515,0.5171735,2.1175566,1.8804495,1.9831473,0.71092063,0.75719154,0.016679019,-0.94328195,-1.1282818
0.21663505,0.44594887,1.9894346,2.2788737,1.8522631,1.3636613,1.086143,-0.27116486,-1.078797,-1.3285588
-0.45342705,0.6176139,1.9846903,1.8530635,2.17076,0.3666708,-0.24337529,-0.6486601,-1.7314506,-1.5489922
-0.44997916,0.4623315,1.5591974,1.5906377,1.636611,0.68531656,0.46296972,-0.5873905,-1.1442006,-0.902583
-0.36314276,0.5843311,1.390453,1.9745535,1.6362096,0.83492494,0.371135,-0.179142,-0.6142628,-1.2012515
-0.40991876,0.28850752,1.367481,1.3759433,1.4426457,0.47146034,-0.057817966,0.101708114,-0.91353476,-1.2080673
-0.009622352,0.8633098,1.3876052,1.60984,1.2076056,0.6973512,0.47576737,0.3773618,-0.8967281,-0.6463206
-0.8714002,1.0416816,2.302841,2.4376433,2.015287,0.7193421,0.26402757,-0.46545145,-0.7964273,-1.0959047
0.17422324,0.6503397,1.5420105,1.7007959,1.7843254,0.41811752,0.01676803,-0.09794397,-1.0113856,-1.4626647
-0.16268,0.5113546,1.2961607,1.3967689,1.7480917,0.73004425,0.6980496,0.077675216,-0.6999691,-0.6334746
-0.25011668,0.23614585,2.0244386,1.845653,1.9109645,0.8570616,0.54587835,0.21756126,-0.7815657,-1.0240388
-0.43049198,0.2734391,1.1474633,1.8014495,2.2928307,1.2095525,0.5722913,-0.34031633,-1.1638094,-1.4936081
-1.132601,0.5634964,1.6181401,1.7981125,1.6876193,0.8928401,0.65452665,0.07383439,-0.6602521,-1.0421547
-0.5514923,0.43856138,2.142027,2.0912306,2.1598523,1.3456935,0.4306958,-0.40961444,-1.2470617,-1.2100524
-0.7095071,0.55618215,1.1038734,1.5133294,1.6487503,0.7939176,0.2228004,-0.16218734,-1.1431273,-0.78744614
-0.5521613,0.8496185,1.604324,1.6141651,1.9398763,0.80408233,0.4517653,-0.23244926,-1.1528642,-0.80705655
-0.54763573,0.5999833,1.0898595,2.1112552,1.6226484,0.6253798,0.7291747,-0.4558434,-0.6990162,-0.9925342
-0.20173568,1.1625247,1.7832978,1.9756919,1.6347798,0.43932688,0.39289907,-0.10303863,-1.4530299,-0.5693783
-0.49400964,1.0332061,2.1704571,2.547637,2.2637956,0.8945739,0.31931448,-0.28892803,-1.7851013,-2.0006163
-0.066371374,0.19492191,1.6799608,3.4308605,2.5443993,1.5002351,1.389376,0.17747898,-1.6664089,-1.5155594
-1.2370226,1.8189459,3.8415308,3.8669477,3.0646813,1.6660305,0.8765142,-0.63716555,-2.0231252,-2.4930928
-0.38863242,0.865761,1.7578664,2.8732252,3.332199,2.0386477,1.5407183,0.2780542,-0.88196325,-1.7901051
-0.3819743,-0.10479682,1.7874317,2.974123,3.078979,1.5221287,0.8585925,-0.07592637,-1.0703496,-1.4279015
-0.9667007,0.5428442,1.4299647,1.7688528,1.3540727,0.6905695,0.5597756,-0.5311654,-1.1676767,-1.2321107
-0.35322022,0.53259635,1.6695731,2.0012965,2.2224252,0.926162,0.13470252,0.111341074,-1.0822539,-1.5024859
0.42483717,0.697671,1.8357625,1.8979422,2.008183,0.9850371,0.39979458,-0.12817368,-1.3165765,-1.0822284
-0.27332997,0.45864308,1.5934176,2.1967704,1.464341,0.4806202,0.43339515,0.025143359,-0.49394545,-0.831232
-0.5083041,0.8331281,1.7382201,2.1221795,1.4858438,0.6753515,0.4171252,0.0300787,-1.2445154,-1.106705
-0.21225098,0.08847589,1.4909056,2.176346,2.1167285,1.0591474,1.0789933,0.13139527,-0.9345225,-1.4275577
-0.646074,0.7207216,2.2400138,1.5536827,1.5754423,0.77338845,0.6086052,-0.3376824,-1.0054973,-1.103191
-0.3698006,0.7454132,2.0558586,2.4510622,2.4568744,1.114041,1.283204,0.105508186,-1.2760978,-1.2236971
-0.48927775,0.509405,2.034933,1.9011741,1.9534895,1.0403774,0.8529245,-0.23706536,-0.9848708,-1.3661419
-0.57707334,0.17565992,1.4389839,1.7246076,1.7145574,0.9669064,0.31476158,-0.31631732,-0.9489367,-1.1641895
-0.13281685,0.6409977,1.654174,2.3360035,2.1692064,0.6539031,0.5045064,0.49927813,-0.6974866,-0.9350737
-0.40468055,0.41068023,1.685644,2.0052462,1.6808702,0.80627835,0.7395419,-0.1256658,-0.6566066,-1.0734273
-0.39845324,0.37071127,1.3847603,1.6473088,1.5089216,0.9616499,0.40770897,-0.096730724,-1.0893263,-0.8033873
0.07818854,0.6745239,1.2053963,1.4788985,1.2003902,0.13559076,0.40320158,-0.2846913,-0.9744208,-1.0967965
-0.1252316,0.50051117,1.2540016,2.0833385,1.7844516,0.22166876,0.5292689,-0.20932908,-0.8196869,-0.83933145
-0.4456794,0.3148331,1.7140023,1.6932759,1.717574,0.61217237,0.7610922,0.233947,-1.0291083,-1.4698603
0.57016975,0.6539533,1.7054278,1.3954803,1.7087705,0.7459322,0.5106969,0.009297636,-0.5481885,-0.95508915
-0.21575356,0.9802298,2.1896842,3.2701876,2.937894,1.112878,0.7286518,-0.23803046,-1.8163364,-1.6158736
-0.39312103,0.121273905,1.4281055,1.4353949,1.3158047,0.7150763,0.41305453,-0.5844578,-0.60717845,-0.74860704
-0.59277236,0.61904955,1.2499697,1.5646117,1.6173853,0.6134475,0.39405152,-0.43259776,-1.2601211,-1.2877702
-0.4538076,0.40828648,1.147409,1.4138798,1.338228,0.8412868,0.30569008,-0.31553116,-1.1524482,-0.7436945
0.07320005,0.7895987,2.7181892,2.6682115,2.1267426,1.4895319,0.60243875,-0.21236469,-1.1053077,-1.3393232
-0.3391807,1.4865127,2.5334997,3.1339107,2.485039,1.5918262,0.4893399,-0.36256483,-1.3566164,-1.5088687
-0.2191717,0.57811534,1.8457808,1.6562468,1.7662787,0.85402644,1.1604818,0.70715153,-1.0987667,-1.2332014
-0.20080906,0.52738625,1.4957154,1.9578424,1.5553731,0.63244075,0.86682403,-0.2664614,-0.82282716,-1.0302852
-0.9166025,0.75736684,2.4989104,1.8765341,2.2652526,0.6687854,0.7057704,-0.03242627,-1.2007718,-1.5077453
-0.43057463,0.48543242,1.6396327,2.4006355,1.9028534,0.70654655,0.44498467,-0.3184544,-1.0566378,-0.9020263
-0.026282255,1.140754,1.988814,2.9477086,2.5106483,1.280749,0.80238307,0.27375138,-1.9552717,-1.0521309
-0.35570022,0.5028486,1.5514216,2.078002,2.2342768,0.8587603,0.5956419,-0.48037502,-1.6505221,-1.3003087
-0.62803257,0.6762085,1.5793252,1.5013683,1.7444096,0.43474483,0.2984321,-0.4726527,-1.0472722,-1.1440264
-0.42686266,0.6567302,1.5162941,1.8165569,1.6388644,0.4003061,0.047784403,-0.09733361,-0.7923736,-0.92694104
-0.40949646,0.8100691,1.6212875,1.8524872,1.7522466,0.4078476,0.57264644,0.25971293,-1.2060789,-1.2593663
-0.24289969,0.44412255,2.3398752,2.705694,2.1758084,1.0440687,0.56940365,0.22490107,-1.0979944,-1.5672319
-0.05615679,0.54823714,1.7469229,2.1417398,1.7369887,0.5874997,0.36061108,-0.11274022,-1.1061478,-0.8767414
-0.6968105,1.5627342,2.2143006,1.6322716,0.82564604,0.55215615,0.5291997,-0.62711805,-1.075325,-0.76321703
0.29001126,0.58737624,2.6894138,3.0461652,2.9195447,0.8309602,0.8580425,-0.38287607,-1.3513682,-1.844772
-0.31445086,0.98460984,2.359614,2.8543332,2.7057369,1.2970083,1.0284787,-0.15010104,-1.2864405,-1.3453397
-0.6171358,0.18732657,2.7863896,2.4997754,1.6049951,1.3073971,0.91471326,-0.49178177,-0.8215317,-1.1533784
-0.27819687,1.5631275,2.7181923,3.093423,2.5957925,1.3492389,0.6507625,-0.4022338,-1.5999309,-1.4388764
-0.9870579,0.9890435,2.2540474,2.6782615,2.9837346,1.0213363,0.3260776,-0.5395552,-1.4409953,-1.264592
-0.3834072,0.37537566,2.141512,2.7117257,1.7965276,0.7241566,0.7042189,-0.6552504,-1.259877,-1.8760636
-0.20552376,0.985072,1.9035623,2.5474136,2.1766186,1.2158085,0.8543562,-0.10881044,-0.9022605,-0.8852041
-0.27265918,0.5483555,1.1751381,1.5457447,1.2142975,0.21419905,0.21179166,-0.30007792,-0.4706369,-0.7464262
-0.58340174,1.0632358,1.5628049,2.0002184,1.8999836,0.47265118,0.5268754,-0.21845903,-0.57667935,-0.990794
-0.24300316,0.4991093,1.5483454,1.3822948,1.9909314,0.6913615,0.45181566,-0.22439386,-0.9112939,-1.3385241
0.35013852,0.6819892,1.726735,2.7778428,1.9134159,0.9892069,0.8303191,-0.43233067,-1.3430132,-1.0333242
-0.83492523,0.88063717,2.062472,3.0245054,2.5868616,1.3200309,1.1249678,-0.5510188,-2.0000439,-2.1198971
-0.4987248,0.76139164,1.574269,1.987275,1.7893548,0.46827865,0.7723544,0.063358665,-0.93188787,-0.9199675
-0.59334826,0.5466175,1.2943834,1.85303,1.6497961,0.685417,0.27320135,0.0610977,-0.80773306,-1.0768294
-0.27327907,0.19526911,1.2297772,1.563835,1.7844274,0.5901224,0.59335864,0.18443082,-0.67251325,-1.2530495
0.068664744,0.58873296,1.6118209,1.8770612,1.7069818,0.6805761,0.2810615,-0.2890175,-1.1809709,-1.5275506
-0.51618445,0.44031495,1.3000388,1.680044,1.233703,0.15832295,-0.08707022,-0.5406491,-1.2548453,-0.827924
-0.88098305,0.31644282,2.2664483,2.3443673,2.9888031,1.1919107,0.6930148,-0.5973094,-1.6439918,-1.9833548
-0.7176058,0.7704743,2.195596,2.797924,2.0737865,1.2441922,1.0349301,-0.23315416,-1.4005088,-1.4142088
-0.047362603,0.44879878,1.1990235,1.9664338,1.9344375,0.8056865,0.111749396,-0.3557525,-0.7635817,-1.0901198
-0.7702678,0.43856555,1.4096134,1.7424376,1.8907105,1.0755488,0.2984325,0.105571195,-1.149471,-1.5216881
-0.7225409,0.0653303,1.1943388,2.0766053,2.0671215,1.0756731,0.3060212,0.1037954,-1.441243,-1.9513829
0.027178636,-0.15523344,1.7393998,2.4069784,2.0648446,1.0824306,0.7783227,-0.036190223,-1.1259197,-1.0892197
-0.10610987,0.55754954,1.2194577,1.7362287,1.5124549,0.93135685,0.69619906,-0.17456926,-1.1814032,-0.7884204
-0.65750873,0.38940054,1.1793026,2.15104,1.9242612,0.5124056,0.710045,0.3078083,-0.86499,-1.4287881
0.011258621,0.47002688,1.5462703,1.6811603,1.8175542,1.022391,1.099062,-0.16655397,-1.2622002,-0.6685523
-0.15158734,1.2904544,2.7388573,2.424847,2.1175787,0.9365796,0.6594424,-0.04432191,-1.4370111,-1.1667254
-0.7798999,1.2481812,3.010602,3.4089503,2.509848,1.2500547,0.81355625,0.10076643,-1.7131336,-1.6437153
-0.64364284,0.70756525,2.288114,1.6254206,1.4528221,0.47626084,0.40240353,-0.7635373,-1.0965497,-1.1030527
-0.968457,0.6030296,1.4108748,1.0899249,1.2895685,0.41741234,0.6038884,0.15072723,-0.86846054,-0.916839
0.07394537,0.5038047,1.1823584,1.4855102,1.3927194,0.4919104,0.44897592,0.1332294,-0.996045,-0.8501021
-0.119206496,0.68645513,1.8394158,1.8985556,1.6253493,0.7142836,-0.07016732,-0.2641241,-1.1870651,-1.0163019
-0.32464078,0.48626733,1.9302002,1.8016075,1.8122071,0.4713729,0.3920645,0.03710601,-0.7687369,-0.51251394
-0.17882928,0.36969933,1.4279834,1.818444,1.7279798,0.6382234,0.61453104,-0.5348629,-1.3085103,-1.0288446
-0.51806986,0.116879456,1.0882652,1.3547561,1.7141829,0.54489964,0.06431526,-0.32490954,-0.48431173,-0.92857593
-0.42840445,0.46356806,0.99304736,1.8757284,1.2799098,0.62554,0.30125952,-0.105949886,-0.6739725,-0.98990256
-0.45253697,0.8293887,1.8493041,2.4190915,1.7095006,0.47360295,0.27594495,-0.38777855,-1.3166965,-1.1273584
-0.025996685,0.63614917,1.6403075,2.4363925,2.3201156,0.9573569,0.14644259,-0.322252,-1.4699345,-1.1460541
-0.1974298,0.43620312,1.7773997,2.02626,1.9692076,1.2641239,0.4340589,-0.66989565,-0.75917315,-0.9482348
0.8790591,1.3078009,3.1639326,2.8321095,2.7540605,1.3878709,0.3069659,-0.1031286,-1.1101896,-1.4464093
-1.0239998,0.4130044,2.8399343,3.507406,3.0962064,2.1370592,0.99360645,-0.24429,-1.0487828,-1.3954504
-0.8077366,0.772925,2.2877905,2.2678878,1.685051,0.75192547,0.9255518,-0.6859307,-1.3055182,-1.4890548
-0.17931566,0.30517113,2.5079837,2.4509695,2.086159,0.92989874,0.41548613,0.07194845,-0.99566627,-0.8774623
-0.6596194,0.46694842,1.3774679,2.2302835,2.3396611,1.1672366,0.6179389,0.12731433,-0.8853947,-1.1713862
-0.45262426,0.27788633,1.159433,2.1157556,1.7939441,0.8518706,0.30375615,0.16834007,-0.4720101,-0.879795
-0.06767199,0.92187285,1.9935976,1.8520728,2.2555332,1.0868165,0.69629043,-0.035510406,-1.2612668,-0.8003791
-0.4588271,0.47420427,1.3577322,2.392601,1.4819543,0.65663284,0.82603186,-0.07103164,-1.0824647,-0.745137
-0.23827016,0.35812178,1.2100896,1.7069013,1.6298604,0.4963339,0.2613691,-0.17438686,-1.2396193,-1.3810074
-0.8558338,0.6485946,2.1706073,2.3890133,1.9729425,1.1437777,0.6426247,0.007112044,-1.1546942,-1.9272645
-0.34323314,0.626082,2.1261964,1.6253744,2.0465696,0.8965012,0.43650663,-0.61639637,-0.9589577,-0.9371126
-0.35494456,-0.034008242,1.4877543,1.823353,2.0760524,1.0328075,0.9516314,-0.21423852,-0.56236535,-0.8803207
0.12148734,0.72856534,1.991342,2.6087952,1.5989816,0.4855199,0.55475235,-0.20476301,-1.2471849,-1.0504329
-1.3459759,0.43735436,1.7798134,2.0132434,2.2834585,1.4283023,0.738026,0.31030628,-0.8491125,-0.9815721
-0.51092863,0.5984842,1.8330765,2.204279,1.9981362,0.7467499,0.46053776,-0.55051833,-0.8772889,-1.5266412
-0.40370265,0.6922115,2.5021265,3.2803543,2.6012537,1.4751072,0.50041,-0.6433213,-1.7989168,-1.2751037
-0.43047196,0.108587265,1.4120046,2.0729089,2.5361142,1.5346305,1.0647187,0.36028522,-0.97645473,-1.6339527
0.025085082,0.4988149,1.7532616,2.5153856,1.7253685,1.096468,0.8857149,0.2439712,-1.1441445,-1.6028762
-0.17634946,1.4360766,1.9434966,2.3019052,2.5135682,0.8234715,0.31576666,-0.026507372,-1.5802901,-0.63488895
-0.37477112,-0.068390444,0.8930558,1.3650697,1.2672051,0.40699038,0.34845015,-0.25877312,-0.5992023,-0.34885776
0.13216442,0.60600334,2.1654987,3.0461178,2.7052345,1.1399003,0.81725216,-0.3626861,-1.7459768,-1.3591912
-0.66594785,0.37843898,1.6244404,2.041558,1.9174558,1.2464073,0.4131708,-0.4915374,-1.4817086,-1.5041311
-0.24300015,-0.17884678,1.3884948,1.7993532,1.4500167,1.1663672,0.7681259,0.14915,-0.6346917,-0.9926363
-0.66237736,0.42181334,1.1243217,1.6692588,2.3663309,1.4298801,0.7513167,-0.12758398,-1.2861205,-1.400736
-0.15645757,0.46652022,1.7185472,1.896005,1.7916723,1.1541078,0.36404252,0.34135073,-1.0182933,-0.81904316
-0.3093267,0.7819069,1.7528856,2.0116293,1.7951913,1.0040804,0.7354808,-0.22356771,-1.0939229,-0.7262574
-0.256623,0.80989033,0.92419237,1.2005472,1.4757632,0.14055212,0.21739578,0.16588926,-0.5176112,-1.5600245
0.12678742,0.1970824,1.5552279,2.3984294,2.0973716,0.87659407,0.49312127,-0.04025687,-0.8168343,-1.0536456
-0.50294983,0.31744394,1.5322338,2.0038905,1.9010888,1.0183554,0.1810834,0.053580675,-0.55208945,-1.2194972
-0.29599902,0.90715075,1.1693438,1.6114106,1.3962903,0.8890157,0.51333344,-0.73229,-1.0932131,-0.9876792
-0.40262532,1.0690471,1.8563353,1.4764125,1.3817484,0.3319976,-0.19012731,-0.52518857,-1.191789,-0.86913884
-0.3034109,0.63341486,1.1561928,1.9305204,1.3709184,0.43762693,0.49310356,0.052089375,-1.122196,-0.46745884
-0.3598664,0.39613017,1.3303956,2.238911,1.9614763,0.89820594,0.49686784,0.024963852,-1.3818129,-1.2209196
0.16096425,0.43107,1.3169407,1.7210271,1.7687585,0.43228477,0.13083337,-0.32528016,-1.0379236,-0.94464684
-0.6920457,0.5075521,1.4041624,1.6947815,1.4786376,0.5328709,0.19672593,-0.18448363,-0.88295007,-0.68044895
-0.34403157,0.8780159,2.1175091,2.0001156,1.78841,0.74603736,0.773332,0.2579666,-0.9430604,-1.048055
-0.7010942,0.41771814,1.3357824,1.756054,1.3553929,0.4357801,0.5693395,-0.14134543,-1.0732902,-0.8483205
-0.2905418,0.72819406,1.5107177,2.2724695,1.6833339,0.36786798,-0.088614106,-0.9090938,-1.7110337,-1.0209752
-0.042620674,0.5133365,1.2266557,1.6132979,1.8857487,0.28474733,0.5264269,-0.22173886,-1.0119909,-1.0801064
-0.016556188,-0.17455903,1.4174237,2.0538437,1.7737349,0.92377526,0.22575665,-0.58468616,-1.2368895,-1.1810744
-0.007998973,0.48727012,1.2707971,2.053262,1.8901823,1.0749154,0.444865,0.18438892,-0.8330205,-1.3264762
0.03958819,0.6635644,1.6362278,2.406962,1.9144726,0.88241434,0.5621649,-0.2535471,-1.036141,-1.1680349
-0.004781764,0.44149187,1.4435676,0.99644315,1.630824,0.7865162,0.3904567,-0.028808905,-0.5214508,-0.7682673
-0.1958104,0.81129146,2.2238522,2.3395264,1.9603465,0.7142765,0.551109,-0.24485627,-1.7292926,-0.94392747
-0.34597754,0.6580096,1.569108,1.4934742,1.8897828,0.5949829,0.08044798,-0.41848052,-1.0175848,-1.3172488
-0.08991058,0.31634858,1.3248687,1.6395595,2.0646698,0.5264933,0.11945051,-0.21957636,-1.023276,-1.3383332
-0.73733383,0.48283693,1.5537779,2.3618894,2.0293388,0.30256587,0.12689959,-0.36343148,-1.0218139,-1.3777508
-0.81259733,0.78277683,2.2264109,2.8807628,2.3189888,0.9424581,0.19576637,-0.5537265,-1.6335841,-2.1799726
-0.475139,0.47426292,2.0264566,2.457019,2.0636249,1.3461739,1.1264045,-0.54190665,-1.1469755,-1.4250746
0.03179071,0.49206293,2.1774945,2.5745838,2.0884264,1.0111753,0.39080337,-0.5960112,-1.500521,-1.6440154
0.47736117,0.9202445,1.9586387,2.6156385,1.9710261,0.8994493,0.016035717,-0.015485978,-1.2970296,-0.6637102
-0.21361402,0.3267232,1.5866177,2.209165,1.5075355,0.44465908,1.015601,0.42397663,-0.80237985,-1.1993463
-0.12797797,0.6826175,2.088642,2.5947425,1.9599832,1.2039284,0.35031295,-0.2317235,-0.96452963,-2.0676835
-0.29740268,1.1138273,1.7566211,2.0867739,1.9030926,0.62170905,0.49131948,-0.32514435,-0.70411205,-1.2059216
-0.30752924,0.28762856,1.0456426,2.0695174,1.7608801,0.6738913,0.61297286,0.6618623,-0.87140864,-1.0434582
-0.15209556,0.60924,1.3927119,1.3389603,1.2884483,0.6472114,0.33410132,0.13624565,-0.6475337,-0.8914658
-0.114543416,-0.07091717,1.082263,1.7557642,2.05688,0.52886224,0.32535768,-0.20013888,-0.63555354,-1.0356053
-0.32260934,0.3725283,1.591185,2.5101383,3.0591156,1.5159262,0.0836639,-0.15062876,-1.6646074,-1.7757268
-0.44747543,0.7489103,2.196284,2.5593634,1.8966396,0.7481448,0.2571437,-0.5548659,-1.507738,-1.3678052
-0.056779355,0.21487409,1.1858326,1.3051074,1.474513,0.6971928,0.1767684,-0.041609325,-0.90311575,-0.7141093
-0.37600622,0.10168769,1.7473761,2.1450965,2.1538348,0.9582275,0.99523365,-0.36843276,-1.4809091,-1.7705916
-1.198193,0.17510445,1.921786,2.4457717,2.9285967,1.3399241,0.6337967,0.2889366,-1.4560978,-1.3784348
-0.41819498,0.88996476,1.4122158,1.9803413,1.443673,0.9164119,-0.040174104,0.31006548,-0.92674965,-1.1369241
-0.24080467,0.25644815,0.96877986,1.3376318,1.7193409,0.66641337,0.521677,-0.17480297,-0.53575265,-0.8856368
0.306635,0.71744007,1.5010885,2.5766702,2.0763607,0.6508744,0.19137515,-0.22768667,-1.1479535,-1.2931017
-0.11701722,0.6075356,1.7591299,1.6745328,1.5718608,0.57257664,0.3942177,0.084001906,-1.0533528,-1.154405
-0.37687525,0.6267529,1.4182345,1.9999601,1.3662848,0.9182119,0.44768417,-0.1718393,-1.0864688,-0.9434369
-0.2114729,0.086349085,1.112381,1.196909,1.4836313,0.3432663,0.5604759,-0.30101642,-0.8823646,-1.0241288
-0.46307796,0.42009953,2.2095737,2.323938,1.5784341,1.0162908,0.4275814,-0.21657746,-1.3449692,-0.95266086
0.1908468,0.2908121,0.9867469,2.0839558,1.7991034,0.8999863,0.64501387,0.44623134,-0.60311675,-1.6195955
-0.333969,0.6696731,1.7510178,1.8825848,1.9561642,0.45893878,0.5466661,-0.54368985,-1.3849127,-1.0653825
-0.7066173,0.6751974,1.315446,1.2003418,1.582441,0.42193592,0.3581346,-0.16581032,-0.6651968,-1.2827146
-1.0747019,1.1804483,2.2424893,2.5043235,2.020126,1.1085507,0.8784447,-0.029823089,-1.4336634,-1.4203875
-0.625354,0.44378883,2.6743226,2.679545,2.2706597,1.2098076,0.5749066,-1.0006915,-1.586752,-0.9420474
-0.6685323,0.96156216,3.0101905,3.0704937,2.8782556,0.93109906,0.3245587,-0.19355814,-1.7622081,-2.0132039
-0.39724824,0.41655895,1.7684054,1.6141558,1.4163058,0.3234924,0.7197408,0.0023889155,-0.81885916,-1.7651774
0.018948194,0.31454235,1.2990185,2.5172517,2.33144,1.578147,0.7910515,-0.050414383,-1.0284798,-1.6090093
-0.40431276,0.04585905,1.3224746,1.32384,1.5136378,0.5470502,0.19341095,-0.15829764,-0.9502985,-0.94968724
-0.084070764,0.59111255,1.6871182,1.4534982,1.6837994,0.91894865,0.5424644,0.2699685,-0.91538554,-0.7811904
-0.43886116,1.0070492,2.1048706,1.8228545,1.8010622,0.7882486,0.45860985,-0.77297556,-1.4311463,-0.6552027
-0.15800872,0.71153426,1.8002431,2.034843,1.5753678,0.7748374,0.66552776,-0.12876368,-1.254099,-1.5235814
-0.8548521,0.761182,2.319645,2.7095008,2.7378023,0.8556175,0.7700221,-0.2758583,-1.0428917,-1.2155305
-1.1672345,1.119811,1.4943447,1.9324493,2.2451065,1.1076173,0.23598221,-0.12713788,-1.3210768,-1.9304348
-0.04295325,0.23886624,1.0476109,1.4769655,1.5154138,0.20953803,0.49622178,-0.02007878,-0.84224707,-1.0523863
-0.5835027,0.19804864,1.4979802,1.6303278,1.9600359,0.7910484,0.5248665,-0.48244312,-0.8864457,-1.1244435
-0.21812838,0.5596889,1.4142764,1.8453118,2.0336478,0.78551733,0.0062240325,-0.4178599,-1.033343,-1.0865159
-0.50657535,-0.013719669,1.3064401,2.0711257,1.7626587,0.76698726,0.425763,-0.14560752,-1.0824388,-0.764434
-0.11187618,0.9523965,1.7066737,1.7430028,1.756097,0.45356768,-0.02928326,-0.07290072,-0.9434347,-2.0509214
-0.41576478,0.9224936,1.8445112,2.0505142,1.8792161,0.64945126,0.45967278,-0.65478903,-1.6884774,-1.7712877
-0.5042031,0.13957322,1.8491017,2.6121068,2.3296912,0.9649792,0.13270353,-0.062278926,-0.82408327,-1.2327069
-0.4503245,0.18537222,2.026148,2.5682702,2.471641,1.2065964,0.76476216,0.049543418,-1.0452543,-1.3534219
-0.43459022,0.6420833,1.7363228,2.199783,2.078121,1.0209123,0.731971,-0.3203972,-1.4976624,-1.4316992
-0.25555637,0.2524473,0.67473817,0.9335415,1.411602,0.723459,0.10199168,-0.16173784,-0.51653045,-0.97579324
-0.5379119,0.42568612,1.9182512,2.2029073,1.6529856,0.514778,0.35882086,-0.78300095,-1.2676847,-1.5393046
-0.022891175,0.45389226,1.5135293,2.0376055,2.119652,0.7490028,0.5783036,0.03737833,-1.1622883,-1.3150944
-0.46041867,0.7411575,1.4879311,2.224041,1.8943243,0.6792057,0.6057779,0.08575888,-0.8778226,-1.4739294
-0.45054945,0.83471173,2.072289,2.355811,2.0472856,0.8634812,0.53249735,-0.4650799,-0.97984266,-1.0288525
-0.27169487,1.1237295,2.2706926,3.0865748,2.5171244,1.1254284,0.8542427,-0.54841876,-2.0365112,-1.2266426
0.27999994,0.3951513,1.6164329,1.9682652,1.7185479,0.3182347,0.008891538,-0.4291746,-1.4947753,-1.4455014
-0.442051,0.64192134,1.1436071,1.17496,1.0021094,0.5080886,0.14770508,-0.19822773,-0.6903364,-0.9411
-0.06360769,0.21630855,1.3492217,1.6732001,1.843391,0.5101484,0.25225326,0.10992154,-1.1280884,-1.0876522
-0.20373556,0.24584518,1.4461787,1.8804235,1.3851602,0.5902279,0.70802,0.6774488,-0.9322748,-0.9447641
-0.06121651,0.23398972,1.255934,1.7137864,1.5411397,0.39253652,0.3481194,-0.15225692,-0.84687465,-0.8442045
-0.5362589,0.5636613,1.6507512,2.1583216,1.7079041,1.3015176,0.7369638,-0.23266222,-0.9026057,-1.3235929
-0.5315581,0.8076222,1.9362352,1.574214,1.532612,0.8822299,0.20012265,-0.35059857,-0.6942414,-0.86844474
0.40297475,0.6112737,1.2895621,1.1552584,1.6000681,0.8075088,0.3265595,-0.31696343,-0.37329525,-0.47827196
-0.7877143,0.58198255,1.9163507,2.2825978,1.6970022,1.3052093,0.30709466,-0.28977895,-1.2149006,-1.2210263
-0.014116634,0.54864085,1.5941354,1.9668128,1.7247345,0.6863958,0.527939,-0.014382983,-0.6729836,-0.61557096
0.5809936,0.56740046,1.6871479,1.7922183,1.8326937,0.78143865,0.25919196,-0.41193074,-1.2818786,-1.4314802
-0.5572748,0.7107234,1.2522821,1.3764958,1.1514964,0.5574846,0.4154902,-0.25366932,-1.0852253,-0.8267687
-0.3363137,0.4485963,1.9143986,2.3679514,1.8810183,0.4990278,0.51800895,0.23211092,-0.43905625,-1.134867
-0.011607397,0.63537467,1.8587534,1.3275949,1.4359138,0.5885514,0.5821837,-0.28017616,-0.34077352,-0.4261101
-0.12343315,0.55484235,1.4303379,1.8892804,1.6898026,1.0236491,0.93759376,-0.036301564,-1.1142669,-1.1886296
-0.5280206,0.7155608,1.0476494,1.3836014,1.0847118,0.6678497,0.6043948,0.22732252,-0.65901023,-1.0103047
-0.18946412,0.043700363,1.6099608,2.152214,1.6280662,0.62675405,0.5886553,-0.4275734,-1.3184195,-1.4628171
-0.5829064,0.38351107,1.0540395,1.6587932,1.4359695,0.40309438,0.16655098,0.09169614,-0.7875885,-1.001459
-0.010907324,0.80013597,1.3074801,1.5024071,1.4619474,0.34954685,0.19903609,-0.33664593,-0.89509785,-0.77614206
-0.039436527,0.59698635,1.4901009,1.9668837,1.7304047,0.7641388,0.43147442,0.3484373,-1.0602852,-1.4595594
-0.9215424,0.86041075,1.9551795,2.09516,2.4007733,1.3781489,0.4286412,-0.3989014,-1.7387029,-1.955776
0.19504607,0.41411275,1.3093454,1.2779199,1.7173268,0.8385903,0.9503518,0.44084615,-0.7765405,-1.3118017
0.28074524,0.9722398,2.142364,2.5875683,2.5221903,1.2760197,0.67937857,-0.2759934,-1.7640951,-1.2269509
-0.8569029,0.87185067,1.697696,2.9234312,2.1945584,1.1010194,0.5132619,-0.47261384,-1.4578401,-1.4332453
-0.78179246,0.48946765,1.7444648,2.0981696,1.5352705,0.6636117,0.34502682,-0.42638624,-1.1463718,-0.60362077
-0.4208311,1.021248,1.878576,1.9177634,1.8668356,0.48773748,0.28109327,-0.4017883,-1.0177617,-0.682041
-0.4340531,0.65394354,1.6540549,1.8600674,1.2594335,0.45223594,0.5720798,0.4601983,-0.89633214,-0.81851095
0.3711003,0.4660067,1.411114,1.9266399,1.4444276,0.42799374,0.63214594,-0.08290689,-0.7759348,-0.9418247
-0.27354732,0.38923374,1.514136,1.5235013,1.3772898,0.69621545,0.63856626,-0.40563798,-0.6978798,-0.8040394
-0.58107734,0.2161148,1.5996144,2.571759,2.208089,1.2287581,0.3939793,-0.28538182,-1.3229904,-1.2916645
-0.36355373,0.40328813,1.4890288,1.7411089,1.6311953,0.5947176,0.37156272,-0.19499165,-0.9599611,-1.0247749
0.12348428,0.38335365,1.8384506,1.8935528,2.3132975,0.63153136,0.49740225,-0.19370131,-1.1660094,-0.7895958
-0.15661845,0.5688436,1.9558169,2.2645175,2.0572066,0.99756634,0.80101943,0.15153435,-1.3898072,-1.8000343
-0.42957345,1.0057336,2.0517936,2.5815818,2.540542,1.5046415,1.1818068,0.07776867,-1.3504422,-1.0270013
-0.42937794,0.45785195,1.031424,2.1428049,1.809087,0.65123737,0.1250922,-0.18775879,-0.7995781,-0.5738214
-0.38439122,0.5296696,1.1428341,2.314388,2.1681926,0.91646814,0.97975135,0.50383973,-0.42749608,-1.3441187
-0.26948825,0.43645057,1.4086941,2.3218527,1.7461894,0.9332473,0.24031875,-0.2866394,-0.9526359,-1.4049608
-0.32937208,0.6318222,1.7665763,1.6720405,1.4750675,1.111251,0.27345386,-0.39044514,-0.8560209,-1.1274097
-0.67526406,0.27673265,1.2103001,1.854623,1.5966573,0.5608429,0.41698012,0.061246164,-0.97579205,-0.8772309
-0.19920373,0.68099546,1.634009,2.2003906,1.6426642,0.21275388,0.06577354,-0.5301664,-0.73442316,-0.866287
-0.6334406,0.83441603,1.3766171,1.3372979,1.3552829,0.33438933,0.19305968,-0.6126476,-0.85231966,-0.83055055
-1.1544079,0.44915554,2.420597,3.683278,2.9164858,1.0007787,0.62384033,-0.93744606,-2.100978,-1.5973444
-0.9402646,0.74632376,2.0125632,2.9312904,2.3773594,1.047151,-0.0038240217,-0.6231247,-1.5016326,-2.1461058
-0.63880587,0.90664923,1.4213654,1.4581966,1.0310367,0.50728387,0.34431344,-0.12251499,-0.83972913,-1.3692378
-0.03620544,0.6361743,1.9186281,1.2969794,1.7894225,0.88317794,-0.05957406,-0.19161358,-0.84231776,-0.99897647
-0.1522497,0.17701255,0.9215764,1.6866728,1.2732484,0.18851979,0.36197656,-0.04068926,-0.38246098,-0.47522813
-0.48782185,0.521527,1.2576388,1.3013784,1.3329562,0.48646098,0.5351586,-0.35039073,-0.8851778,-1.1593735
-0.23325068,0.28509817,1.6239828,2.3721263,1.0637175,0.78604424,0.85289586,-0.2711591,-0.88622165,-0.76297694
-0.69942605,0.6074604,1.6282552,2.4734735,2.0056293,0.52644575,0.3072343,-0.0952807,-0.91533417,-1.4407275
0.13294461,0.6588551,1.2473243,2.0815823,1.9628512,0.7628558,0.36473462,-0.30477569,-1.1333264,-1.0147595
-0.3700408,0.67112195,1.9750801,2.4100223,1.674387,0.4470181,0.23823932,-0.4363122,-1.4722698,-1.7872969
-0.7314033,1.4802545,3.2255147,3.6403804,2.5129309,1.2719973,0.8720528,-0.67398244,-1.9192532,-1.3683987
-1.0787575,1.13802,2.0387387,2.0614204,2.5615797,1.5147336,1.1676428,-0.65913486,-1.8051138,-1.6761636
0.08763127,1.3695481,2.3279965,2.4951973,2.1864076,0.86553866,0.42409158,-0.60031354,-0.99193084,-1.1338208
-0.13121244,0.5832843,1.0839969,1.7648859,1.706633,0.8164056,0.5362759,-0.28242278,-0.80159056,-1.1314563
-0.4446404,0.7137802,1.7708701,1.8262295,2.258053,0.9406592,0.50986284,0.37722933,-0.96821296,-1.4369876
-0.06278771,0.52067643,1.1172789,1.8971056,1.7372588,0.53486395,0.09510234,-0.23703076,-0.5775267,-1.1809894
-0.48597583,-0.1993588,1.5642186,2.0093932,1.9049624,0.509052,0.44526842,0.028076453,-1.3338177,-1.293186
0.075488664,0.17910556,1.2599454,1.733635,1.3639828,0.5697377,0.40686676,-0.58885974,-0.85734236,-0.84461683
-0.44624302,0.3099953,1.260602,1.4904381,1.419056,0.19322695,-0.028444901,-0.011800043,-1.0029594,-1.0989852
-0.23107722,0.4934813,1.1932001,1.4089602,1.4859371,0.55680525,0.4022899,-0.05376663,-0.9188823,-1.1339791
-0.04170429,0.2237576,1.1971018,1.6937854,1.450084,0.5522906,0.53299475,-0.03312536,-0.7372956,-0.82128704
-0.1324346,0.54915684,1.4293995,1.4367961,1.357055,0.55430037,0.8858649,0.036165636,-0.6188869,-0.7139741
-0.35879847,0.3584583,1.1951674,1.691321,1.3618929,0.5270969,0.24280551,-0.21624997,-1.0867248,-1.26779
-0.68148357,0.82142603,1.8161592,1.7354801,2.204033,0.9530146,0.23448199,-0.49657857,-1.3513647,-1.6983002
-0.2816302,0.76550967,1.3918008,1.8163875,1.2765918,0.47409576,0.62429595,0.21052839,-0.92123115,-1.2363448
-0.57029957,0.36187914,1.7564278,2.7919848,2.0396254,0.9716079,0.27046686,-0.4557764,-1.3498182,-0.771517
-0.26610592,0.5287955,1.276631,1.8721274,1.5046594,0.9165223,0.50436205,-0.12093951,-1.136521,-0.8140235
-0.49996284,0.6730698,1.8293386,2.8171291,2.5496864,1.2703781,0.8633882,-0.43477684,-1.3497024,-1.2492772
-0.14218637,0.34342012,1.1549608,1.8927082,1.4253249,0.51632637,0.21276797,-0.41552207,-1.0141733,-1.0898666
-0.8104919,1.0515091,1.8550162,1.9659412,1.9014103,0.521847,0.562992,-0.17712887,-1.1814189,-1.4801873
-0.2994238,0.32847556,1.0824715,1.3357316,1.3286419,0.55924344,0.34570357,-0.343537,-0.9941776,-1.2229491
-0.60346925,0.61263907,1.5641056,1.5831337,1.7142777,0.75626296,0.28368205,-0.36626193,-0.9978279,-1.6045718
-0.7352926,1.4188944,2.616259,3.2219908,2.4887187,0.8320695,0.24119952,-0.28283796,-1.8312011,-1.3652133
-0.871298,0.4641679,1.5834553,1.6690769,1.8099953,1.1906309,1.0616212,-0.62673604,-0.92893106,-0.6959205
-0.43749523,0.61313415,1.8511076,2.3131297,1.4577068,0.87380224,0.8719067,0.2419221,-1.1029814,-1.1060106
-0.30607226,0.25628954,1.598681,1.7025716,1.7535105,0.73061,0.33520895,-0.026581442,-1.2847565,-1.245032
-0.3801901,0.9953687,1.7859284,1.6868453,1.5416986,0.44101226,0.27921283,-0.34388024,-1.1617501,-1.1057212
-0.12800056,0.45585382,1.1090298,1.7446305,1.2875966,0.38018996,0.11420594,-0.40405568,-1.4200083,-1.2866958
-0.6292658,0.530329,1.5157231,2.2515197,1.5685905,0.27424693,0.56721586,-0.40518618,-1.3412378,-1.0441366
-0.3933043,0.3955516,1.5803757,2.110683,2.170914,1.1216341,0.9903337,-0.16420351,-0.7830776,-1.350901
-0.112246074,0.1411629,1.286602,1.5392705,1.1518465,0.20062692,0.5514915,-0.041797005,-0.80168647,-0.7092111
-0.41852522,1.1130232,2.1335442,2.602038,1.788009,0.74692637,0.48873258,-0.19441673,-1.317305,-1.4153075
-0.42673334,0.62665623,1.7956718,2.0130687,1.8409601,0.7109682,1.0203515,-0.30167672,-0.6768429,-1.4886475
-0.41608772,0.6690331,1.9942523,2.7109406,1.9890383,0.8993215,0.9067773,-0.21294497,-1.2297219,-1.4707304
-0.47449288,-0.015411759,1.3953741,1.4406009,1.0661486,0.8063652,0.51091516,-0.12878066,-0.63221294,-0.49421346
-0.38716084,0.8815037,1.2535052,1.2374378,1.5017093,0.7462453,0.46729088,-0.20864862,-0.7810801,-0.84522057
-0.5848171,0.59873325,1.3017716,1.7998646,1.8454255,0.8551514,0.528466,-0.06872879,-1.5208166,-0.9748929
-0.49412653,0.2385198,1.7267187,1.5409055,1.7817693,0.50169694,0.2134148,0.0022817878,-0.5822841,-1.3084413
-0.82772404,0.45773277,1.0768431,2.1280358,1.5936294,1.3043017,0.4746188,-0.100491606,-0.9262859,-1.1091118
-0.5337821,0.35096017,1.7714343,2.3590698,1.8609349,0.9296689,0.61788917,-0.22984982,-0.91468215,-0.9098051
-0.12313072,0.5274094,1.6888477,1.981938,1.2642094,0.8041649,0.37916878,-0.0108715575,-0.9456765,-1.1503035
0.015909154,0.4651268,1.7618047,2.6787813,2.658041,1.6434608,0.99939144,0.57772803,-1.1551021,-1.4414582
-0.32692745,0.56255805,1.9754798,2.4099174,1.8326701,0.7175132,0.44909927,-0.2716575,-1.4831603,-1.1669004
-0.53405917,0.558196,1.3547835,2.2971518,2.0558827,0.9789933,0.6161655,-0.24389985,-1.0179509,-1.3139712
-0.39808267,0.6929411,1.2009907,2.052529,1.533091,0.7931914,0.5404776,-0.30091187,-1.0321478,-1.4698672
-0.07091613,0.5325574,1.0364139,1.2110062,1.424798,0.67020535,0.59461266,-0.06819678,-0.61398244,-0.7024092
-0.44609654,0.3091876,2.161258,2.3756106,1.7215235,1.1208478,0.61188465,-0.0954827,-1.2226404,-1.296696
-0.72909254,1.164603,2.1791527,2.0048385,1.409049,0.9146667,0.71894747,-0.7525184,-1.4535835,-1.0841116
-0.59197533,0.46303034,1.0634559,1.802843,1.5175973,0.60995823,0.50740635,-0.3575124,-1.100523,-0.53222364
-0.4959891,0.33226904,1.9699858,2.371958,1.85744,1.0142251,0.69561017,0.43652695,-0.44280434,-1.3730503
0.19046158,0.44360232,1.7431362,2.6306272,2.5762582,1.4450916,1.2861763,-0.067405894,-1.90486,-1.5647589
-0.45146182,0.7327196,1.5794926,2.1145606,2.0444613,0.8705654,0.11484881,-0.56837547,-0.7000066,-1.347652
-0.067164734,0.37297925,1.355299,2.048637,1.621354,0.62182975,0.35315236,-0.31927618,-1.0949024,-0.95264035
0.7676575,0.42331767,1.6131493,1.8076195,1.8102307,1.056742,0.9471202,-0.0017945576,-0.849648,-0.93302125
-0.7263796,0.7945526,2.2152772,2.6343822,2.7470412,1.2325933,0.40032554,-0.47347397,-0.96171266,-1.3056989
-0.2810807,1.2454991,2.6817632,2.5846403,2.0098162,0.87769854,0.5461687,-0.07768706,-1.4136587,-1.1293572
-0.20889309,0.29629079,1.0506656,1.5364406,1.5571879,1.2122205,0.80507874,-0.027793882,-1.076919,-1.0593741
-0.23117203,0.76612777,0.86883354,1.7340666,1.5734987,0.17866471,-0.15251999,-0.36001763,-1.1468786,-1.2171029
-0.14385578,1.2714139,2.0273912,1.7641215,2.083251,0.6651496,0.5748404,-0.58111715,-1.1666542,-1.1197217
-0.26494485,0.6508937,1.7590129,1.5433611,1.635212,0.8410879,0.331614,0.1901746,-0.5612805,-1.2290647
-0.3713715,0.2839156,1.5868461,2.3395495,2.2078445,0.93007755,0.39621884,-0.47438118,-1.189181,-1.4973422
-0.08444213,0.5134557,1.2072662,1.9448503,1.8247632,0.81461793,0.85607237,-0.016720705,-0.425675,-1.0014578
-0.6930141,0.45127183,2.016433,2.095919,2.0251753,1.2250577,0.8045191,0.23049633,-1.0256661,-1.0673988
-0.32375655,0.43075228,1.3754435,1.2733485,1.4125707,0.6862428,0.42031777,-0.12131968,-0.80035186,-1.583497
0.16059753,0.067024276,1.7832143,2.6440089,2.0207992,1.2656223,1.2014939,-0.06364476,-1.1296203,-1.1817534
-0.3579516,0.43325344,1.0778596,1.6683733,1.4637004,0.8406311,0.25814512,-0.6286948,-1.2352326,-1.4336586
-0.24600798,0.77187866,1.439881,1.615106,1.390552,0.8054037,0.2739234,-0.120106965,-0.905348,-0.71803623
-0.796263,0.19787116,1.4087775,1.738119,1.5358338,0.19972874,-0.22071423,-0.31166378,-0.8041713,-1.2864168
-0.23653907,1.0328279,2.5376074,2.5617173,2.2304986,0.65244615,0.32947692,-0.20846091,-0.97081447,-1.3480282
-0.33317938,0.7242191,1.8132896,1.8004915,1.8326186,0.63232607,0.3618237,-0.040027194,-0.7228194,-0.8498832
-0.40143177,0.6349053,1.9039693,2.6637607,2.3901556,0.68390125,0.5543296,-0.0044834153,-1.059306,-1.2649671
-0.8197535,0.42778733,2.160994,2.6603382,2.7823138,1.1744076,0.34639207,-0.12491822,-0.9806521,-0.90667164
-0.014234006,0.2490498,1.3233609,1.2725401,1.4862493,0.5299581,0.39818373,-0.45955393,-0.8360995,-0.8481915
-0.6863828,0.6382997,1.4584081,1.7866236,1.687015,1.0267198,0.4271042,-0.19811885,-1.0901814,-1.0797905
-0.08342159,0.32550737,1.5777143,1.4733714,1.2971357,0.78221375,0.5814144,-0.22110686,-1.2039471,-1.1937834
-0.17941865,0.5668928,2.262049,2.4774659,2.522189,0.8607354,0.8684714,-0.4081857,-1.4339586,-1.427299
-0.39859632,0.14528629,1.0027027,1.8101747,1.3819574,0.628431,0.32897037,-0.20881438,-0.44647864,-0.8090277
-0.034344483,0.8892917,2.118996,2.2196438,2.0489569,0.9353212,0.91237897,-0.08846914,-1.2819065,-0.7879442
-0.6151371,0.37131205,1.0670165,1.9598067,1.7838358,1.1790736,0.60538095,0.028544351,-0.8245333,-0.99174803
-0.3357119,0.83658767,2.409291,2.2998464,2.2810574,1.0903457,0.6477265,-0.008184293,-0.71916807,-0.9551979
-0.36135894,0.9565912,2.408566,3.1171107,2.515244,1.2680335,1.1333523,0.18743421,-1.5738835,-1.7408943
-0.39876974,0.99178356,2.437491,1.8549533,1.6837683,0.8612134,0.49874115,-0.23445167,-1.3064407,-1.0335416
-0.023969796,0.61389834,1.673825,2.1043305,1.9323312,0.9526942,0.1163093,-0.3696001,-1.1048685,-1.1102713
-0.14024001,0.9594642,1.5233625,1.929264,1.7727201,0.6618776,0.4140297,-0.36635736,-0.8964289,-1.7162702
0.02289977,0.26128045,1.0450852,1.3947793,1.3096465,0.35075048,0.45450312,0.14757992,-0.91589487,-0.87440026
-0.4290422,0.77334917,1.6686023,1.7243644,1.7151461,0.2942962,0.16719526,-0.2687335,-1.351255,-1.4001493
-0.9777004,0.6088306,1.7475089,2.3994746,2.0293682,0.62478566,0.41472924,-0.65672594,-1.0914252,-1.2710012
-0.63371986,0.73622215,2.0834773,2.152976,1.5992464,0.25727597,-0.071608126,-0.21878584,-1.1062545,-0.9169769
-0.016912524,0.6960855,1.567347,1.781368,1.6457232,0.56138706,0.19320878,0.051531192,-0.9691828,-1.631108
-0.15903103,0.26888192,1.6961222,2.5454895,2.5041146,0.97491586,0.6897301,-0.2848098,-1.134154,-0.99105895
0.06707139,0.59507203,1.6933209,1.725495,2.0236552,0.7838177,0.43766445,0.42477286,-0.8303825,-1.1782227
-0.90046555,0.6838561,2.2563403,2.7759492,2.5689948,1.4914838,0.82345176,0.08941386,-0.96940106,-1.6986858
-0.4741705,0.5024182,1.5619361,2.8045254,2.2318645,1.0609063,0.6042729,-0.16439018,-1.4060159,-1.780404
-0.24101314,0.36825606,2.5561657,3.59429,3.5493152,1.6031218,0.9211775,-0.28838232,-1.460871,-2.5843434
-0.9382419,0.74903035,2.751481,3.4837368,3.5238183,1.8833826,0.8511425,-0.97501504,-2.203036,-1.8912067
-0.472527,1.1523956,2.9314265,3.3106878,2.9033222,1.33756,0.685426,-1.0748032,-2.521105,-1.4528977
-0.33427608,0.3212991,2.3465931,4.4277797,3.8148916,1.8589219,0.8356201,-0.3925873,-1.7451673,-2.053202
-0.65906197,1.0051817,2.8696103,2.9630902,2.864631,0.9877274,0.57417786,-0.15874428,-1.2672442,-1.1836573
0.1677399,1.2841413,1.6959083,2.6182942,2.4010897,1.590947,1.3932354,-0.2250975,-1.4657744,-1.1667428
-0.68540734,1.0324178,1.8783619,2.1169894,1.9732093,0.9843699,0.42774054,-0.8297054,-1.1446363,-1.2458514
-0.46430737,0.55026674,1.610088,1.9008006,1.2037388,0.5723603,0.44334385,-0.39256108,-0.9747766,-1.0061389
-0.7604947,0.24704851,1.3910075,1.7080209,1.4424704,0.6975192,0.16802475,-0.051973063,-0.7380767,-1.3322669
-0.15515083,0.6882385,2.0026793,1.6559112,1.619755,0.84685403,0.22625706,-0.0066445502,-1.0139667,-1.10541
-0.7756814,0.43772173,1.1829307,1.6983606,1.4891489,0.5282553,0.4030579,-0.41034865,-1.171416,-1.2349017
-0.8322978,0.57913464,1.6880893,2.531477,2.4876952,0.83876914,0.072273426,-0.50732154,-1.6334265,-1.8572859
-0.11221021,0.660624,1.4875968,1.9645948,1.8852799,0.93245345,0.6881547,-0.0012234035,-0.7886465,-1.1213447
-0.17994517,0.27198145,1.717762,2.0278997,1.9174533,0.89753795,0.098238245,-0.23783973,-1.4201334,-1.0375631
0.18222305,-0.23650064,1.024493,1.3387564,1.6223164,1.0204563,0.5151361,-0.15374318,-0.4515269,-0.9221562
-0.28744626,0.3715064,1.8054647,1.5752004,1.593373,0.5768583,0.3691884,0.14588954,-0.5884468,-0.9454181
0.18888411,0.42426318,1.628559,2.9272592,2.5848184,0.73485607,1.0572336,0.13502018,-0.96918577,-0.8846228
-0.5875563,1.1789519,3.1163285,3.2051425,2.6215284,1.6834129,1.1262653,-0.0054777446,-1.61953,-1.5030222
-0.86740416,0.4439312,1.7018521,2.4054394,2.179301,0.80597687,0.62736464,-0.06590143,-1.3138273,-1.4066039
-0.3586382,0.28308886,1.6451968,1.8547987,1.5864116,0.7486473,0.2541492,-0.07132364,-0.82839006,-1.2511655
0.09748233,0.2642148,1.9322444,1.8871268,1.3879653,1.1108639,0.68703824,-0.12147127,-0.8671202,-1.1062751
-0.15505204,1.1470054,1.9467534,1.8828003,2.19504,0.5987674,0.2737913,-0.25130528,-0.5758613,-0.5929974
-0.5711205,0.3334499,1.3426464,2.416803,2.5576658,1.5762522,1.2227334,0.35094726,-1.1761602,-1.4985462
-0.17773938,0.8513807,2.1451418,2.2435875,2.1492188,0.95232034,0.7677371,0.33478042,-1.031145,-1.0601832
-0.73381776,1.5188068,2.6574109,2.70012,2.4877079,1.3044046,0.08255872,-0.75956374,-1.496179,-1.7786816
-0.109655984,0.7811922,1.500485,2.1330767,1.6882665,0.59013987,0.45617166,-0.021705508,-1.1923633,-0.7102478
-0.93258935,0.31888098,2.043308,2.775927,2.6864953,0.87927175,0.62473905,-0.3781617,-1.2111813,-1.6699176
-0.3198838,0.58323705,1.4261223,1.7633975,1.6041322,0.11988713,0.07405586,-0.33549687,-1.0623677,-1.1137732
0.0030222973,0.58406407,1.4740973,1.6168596,1.464787,0.47487247,0.278223,-0.31452358,-0.8090027,-1.1170435
-0.80336726,0.4291779,1.4228381,1.981279,1.5670861,0.32689837,0.2916596,-0.5157691,-1.1576545,-0.7683598
-0.5791335,0.7584268,1.796102,1.8382263,1.5656657,0.6032156,0.44259128,0.044710167,-1.2014494,-1.8246875
-0.29735255,0.33997026,1.5731167,1.3446965,1.3971094,0.5549673,0.3826854,0.07671842,-1.0713999,-0.7796906
-0.5853797,0.2807953,1.3069673,1.8315226,1.2989367,0.4278853,0.2676958,0.07062228,-1.2156912,-0.79262507
-0.4781745,0.84459203,1.6738541,2.3082004,1.6744958,0.7825133,0.30463797,-0.12638853,-1.3359773,-0.7669992
-0.3159583,0.7345718,2.036666,2.0082474,1.3012645,0.42051813,0.54092443,-0.20461069,-1.201445,-1.1294495
-0.029264364,1.0512016,1.4465127,2.1705964,1.8994452,0.6206282,0.6340333,0.04165129,-1.076218,-1.489965
-0.6092495,0.4214251,1.6034644,1.7284368,1.7546434,0.7248128,0.9199504,0.22793381,-1.0414482,-1.027672
-0.62913096,0.96476555,1.9785657,2.8854663,2.306348,0.57787895,0.6637018,-0.91948026,-1.6032492,-1.4183624
-0.23446298,0.70764947,1.7993898,2.5528774,1.9135112,0.7094726,0.8700648,-0.060315743,-1.5880109,-1.3189558
0.008490423,0.8428391,1.4009929,1.8301071,1.6014483,0.54272664,0.3532651,0.095748894,-0.6176018,-0.44843036
-0.58730793,1.445811,1.9425079,2.4297814,1.5274386,0.3579672,0.31721187,-0.5177828,-1.5107725,-1.515836
0.24448687,0.93156505,2.1877189,2.2228346,1.4915,0.8441438,0.22860733,-0.24636579,-0.5427672,-1.0450394
-0.17756796,0.25555557,1.3902855,1.6605434,1.4164995,0.3203712,0.14043656,-0.08980018,-1.0633997,-0.79870343
-0.3120654,0.7750752,1.5945612,1.8590019,1.5528678,0.89865816,0.20771852,0.012025509,-0.84544414,-1.2309915
-0.27984488,0.45149344,1.7990268,2.4616704,1.9938201,0.7850197,0.6150008,0.11028566,-0.778887,-1.2156302
-0.13444668,0.392707,0.9345854,1.7801812,1.7443824,0.46936446,0.20264697,-0.0072626187,-1.2268758,-0.84420735
-0.518756,0.5078715,1.8024527,2.185263,1.9630319,1.2316737,0.66078204,0.17994486,-0.85123473,-1.0406461
-0.09101314,0.67917323,1.2494007,1.3671056,1.3326622,0.72519356,-0.14812906,-0.2825571,-1.0246934,-0.79900295
-0.48593268,0.29849944,1.1982312,1.5711275,1.515864,0.5258392,0.266787,0.113287926,-0.6107751,-0.8830339
-0.5605562,0.5494639,1.609837,1.8203894,1.7435799,0.56888217,0.78342235,0.50773567,-0.19291103,-0.5029834
-0.92280465,0.5636013,1.8856527,2.5652003,1.8693874,0.51895577,0.2849069,-0.5686123,-1.073176,-1.8799993
-0.07675994,0.03557847,1.1538147,1.966966,2.2202797,1.0188627,0.3018363,-0.32155102,-0.7338967,-1.1216421
0.14537781,0.41313678,1.5148283,1.9342437,1.3251418,0.29009625,0.033611774,-0.4282392,-1.022456,-1.3083972
0.5061687,0.7593251,1.9773101,2.7331486,2.8481019,1.4897916,1.2189549,0.31331816,-1.3661256,-1.6322349
-0.89163256,1.2687552,3.1291232,3.7808475,3.1940742,1.7170658,0.10234964,-0.9342893,-1.3408613,-1.4157771
-0.62284666,0.45812264,2.2661047,2.4776232,1.9658161,1.4812675,0.87309986,-0.5939256,-1.449,-1.5744364
-0.25908628,1.4269595,2.576718,2.7311397,2.1526482,1.1732923,0.83835524,-0.4624478,-1.8009453,-1.5002683
-0.028403431,0.6833081,1.9810925,2.6438477,2.0497613,0.6830344,0.65733546,-0.5218369,-1.6225905,-1.2717938
-0.20199516,0.027755564,1.4878366,1.5565956,1.2713903,0.8760781,0.5594087,-0.14219786,-1.2120181,-1.1777512
-0.44908452,0.46184593,1.5504156,1.7843755,1.746478,0.54060477,0.2594477,-0.50527817,-0.7426589,-0.9724762
-0.18590891,0.25939476,1.4290553,1.6300161,1.2999486,0.69564164,0.41177613,-0.117870644,-1.0607969,-1.1214359
-0.3374621,0.44249228,1.796371,2.183965,1.4289854,0.6184039,0.27657863,-0.5074188,-1.2011914,-1.1529971
0.21283904,0.24644525,1.87091,2.5477192,2.0910923,0.61900026,0.11196841,-0.19843307,-0.8450431,-1.3614045
-0.2719814,0.7249842,1.4547251,1.8412033,2.2227921,0.5576206,0.56137645,0.06567426,-1.0700918,-1.4017867
-0.2551237,0.6337894,1.5392237,2.1758401,1.8855984,1.1240089,0.84309334,-0.13414004,-1.0415503,-1.0520635
-0.050074413,0.26769355,1.7169787,2.3941882,1.8182503,0.8401791,0.3337736,-0.39274877,-1.1079606,-1.1193283
-0.9444402,0.4851669,2.2316275,2.7277727,2.2874503,1.1183455,1.1803633,-0.16465402,-1.2933041,-1.5101839
-0.7004191,0.5558405,2.1658952,2.9122193,1.6217006,0.32631758,1.0095583,-0.4405823,-1.7416241,-0.7976022
0.22647133,0.409972,1.5928723,2.5616705,2.6684515,0.87949216,0.26249924,0.30268437,-1.1219988,-1.6833278
0.13888945,0.3675416,1.4753025,2.2792048,1.7570677,0.963565,0.8723264,0.035988916,-1.3501487,-1.531606
-0.121730305,0.2724547,1.236065,1.812532,1.8679143,0.9797102,0.65062374,0.17524657,-1.256962,-1.2496339
-0.8926026,1.067419,1.8882419,2.5417452,1.8698729,1.0760177,0.41061863,-0.243162,-1.0400038,-1.2952715
-0.18812838,0.038154762,1.6394051,2.135843,1.9179007,1.0137086,0.5449138,-0.2689055,-1.4434297,-1.2273625
-0.4155569,-0.029819474,1.18754,1.5541409,1.366038,0.51415354,0.5064544,-0.53581774,-1.4053477,-0.848531
-0.06008453,0.84846115,1.9517527,1.787873,2.043743,1.142052,0.70984274,-0.17611407,-1.2103156,-0.9862814
0.006410649,0.32785827,1.3494749,1.9678321,2.1067011,0.7592414,0.29374748,-0.3138212,-1.0168751,-1.2034729
-0.078294955,0.2612959,1.2684472,1.4208738,1.6703691,0.33439192,0.63627386,0.24065374,-0.8858923,-1.0618747
0.4992991,0.6200042,1.431134,1.7923934,2.017573,0.93910414,0.9051938,0.2598211,-0.87832665,-1.275334
-0.128393,0.3397833,1.4973154,1.4495152,1.5497195,0.855704,0.63889545,0.2124422,-0.6720109,-1.3018687
-0.6226189,0.6808291,1.9137797,2.596684,2.6390395,0.63494766,0.49645925,0.045822717,-1.8769685,-2.1001153
-0.4805479,0.3070713,1.4778534,2.013967,1.8311045,0.310977,0.08440655,-0.19354765,-1.2861373,-1.4707671
-0.20954877,0.44097486,1.9727969,2.0700498,2.0656269,0.98508036,0.10364272,-0.5688453,-1.0343511,-1.8843713
-0.4162266,0.44845223,1.6875464,1.8266221,1.9473397,0.6649683,0.4789561,0.30957806,-1.0350788,-1.5826294
-0.4480662,1.2491585,1.843259,2.156249,2.3275874,1.0523629,0.1442691,-0.37786257,-0.76613486,-1.2417271
0.11922203,0.38644508,1.4194536,1.2090193,1.5470376,0.7722971,0.16390665,-0.3286288,-0.7925625,-1.3298309
0.048011042,0.2635394,1.412304,1.7412996,1.231814,0.7733314,0.59434336,-0.21475501,-0.8867201,-0.73900247
-0.5352289,0.3506883,1.2693247,2.0342956,1.7225635,0.6599716,0.32299402,-0.30152386,-1.0749604,-1.0406395
-0.012870343,0.14281529,1.1993176,1.5296398,1.3910093,0.51876444,0.41785455,-0.021332735,-0.5013963,-1.1159495
-0.17260414,0.099250734,1.2523896,1.6260861,1.317721,0.7577048,0.09527911,-0.24051149,-1.1260147,-1.2622524
-0.021861624,0.94789493,1.3854736,2.2316778,1.8526627,0.8148807,0.37952033,-0.28437576,-0.69235206,-1.283057
-0.13253504,0.48707205,1.5602552,1.3270534,1.4010364,0.9330762,0.4048332,-0.038567647,-1.0312591,-0.65338546
-0.19311273,0.4666385,1.6667125,1.8754406,2.3167303,0.65636384,0.5147215,0.20091006,-0.8799216,-1.1563543
0.2523311,0.26433834,1.7285643,2.8974895,2.337579,1.2903105,0.69664425,-0.22846365,-0.771016,-1.4536077
-0.17428234,0.79536486,1.7972449,2.2382727,1.9524873,0.2625705,0.48646808,-0.21447928,-1.1584759,-1.8216784
-0.58884555,0.68851644,1.2423241,2.0417612,1.350237,0.17226458,0.4082209,-0.38196033,-1.0809039,-0.7560114
-0.4212257,0.550295,1.3987317,1.5758071,1.3908278,0.5945874,0.1832853,-0.13354944,-0.9190025,-0.9902262
-0.47594193,1.2271527,2.247834,2.78301,2.6961217,1.2218422,0.9082525,-0.50188893,-1.6017542,-1.1730866
-0.3445948,0.95370543,1.6534877,2.357292,1.7777269,0.5455096,0.116066456,-0.6456556,-1.7755371,-1.3929795
-0.10967644,0.9718809,1.8836612,1.9371651,1.547313,0.79616475,0.9467358,0.05910307,-1.1296637,-0.7244715
0.15908185,0.5589668,2.356758,2.9705746,2.8607366,1.7538233,0.6346565,-0.34209636,-1.7606258,-1.3060883
-0.4000294,0.43143684,1.9011575,2.6156712,2.0677385,0.45788568,0.17966506,-0.46938935,-1.5877845,-1.4534887
-0.31446388,0.71537423,2.110169,2.1222174,2.1050143,0.86451334,0.46425387,-0.4013971,-1.043185,-1.4284804
-0.35302037,0.6841491,1.3338082,1.8744843,2.0034099,1.1173699,0.4389856,0.40432936,-0.94816864,-1.322919
-0.32582542,0.5333755,1.712901,1.7232801,1.6210669,0.71866214,0.7260563,-0.0531665,-0.54942924,-0.8877723
-0.10974238,0.71111566,1.6579739,2.6648042,2.3739154,1.3118911,0.70303744,-0.10077288,-1.3074275,-1.6376166
0.20322725,0.45773432,2.6514924,3.0238838,2.6857991,1.8295743,1.251228,0.6281114,-1.2063794,-1.52983
0.16702843,0.5513921,1.8842738,1.7156074,1.5989789,0.8702487,0.6068201,0.12685266,-0.49755946,-0.8889928
-0.072837375,1.0196508,1.5758785,1.8211068,1.7222538,0.50508857,0.34555554,-0.23190422,-0.83599573,-1.1626313
-0.25051317,0.7598401,1.8213017,2.5897183,1.8307555,0.6971416,0.15562804,-0.41305792,-1.1869391,-1.06187
-0.07456401,0.017858313,1.2528012,1.7576029,2.0399435,0.49236715,0.017876144,-0.12901478,-0.6595877,-1.6432401
-0.12864405,0.8884911,1.0350156,1.6098114,1.1398757,0.5324854,0.07377932,-0.2887667,-1.0172071,-1.0544504
0.17146549,1.1755011,2.922763,3.413315,2.885982,1.839272,0.49448246,-0.3428284,-1.5755575,-1.1042567
0.23000354,0.2803325,1.4497705,2.2470949,1.8969984,1.0922904,0.9372488,0.13873637,-1.4214797,-1.5622388
-0.68660134,0.74850464,1.7316831,2.3310735,2.4499629,0.8747839,0.4650697,-0.20555176,-1.5204198,-1.7441772
-0.16080087,0.4581863,1.4348425,1.7053765,0.9486824,0.47441846,0.55359,-0.41794604,-0.9749384,-0.91052985
-0.21442214,0.5793486,1.4045696,1.4257734,1.6990012,0.7492731,0.30117813,-0.08182637,-0.56052333,-0.49823144
0.22642303,0.48292756,1.7956405,1.7808793,1.6939918,1.7039241,0.80529976,0.094672225,-1.0223862,-1.3780693
-0.10255756,0.541414,1.3967721,2.0789492,1.9078014,0.67963916,0.6873402,-0.5156419,-1.2589356,-0.7410255
-0.23454487,0.030755216,1.3389028,2.2669716,1.9017936,0.54158235,0.53252053,0.045938574,-0.86166644,-1.4916576
-0.7327199,0.70953757,2.0118124,1.7677379,1.4150385,0.52781755,0.56792474,-0.21803956,-0.21940744,-0.736099
0.039358035,0.016548024,1.2704483,1.7208853,1.7377661,0.5059342,0.64746875,-0.27538347,-0.5974014,-0.8736829
-0.26785603,0.8197263,1.3883567,2.360558,2.6207376,0.912073,1.1270916,0.5476388,-1.0942713,-1.464893
-0.059486017,0.8197344,1.029609,1.1838454,1.6374942,0.881001,0.44795135,0.16460602,-0.23827955,-0.56431705
-0.208258,0.4978753,1.5632201,1.8878983,1.6978548,0.29969943,0.10033269,-0.54298156,-0.5171905,-1.4072835
-0.49785313,0.44588596,1.8001895,1.9287734,1.4889661,0.68656266,0.6411364,0.33404016,-1.0247908,-1.1902918
-0.61170065,0.18649012,1.4488915,2.45938,2.029223,0.4549544,0.75618213,-0.09861938,-1.0473745,-1.5409621
-0.012241768,0.65673935,2.0090642,1.5908749,1.6296022,0.8253123,0.2651307,-0.0782867,-0.6468388,-1.000455
-0.09249146,0.23106146,1.0220599,1.4903227,1.6492165,0.8606355,0.57084197,0.13719113,-1.4273932,-1.1942536
-0.32499167,0.6447688,1.8595189,2.2485795,2.0745263,0.78036404,0.7784081,-0.26697147,-1.365544,-1.215184
-0.10798294,0.16586846,0.8810769,0.9955499,1.0837357,0.5090725,0.13223433,-0.27579427,-0.6995222,-0.6725701
-0.46351722,0.52945215,1.3479503,1.5155979,1.4077164,0.7084618,0.9584106,-0.45885682,-1.014301,-0.7261084
0.14784679,0.3259217,1.4373001,2.0758655,1.3621061,0.8093912,0.48312443,-0.04229122,-0.54171824,-1.0607955
-0.8263419,0.7783381,1.5405021,1.3619422,1.2916799,0.15707405,0.07357398,-0.75474924,-1.3929503,-1.6171991
-0.64337915,1.4393833,2.4180229,2.9825091,2.4208379,1.0310346,0.9606157,-0.53329784,-1.5457366,-1.6976354
-0.20115194,0.97687244,2.5719252,3.4759295,3.084125,1.5037874,0.5133555,-0.69966924,-1.6918057,-2.3011017
-0.1090089,0.9014603,2.7010922,4.0624757,3.3327785,1.456902,1.0353613,-0.27853376,-2.0004182,-2.4625401
-0.70557094,1.5139822,2.8274798,3.4478858,3.2163138,1.8998731,0.6769471,-0.68474996,-1.4661356,-1.7321502
-0.62915784,0.50170106,1.5388591,2.1075883,2.0459352,1.0805588,0.2590849,-0.568032,-0.88917136,-0.8715677
-1.2446433,0.5334221,1.3117187,1.7696395,1.2048632,1.1029394,0.85811776,0.6045655,-1.213677,-1.5207641
-0.14001182,0.49330583,1.4194921,1.9437292,1.6147219,0.56735575,0.97768986,0.36708552,-0.73146814,-0.99991405
-0.6604858,-0.13028124,1.4434991,2.018134,2.0755517,0.67891616,-0.009191202,-0.47460428,-1.316593,-1.5658804
-0.20968986,0.20344983,0.8824755,1.3166497,1.3071628,0.55799854,0.50682235,-0.2254454,-0.7655345,-0.69792604
0.08989931,0.34764567,1.5832782,2.656852,1.7133734,1.1095135,0.9575203,-0.19474584,-1.1613535,-1.0500662
-0.5084841,0.2520089,1.3401201,1.7429191,1.8712142,0.5917278,0.16681063,-0.41579142,-0.8103151,-0.9201871
-0.14055386,0.5153381,1.6050014,1.2840943,1.3701308,0.2422737,0.25567785,-0.19780368,-0.7903411,-0.9684493
-0.27952063,0.88239837,2.0198777,1.6740103,1.8564199,0.68823564,0.50796366,0.00535109,-1.18563,-0.7826563
-0.48170385,0.7998238,1.7807326,2.6101234,2.231377,1.036736,0.73275197,0.22086966,-0.84650946,-1.9224973
-0.25853425,0.3521641,1.369253,1.5818511,1.7270408,1.0015657,0.82917625,0.07418274,-0.76046526,-1.3112899
-0.44528273,0.8369312,1.4582747,2.1290884,1.4751171,0.8173444,1.0437102,-0.21876511,-1.0591143,-1.2364501
-1.2264421,0.48832682,1.9990224,1.9871827,1.2985089,0.6425823,0.79124236,-0.33417064,-1.5249155,-1.3724041
-0.4337073,0.7917594,1.6597054,2.099912,1.2702049,0.1510673,0.19033004,-0.57378775,-1.1554353,-0.85403544
-0.6180024,0.6325564,1.4141586,2.527148,2.1201587,0.7468534,-0.08974407,-0.7415276,-1.2477739,-1.1385369
0.22845933,0.60825574,1.9605058,2.1722867,2.1545653,0.995813,0.5532545,-0.051920287,-1.4290396,-1.2722763
-0.22529703,0.35476285,1.5301603,1.8688031,1.3673006,0.9549197,0.6302118,-0.24113381,-0.8836739,-0.5667093
-0.8273478,1.2245336,2.1227393,2.607218,1.9041787,0.5131287,0.8370636,-0.17154029,-1.2509475,-1.2299303
-0.13079366,0.6280496,0.93073195,1.2035153,1.437899,0.8057224,0.71323794,-0.31248778,-1.2462492,-1.06302
-0.27715713,0.56922996,1.8195204,2.2161438,2.4942775,1.3298428,1.0212995,0.13663073,-0.85473716,-1.0224717
0.114258036,0.47038448,1.1580433,1.7403848,1.5732355,0.5070997,0.5963832,-0.15121645,-0.8111498,-0.86096907
-0.8608696,0.5498026,2.1962042,2.6769302,2.3200326,1.2764889,0.49735725,-0.72474414,-1.2393305,-1.5108632
0.19367343,1.1534077,2.2471955,3.019878,2.4904172,1.1709818,0.6423067,-0.5318724,-1.5639691,-1.419163
-0.2773296,0.96464455,2.054416,2.0209496,1.6020395,0.18130577,0.6857028,0.022832442,-1.2393531,-1.4110757
-0.04342376,0.11970636,1.1624256,1.6420085,1.5516694,0.7140618,0.6299927,-0.21966326,-1.0545609,-0.7343673
-0.7776868,0.7336755,1.6913813,1.7949722,2.0549881,0.79473794,0.4693405,-0.33079538,-1.3850125,-1.7781991
-0.20224363,0.77760625,1.6573623,2.1677175,2.1839485,0.97153485,0.836738,0.12825172,-0.8501983,-1.1505523
-0.47559616,0.34544644,1.0268207,1.57664,1.4088162,0.5281704,0.19435745,0.071169496,-0.815506,-0.7651546
-0.13997248,0.5093826,1.7372607,2.354962,1.6307803,0.82345325,1.1373999,-0.40883595,-1.6897249,-1.171426
-0.93714404,0.64028144,1.4827895,2.028428,2.1311493,0.9822676,0.7598559,-0.20828274,-1.24453,-1.4182538
-0.8545921,0.80794364,1.7413102,1.7523869,1.4035418,0.4525246,0.34294719,0.15289493,-0.7112932,-0.993836
-0.3477137,0.37802124,1.4428753,2.0234604,1.8079848,0.89100903,0.34060368,-0.08460456,-1.3255262,-1.4020396
-0.3098003,0.3271615,1.0814327,2.009088,1.0027621,0.49325663,1.0064543,-0.045458794,-0.48618057,-0.97819006
0.49454686,0.39625695,1.5581445,1.67951,1.9402992,0.84260833,0.6160062,0.09622487,-0.8580446,-1.2931699
-0.59811264,0.5765111,2.4894757,2.5292363,1.9457976,0.71889794,0.37025872,-0.41896814,-1.0262609,-1.5343022
-0.018139016,0.46211973,1.5363214,1.661142,1.3262954,1.1181893,0.77820075,0.08830466,-0.77263224,-0.9122725
0.14352506,0.49461547,1.7377095,1.9710318,1.6248907,0.5808061,-0.021040702,-0.61476004,-0.81257045,-0.81076026
0.059918422,0.9136069,1.8778114,1.8592107,1.9698635,0.69056016,0.51438284,-0.23457056,-0.9620819,-1.3243996
-0.57125753,0.9395995,2.3037586,2.887269,2.5155897,1.0373256,0.77200073,-0.16679524,-1.3691465,-1.6606687
-0.28205776,1.0816427,1.9922801,2.452165,1.9647468,0.86667055,0.7394619,-0.35176814,-1.6652008,-1.1979045
-0.47124022,0.7709973,1.6914768,2.1074102,1.3042259,0.82625186,0.046332806,0.18929996,-0.931655,-0.88946927
-0.4850364,0.3664824,1.2446324,2.214633,1.7415357,0.7564637,0.7377147,0.057148747,-1.3100849,-1.2225041
0.1651865,0.7696049,1.1701907,1.4861789,1.3116112,0.3867486,0.34411147,-0.08945336,-0.83910286,-0.8207935
-0.7666016,0.2612635,1.1551245,1.8732202,1.3873525,0.33916423,0.96199846,0.05006721,-0.7660841,-1.207002
-0.34754732,0.3658471,1.3211149,1.8948227,1.5374292,0.3370923,0.6186338,-0.51570016,-1.1887149,-1.3147477
-0.01500839,0.4541167,1.4261917,2.2247183,1.9054668,0.71688074,0.1015989,-0.38847092,-1.2829452,-1.5374851
-0.8976743,0.92549634,2.2913444,2.053315,1.470244,1.0306773,0.5164619,-0.067621194,-1.3043832,-1.0913391
-0.38507718,0.5947864,1.6626194,2.2588267,1.7022514,0.7724905,0.41262057,-0.30926076,-0.9403575,-0.99247384
-0.66090655,0.7718727,1.3428847,2.21792,2.006267,0.8127039,0.2967725,-0.037752822,-1.224211,-1.24255
-0.05263374,0.913744,1.867729,2.564304,1.6067525,0.9651307,0.39009553,-0.31127957,-0.8184863,-0.9140831
-0.38803196,0.26273176,1.3203322,1.9642845,1.3784935,0.34257045,0.11858952,-0.37090248,-1.2391144,-1.6717892
-0.067669,1.0003179,1.6973501,2.364489,1.8718314,0.67596304,0.2910551,-0.42289835,-1.4037057,-1.4693393
-0.74179906,0.4164664,1.2956254,2.1527052,1.3023759,0.49672246,0.53069615,-0.48921663,-0.9369925,-1.0001383
-0.11457948,0.9429377,1.7136813,1.4711508,1.3728774,0.3936051,0.30891067,-0.16090025,-0.8102722,-1.0323777
-0.39046746,0.5134203,1.614414,2.3051417,1.7380368,0.59535354,0.8663625,-0.4115554,-1.6747482,-1.0798458
0.06675961,0.7321812,2.56419,3.067973,2.4125834,1.2429292,0.6972057,-0.43961334,-1.2677499,-0.87004423
-1.4680161,1.1823158,2.51464,3.5248349,2.6160936,1.4079964,0.5810455,-0.728523,-1.6118057,-1.5178324
-1.5465825,1.4153541,3.696366,4.053337,3.7265797,2.4127018,1.1008282,-0.12766054,-1.5299115,-2.055879
-0.2938976,0.8388698,1.4475155,2.2822578,1.6172702,0.5833445,0.9749143,-0.04831105,-0.89749473,-1.4769161
-0.55953634,0.557864,1.4624354,1.2842922,1.6337396,0.43325981,0.35339427,-0.30242693,-0.5875029,-1.3575532
-0.12618765,0.2959895,1.4823478,2.136698,1.7201667,0.5022266,0.1683128,-0.32396373,-1.1343882,-1.1186302
0.005851741,0.5336983,1.1772178,1.8420142,1.2731031,0.47857893,0.53279245,-0.18191001,-0.9719102,-1.010326
-0.3722016,0.65467066,1.5922725,2.0804877,1.7235786,0.6376194,0.55894244,-0.2213342,-1.3625978,-1.3568829
-0.43201393,0.3717803,1.5259829,2.0270987,1.9017149,1.0532753,0.6757611,-0.15965101,-0.46569088,-1.0142511
-0.49753907,0.31220257,1.2113843,1.1911328,1.6643068,0.18967296,0.11055769,-0.07901095,-1.0681084,-1.2046748
-0.55655736,0.45653278,1.1976968,2.0267956,2.1049893,1.0847256,0.42237434,0.08996595,-1.0404558,-1.2080396
-0.17118204,0.2035875,1.6483746,2.0808308,1.8262489,0.91208106,0.30769703,-0.32225302,-1.2628323,-1.1871804
-0.3705538,0.95825005,1.4399496,1.9877111,1.6031108,0.90035456,0.5711071,-0.17636894,-0.9317725,-0.99867237
-0.24328646,0.35746893,1.5313772,2.205676,1.8559306,0.7310319,0.41074115,-0.4811137,-1.2045865,-1.5719087
0.09930803,0.604419,1.4111805,1.0840794,1.4258224,0.6315292,0.55326164,-0.18360339,-0.5932158,-1.0241355
-1.0323858,1.1478047,2.2772012,2.6845064,2.1470234,1.382006,0.999053,0.07376787,-0.68103516,-1.3281047
0.064248115,1.2358936,3.249972,4.00354,3.633338,1.8157716,0.040816024,-0.63061374,-2.0135405,-1.9580737
0.03828993,0.72255886,1.908835,2.0860221,1.9340713,0.95750344,0.72013295,-0.04671462,-0.755495,-1.4312379
-0.7336757,1.3694557,2.2798011,2.9457471,2.7623441,1.4442623,0.40900984,-0.2833454,-1.5026288,-1.099653
-0.5375865,0.63231415,1.3739179,1.7402785,1.5466532,1.0012786,0.4987502,-0.4736951,-0.55471665,-0.5986907
0.068282366,1.0481316,2.1318998,2.8961046,2.6492536,0.99158895,0.41755527,-0.10903081,-1.4242291,-1.3997442
-0.3059328,0.17904937,1.5539607,2.4469686,2.3950665,0.3902182,0.4190392,-0.21173318,-1.4474877,-0.6004082
0.29302981,0.9583499,1.9329956,1.9332513,1.6882801,0.7136016,0.47421497,0.17048497,-1.2133472,-1.0934043
-0.5536387,1.0523524,2.397439,3.0088806,2.4614103,0.7501626,0.36722973,-0.52895844,-1.7374663,-1.7108864
-0.5143087,0.4489303,1.4714463,1.5411762,1.8091016,0.5689019,0.4830408,-0.57336766,-1.6109276,-1.2035303
-0.123423524,0.39414713,2.3807652,3.1506753,2.0988472,0.8916859,0.15511905,-0.3617518,-1.449828,-1.4116029
-0.30332297,0.96723574,1.8303741,2.3429248,1.7872304,0.68230283,0.24395162,-0.4515102,-0.97496414,-0.9635019
-0.09577337,0.32736138,1.1193885,1.5191133,1.5420758,0.5694947,0.37725464,0.07863005,-0.69110245,-0.9106641
-0.5555722,0.34266296,1.1427215,1.924201,1.5537195,0.37826237,0.7893503,-0.02222137,-0.7838935,-1.2005596
-0.58313644,-0.4554993,0.95177513,1.595249,2.022129,0.9406024,0.5617407,0.0733765,-1.1887121,-0.9282634
-0.68265074,0.90239257,2.185183,1.8199296,1.2855486,1.069038,0.45853594,-0.33844233,-1.0523698,-1.3446172
0.243833,0.69773495,1.7408843,2.1784525,1.9889337,0.77341753,1.2371378,-0.061558507,-1.1861073,-0.89830077
-0.36494985,0.9433739,2.338309,2.4753437,2.0738358,0.8930236,0.5384735,-0.31869668,-1.2301595,-1.0207363
-0.39068472,0.5439207,1.1654636,1.9298338,1.9295747,0.70583904,0.2532944,0.048030213,-1.2920232,-1.4369013
-0.3978983,0.8819294,1.5214751,1.6314806,1.1595812,0.864772,0.5431899,0.13470207,-0.72161907,-0.94097126
0.039146602,0.48798633,1.2294275,1.6605574,1.633693,0.65925825,0.6754073,0.22045468,-0.7174777,-0.8285396
0.13351956,0.98096573,1.9240181,1.7578046,1.4785448,0.8468092,0.98366404,0.033203613,-0.8961915,-0.64517796
-0.44874212,0.7007541,1.7202812,2.2788095,2.1832979,0.75002503,0.29551327,-0.5684883,-1.2359912,-1.2756596
0.3804791,1.3614038,2.164164,1.8420404,2.1467965,0.5722209,0.2392765,-0.02669168,-0.8767102,-1.1184771
-0.27363718,0.67418283,1.0108951,1.5508357,1.5869415,0.17367001,-0.3917342,-0.43734506,-0.67113453,-1.2617183
0.023847027,0.5128934,1.3728693,2.024747,1.240991,0.9733603,1.2336106,0.15877375,-0.9785609,-1.3122234
-0.41110387,0.5745429,1.7394612,1.9160296,1.5677766,0.49064273,0.7624564,-0.030451925,-1.243526,-1.311425
-0.076528855,0.6670783,2.0691383,2.4306045,1.9353708,0.8519736,0.4173052,-0.28467828,-1.395572,-1.2127748
-0.5262386,0.7846875,2.9537156,3.2642539,2.9699633,1.5707628,0.358324,-1.0349607,-1.781208,-2.33895
-0.4833695,0.3420767,1.4030999,1.7935417,1.8412473,1.3406721,0.7278838,0.17266561,-0.83081704,-1.2551619
0.13583857,0.60780126,1.3398528,1.5475074,1.0157355,0.8655502,0.8235344,-0.31069374,-0.98537874,-1.24587
0.015941147,-0.15284118,1.2241348,1.8905706,1.993256,0.48408502,0.23894325,-0.5203776,-1.150974,-0.99803674
-0.1454947,0.28036514,1.664055,2.8082435,2.3972652,1.3045056,0.8672069,-0.3552077,-1.3053075,-2.1691282
0.1995402,0.39679444,1.0358869,2.384401,1.9120358,0.8953937,0.32430783,-0.34465712,-1.2883536,-1.3879793
-0.2077001,0.60480154,1.7988425,2.0498505,1.4670464,0.674714,0.5359623,-0.07178488,-1.0413932,-1.2654086
-0.46626753,0.70329857,1.577534,1.7763541,1.4501371,1.0086592,0.1670719,-0.23124391,-1.1803379,-1.3488691
-0.40478134,0.5304898,1.688443,2.3623407,2.1792665,0.9637213,0.41144565,0.16366018,-0.8940758,-0.76080954
0.14422765,0.8417159,1.8007807,2.3544602,2.371835,1.2340535,1.1062402,-0.21431954,-1.7520599,-1.5971313
-0.8782486,0.07442727,1.6027125,2.2499692,2.0624075,1.145105,0.73584765,-0.11811314,-0.9981235,-1.1376845
-0.25268865,0.20173384,1.2859297,1.8190435,1.5875967,1.5340092,0.69455945,-0.3297998,-0.79124725,-1.2598947
0.12545669,0.09904879,1.6822089,1.7038729,1.6552806,0.31742057,0.22789988,0.13836773,-0.91248447,-1.2814962
-0.046049334,0.59861606,1.3158734,1.5329368,1.8718642,0.45824575,0.282097,-0.31269178,-1.0816051,-1.1329918
-0.11579866,0.90096766,2.162407,2.4978132,2.6236758,0.95052934,0.6971608,0.28813282,-1.6308424,-1.5087008
-0.5167863,0.09383638,1.1601266,1.5057178,1.0797534,0.48412818,0.54719603,-0.0037493915,-0.8887914,-0.6541292
-0.4106385,0.5315726,1.6233164,2.0888107,1.3159194,0.4526155,0.5826341,-0.6874565,-1.3514372,-1.9122639
-0.72094893,0.3569446,1.5194862,2.3354115,1.6980685,1.4063684,0.8375499,0.43829504,-0.9747355,-0.7545618
-0.29494616,0.67664754,1.7739929,1.7211232,2.243387,1.0424002,0.13567732,-0.26477626,-0.69355685,-1.1689912
0.011647781,0.29627764,1.6807177,2.600199,2.119157,0.79808384,0.088199295,-0.21115822,-0.84824276,-1.1596235
-0.71205914,0.78285986,2.0742586,1.7356559,1.447705,1.0133741,0.293219,-0.16553563,-1.1323754,-1.395851
0.013290172,0.750875,1.3069208,1.9256402,1.5871779,0.8290515,0.8004882,-0.29286182,-1.1168728,-1.258085
0.037091717,0.7199781,1.6001389,1.8310194,1.7935151,0.89919865,0.294858,0.32004616,-0.5442973,-1.2116703
-0.26929748,0.3376658,1.1881287,1.5546176,1.3208348,0.71713024,0.3801962,-0.10293518,-0.6420345,-0.9632853
-0.5404071,0.77815306,1.4128891,1.8787795,2.1623046,0.6076869,0.28184608,-0.12397683,-0.70057523,-1.1895756
-0.3753229,0.4557838,1.9176055,1.7010382,1.3516699,1.0753671,0.49831176,0.11830987,-0.7812122,-0.77884823
-0.18967661,0.05469796,1.0439742,1.8849492,1.25972,0.61571294,0.44544303,-0.14699636,-0.657525,-1.1390578
-0.084530234,0.34947744,0.8742563,0.7513482,1.514534,0.8551905,0.2599799,-0.17908198,-0.7236752,-0.44229797
-0.23546067,1.3150625,1.8715016,1.6996444,2.2821343,0.95808744,0.09409492,-0.24433097,-1.0397644,-1.4688995
-0.3634962,0.26354006,1.663861,1.9013447,1.2069838,0.58639395,0.51593006,-0.07060173,-0.85519266,-1.2092507
-1.0179632,1.320904,2.0298767,2.384866,2.0859852,1.1393497,0.6790649,-0.63168424,-1.8990581,-1.7158823
-0.2313931,0.75955015,1.7813115,2.4746075,2.050923,1.0154961,0.76135695,-0.0044401637,-1.7981426,-2.3538327
-0.25806886,0.52771115,1.8548819,2.3519382,1.7932215,0.27222338,-0.15103209,0.20589979,-1.0691903,-1.1238097
-0.05646553,0.32321528,1.5786973,1.0646008,1.3258331,0.4167629,0.23918727,0.060751226,-0.31406328,-0.88704485
-0.43475986,1.0109079,1.4151641,1.9173814,1.3050561,1.1376188,0.46719372,-0.027613254,-0.20007867,-1.0117129
-0.31911168,0.2642167,1.1544245,1.7097961,1.3265753,0.3503471,0.13456352,-0.43877375,-1.2472227,-1.0274051
-0.44884694,0.6339712,1.3059409,1.9675261,1.6339204,0.6886312,0.481503,-0.3749181,-1.144622,-1.006695
-0.1595197,0.28301156,0.9200302,1.5653024,1.3920877,0.74458647,0.6657181,0.074636035,-0.81916547,-0.51137376
-0.2276546,0.6067917,1.3447663,1.8189342,1.5100425,0.5158864,0.1073498,-0.08752227,-0.6387088,-1.1561407
-0.22016189,0.66335976,1.1443516,1.6595147,1.4253424,0.5132832,0.6114849,-0.041521538,-0.936551,-1.0071504
-0.42231897,0.39437664,0.723476,0.88457423,1.162982,0.24881218,0.19692399,-0.28076023,-0.508563,-0.92225987
-0.3940101,0.19673051,1.0503285,1.5683272,1.3942558,0.3119381,0.4596315,-0.33765694,-0.94343865,-1.2364999
-1.0416223,1.1342901,1.919905,3.5249853,3.523934,1.7291657,0.9608818,-0.19414505,-1.7775123,-2.0464752
-0.30648342,1.3649242,2.9227371,3.8563688,2.829509,2.1009815,0.85832906,-0.23803635,-1.7662557,-0.6631769
-0.56765527,0.595851,2.8129518,3.3722732,2.8010912,1.450536,0.7024374,-1.065286,-2.1264033,-2.096975
-0.19355652,0.27347094,0.9826612,1.2974594,1.4629674,0.7281402,0.5253453,-0.35497853,-1.0313468,-0.8869336
-0.32824925,0.04669919,1.0899417,1.8788921,1.7721217,0.7990422,0.43248236,-0.46733743,-1.3341874,-1.0482383
-0.31696218,0.5642383,1.9941708,2.6065757,2.3525834,0.9266068,0.85396504,-0.19300944,-1.1775889,-1.5017201
-0.37434015,0.8666606,1.8436731,1.797166,1.5385777,0.5359604,0.23825893,-0.5237494,-1.0480483,-0.8530729
-0.41522568,0.68089384,1.6934102,2.3227546,1.8345562,0.9206351,0.5143278,-0.25504008,-1.2698964,-1.4021096
-0.121099524,0.7667322,1.5070643,0.9303639,1.4901396,0.382136,0.5010538,-0.062799126,-0.35863292,-0.86970466
-0.11277323,0.35337022,0.95605755,1.6463261,1.6098255,0.53174025,0.6584277,-0.18503168,-1.0364717,-0.8550959
0.2793332,0.6332272,1.5881399,1.3987322,1.4143894,0.7066217,0.6681021,-0.14840889,-0.6456404,-0.39409903
-1.2232026,1.2007465,1.8045986,1.9213945,2.148061,0.95072126,0.5491907,0.1988858,-1.2514876,-1.3054129
-0.101921946,0.715492,1.5478055,2.0917556,2.196841,1.0406988,0.3467054,0.2509207,-0.5763365,-1.2263801
-0.6385494,0.4189736,1.843854,2.242919,1.4388769,0.75796974,0.50804347,-0.21739064,-0.7201253,-1.0485016
-0.2599867,0.20571294,1.2194811,1.907576,1.7213657,0.35448247,0.45177242,-0.02124362,-0.5714295,-1.1841226
-0.6043598,0.6511753,1.5416064,1.7654188,1.3466549,0.54173374,0.18438308,-0.5322736,-1.1273172,-1.3615872
-0.049115814,0.1755445,1.2023079,1.935676,1.5694747,0.7895656,0.7912676,-0.31696725,-0.96857035,-1.0003585
0.28611508,0.6132824,1.6948501,2.0324914,2.1764426,0.6223534,0.5449222,-0.1937287,-1.2222471,-1.0793494
-0.50444216,0.28181,1.3414259,1.4256593,1.457903,0.40117866,0.4463421,-0.12652473,-0.8158204,-1.118761
-0.22443184,-0.020493507,1.1001773,1.8234491,1.8348151,0.9157288,0.30845317,0.17835654,-0.5547021,-1.0610635
-0.16945127,0.6381512,1.8075275,1.788407,1.8676939,0.49625552,0.47755998,-0.12759987,-1.0256469,-0.78827345
-0.42069456,0.8580581,1.4036199,1.7941911,2.0913167,0.5989321,0.30295077,0.00074086385,-0.58059573,-1.411512
0.05943249,0.5850749,1.2010995,1.3959061,1.1562462,0.9386153,0.8349966,0.24947268,-0.88230765,-1.2156916
-0.67841303,0.42212468,1.8629652,2.693441,1.8296043,1.1179274,0.31126854,-0.20265903,-1.754086,-1.3044275
-0.46089977,0.24284668,1.5946685,1.1702286,1.3577906,0.6670919,0.118253395,-0.05941826,-1.0058491,-1.0075206
-0.1565668,0.07913596,1.456477,1.6618133,1.2274599,0.34605637,0.0309676,-0.30943188,-1.1178025,-1.1606983
-0.13745931,0.48396057,1.3205227,1.3278495,1.3970106,0.4546981,0.48448753,0.035179242,-1.3304935,-1.618334
-0.82239515,1.1117178,1.6871253,2.3416219,1.8053296,0.8234295,0.5621672,-0.022466429,-0.5700484,-1.3669344
-0.38895255,1.0235832,1.8920838,2.0118778,1.8316696,0.89668983,0.5975035,-0.6157458,-1.2947104,-1.1622347
-0.40623167,1.2428111,2.3805318,1.9494597,2.0354621,0.42581984,0.345105,-0.2859297,-1.4041772,-1.3499901
-0.44581524,0.43038747,0.94097817,1.8797573,1.7339752,0.49753094,0.23531258,-0.057925656,-0.6432843,-0.7085009
-0.30576077,0.18187,0.9693141,1.6855205,1.6078279,0.5162392,0.4994983,0.32645023,-0.6388027,-1.0334315
-0.506297,0.3826436,1.8530916,2.691809,2.443821,1.2501488,0.6453742,-0.24942788,-0.9763944,-1.2815458
-1.3436475,1.4411026,2.53923,3.2029817,2.7494159,1.262666,0.19184266,-0.6045094,-2.0670412,-2.4091215
-0.043897074,0.8909314,1.0973215,1.6071941,1.8648735,0.9105674,0.11467907,-0.17880386,-1.1186539,-1.3114518
-0.6607486,0.6223128,2.0309026,2.4052317,2.5679708,1.6655656,1.5058106,0.3772422,-1.1684797,-1.7977942
-0.3181434,0.653142,1.3402548,1.4193126,1.3173913,0.75480413,0.44795832,-0.015141381,-0.1669157,-0.89899445
0.5175777,0.5289156,1.881897,2.5696235,2.3071086,0.52596736,0.6602128,0.10180643,-1.4940414,-1.5604486
-0.8369253,0.59751797,1.5718393,2.42539,2.359524,1.1808007,0.729136,0.2756772,-0.60910904,-1.0922608
-0.36559156,0.63803947,1.1002679,1.8335284,1.5216872,0.530307,0.8656759,-0.15951625,-0.77711535,-0.98648614
-0.032119352,0.28196138,1.2586694,1.4284369,1.4414018,0.23974754,0.36229834,-0.16697934,-1.215437,-0.7072285
-0.49530813,0.6291814,1.3874235,1.18056,1.4391141,0.4411736,0.25808978,-0.33803365,-0.91456795,-1.2391444
-0.5292645,-0.15398017,1.1389761,1.9965965,1.150777,0.6794677,0.30298135,-0.12292464,-0.7951212,-1.0528497
-0.08108006,-0.027195988,1.565484,1.6782763,1.6748757,0.6654224,0.4558279,-0.37804586,-0.6322602,-0.39194798
-0.14995548,0.2142126,1.6235429,1.319228,1.2554327,0.25636297,0.7437645,0.287982,-0.8826884,-1.5041953
-0.4592805,0.5568471,1.618498,2.143668,2.20103,0.7025584,0.2664987,-0.42547396,-1.2710702,-1.209718
-0.25352812,0.8364431,1.6013993,3.0730445,2.3432305,1.0025165,0.7105733,-0.42188042,-1.4781232,-1.3544605
0.069402725,1.067778,3.2313807,2.9149103,2.6050215,1.34363,0.17448805,-0.3660888,-1.5454621,-1.8432977
-0.5497377,0.3819829,1.272912,1.5745988,1.8273844,0.8677621,0.33046138,-0.43769684,-1.1098434,-0.8129261
-0.06662947,0.26667476,1.8494242,1.99057,1.5266933,0.547199,0.8279984,-0.19859374,-1.0572939,-1.3084106
-0.05242324,0.33126885,1.5520065,1.7790661,1.5506351,0.36546972,1.034199,0.1729428,-0.9513589,-1.0173998
-0.8543234,0.5904394,1.9204829,1.8711044,1.5303996,0.29058695,0.46082416,-0.059857808,-1.4465997,-1.7249707
-0.73612195,0.3813889,1.3931032,2.1244526,1.6810038,0.50203997,0.12563084,-0.3149113,-1.0840504,-0.8664033
-0.18128014,0.8893932,2.2444835,2.841464,2.1397526,1.387226,0.59220964,-0.4832399,-1.502033,-1.7039962
-0.31002405,0.6463536,1.3653927,1.0191052,1.2548121,0.85436696,0.34639284,-0.21196167,-0.9066898,-0.54152113
-0.47511232,0.79174244,1.7131714,1.9477973,1.6596764,0.886564,0.7720314,-0.52080286,-1.2564939,-1.4460201
-0.058968425,0.37072426,1.9620471,2.4409337,1.8434607,0.6977528,0.50922143,0.11325635,-1.0022519,-0.90840834
-0.23150161,0.39258406,1.4473829,2.075703,1.7299991,0.7149048,0.53889066,-0.22075738,-0.65193933,-1.4711975
-0.018754665,0.21318793,1.8759767,2.2271554,1.5695901,0.71580607,0.45720214,-0.18583888,-0.7612492,-1.6053559
-0.4774223,0.72406423,1.7967702,2.5365067,2.1237893,1.2764026,0.9715705,-0.41729158,-1.3680415,-1.2597213
-0.21102428,0.84288865,1.5675148,1.9278033,1.6148483,0.67135286,0.70284176,-0.10600966,-0.7263466,-1.178366
-0.20603633,0.69912356,2.047868,1.7986594,1.9025693,0.96404874,0.6451886,-0.17511265,-0.57237226,-0.91236
-0.45651487,0.3202493,1.3191987,1.3590622,1.6647112,0.53713495,0.22093031,-0.16752145,-0.5804571,-1.4363332
-0.3035246,0.781595,2.0027637,2.0778675,1.4863955,0.4727496,0.13611461,-0.46498924,-0.98083353,-1.0217681
-0.6252983,0.56451374,1.5015044,1.7260808,1.6244627,0.46431065,0.87502694,0.20974809,-1.1797395,-2.4767773
-0.36250564,1.124305,2.353065,2.0736306,1.874325,0.7866211,0.80144036,-0.2257722,-1.0402468,-0.9814877
0.17493048,0.13449529,1.3767058,2.1702187,2.2461312,0.93976325,0.5839956,-0.04059899,-0.7240765,-1.4142535
-0.15174824,0.5441195,1.3259928,1.4535669,1.7331733,0.69641,0.67441744,0.19019908,-0.95048755,-1.0433123
-0.092832126,0.5586821,2.0406463,2.7477925,2.2332752,1.1963065,0.7789928,0.042893063,-1.8009323,-1.5713125
-0.67924917,1.0052003,1.3817953,1.6599704,1.543991,-0.06401194,-0.016714606,-0.35284016,-1.4778316,-1.0522112
-0.27230793,0.2249421,1.6450429,2.2789612,1.8416866,0.40439558,0.5218412,-0.59884524,-1.0254039,-1.2351717
-0.2718398,0.2508494,1.4478065,1.9737517,1.922102,0.87935066,0.041939683,0.1499395,-0.8632456,-1.0953968
-0.44306105,0.49589446,1.4588519,1.9583082,1.4924448,0.6444325,0.55691165,0.2849069,-1.0372797,-1.2480689
0.020990426,0.5261801,1.4891388,2.1370556,2.1743822,0.71596986,0.659458,-0.052053306,-1.2053467,-1.2157778
-0.3871138,0.9394173,1.389524,1.291122,1.9219832,0.6058306,0.004586771,-0.37329456,-1.081138,-1.1709844
-1.0105972,0.76610917,1.7848886,1.8997569,1.949793,1.3491398,1.0574003,-0.31712228,-1.0560362,-1.5153981
-0.5249435,0.3830653,1.6017612,1.7458743,2.141885,1.2231051,0.92366576,-0.32142964,-0.799774,-0.8741545
-0.55118716,0.54837245,2.0314503,2.221358,1.7275913,0.7843229,0.1792319,-0.44979668,-1.524019,-1.0675669
-1.265069,1.0235423,1.9250747,2.230791,2.1219852,0.5294093,0.44873804,-0.08041953,-1.7544746,-1.241961
-0.7178138,0.71131784,2.1239731,2.215056,1.8876792,0.7003513,0.4991833,-0.4909021,-1.4933552,-1.2184852
-0.4365094,0.90182346,1.691591,1.9787163,2.111636,0.6649823,0.09664266,-0.5680715,-1.2139846,-1.0339628
-0.20282376,0.8486455,1.5849203,2.0640898,1.7509524,0.55613303,0.21252447,-0.5874571,-1.2155797,-1.0491698
-0.15919879,0.336415,1.2424209,1.9240457,1.7171967,0.7046329,0.5751174,-0.36396316,-1.3086209,-1.3556775
-0.4877377,0.27162954,1.2009143,1.4958582,0.85441685,0.35731497,0.750455,0.075794905,-0.8282214,-1.1794099
-0.49539325,0.7188264,2.0100207,2.1778424,1.8600359,0.6311884,-0.0067201536,-0.4315254,-1.0421784,-1.4427733
-0.1633665,0.4461794,1.4192203,1.9658132,1.467918,0.58850586,0.53314066,0.6261632,-0.4285645,-1.0186125
-0.38189763,0.5725065,1.9958016,2.7289834,2.4991028,1.0096811,0.44780463,-0.38959906,-1.6733725,-1.7596053
-0.5073674,0.37504506,1.2826687,1.534364,1.1814878,0.35878465,0.040363416,-0.4627819,-0.973034,-0.99750614
-0.008809894,0.79177,1.366505,2.2173898,1.4299879,0.6186418,0.6261425,0.3215971,-1.0832257,-1.0449693
-0.27687052,0.8034497,1.8458273,2.1283467,1.9094862,0.7438979,0.61526346,-0.598934,-1.1528262,-1.0799011
-0.26056963,0.705816,1.884605,2.0182269,1.4896029,0.9565785,0.4615322,0.0217287,-0.76870733,-0.9177888
-0.06735772,0.95432365,1.5330573,2.2829342,1.8827224,0.7671105,0.17789072,0.1472017,-1.2412928,-1.5949693
-0.3459596,0.19685274,2.0532851,2.4441082,1.8804014,0.8968368,0.78208816,-0.1246113,-1.5379808,-2.1044555
-0.16128287,0.118939415,1.811865,2.8391368,2.5795898,1.7022827,0.57664466,-0.31910038,-1.5432143,-1.5757661
-0.47723883,0.6511168,1.6303738,2.0364404,1.4865359,0.9166758,0.8001372,0.17270678,-0.7734595,-1.2114732
-0.4305367,0.11938186,1.7608116,1.8240227,1.878501,0.8588236,0.69424826,0.020313976,-0.8230752,-1.1467004
-0.19953847,0.62242246,1.5586082,1.2162428,1.3733448,0.35442057,0.44438022,-0.3169216,-0.69166917,-0.7759111
-0.2292619,0.8587404,2.8382826,2.8479526,2.6662354,1.383279,0.89262867,0.056607734,-1.2377241,-1.6755472
-0.110883005,0.35830763,2.4534492,2.8491423,2.4002595,1.7777126,0.32218093,-0.081529155,-1.4557528,-1.7449375
-0.27676526,0.62755877,1.6006427,2.1637905,2.3151634,1.0059168,0.5617468,-0.29059395,-0.98163795,-1.5639391
-0.0018950347,0.93433833,1.600628,1.5921862,1.283483,0.7688954,0.52296317,-0.19737983,-0.98207724,-1.0471252
-0.49034926,0.547317,1.7447994,1.5068403,1.7504171,0.4358898,0.19256671,0.02943733,-0.802781,-1.8551944
-0.64219624,1.2666444,2.9389944,2.2849355,2.097802,1.6003145,0.906722,-0.016754027,-0.84254926,-1.0582688
-1.0557158,0.6574949,2.8400085,3.650907,2.8510535,1.5019664,0.61689276,-0.14189681,-1.1691735,-1.9141183
-0.3066409,0.9672017,2.1319387,2.3567014,2.1082988,1.2321811,0.7065878,-0.09628429,-1.4586709,-1.1967521
-0.6723378,1.0603684,2.504398,3.2641616,2.8841944,1.0325116,0.7130586,-0.02618947,-1.3861463,-1.7447846
-0.5002318,1.0468047,2.161999,2.3227773,2.3016758,0.67294216,0.15403417,-0.502337,-1.3497584,-1.4050999
0.23374835,0.77096504,2.265377,2.5788324,2.20116,0.93233794,0.7572058,0.16577986,-1.1222587,-0.85786086
-0.67321587,0.1249606,1.495963,2.1825867,2.1873422,0.68057615,0.0006383993,-0.4890945,-1.3464588,-1.9074656
-0.63497925,0.998214,2.1369908,2.2159266,1.9830414,0.7359536,0.2445991,-0.034897055,-1.2934514,-1.5748217
-0.12924913,0.6385667,0.9694991,1.6345503,1.4825894,0.7185768,-0.16898477,-0.4885447,-1.045391,-0.67960095
-0.19718942,0.60474175,1.5986639,1.7419803,1.9793385,0.9217256,0.3932874,-0.41353694,-0.7738793,-1.2631966
-0.57527405,0.71329075,1.7353752,2.934117,2.3341978,0.7178945,1.1824837,0.47325397,-1.3177091,-2.0807796
-0.21380529,0.52793384,1.4279947,1.8366301,1.178761,0.9713203,0.6845003,-0.19886002,-0.8685125,-0.9109155
-0.37359872,1.0068922,2.1559591,2.3677068,2.1639752,0.5920925,0.36051145,-1.2049,-1.3038847,-0.6957302
-0.25996733,0.34453443,1.3795428,1.8517773,1.7810869,0.6729116,0.15434413,-0.050734464,-0.6819517,-1.35987
-0.47006536,1.0482458,1.840065,2.3471942,1.8910587,0.7359826,0.97970486,-0.25424045,-1.3792884,-1.2919477
0.1922693,0.48603997,1.7317506,1.6558689,1.6143064,0.9226706,0.82149935,0.32294154,-0.6689961,-1.0320331
-0.34752172,0.44657418,1.4124708,1.7568406,2.1148672,0.97800374,1.0846786,0.09569232,-0.84524184,-1.2848065
-0.53731287,0.7089521,1.467801,1.277133,1.4883435,0.4676013,0.85662,0.062764525,-1.0104498,-1.1485311
-0.8306952,1.3666017,1.6140094,1.7564528,1.1795789,0.58845866,0.30605018,-0.23572136,-0.53486043,-0.9100165
-0.11962148,1.4904388,1.9717569,2.7971284,2.3982344,1.2014092,0.67360264,-0.21725756,-1.8850907,-1.2627151
-0.37663278,1.31645,2.6329076,3.3349292,2.9959123,1.1981342,0.60379773,0.13239904,-1.4590756,-1.2101026
-0.6175651,0.8319512,2.6462808,2.4455612,1.6781683,0.7831608,0.4562598,-0.036892183,-1.5719545,-1.01196
1.1014091,1.6170847,3.5855927,4.3563523,3.6330886,2.2497315,1.1379751,0.013935045,-1.6647054,-1.7588392
0.43754396,0.38547185,2.3325682,3.7579627,3.6090508,1.7397681,1.3359401,0.22394781,-1.6339979,-2.1956553
-0.87061906,0.69641954,2.5087516,2.576522,2.043181,0.8259757,0.38647628,-0.51727355,-1.3375314,-1.1456424
-0.52684605,0.7291401,1.740744,2.0415971,1.9102644,0.96233964,0.40093276,-0.08408347,-1.3791497,-0.8972312
0.039333425,0.6985404,1.8402125,2.198309,1.8399307,1.3813566,0.7859573,-0.40996107,-0.96930045,-1.1566854
0.055880982,0.6927083,1.7098761,2.1181612,1.7043438,0.4418754,0.658489,-0.29093915,-1.5088234,-1.327324
-0.6177277,0.21131139,1.195171,1.421116,0.9019512,0.7205362,0.54912984,0.14200413,-0.80034834,-0.7760488
-0.2572148,0.008922556,1.4201175,1.6774219,1.2050802,0.2851735,0.8519446,0.24878363,-1.1775042,-1.3482199
-0.7041363,0.6886721,1.6032684,2.5432456,2.3743548,1.2128891,0.5900293,0.028595641,-1.3606945,-1.6245286
-0.25293833,1.279288,2.6325996,2.4759278,2.2020352,0.8054493,0.852017,0.29379293,-1.2905693,-0.9919326
-0.16872704,0.69473857,2.0495603,2.9366772,2.3788345,0.96223176,0.56419086,0.22376208,-1.3907019,-0.92085856
-0.9724396,1.0597465,3.0769973,3.6896384,3.1358287,1.1568422,0.46869177,-0.6476547,-2.2251172,-2.0722616
-1.1926501,0.41606474,1.9349463,2.645334,3.012092,1.569091,1.0589569,0.3354307,-1.156965,-1.7351266
-0.5102209,0.40776244,1.6595155,2.0320065,1.6567016,1.0415677,0.6539715,-0.59821737,-1.1885346,-1.340064
0.082847916,0.8752942,2.3454833,2.8228817,2.2936196,0.96761835,0.52000755,-0.1691398,-1.2302797,-1.13675
-0.46540675,0.5404224,1.386823,1.7943127,1.7113492,0.9196428,0.38173074,-0.52737546,-1.1392744,-1.1951103
-0.680399,0.93689895,2.47389,2.7297668,2.329923,1.4739596,0.9600514,-0.17277212,-1.0709745,-1.309009
-0.75753576,0.24868669,1.4859008,2.4295132,1.8297857,0.5785498,0.49034584,-0.6771088,-1.6378127,-1.4572942
-0.19972801,0.70061755,1.6979836,2.4608305,1.9759997,1.0255103,0.46803457,-0.30473197,-1.0005138,-0.7962127
0.12669416,0.6297088,2.4056952,2.9967952,2.7591653,1.5077325,0.7877896,-0.23146608,-0.99720967,-1.113502
-0.041899644,0.41902885,1.5343366,2.1270866,2.218903,1.1596137,0.91235083,0.13210483,-0.6346033,-1.6067718
-0.6431296,0.5317245,2.326118,2.445532,2.2520902,1.0266236,0.19251336,-0.49825037,-0.63362026,-1.3411156
-0.4067392,0.28596428,1.2941586,1.7147728,1.5963916,0.7714994,0.50652236,-0.25089663,-1.0811919,-1.1028233
-0.36357057,0.37944993,1.5592625,1.6246711,1.5923626,0.77333814,0.53873664,-0.21832275,-0.722899,-1.0698174
-0.15741724,1.1560255,1.7446995,1.3126283,1.1529561,0.2580386,-0.015087636,-0.3262931,-0.64026386,-0.86438864
-0.5156786,1.1612,2.3946123,2.1824434,1.5688759,0.8868143,0.83450055,-0.5451419,-1.0153961,-1.1439575
-0.5619749,0.70994663,1.8674123,2.427625,1.7677442,0.7217993,0.41732037,-0.22060649,-1.1655803,-1.3465371
-0.4791786,0.5956636,1.8522083,2.2769768,2.0080128,0.848741,0.33787933,-0.2536455,-1.1609546,-1.0962803
-0.19226527,0.4656084,1.4676548,2.1191926,1.8339739,1.0174645,0.83757716,-0.22985244,-1.0435894,-1.5824525
0.19475174,0.4964573,1.4448202,1.5412272,1.5758436,1.2743478,0.7129057,0.023556165,-0.8757326,-0.7791532
-0.5157649,0.3716949,1.6017513,2.4468005,2.2618864,1.1487987,0.68964654,-0.10658341,-1.1612762,-1.9498689
-0.0019534808,0.48452416,1.1949801,1.8499699,1.6487828,0.59185916,0.58219075,0.12305221,-0.9930768,-1.2134564
-0.56229633,0.08430011,1.63038,2.1076083,2.2410135,0.6313422,0.3976106,-0.1634128,-0.60775566,-1.499935
0.15967506,0.22686237,1.3241874,1.3449126,1.6408633,0.41122743,0.46888417,0.06312727,-0.6600835,-0.9589727
-0.19309491,0.65254027,1.509209,1.9949132,1.6187027,1.0700673,0.54543364,-0.040327776,-0.86653215,-1.4217298
-0.5692531,0.36939356,1.9440051,2.4854383,2.1764898,1.280384,0.54638433,-0.74797595,-1.4570587,-1.7816365
-0.15094304,0.7511679,1.9776119,2.1203313,2.119596,0.756002,0.19194196,-0.7465891,-1.2931645,-1.710804
-0.2603847,0.62178534,1.4008423,1.6793132,2.0181103,0.8854517,0.47539133,0.5047615,-0.7922228,-0.6492812
-0.8137621,0.5927156,1.3398486,1.7114882,1.6667234,0.7132268,0.40293154,-0.46198687,-1.0800252,-1.2122353
-0.4467983,0.8859578,1.6450866,1.9115912,1.645144,0.21639638,0.32926247,-0.26754728,-1.3548614,-1.5928137
-0.4252122,0.30984998,1.134941,2.4827201,1.6308327,0.5144724,0.8538882,-0.22844233,-1.105734,-0.97104
-0.5970084,0.49688056,1.1436327,1.3938591,1.5366682,0.45381612,0.048643842,-0.07991054,-0.672579,-0.9161782
-0.29597855,0.9964899,2.219032,2.5755866,2.0559738,0.9563514,0.78626126,0.07054292,-0.95471376,-1.2377996
-0.19904849,0.6029616,1.1390058,1.3382815,1.5940055,0.26994336,0.37540942,-0.011223737,-0.59017795,-0.79425216
-0.13185927,1.5194604,2.1123183,2.0892847,1.5670985,0.41514763,0.40758854,-0.7531575,-0.9212367,-0.89423436
-0.10221896,0.81818885,1.2801799,1.7950522,1.8194404,0.510305,0.19281098,0.09570859,-1.2920383,-1.1075203
-0.3570811,0.9611417,1.4459935,2.148176,1.5114982,0.7868644,0.33816472,-0.43172514,-1.2823577,-1.338602
-0.7671601,0.4279387,1.3783807,2.1693356,1.8369207,0.5582806,0.2621024,-0.19357698,-1.375913,-0.9566704
-0.4588605,0.3441248,1.2282504,1.6354796,1.2276794,0.69974774,0.2008422,0.0034657076,-0.65741867,-1.2099662
-0.3189151,0.48387095,2.2661643,2.964723,2.1964443,0.9939277,0.5030392,-0.55382556,-1.4719961,-1.8663232
-0.51709646,0.8578513,2.0382469,2.1773973,2.1265833,0.86471313,0.6334273,0.34774178,-1.0851272,-1.4955118
-0.40806782,0.91062933,1.8957047,1.771546,1.9319204,0.68002,0.033035234,-0.6513689,-1.3561348,-1.6809431
-0.19796613,0.5482818,1.8280253,1.5888191,1.1854849,0.42581242,-0.0021667257,-0.35882854,-1.1411642,-1.3104243
0.000114932656,0.60509133,1.1530144,1.6381829,1.6297623,1.0410422,0.25646582,-0.42160177,-0.96954066,-0.8241305
-0.8211839,0.81682324,2.1067417,2.092669,1.6505542,1.0572978,0.83035284,-0.4623541,-1.1990235,-0.7270802
-0.17588505,0.64271027,1.2374096,1.8021859,1.7076199,0.53572315,0.66926396,0.04487365,-0.5570633,-1.086336
-0.55507463,0.6942586,1.9102209,2.1222045,1.8842676,0.45270437,0.2841477,-0.62627786,-1.4184374,-1.1961964
-0.6106334,0.28684303,1.6801536,1.6490284,1.2045112,0.8117844,0.3957623,0.20052016,-0.35938075,-0.794273
0.21809724,0.5405385,1.0737648,1.915273,2.0968082,0.56228495,0.55585426,0.113511175,-0.60172534,-1.2528043
-0.65993536,0.4672576,1.6555783,2.0094502,1.8718894,0.9826262,0.50076956,-0.58923584,-1.7003477,-1.0656389
-0.16724876,0.7825068,1.1961108,1.6813996,1.3653629,0.3065163,0.44505292,-0.26039726,-0.6289488,-0.9471304
-0.2042929,0.59411335,1.7138774,1.6736366,1.7431668,0.69699705,0.23071322,0.20499818,-0.8554314,-0.8644135
-0.38364747,0.5649437,1.6037763,2.073243,2.163248,0.6746181,0.145329,-0.020360505,-1.4106188,-1.350185
-0.31207168,0.56208766,2.238702,2.704816,2.7615123,1.3064396,0.87106913,0.30460265,-0.6074256,-1.9835515
-0.43117633,1.0533209,1.9713757,2.8886049,2.7429621,1.5224174,0.76951414,0.24662556,-1.4167038,-1.6206
0.7068662,0.9683627,2.3324587,3.607052,3.4509678,2.0830078,1.1403294,-0.27035162,-1.0619596,-1.4770762
-0.36785915,0.7510636,2.1463478,3.093982,2.6486604,1.4864532,0.936332,-0.16507731,-1.5745974,-0.91836387
-0.72113514,0.755866,1.9621044,1.9367266,2.3184748,1.1342639,0.80912447,0.64150876,-0.73942775,-1.3133858
-0.63812476,0.59902185,1.5016892,1.5917355,1.7286557,0.27139118,0.46377823,-0.09600483,-1.0271235,-0.91355944
-0.13720763,0.53618467,2.0719328,2.1258504,1.4600475,0.4999962,0.30781776,-0.07026043,-1.392155,-1.5805316
-0.80555356,0.67088395,1.7963035,2.5061412,1.9062611,0.7395456,0.62877285,-0.48809665,-1.7479181,-1.5089235
0.17893392,0.34887064,1.4476448,2.0460987,1.9416183,0.841884,0.2782061,-0.1345786,-0.7753118,-0.9330084
-0.1428239,0.56321067,1.5312275,1.530076,1.4941977,0.5179203,0.23677772,0.06141793,-0.9964409,-0.8822636
-0.22113717,0.50690496,1.42328,1.9379231,1.3743918,0.33432633,0.1647646,-0.21247086,-0.702507,-0.99131954
-0.383262,0.33434772,1.1270473,1.7385657,1.0468066,0.5172313,0.7585211,0.029466249,-1.2441394,-1.00094
-0.18836907,0.6211325,1.9986998,2.0340388,1.6922598,0.7774388,-0.025319755,-0.77495635,-0.79245585,-0.96591216
-0.12589267,0.94520915,1.8736405,2.114124,1.910043,1.0012662,0.83004487,0.28681174,-0.78853804,-0.630915
-0.43852374,0.41594613,1.0545493,1.5726757,1.6929865,0.70016855,0.6397174,-0.37915626,-1.1287153,-0.92054325
-0.15780804,0.6118135,1.8321408,2.513187,2.1147425,0.91381305,0.2369627,-0.6206106,-1.0779667,-1.4038314
0.33630052,1.706925,2.6345835,2.1664739,2.1587012,1.0516542,0.70361763,-0.64600104,-1.128825,-0.59878683
-0.09434878,0.0048685367,1.020677,1.3803353,1.4154792,0.10527368,-0.011213422,-0.38599396,-0.5955819,-0.9102224
-0.48805746,0.6803585,1.5690947,1.835584,1.1817237,0.38366425,0.31277654,-0.032728072,-0.7416605,-1.190197
-0.40983173,0.19012032,0.85015273,1.9886886,1.996751,1.3159779,1.0920457,-0.051553033,-1.3074023,-1.528707
-0.874428,0.8657365,1.6812937,2.337962,2.205107,1.0769888,0.3728163,-0.19769354,-1.4827719,-1.5103304
-0.74973035,0.6575908,1.6623966,1.6684846,1.4975306,0.34153742,0.12812233,-0.46099004,-0.9752028,-1.0590621
-0.3752857,-0.16666831,1.6464392,2.0915935,1.8681208,0.49089813,0.23909831,-0.5696355,-0.783904,-1.2088051
-0.4554833,1.0101082,1.6622475,2.1794596,1.5327582,0.8554265,0.26134792,-0.07590206,-1.0636903,-0.9946531
-0.5081195,0.44741803,2.28483,2.802253,2.4503968,0.9999467,0.4886387,-0.48622507,-1.1667796,-1.921444
-0.674568,1.2731547,2.1087086,2.1454551,1.8737404,0.84842104,0.2669501,-0.032342482,-1.084469,-0.62884706
-0.15607426,0.7212045,2.6386676,3.1182342,2.1752741,1.1679891,0.34760207,-0.8785159,-1.5458812,-1.5615865
-0.40346953,0.495617,1.2515882,1.7804745,1.5617491,0.7304348,0.45048702,-0.5135496,-0.8635042,-1.187569
-0.07257782,0.6677735,1.9422057,2.4563851,2.7497523,1.7500172,0.5697983,-0.15937912,-1.2955004,-1.6099092
0.17832288,0.75022244,2.1708934,2.5541103,1.8462777,1.1055009,0.67421585,-0.34680676,-1.0223644,-1.1494241
0.17370602,0.6503217,2.031761,1.82042,1.9897038,0.7606086,0.22738215,-0.33706304,-1.4373719,-1.1483473
-0.238439,0.8281167,2.057846,1.7054477,1.5245445,0.7866356,0.20783758,0.14051783,-0.5972829,-1.0854628
-0.58970916,0.008765923,1.2364662,1.6715492,1.0452584,0.6152656,0.31756133,-0.1642555,-0.7625194,-0.61755866
-0.36882406,1.1458632,2.2718832,2.7866828,2.1523774,0.69130194,0.2511975,-0.5247492,-1.2018584,-1.1497388
-0.17125252,0.9368844,2.5025294,2.1303644,1.3628237,0.91299087,0.9647378,0.20467858,-0.6060171,-0.99234706
-0.35643986,1.2474535,2.6059895,2.6477854,1.8536916,0.932856,0.5444342,-0.64977217,-1.4601246,-1.3583599
-0.4290143,0.6923798,1.2866855,1.2979988,1.5501264,0.25617835,0.61974406,0.26720116,-0.6677757,-1.3417617
-0.33893052,0.15172975,1.4110806,1.6274378,1.1663319,0.44813007,1.0557806,-0.10661275,-1.0549537,-1.7949324
-0.20425448,-0.23430218,1.1453907,2.2799675,2.521731,1.0355929,0.7502193,-0.004132083,-1.2102551,-1.1757312
-0.2560358,0.54266006,1.7376801,1.8714387,1.6862596,0.743967,0.41338855,-0.5740297,-0.8859743,-1.0202125
-0.7736817,0.46531063,2.072259,2.6563003,2.1539595,1.0689845,0.86275136,-0.2494426,-1.2760779,-1.7251575
0.065271854,0.64886063,1.6817001,1.6031176,1.9188246,0.9810834,0.6449469,0.21075223,-0.5527154,-1.0558001
0.3443215,0.7793113,2.0801373,1.7110764,1.7223647,0.8418557,1.0803826,0.16900752,-0.76267165,-0.8498942
-0.42429462,0.5288885,1.7099236,1.8950804,1.7251569,0.48156416,0.15037213,-0.31693178,-0.76050204,-0.9652657
-0.08596459,0.3206495,1.1714164,1.8819274,1.2274116,0.55188215,0.7170705,0.08296972,-0.73173326,-1.0411147
-0.2838883,0.5807309,1.5948316,1.8244858,1.7418394,0.90263265,0.40866414,-0.60128236,-1.1444511,-1.0107443
0.1389515,0.54421395,1.9122437,2.7208626,2.0309348,1.226302,0.91874176,-0.40782827,-1.1708127,-1.1450374
-0.29733357,0.5256714,0.6269163,1.4856755,1.6885203,0.18390615,0.15116207,0.037636053,-0.7823391,-0.932804
-0.66035753,0.49767622,1.9344391,2.4746513,2.07651,1.0274409,0.832108,0.08205158,-1.3617705,-1.6379817
0.1389104,0.8671563,1.7109963,2.4647076,2.248715,1.1380105,0.55433536,-0.55052805,-1.3030676,-0.9622246
-0.15139028,0.3970113,1.8467647,2.034613,1.4676551,0.628846,0.62130487,0.05079501,-0.9966407,-1.3367246
-0.8456789,0.6731513,1.5940188,1.916375,1.3754377,0.5451419,0.58295965,-0.31335828,-1.1462747,-1.408523
-1.1611866,0.8300883,1.5733349,1.9635007,1.8985589,0.6512145,0.14992802,-0.70728517,-1.3831633,-1.0426923
-0.20414522,0.6350103,2.2325819,2.2711122,1.8606968,0.9164656,0.8056076,0.07241834,-1.1305596,-1.8833413
-0.13587388,0.34296092,1.4038231,1.4514593,1.4836636,0.4470014,0.35963517,0.3573822,-0.5172129,-0.474438
-0.8616432,0.6264527,1.5938956,1.5914887,1.4873817,0.6524586,0.01958856,0.17169398,-1.0121133,-0.9853953
-0.022696491,0.34846288,1.0312487,1.4593583,1.2648207,0.6554407,0.6551579,-0.021495083,-0.3498082,-1.1217699
-0.9403159,0.96210694,2.1484737,2.1482067,1.8446352,1.0834849,0.4756325,-0.769273,-1.2577674,-1.8662642
-0.22790006,0.26374048,1.6460899,1.8858875,1.5481791,0.8652352,0.16692613,-0.6326497,-1.1405853,-0.8783592
-0.8346681,0.014603509,2.0715642,2.392514,1.9142019,0.8519612,0.5110937,-0.3263056,-1.295972,-1.5943563
-0.42229623,1.4454664,2.5178833,3.043533,2.7163076,1.5815754,0.5284722,-0.103208266,-0.9316464,-1.1756493
-0.93000996,0.50470555,2.1819236,2.6238863,2.6961782,1.0629658,0.22741103,-0.34742486,-2.0188684,-1.7940073
-0.65226614,0.46066767,2.4305954,2.6389122,2.26659,0.86788493,0.62445927,-0.78269655,-2.0901659,-2.2113082
0.037409604,0.7913785,1.4889485,1.9629166,2.086821,0.624708,0.20910099,-0.37747034,-0.9527774,-1.0430545
-0.9860318,1.1179101,1.7444652,2.3584213,2.1991918,0.5073507,0.12576887,-0.83208555,-1.9998522,-1.9289118
-0.4736841,0.097371355,1.0574814,1.7601553,1.2309376,0.56103504,0.7526045,0.43837702,-0.8263684,-0.65416795
-0.30831847,0.29834586,1.3486725,1.8474649,1.673053,0.6992082,0.40724853,-0.7745873,-0.6406767,-0.8003092
-0.66689193,0.77792805,1.6431186,1.753115,1.6806022,1.2020495,0.6975626,-0.016840894,-0.9675878,-0.7815082
-0.35820055,0.718664,1.4154255,1.3517184,1.779226,0.9620327,0.7160663,-0.09761526,-1.13854,-1.5005742
-0.37372625,0.40413612,1.3280443,2.0630834,1.9965793,0.71521884,0.5933094,0.021748016,-1.2111466,-1.3680918
-0.15318066,0.86803776,2.0367954,2.089565,1.9881831,0.50019747,0.58292407,-0.2891725,-1.2326974,-0.79849285
-0.49263713,0.6893464,1.7027905,2.1147017,1.5823082,0.8237561,0.32456678,-0.783606,-1.3873652,-1.4435687
-0.8055506,0.80254024,1.8078691,2.7574606,2.182374,0.9821259,0.58800906,-0.2773007,-1.6065071,-1.441832
0.44750315,1.6303089,2.176971,2.899259,2.6974273,1.161027,0.9860282,-0.034868237,-0.9487307,-1.0779788
0.13447347,0.58618176,2.1987917,2.650921,2.473296,1.7140579,0.74478483,-0.40479827,-1.1118562,-1.7313986
-0.14653209,0.68664384,2.0068343,1.4334375,1.6864332,0.9065964,0.68291223,-0.5999091,-0.72856355,-0.64273345
-0.015968744,0.40934762,1.4611471,2.1462643,2.0931036,0.38020024,0.38545808,-0.43762097,-1.2592475,-1.2847439
-0.54758495,0.84178126,2.2551312,2.8328156,2.7018843,1.2820053,-0.026021857,-0.4744566,-1.5714695,-1.4790704
0.14092562,1.5984033,3.0373106,3.4870157,2.6230104,1.514077,0.6459268,-0.85066646,-1.8647505,-2.1162593
0.036803074,1.2348571,2.586665,2.890283,2.4507613,0.9925964,0.17524026,-0.1600347,-2.2842014,-1.5405177
-0.9667754,1.5355847,1.9548029,2.5135093,2.7117875,1.0803362,0.6677646,-0.38835785,-1.2684257,-1.7842392
-0.4720193,0.7295383,1.3301668,1.5227667,1.537904,0.90155977,0.45243734,-0.23894191,-1.2079178,-0.9561446
-0.70771134,0.23387018,2.03856,1.7716284,1.7406688,0.48944926,0.40632057,-0.61156744,-1.5440844,-1.3228062
-0.23650375,0.37161952,1.3451939,2.4955316,1.8732677,0.68636596,0.5076433,-0.08899447,-1.2298008,-1.3553082
-0.11379751,0.48808637,1.3397197,1.7818459,1.9774305,0.9983332,0.46453133,0.19252713,-0.7795045,-1.1607207
-0.5890884,0.37644738,1.213212,1.7058942,1.2222837,0.50105643,0.53067774,0.07849678,-1.1352001,-1.2000906
-0.2186819,0.37255228,1.6731062,1.5967968,1.7323296,1.2085996,0.4023453,-0.1856676,-0.5793019,-1.1949885
0.061114945,0.53071207,1.216745,1.9950985,2.0287275,0.46184278,0.6441981,-0.21092448,-1.1239895,-1.1956495
-0.30251643,0.4218421,1.3292654,1.9431635,1.7323284,0.8249255,0.9483985,-0.07317283,-0.9084273,-0.89836425
-0.24562892,0.42785215,1.2512991,1.708394,1.6756487,0.8859893,0.7423033,-0.14061275,-0.756181,-1.3280921
-0.18665007,0.830666,1.4752427,1.903509,2.0165572,0.83046913,0.5445392,-0.49622387,-0.90155536,-1.0392542
0.120805465,0.70757115,1.9327438,3.167577,2.9214432,1.386018,0.59535027,-0.43082398,-1.222247,-1.3465111
0.19292957,0.57731235,1.9900614,2.994602,2.762081,1.2029053,0.5595346,-0.37018695,-1.5332114,-1.8350024
-0.58656925,1.3240246,2.1125293,2.6678643,2.9954908,1.6555563,1.3146085,0.0832745,-1.3689431,-1.161428
-0.31268504,1.1526092,2.19692,2.099684,2.2573488,0.93585026,-0.03862226,-0.5978155,-1.4577864,-2.036251
-0.5827463,0.87442625,1.775907,1.9339368,1.4563277,0.6335109,0.7982053,0.025400532,-1.0538105,-0.78613216
0.2474438,1.0847443,1.7832806,2.583907,2.543091,1.7149192,0.72658175,0.0687989,-1.0313221,-1.4762113
-0.0644645,0.075036794,1.3742481,1.8019129,1.8306803,1.0074489,0.7442221,-0.070169464,-1.4126934,-1.2608037
-0.4213451,0.5197237,1.8352058,1.9632359,1.398967,0.6677865,0.5347549,-0.19553313,-1.4033926,-1.4306707
-0.34561113,0.53167653,2.129765,2.074974,1.5563363,1.3643364,0.88104737,0.6056778,-0.8927046,-1.1812805
-0.6193452,1.1568708,2.1782537,2.4944842,1.9182422,0.9803041,0.5743296,-0.36670262,-1.458101,-1.5958228
-0.48602846,0.4465704,1.2602906,1.7350796,1.352656,0.40746677,0.400543,0.07126077,-0.72626895,-1.0902784
-0.04772251,0.5448616,2.0359852,1.9754947,1.3039085,0.7478451,0.53999054,-0.40850702,-1.1938937,-1.1201583
-0.35995847,0.59423876,1.3804805,1.9829608,1.6079576,0.38264343,0.24780792,-0.38383862,-1.0208436,-1.1707954
-1.2104012,0.8671987,2.249033,2.7640953,2.1537058,0.902661,0.873253,0.21204987,-1.7382778,-2.0271995
-0.032954052,0.8425505,1.7249931,1.7885423,1.936077,0.8069185,0.38530862,-0.68800944,-1.1906816,-1.4840194
-0.3998793,0.536102,1.6180156,2.1782188,1.7682322,0.59917516,0.41857016,-0.38013878,-0.83543247,-1.1663982
-0.19768247,0.29475605,1.7638099,2.4384806,1.9066597,0.5411605,0.5102868,-0.09562956,-1.2207773,-1.4737257
-0.41177633,0.64565736,2.1877644,2.7045727,3.090395,1.2156823,0.56748635,-0.5990198,-1.7246381,-2.2744713
-0.95871705,1.019914,2.4135032,3.6057117,2.5668244,1.1420038,0.52515715,-0.86061597,-1.9660493,-1.643886
-0.5449798,0.83256763,2.2904582,3.0718048,2.705152,1.2050753,-0.2641467,-0.91030324,-1.1941609,-1.530006
-0.27878684,1.0378451,1.773012,2.1915462,2.105904,0.83582985,0.34207758,-0.24972409,-1.1630406,-0.9732743
-0.36911836,0.46738186,1.5175798,1.9497705,1.3583289,0.54581475,0.3206153,-0.068767145,-1.1097279,-1.1348559
-0.48726133,0.39569676,0.822312,1.5366546,0.7601468,0.42510894,0.7326343,0.084478915,-0.6456429,-0.7859979
-0.47267818,0.97075915,2.405047,3.002319,2.7137976,0.81302637,0.68689346,-0.11973603,-1.995815,-1.807927
-0.42824823,0.3107895,2.149598,3.339566,2.9830227,1.4615977,0.99069893,0.15625156,-1.6695327,-2.0854943
-0.97943527,0.979139,1.8334002,2.0012507,1.8426704,0.2825773,0.13498789,-0.6116702,-1.7912688,-1.1263837
-0.035740644,0.96600854,1.8606395,1.3782442,1.7603261,0.5281217,0.027264312,-0.22682281,-1.0336449,-0.952104
-0.14758581,0.6004064,1.779256,1.5829203,1.5137615,0.69928324,0.77960724,0.056169827,-0.3934053,-0.74893093
-0.0075387433,0.7568466,2.359575,2.5583386,2.191931,0.93661594,0.82459825,-0.18209873,-1.481117,-1.0296484
-0.14843929,0.79229116,1.9079077,1.7051336,1.663554,0.53498024,0.46315622,-0.011389356,-0.93088984,-0.76874834
-0.557122,0.7487434,2.0542684,2.2360568,1.8099765,0.86443853,0.4794746,-0.0202935,-0.8320037,-1.1704654
-0.33526054,1.0536606,1.861408,2.0880132,2.1113315,1.1100341,0.7861145,-0.60208255,-1.1058471,-1.1342646
0.023881584,0.5759208,1.7551023,1.723159,1.6440308,0.52095574,0.31754467,-0.15588723,-0.88179064,-0.7620928
-0.67571986,0.053277023,1.2409097,2.0273001,1.7718719,1.0610946,0.18176882,-0.25172478,-1.4127995,-1.1443661
-0.068053715,0.6004935,1.6648357,2.2128825,2.0814366,1.3754796,0.7044833,-0.4397186,-1.0782219,-0.88780916
-0.6620432,0.29128957,1.5511851,2.1578534,1.2544427,0.70111966,0.7625718,-0.25148758,-1.6492689,-1.3450037
-0.5493986,-0.064409636,1.2092615,1.8253144,1.3929716,0.44332114,0.63483506,-0.2086525,-0.95290214,-0.9753033
-0.20701152,0.51755965,1.8209927,2.5157223,1.6620107,1.2236204,0.2710153,-0.2146587,-1.1490668,-0.95331585
0.41435292,0.9126481,1.6809096,1.6787844,1.7246914,0.88111186,0.8316512,-0.19886813,-1.0739343,-0.7773457
-0.63702404,1.0688353,2.8366776,2.661234,2.3321111,1.1109136,0.5714839,-0.087165944,-1.7029271,-1.4510751
-0.77505976,1.0145302,2.701517,3.3386962,2.4591684,0.60704476,0.3761564,-1.0241516,-2.6685884,-1.6806456
-0.5724875,1.0791289,2.5715377,3.0953913,2.6225834,1.1869607,0.9222548,-0.6881909,-1.3807985,-1.7150425
-0.2934036,0.62681013,1.7609181,1.9300255,2.3159947,1.1249037,0.46104047,0.08186225,-0.9859685,-0.8744865
-0.40616962,0.61703503,1.8763635,2.5857544,2.3690262,0.55823016,0.6018043,0.006909824,-1.2917202,-2.03823
-0.4063929,0.42834228,1.2566334,1.7949929,1.8882053,0.7702351,0.16782619,0.015391886,-0.894622,-0.7409408
-0.44013503,0.38830617,1.5219887,1.6961386,1.6458032,0.92577386,1.3089284,0.23225468,-0.90600944,-1.0377889
-0.5020276,0.17337796,1.1758708,1.7129738,1.4889679,0.31958255,0.40066624,0.08821665,-0.9490644,-1.2382629
-0.36120343,0.43283457,1.5036702,2.217856,1.8467216,0.87350607,0.54531586,-0.106090836,-0.76491207,-1.5868895
-0.42779455,0.6705369,1.2482697,1.3041283,1.962057,0.19830807,-0.3082912,-0.3557906,-1.228998,-1.3569447
-0.50064987,0.1151039,1.6148452,2.1027174,1.7525662,0.8262343,0.081722505,-0.7385484,-1.0832747,-1.0585643
-0.4634867,0.20384972,1.7888291,1.5877596,1.3606908,0.4503234,0.3728101,0.022717189,-0.666719,-0.88290423
-0.13742861,0.56996095,1.3322195,1.9986771,1.6774917,0.8704215,0.7694365,-0.5453606,-1.0028185,-0.89107287
-0.21541786,0.17719708,1.0950894,0.98202205,0.9567592,0.25524566,0.38306633,-0.08217011,-0.6167005,-0.6230028
-0.24122512,0.31012726,1.6959317,1.6852779,1.436406,0.8915752,0.30218717,-0.419788,-1.4185941,-0.979893
-0.34917682,0.56112796,1.9261677,2.0677009,1.8723534,0.9944947,0.3895016,-0.12954062,-1.3530147,-1.3894928
-0.17666745,0.6217753,2.080132,2.0827098,1.8780382,0.92993313,0.7058708,0.37765303,-0.91914165,-1.0329214
-0.41979104,0.11167985,1.4508985,2.220343,1.7530394,0.97418034,0.40366465,-0.077854626,-0.8052679,-1.0417598
-0.5401306,0.38134688,1.3991007,1.7345312,1.6790395,0.5538421,0.45051208,-0.32092848,-1.0239693,-1.4503732
-0.50410223,0.9281298,1.7014769,1.5338361,1.7265838,0.53989935,0.4018031,-0.21984719,-0.904069,-0.9973426
-0.22871903,0.3908685,1.0279926,1.6436265,1.1073799,0.6822969,0.36999497,0.05312689,-0.7063799,-0.80971223
-0.28836083,0.25742787,1.8841909,1.4418709,1.8139486,0.8737383,0.37932944,-0.18364467,-0.7749649,-1.3004235
0.18759564,1.0791447,1.3143054,2.102743,2.462381,0.8104683,0.68207085,-0.25126597,-1.0415366,-1.1879522
-0.4148155,0.91562855,2.2199874,1.8514673,1.8806686,1.2209349,0.6056358,-0.39984125,-1.6508522,-1.3128049
-0.5302297,0.65601164,1.6480248,1.5739033,1.7083741,0.6698471,0.4347039,0.071160704,-0.564739,-0.70841044
-0.42717886,0.34188268,1.2618339,2.3641367,1.9411637,1.0431792,1.0219389,-0.11034856,-1.333268,-1.8331137
-0.37937143,0.9033231,1.7000793,1.8267258,1.7510209,0.7613339,0.2828945,-0.2789977,-1.2281523,-1.4219273
0.15455359,0.5174829,1.0777489,1.4490404,1.3167834,0.6083928,0.57262313,-0.055806845,-0.87185997,-0.82477087
-0.27489188,0.25977555,1.3536608,1.812398,1.3768452,0.49127877,0.22090876,-0.43720526,-1.120461,-0.9348187
-0.39818925,0.7501294,2.094088,1.6927366,1.5011069,0.7519248,-0.033765905,-0.07030795,-0.5347941,-0.94998896
-0.51736,0.99381196,1.862391,2.0567756,1.8011303,0.4529363,0.3156536,0.07436322,-0.9700788,-1.52245
-0.12840655,0.44183606,1.7449709,1.6205562,1.5151896,0.45927966,0.39098498,0.021994894,-0.78374535,-0.8714
-0.69029444,0.29208854,1.4433019,1.9576471,1.4400462,0.669161,0.27218005,-0.00888945,-1.1041318,-1.5210904
-0.30952486,0.27763167,1.6595165,1.810981,1.2792869,0.5661684,0.5603478,-0.13836606,-0.9341512,-1.1499602
0.09253375,0.42605808,1.398355,1.9056106,1.6262442,0.83178914,0.64014,0.15023594,-1.039327,-0.97082376
-0.64873904,0.5308318,2.0923193,2.0902047,1.6117412,0.951007,0.42700866,0.033586945,-1.027497,-0.8395106
-0.1505641,0.38359666,1.1655952,1.4984717,1.5222121,0.8950954,0.4975921,0.03523034,-0.83790624,-0.7043617
-0.07286329,0.5766136,1.5081626,1.6122023,1.5010557,0.722164,0.26720214,-0.29134813,-1.172467,-1.0566323
-0.07653707,0.93500525,1.6346334,1.6897272,1.6937733,0.6117118,0.3478481,0.31957564,-1.0162545,-1.3084064
0.013995553,0.581077,1.4640075,2.1547208,1.9455969,0.90256023,0.8247321,-0.19027828,-1.4664228,-1.2838554
-0.20195293,0.51701856,1.5402036,1.6552874,1.4769062,0.86852306,0.34463876,-0.42806056,-0.7933332,-0.78072554
-0.63575464,1.3634453,1.385608,1.5953083,1.4507158,0.74181175,0.49632925,0.377468,-0.33628204,-0.8229859
-0.22860286,0.38417536,1.4798726,2.009884,2.1707366,0.8595439,0.005136527,-0.30400288,-1.0432266,-1.1182029
-0.11926424,0.65698314,1.3971374,1.9475843,1.5611261,0.75274533,0.5135173,-0.6348994,-1.2530458,-1.3635256
-0.4104945,0.49098766,1.7455834,1.8105032,1.364491,0.7306179,0.1250816,-0.036496475,-1.0311521,-1.0419796
-0.3131175,0.7866372,1.0816098,1.6856006,1.5386316,0.336278,0.5326206,-0.28891045,-1.0122267,-0.7777988
-0.33044714,0.8316221,2.300657,3.1976373,2.0457394,0.6775853,0.9370946,0.30796877,-1.0935631,-1.571603
-0.13878456,0.022199541,1.402187,1.7979409,1.4413676,0.61571854,0.4731214,-0.055327684,-1.0137638,-0.7319099
-0.0716174,-0.23417485,1.4018114,1.7758714,1.4482032,0.43967742,0.027963594,-0.0056395954,-1.138289,-1.1253155
-0.42380318,1.0101035,1.918789,2.3118176,2.273004,1.4487089,0.92794454,0.2360907,-0.75603265,-1.4499995
0.12424637,0.49259648,2.104726,2.9001677,2.6112082,1.2411709,0.47993553,-0.20520239,-0.92030746,-1.3149247
-0.19773766,0.4314875,1.9973406,2.1483822,1.5656824,0.67050314,0.43000093,-0.32232717,-1.1109829,-1.1246815
-0.17891243,0.40065387,1.9877715,2.3966467,1.9157659,1.2609637,0.8249861,-0.049194243,-0.7369945,-0.93483996
0.116146706,1.4106003,2.6711383,2.724957,1.9437149,1.2757877,0.9145068,0.26613918,-0.9639362,-1.4420824
-0.1818003,1.1668737,1.9361069,2.2629929,1.7864647,0.6139741,0.6575816,-0.5538877,-1.2454282,-1.187144
-0.20916635,0.052882813,1.2671521,1.4323263,0.8750246,0.07352519,0.65083605,-0.067385845,-0.8831614,-0.72560614
0.051808942,0.21888237,1.1997287,1.9677104,1.9358456,0.8738315,0.25323373,-0.13868508,-0.81062734,-1.6304963
-0.4181433,0.2151261,1.5755154,1.8088673,1.6051476,0.9030175,0.9872434,-0.30208012,-1.4226781,-1.2853193
-0.38445657,0.37300375,1.420881,2.1184103,1.9677509,1.2805444,0.81238246,-0.122504905,-0.99074244,-1.53323
-0.08199678,0.075030856,1.1763234,1.842187,1.7859704,0.30806205,0.26474327,0.011792365,-0.7963856,-1.3890369
0.045366816,0.39864615,0.735835,1.5416194,1.5580845,0.67246026,0.6889503,0.3103968,-0.6624006,-0.6892385
-0.49797383,0.4125888,1.2441831,1.2340434,1.3757857,0.71199334,0.3077372,-0.04917162,-1.213853,-0.9322508
-0.2614313,0.4250503,1.6651826,1.8754357,1.6192839,0.59683985,0.44294953,0.37395325,-0.6200285,-0.8939355
-0.23331377,0.29661065,1.2591403,1.5481502,1.6784208,0.33153936,0.018995862,-0.010327015,-0.59952396,-1.2455523
-0.251126,0.73451024,1.112997,1.5260808,1.5009657,0.91373473,0.58757967,0.041061074,-1.2482648,-1.1199259
-0.0093019195,0.5708177,1.2294111,1.4016035,1.4185404,0.7348863,0.66094124,-0.39286622,-0.610146,-0.5431268
0.10402384,0.49618486,1.1681608,1.6439757,1.7829419,0.65258664,0.033756904,-0.39747047,-0.98379755,-1.1453478
-1.015755,1.0899303,2.8976877,3.6802027,2.7413979,1.229684,0.74235296,-0.37612855,-1.6773738,-1.3373944
-0.77691895,0.25573918,1.8196945,3.1344905,2.3448672,1.3379871,0.7108052,-1.000001,-1.7375153,-2.1875122
-0.0074799024,0.62552476,1.587511,1.5989854,1.5925828,0.8225705,0.7589963,0.24987859,-0.7746517,-0.7103098
-0.50638914,0.39115134,1.5963523,1.5123829,0.98463726,0.46269578,0.477121,-0.543121,-0.8744779,-0.87442344
-0.16136676,0.38396668,0.96787506,1.3279117,1.7871664,0.79712725,0.30516088,-0.436787,-0.83204657,-1.1303984
-0.5513172,0.24995919,1.1444744,1.765311,1.6409221,0.68654263,0.45192242,-0.3205685,-1.5742848,-1.6439909
-0.23850912,0.47976965,1.5836531,1.6330427,1.7603307,0.6171128,0.61954695,0.36328802,-0.5138098,-0.7580067
-0.4975693,0.68971974,1.1656829,1.7820325,1.5792724,0.9651724,1.0536592,-0.01895091,-1.2085097,-1.1021318
-0.032124486,0.3105556,1.3002019,2.0968409,1.2856587,0.7866241,0.18553416,-0.3042473,-1.1726977,-1.4023285
-0.5819339,0.3974689,1.2215902,1.4007694,1.3415499,0.77545154,0.854834,-0.14299302,-0.8529098,-0.9055988
-0.22589543,0.52905005,1.8539075,1.7720568,2.2311857,1.3981485,0.6919343,0.031502776,-0.98229635,-1.1118292
-0.0833366,0.92646354,1.9250141,1.6828791,1.7539697,0.33491555,0.24084058,-0.36739436,-1.097691,-1.4016812
-0.537486,0.71176755,1.659969,1.8491039,1.3620838,0.4593038,0.8468741,0.08392727,-1.1852907,-1.1121808
-0.90253305,0.69986147,2.2603514,2.9207177,2.1174524,1.0114912,0.31248942,-0.72482073,-1.9875252,-1.6384546
-0.59800684,0.0957669,1.7267629,1.943002,1.5141172,0.72453547,0.43350455,-0.5237638,-1.3150983,-1.7424018
-0.57692677,1.0721688,2.073371,2.5990925,2.5011687,1.3221751,0.8123877,-0.13947906,-1.0075616,-1.8088641
-0.39051354,0.43529668,1.8941875,1.9810201,1.4372655,0.91242146,0.8260916,0.21118763,-0.5883978,-0.7200498
-0.5518643,1.2636592,2.2477133,2.2907715,1.8862474,0.60860854,0.33891386,-0.21121033,-1.6535504,-1.3200227
-0.5825241,0.30981362,2.1554556,2.2161505,1.9297897,0.93252337,0.255468,0.0027863956,-1.4616728,-1.5068933
-0.7109592,0.42504734,1.8148129,2.0468569,1.5501474,0.7875751,0.4259548,-0.19045992,-0.89906675,-1.1888644
0.22586331,0.33419108,1.4265735,1.7489234,1.4327662,0.69826716,0.28631708,-0.26633105,-0.99663556,-0.92302257
0.31820086,0.15824908,1.3116099,1.6500851,1.4150254,0.967137,0.4802975,-0.06968142,-1.081014,-1.0882922
-1.633091,0.9273244,1.765356,2.7461464,2.460713,1.3420529,0.17986514,-0.6791651,-2.1887305,-1.6278057
-0.5787726,0.24590595,1.6588184,1.5588094,1.2795845,0.33857453,0.89166254,-0.41108602,-0.79115564,-0.6727518
-0.26663008,0.3987144,1.071133,1.3031814,1.2928514,0.51105404,0.12864654,-0.17241101,-0.7923867,-1.0893387
-0.5366409,0.7616308,1.3974594,1.855703,1.314692,0.43614247,0.26521295,0.24299954,-0.93640333,-1.3456557
-0.2884868,0.24378751,1.2526919,2.037602,1.536161,0.93085927,0.5739398,-0.33607537,-0.83461165,-0.8433209
0.08775466,0.95190096,1.4078258,1.251765,1.4008311,0.4633947,0.19267851,0.1295701,-0.5433997,-0.8749207
-0.80891883,0.97555995,2.5099504,2.8971171,2.561842,0.820969,0.37653798,-0.58396804,-1.6320817,-1.8359576
-0.5013204,1.0825218,1.9219061,1.8950655,2.2672873,1.1385016,0.62635815,0.28833038,-1.2298367,-1.3714724
-0.5538419,0.10068916,1.5600053,1.3952744,0.99385524,0.8937453,0.57379913,-0.22853637,-0.4364432,-0.96407753
-0.09187265,-0.039160784,0.969331,1.7148349,1.7898269,0.57202905,0.09621112,-0.49381077,-0.6475352,-0.7597284
-0.37970853,0.5674693,1.3865291,2.0132759,2.0360527,0.5160491,0.16209115,0.049249347,-0.9049667,-0.5868832
-0.42646998,0.21966474,1.4171045,2.476249,1.9882494,0.55321825,0.46205983,-0.35450566,-1.2453178,-1.6663059
-0.048302896,0.8388364,2.0588434,2.0197573,2.2830658,1.0194283,0.40713954,-0.0076612798,-1.2331115,-1.5233604
-0.05009117,0.6058681,1.2967602,1.6720463,1.5031078,0.7979188,0.03657624,-0.16963197,-0.75296146,-1.2543225
-0.33930397,0.84212,1.9199827,1.6400009,1.3859457,0.4511603,-0.18511407,-0.39793965,-0.79406196,-0.85311264
-0.44709042,0.6383278,1.383364,2.2847693,2.6007874,0.89281666,0.4953627,-0.12758608,-1.1154994,-1.354218
-0.072562635,0.3019109,0.8167844,1.551848,1.1345079,0.09813228,0.44440928,-0.15106656,-0.7743014,-0.84837306
-0.58624345,1.2814336,2.4914439,2.1182625,1.9445124,0.58441514,0.67363006,-0.020369917,-1.1085633,-0.7940247
-0.30043003,1.3765343,2.6535845,2.6211085,2.5297384,0.75569284,0.34454083,-0.32049596,-1.5550199,-1.1922565
-0.571143,0.78568816,2.4090164,2.786433,2.293373,1.5749056,0.30400893,-0.6301848,-1.1550568,-1.9060171
-1.1001698,0.94731414,2.3989396,2.6077242,3.0490654,0.76453733,-0.4219033,-0.9173068,-2.3037925,-2.1331813
-0.44960046,0.7376292,1.6420846,2.2743216,2.0419233,0.9746467,0.7982417,-0.22688448,-1.0895324,-0.7278784
-0.1120046,0.6218057,2.2847254,2.5752888,2.1795099,1.1345874,0.8999257,-0.21343054,-1.2220565,-1.4697741
-0.5996344,0.9429682,2.1170292,2.5786808,2.256788,0.3464555,0.5548662,0.24962902,-1.2591051,-1.5968103
0.1650787,0.32218474,1.2883219,1.9862231,1.5816569,0.6284668,0.5730454,-0.13323748,-1.2678591,-0.78151095
-0.4217398,1.0062752,1.9091456,1.9304065,2.1355479,0.6334354,0.4337564,0.092027746,-0.94604385,-1.3719878
-0.811585,0.4223304,1.2312564,1.9581132,1.6899385,0.34840637,0.44507176,-0.13701653,-0.8274006,-0.80085236
-0.2251615,0.7925619,1.8650167,1.4601201,1.6393533,0.662783,0.32230917,-0.27945238,-0.75765485,-0.7147497
-0.37661943,1.2591197,1.8744464,2.1198144,1.763186,0.37399554,0.40512565,-0.4154694,-0.93323064,-1.1858102
-0.5757135,0.24892263,2.3612568,2.788167,1.9144659,1.1834333,0.5770195,-0.42507827,-1.3293135,-1.6971068
-0.6134379,1.5138592,3.414228,3.65626,3.084871,1.8337148,0.2545086,-0.8200432,-2.1846414,-2.493711
-0.50147563,0.4264992,1.35637,1.9421331,1.8144102,0.4088149,0.13871422,-0.7369306,-1.0364165,-1.1532385
-0.30220708,0.20294678,1.1476144,1.8601525,1.669993,0.54025626,0.2653038,0.32185325,-0.91264033,-1.2315642
-0.97517407,0.8624386,2.2533388,2.573058,2.1425672,1.3066473,1.0503031,-0.30638856,-1.4334053,-0.95313454
-0.17344749,0.5812308,1.6001885,1.6067874,2.0170307,0.4428297,0.5146448,-0.2854997,-0.502582,-1.1315807
-0.4149199,0.416194,1.3945693,2.005701,1.9185677,0.99276984,0.6804298,-0.24878305,-1.2892348,-1.5826085
-0.06757841,0.5065429,1.4321152,1.8700389,1.5223403,0.5374386,0.6410981,0.004362736,-0.97509897,-0.78682554
-0.07064629,-0.06296168,1.2874851,1.9543437,1.6524162,0.9571084,0.4907906,-0.08873963,-1.1831629,-1.4154601
-0.17535728,0.69733113,1.6701056,2.2077527,1.7712744,0.85850114,0.44792828,-0.53317714,-1.1701492,-1.2634557
-0.39907998,0.40603977,1.1703488,1.4511762,1.6598471,0.6792576,0.78250194,0.24497592,-0.35232487,-0.9110722
-0.9125033,1.1098958,2.0152974,2.242904,1.7218418,0.9601512,0.28187186,-0.40101373,-0.90012026,-1.2327623
-0.7702817,0.98112035,1.5041608,1.8669504,1.505909,0.3965204,0.46220767,-0.15650268,-0.60669416,-1.1349498
0.23980904,0.5106638,1.9937464,2.3831003,2.4950464,0.7205295,0.42597133,0.23659676,-0.9680646,-1.6679314
-0.31311703,0.085833326,1.7229081,2.1416416,1.4717097,0.61445695,0.71567976,-0.5525785,-1.1887178,-1.0455679
0.091736324,0.4075122,1.5559665,2.296389,1.8577422,1.1717055,0.92556965,0.22084032,-0.9647259,-1.2705249
-0.7795477,0.99708056,1.7127073,2.1915739,2.5229955,0.8084409,-0.18786523,-0.18941593,-1.3702595,-0.98908657
-0.3783953,0.24101137,1.5240446,1.8491206,1.6384542,0.287579,0.50096244,0.2161501,-0.8691804,-1.0222421
-0.049666725,0.7322256,1.6261201,1.5605408,1.6626399,0.723316,0.5126598,-0.003280912,-0.89042264,-0.8103082
-0.60052145,0.5625388,1.506302,1.9232652,1.9894983,0.78253037,0.47371036,-0.065710284,-1.7735893,-1.1474864
-0.14436355,1.1064453,1.4860538,1.9012473,1.4712398,0.65024465,0.46149617,0.012301115,-0.45191944,-1.468067
-0.2658277,0.35681883,1.3053602,1.6442965,1.3783047,0.6090912,0.59298646,-0.30646786,-0.85994506,-0.48052725
-0.35774806,0.4958829,1.5464294,2.1576886,1.7022914,0.6081405,0.32415712,-0.27895486,-1.2477914,-0.9680105
-0.6018434,1.0753393,2.0242445,2.9139209,2.4289753,0.7887382,0.37046212,-0.7036089,-1.6492635,-1.5728319
-0.2895265,0.9090743,2.053914,2.5836318,2.2907968,1.1470723,0.4743502,0.056504376,-0.72178215,-1.2895349
-1.2484852,1.0257747,2.193247,2.7657194,1.9248619,1.4250479,0.61669433,-0.12216231,-1.2826295,-1.5776607
-0.5174881,1.035256,2.103052,2.0585802,2.0322723,1.0371829,0.4188418,-0.5104234,-1.270192,-1.2681428
-0.37807322,0.7788562,1.9768574,1.9003849,2.0993237,0.6498413,0.691351,0.14862557,-1.1348643,-1.421215
-0.5410747,0.9437378,2.1845117,2.5419436,2.606581,1.5515636,0.5280377,-0.51314014,-1.3517979,-1.1614279
-0.07169504,0.64457333,1.2359908,1.4282771,1.4280525,0.39139485,0.11221667,0.0995897,-0.585658,-1.0250919
-0.4479021,0.85804754,1.8868072,2.1004686,2.0961282,0.75458,0.6691379,-0.090584844,-0.91168666,-1.3119411
-0.01891702,0.8368684,1.6528604,1.8804866,2.1417868,0.94585514,0.23214108,-0.9861338,-1.153673,-1.1232346
-0.6279962,0.4870636,1.1181302,1.664085,1.441496,0.75191575,0.5627848,-0.50719637,-1.431372,-0.88405323
-0.17116258,0.35731363,1.6833484,1.8812909,1.7073632,1.2970655,0.9058123,-0.299887,-1.2169458,-1.268196
-0.032799408,0.5916762,1.2376466,1.6324662,1.3612105,0.4015368,0.62914807,-0.24085525,-0.50142705,-0.9942201
0.009270038,0.5228417,1.9279312,2.7223988,2.179904,1.2097509,0.70351267,-0.18772002,-1.0221606,-1.127185
-0.16884294,-0.08948781,1.3641847,2.659833,1.6982555,1.2279325,0.24436477,-0.5816576,-1.2741512,-1.0634865
-0.34752387,0.3687275,1.5427079,1.7920672,1.4080478,1.0245677,1.1812752,0.29186127,-0.9358503,-0.6766241
-0.23636073,0.34802616,0.9817561,1.7007816,1.2327509,0.60588723,-0.044765234,0.03719488,-0.73763007,-0.37548038
-0.09195484,0.78782326,1.9718232,2.1980526,1.8041848,0.7686457,0.39480492,0.11275885,-1.3596144,-1.1874093
-0.61674,0.26173314,1.2752588,1.9329177,1.6644508,0.47042662,0.17049854,0.14417645,-0.9239542,-1.8820587
0.07907484,0.27683556,1.0347216,1.6200354,1.4042169,0.4260434,0.6000238,0.26799706,-0.8197964,-0.8065177
-0.5083464,0.989966,1.9207542,1.8475025,2.139295,0.8477865,-0.051250488,-0.52321255,-0.9133613,-0.7827809
0.092328176,0.9840318,2.1796215,2.3813465,2.2750196,0.96534944,0.9399129,0.0074620284,-1.08726,-1.3010231
-0.37547964,0.5547988,2.162487,1.8591031,1.7456142,1.148964,0.5684629,-0.1580627,-1.0444599,-1.1470584
-0.62679625,0.73830146,2.808801,3.6152334,2.9772823,1.8212825,1.1396266,-1.4348179,-2.1793122,-2.4532177
0.007432772,0.6491537,1.4351587,1.933862,1.3895423,0.48566967,0.6939525,0.06784856,-0.8861971,-1.65777
-0.12829363,0.9499798,1.603695,2.5377028,2.1770437,0.86039865,0.56513375,-0.24972391,-1.4595748,-1.6382431
-0.1315881,-0.046871305,1.5117049,2.2671542,2.0638895,0.7963362,0.65404016,0.16418019,-1.4430393,-1.242989
-0.19728023,0.38897872,1.1792495,1.9111491,2.0257356,0.7504591,0.49695235,0.20984489,-0.88796455,-0.8294696
-0.48894212,0.69860274,1.6223654,1.7400193,2.0010903,0.95278823,0.30316845,0.026368057,-0.70161027,-0.96731174
-0.02339761,0.9895104,1.9733315,2.6225767,2.5104616,1.057928,1.0696495,-0.053207867,-1.6045713,-0.9812369
-0.79916406,0.7001797,2.1783602,1.6781929,1.2419621,0.98653877,0.35281473,-0.5779156,-1.1555976,-0.96817136
-0.4293909,0.70350605,1.7849925,2.202913,1.6530392,0.9601121,0.55216867,-0.56043506,-1.197583,-1.019634
-0.6955688,0.67621374,1.9678103,2.0635936,1.7376883,0.7656422,0.44004986,-0.101892516,-1.0916162,-1.2660791
-0.119414724,0.64341205,1.7166986,1.4092118,1.9586387,0.7360047,0.30941316,-0.1043755,-0.72964984,-0.93103445
-0.24385688,0.88045555,1.7809522,2.4113986,1.5900614,0.61050045,0.6016425,-0.51530826,-1.1811461,-0.73122317
-0.626408,0.17964117,1.4446758,1.4028461,1.5213581,0.17444682,0.11225763,0.008509717,-1.0456537,-1.0129578
-0.33818594,0.3463225,1.2509943,2.0160718,1.7362204,0.44612354,0.6529439,-0.3563858,-0.9147529,-0.69338167
-0.329568,0.582627,2.0567899,2.5444663,2.3391008,1.0998842,0.6827973,-0.4099216,-1.3216484,-1.3129693
0.3169814,0.26820585,1.5120351,2.079276,2.135828,0.48942977,0.83848256,0.35880175,-0.927423,-1.4107524
-0.4315617,0.33540305,1.8909495,1.8648584,1.4311814,1.058706,1.0106634,-0.16946718,-1.0740511,-1.2211404
0.029911896,0.5231279,1.3871003,2.075735,1.8838742,0.92878395,0.74537677,0.17466515,-0.7940833,-0.85534793
-0.57024485,0.5923865,1.7130605,1.8223612,2.2179224,1.072881,0.098802954,-0.57359916,-1.1913205,-0.94430757
-0.025481258,0.6513449,1.2475375,1.5647022,1.6960022,0.8691936,0.3715596,0.22834602,-0.8984685,-1.148962
-0.13199419,0.45652315,1.1500226,1.862527,1.5981175,0.7577903,0.60020185,-0.25571287,-0.8229987,-0.64519465
0.12162111,0.7268281,1.6309365,1.5354282,1.7586309,1.2419614,0.91999674,-0.39234415,-1.3401252,-1.2350425
-0.89313656,0.8499596,1.8244746,1.9231343,2.0309746,0.6408843,0.32469264,-0.4280477,-1.0680163,-1.7425814
-0.13514844,0.08582496,1.4523787,1.9242852,1.9251753,0.67351085,0.57269,0.15733923,-1.2216401,-1.3893651
-1.1848115,0.6872602,1.977736,2.149643,1.9048564,0.8931444,0.43224293,-0.2625398,-0.96576583,-1.3589312
-0.25201213,0.54451233,0.9714934,1.6724948,1.5806026,0.1987863,0.043521047,-0.42440572,-0.7220151,-0.7444957
-0.1495668,0.9140236,1.8343035,1.4124092,1.4135541,0.971527,1.4368159,0.66842985,-0.19308443,-0.6805732
-0.53466403,0.45461568,1.7162719,1.8760076,1.5034196,0.6092914,0.479477,0.13995524,-1.1317945,-0.9592246
-0.2846629,0.48412687,1.4327028,2.032944,1.4454514,0.7992722,0.17039332,-0.2892384,-0.7886665,-0.976777
-0.07210618,0.5416465,1.6100286,2.3189304,1.8743185,0.7358105,0.117501706,-0.5945958,-1.1721917,-1.0464516
-0.46208173,0.5167135,1.2430329,1.3374467,1.2993953,0.72758645,0.41681632,-0.22591761,-1.4437746,-0.57133687
-0.39063498,0.6376012,1.3366722,1.3969324,1.5592283,0.63480645,0.6931815,0.27128118,-0.8136625,-1.4517679
-0.18099707,0.39933774,1.3647026,1.3149313,1.4168468,0.2927477,0.09395209,-0.78148156,-1.0941918,-0.76747614
-0.29933363,0.1374615,1.536542,1.7253058,1.5320985,0.9864632,0.6458693,0.13946737,-0.7756017,-1.0134177
-0.41704756,0.2231987,1.3455485,2.2627187,1.6749656,0.8226785,0.2416766,-0.39143845,-0.7579232,-0.85932857
-0.17621106,0.3782345,1.218171,1.7655478,1.746639,0.7505486,0.5215352,0.1512142,-0.85112816,-1.1575456
-0.3430364,0.37148318,1.5645297,1.4702008,1.1485564,0.1228724,0.28424853,0.0017867703,-0.69069564,-1.1476989
-0.68102705,0.9745317,2.2349048,2.3741987,1.8953981,0.6696974,0.33695376,-0.33717853,-1.2160456,-0.64170635
-0.22055095,0.75997025,2.2347038,2.2990048,1.995433,1.0853169,1.2180177,0.0065827924,-0.87490076,-0.99405926
-0.42056707,1.3032367,2.8927822,2.9736097,2.8438048,1.3781106,0.21065176,-0.77714926,-1.987273,-1.5052124
-0.26158953,0.102114536,0.8540898,1.6598454,1.8181529,0.91812503,0.45976096,0.028976848,-0.67193645,-0.7052103
-0.0958532,0.48074144,1.5882553,2.1024094,1.928304,0.73623157,0.9766573,-0.03554197,-0.8649363,-1.4318476
-0.5942803,0.8616672,1.2660329,1.5888178,1.8795793,0.049009945,0.17640442,-0.3874276,-0.7534153,-1.1615106
-0.4929538,0.5296204,1.4402729,1.4128988,1.5532576,0.84812355,0.5456413,0.21207832,-0.7309491,-0.9092457
0.06370621,0.30136997,1.49435,1.5307328,1.5247698,0.8171089,0.53574044,-0.38346392,-0.91513026,-0.904732
-0.39047965,0.3913081,1.3912796,2.0564077,1.7095804,0.75431186,0.36150864,-0.37903008,-1.3741956,-1.0741297
-0.5927858,0.75468624,1.5582143,2.1980946,2.036404,0.89207274,0.72630376,0.044196952,-1.0211326,-1.027147
-0.40933487,0.4468766,1.6091368,1.661909,1.611437,0.602626,0.43074712,-0.05482707,-0.76072377,-1.3633507
-0.43105468,1.4829286,2.726032,2.865535,2.328434,1.2593563,0.66758794,-0.39000332,-1.1795096,-1.6922139
-0.3915858,0.5927365,2.048494,2.0893536,2.677795,0.97546935,0.5528445,-0.16982703,-1.46218,-1.3765764
-1.2496951,1.5987225,3.0282402,3.7889223,2.972146,1.0984706,0.15845852,-0.7193038,-2.640607,-1.8014358
0.18274626,1.7326633,3.9908292,4.3466945,2.8321164,1.6848322,0.74015385,-1.2600703,-1.9853673,-2.150695
-0.911415,0.9108565,2.575008,2.6703913,2.2535386,0.45110834,0.2805395,-0.7319338,-1.1262008,-1.6340277
0.16577223,0.6406541,1.9173576,2.459779,1.8158776,0.838513,0.38843924,0.064397536,-1.3116891,-1.2651033
-0.083248466,0.735422,1.9336944,2.4388728,2.447762,1.3725289,1.1347004,0.117276736,-0.8795169,-1.4434274
-0.42860857,0.20288193,1.199148,2.0368648,1.9276136,0.4679041,0.42780572,-0.24112043,-1.5010495,-1.3981166
0.08493474,0.75570005,1.9587225,2.3786073,1.9486299,0.9933857,0.842093,0.119276166,-0.95167243,-0.9415314
-0.042769853,0.53183424,1.4726769,2.5181808,1.7905998,0.43583703,0.6419181,-0.35261223,-1.0562493,-1.0389313
-0.43049043,0.13233694,1.7214103,1.4827255,1.3733503,0.44354236,0.25652054,-0.5515924,-1.5011805,-1.1554713
-0.07236244,0.77897465,1.4165125,1.6849637,1.9709371,1.083627,0.3031911,0.12784448,-0.8732982,-1.172049
0.28981194,0.9347675,2.2665842,2.903812,2.1703775,1.4294045,0.7108774,-0.3110508,-1.0759815,-1.2737191
-1.0145985,0.24752887,1.5896114,1.8473839,1.8105744,1.1971135,0.16861726,0.1451921,-0.9519756,-0.68627137
0.08411467,0.53791213,1.3773502,1.3612548,1.456462,0.42499372,0.6167933,0.069327645,-0.55131865,-0.7053401
-0.2677231,0.31422323,1.1528838,1.095701,1.2504857,0.66382176,0.51318,-0.12757361,-0.9633104,-0.68227035
-0.4280564,0.4703449,1.4279761,1.4177692,1.2396897,0.42719564,0.15620068,-0.05405348,-0.6956059,-1.1461182
-0.19938496,1.1021144,1.3211774,1.6223217,1.5051734,0.70138264,0.40853128,-0.15692924,-0.6489627,-1.6744606
-0.8098837,0.7644975,1.7662388,1.4227755,1.4119875,0.447294,0.028319143,-0.70447034,-1.0761765,-0.6916915
-0.7104071,0.7486484,1.7755729,2.4951925,2.0906334,0.881266,0.2383799,0.048714057,-1.3091867,-1.5343263
0.25413713,0.62215894,1.8668282,1.5479863,1.8068802,1.1730189,0.64169633,0.43016332,-0.7766274,-0.90853566
-0.6450531,1.203167,2.5021095,2.3974016,1.8572749,0.5752148,0.5717195,0.009462416,-1.4296722,-1.3388622
-0.0094001945,0.92304987,2.2998707,2.266072,2.112306,1.0293348,0.48707289,-0.047103908,-0.9850526,-1.1059347
-0.6992097,0.23871642,1.7361068,1.3012497,1.1623213,0.3748382,0.38513836,-0.084925465,-0.8176923,-0.71309453
-0.33815315,1.1226419,1.6284437,1.9140698,1.6856267,0.65369564,0.636834,-0.03575579,-0.7822725,-0.92672306
-0.5753529,0.55450875,1.834768,2.4318135,2.6824162,0.9884871,0.7893864,0.040367916,-1.8759156,-2.1262414
-0.31484282,0.4189523,2.256641,2.5279238,2.6315708,0.8612694,0.6724347,-0.8119031,-1.6575602,-1.2991853
-0.4904674,0.28107703,1.5267346,2.3135586,2.3076546,0.9978876,0.9642618,-0.35145628,-0.910933,-1.4804789
-0.26453537,0.50355905,1.6913239,2.4374712,2.2139316,1.2962489,0.45744437,0.07827728,-1.0722855,-1.0258989
-0.0074131694,0.5927543,2.2136366,2.5434287,2.462383,1.2012422,0.8886371,0.25745568,-1.3350096,-1.1981044
-0.16128406,0.23798145,1.8353783,2.277161,2.1634562,0.98575926,0.7182973,-0.14844997,-1.3122554,-1.0522529
-0.29328036,0.3457826,1.7367479,3.418915,2.553948,0.88758403,1.0126195,0.6887273,-1.6644669,-1.3956442
-0.0020217728,0.69488794,1.2053328,1.6725802,1.5152332,0.51410484,0.16217515,-0.41071272,-0.97035176,-1.0016321
0.14640036,0.56122375,2.1146243,1.5382891,1.6308994,0.5603798,0.4352323,0.4475377,-0.5323751,-1.0034862
0.05031852,0.32084593,1.6969578,1.648298,1.6068488,0.35304204,0.2712385,-0.4841999,-0.655906,-0.65973115
-0.1776368,0.25343394,1.3305405,1.8330777,1.7071515,0.55909944,0.2037485,-0.17464499,-0.9731003,-1.2300662
-0.31032285,1.0740862,1.4640834,1.9160161,1.2850546,0.4599471,0.6075992,0.13901746,-0.7659174,-0.5040132
-0.3051178,0.4149627,1.2038965,1.2065035,1.5640746,0.74510384,0.17549379,0.1927942,-0.62553656,-0.9910762
-0.6039998,1.521256,2.5445743,2.6708095,2.2137082,1.0206629,1.0381805,0.1582586,-1.0169585,-1.356589
0.019085288,0.4537078,1.8028566,1.913114,1.4538733,0.4788741,0.5082867,-0.0073449775,-0.99031186,-0.93132716
-0.53394586,0.22036433,1.5871035,2.5993881,2.5305948,0.5581836,0.75712574,-0.10112758,-0.7848759,-0.73136014
-0.5234127,0.6447971,1.8645877,2.089319,2.06781,0.8786947,0.014108777,-0.65910983,-1.4878695,-1.0978556
-0.8142839,0.39754403,1.3855332,1.5987761,1.4618446,0.4773205,0.38475266,-0.2820603,-1.2484628,-0.69236594
-0.6094472,0.2802554,1.2384483,1.6366313,1.6871052,0.9045675,0.47319788,0.3791501,-0.6715144,-1.2851951
-0.08726193,0.5264975,1.1701308,2.0938284,1.5692625,0.6670394,0.6997885,0.16300161,-0.5897515,-0.9931057
-0.41699216,0.45493257,1.4901434,1.7447059,1.4497001,0.54628766,0.41590947,-0.10366273,-0.9102006,-1.7158415
-0.26172778,0.23209938,1.44615,2.1170647,1.2547204,0.7100776,0.40124038,-0.60665655,-0.9920318,-1.3711598
-0.7226917,1.1044154,2.4637396,2.070089,1.7501229,0.7481912,-0.070865035,-0.7589846,-1.6677804,-1.1203417
-0.20373014,0.56054264,1.2735956,1.4769351,1.474557,0.6823216,0.56874555,0.41317078,-0.7818108,-1.0690867
-0.0575566,0.3382336,1.1261151,1.8949506,1.7520801,0.35691518,0.8095176,-0.23395805,-1.2103372,-0.9114489
-0.18413877,0.29630026,1.3870652,1.9200369,1.6405578,0.9165466,-0.0087913405,-0.69633985,-1.3238411,-0.85263205
-0.90792423,1.1190456,1.7417784,1.857073,1.8523328,0.04422186,-0.1311604,-0.4358447,-1.2648506,-1.3806597
-0.060366876,0.69080657,1.7138542,2.3787467,1.7602543,0.5315717,0.32949203,0.07725251,-1.2907666,-1.613112
-0.60248214,1.2412821,1.8647037,2.261258,2.0344,1.203448,1.0727801,-0.41638353,-1.1324085,-1.1147285
0.09360681,0.68780935,1.4128615,1.4293119,1.373435,1.0424404,0.5644238,-0.34198427,-1.0582429,-0.9335771
-0.549274,1.3004264,2.113331,2.091647,1.8468351,0.7127869,0.6144346,-0.4385194,-1.2761276,-1.3123995
0.2046147,0.17451456,1.2373902,1.88556,1.4280564,0.66792184,0.61409247,-0.24086003,-1.0748081,-0.8099055
-0.82722574,0.5103398,1.8829675,2.2421432,1.2647786,0.19739048,0.1990836,-0.17891346,-0.72702205,-1.0787953
0.15960449,1.2211388,1.7110567,1.5304241,1.6829075,0.56526726,0.40669268,-0.46379673,-0.8475242,-0.82986504
-0.17654955,1.0892808,2.1072798,2.0157044,2.4135635,1.5011108,1.6599816,0.37957063,-0.8190505,-0.94720495
-0.6447661,0.20894398,1.0152723,1.3371154,1.5074371,0.49234676,0.19687298,0.37640592,-0.7208112,-0.767289
-0.13955861,0.36811292,1.254642,1.7272422,1.5640473,0.42141548,-0.17964458,-0.40624714,-1.0685923,-1.0253723
-0.615325,0.46286848,1.2311084,1.7980425,2.0776737,1.3743383,0.15772088,-0.7634674,-0.8815742,-1.4981474
-1.1858264,1.2442473,2.7720206,2.9760058,2.8052316,1.8083484,0.8897242,0.39485848,-1.5008366,-1.529157
-0.7241788,0.96926343,2.6409018,2.4663332,1.7423875,1.0040607,0.799401,-0.041129105,-1.3624254,-1.0468566
-0.34407786,0.48750022,1.6081502,2.4857833,2.3396795,0.83510154,1.0946715,0.32261777,-1.3226043,-1.4131333
0.014293959,0.09903291,1.5403172,2.5572062,2.090204,1.1036572,0.887346,-0.39411014,-1.4343879,-1.7266805
0.014602066,0.6274832,1.2571354,1.4276793,1.1368676,0.5885921,0.30469465,-0.26629397,-0.67839843,-0.7586396
-0.5788407,0.44612616,1.4097514,1.8971047,1.294699,0.70739335,-0.056260742,0.12713471,-1.0772197,-0.95626014
-0.54902154,0.5476348,2.337345,3.1635425,2.63596,1.0523045,0.21447344,-0.8157289,-1.769576,-1.9326987
-0.07982117,0.28433907,1.2395593,1.6205658,1.6930788,0.3211618,0.53665,0.13415541,-1.4299715,-1.2385055
0.41707334,0.55361015,1.941132,2.071026,2.302522,1.4058746,0.8498879,-0.11966497,-0.9551565,-0.97197694
-0.5593529,0.29083988,1.6986604,2.3821442,2.478265,1.085518,0.5010605,-0.73752993,-0.9252058,-1.4990984
-0.20093852,0.8702572,1.7263039,2.125702,1.736104,0.57104105,0.88912743,-0.243772,-1.5273435,-1.4706315
-0.43498224,0.45816723,0.9924239,1.2773505,1.3147227,0.5609002,0.14480864,-0.4097261,-0.94607985,-1.1068677
-0.5703377,0.84858036,1.5517954,1.4450208,1.2122401,0.61847043,0.59510046,-0.070301294,-0.4969863,-1.2795109
-0.5727224,0.21643986,1.8056655,2.4270885,1.8034444,1.0192672,0.5074197,0.2253975,-1.1833023,-1.5036658
-0.2685215,0.20326535,0.9757865,1.6008692,1.6434951,0.71292603,-0.0048797075,-0.010971436,-1.0728244,-1.077576
-0.43708256,0.33522052,1.4061177,1.6196816,1.2563057,0.7189212,0.55590266,-0.25946236,-0.87854195,-0.7926525
-0.36342472,0.07880082,1.2034644,2.0012014,1.5348835,0.8504756,0.21725526,-0.0354997,-0.7923588,-0.8386782
-0.7123331,0.29565954,1.9019462,1.8204503,1.2056532,0.69310534,0.68283397,-0.26304337,-0.89046925,-0.9210781
-0.39227125,0.3626403,1.9051439,1.8280228,2.0897567,1.2750536,0.23105305,0.33414444,-1.0151118,-1.4241557
-0.12830862,0.46262696,1.3761797,1.9351643,1.4041411,0.62549675,0.71430016,-0.033808995,-0.8842228,-1.1520792
-0.091541395,1.2367723,2.6779351,2.3189304,2.0574207,1.1847246,0.60929906,0.57951957,-0.7361019,-0.9022254
0.019607978,0.6170209,1.2385296,1.691642,1.7323757,0.9447323,0.64458156,0.2728994,-0.8719351,-1.3133312
-0.12140926,0.37637326,1.5670232,2.4251852,2.504889,0.9775827,0.46512902,0.020646527,-1.0230411,-1.2511847
-0.3482414,0.4495046,1.1045265,1.7179916,1.3746486,0.34025466,0.5535956,-0.28776512,-1.547207,-1.3184099
0.08660463,0.7787105,1.3692079,2.2089703,1.7980126,0.65525293,0.7548666,-0.16476564,-0.93580437,-1.136418
-0.5673454,0.20531023,1.2807515,1.6724252,1.4329673,0.61873275,0.5237332,-0.50527066,-1.202003,-0.7456693
-1.3021864,0.6781786,1.5552202,2.1275523,2.1302927,1.1090976,0.49016875,-0.4239279,-1.3369459,-1.6399535
-0.17339751,0.90050995,2.0928864,2.9050667,2.0721169,0.9458971,0.0066858456,-0.3046111,-0.9577526,-1.738515
-0.038190868,0.5852453,1.97839,2.3049362,1.5428624,0.43412644,0.62091464,0.36752605,-0.8438578,-1.1193607
-0.5898457,0.63646585,1.7445668,2.2938325,2.1968522,1.5062916,0.99328256,0.09833092,-0.71038496,-0.90078926
-0.4052443,0.93904746,1.098938,1.5646344,0.86972207,0.44083565,0.30368653,-0.2730019,-1.0135685,-1.0062537
-0.094258465,0.22646621,0.9618543,1.6305462,1.1898581,0.61808234,0.12419899,0.040643353,-1.2929915,-0.8546133
-0.22060823,0.75532144,1.3036627,1.9494787,1.3234855,0.5926383,0.3229159,0.036578663,-0.8375674,-0.678809
-0.6048896,0.39650628,1.3123091,1.7888986,1.1528791,0.44517338,0.54430455,-0.08695632,-1.071526,-0.914814
-0.6616374,0.0711845,1.6682998,1.7820557,1.6194085,1.2875001,0.5768517,-0.30115744,-1.2386172,-1.2052764
-0.2177099,0.5972619,1.655573,1.5933867,1.9456254,0.8662615,0.48577327,0.15432265,-0.4604661,-0.6637578
-0.6495058,0.50980306,1.246295,1.5441179,1.8766602,1.192031,0.43704137,-0.51458293,-1.4920398,-1.3882438
-0.43333882,1.0083109,1.9757078,2.0318928,1.851666,0.51904744,0.7589549,-0.22259447,-0.91681445,-0.968843
-0.8553662,1.388512,2.3274038,2.3159928,1.8431853,1.1000738,0.7622413,-0.74668646,-1.2665757,-0.7451342
-0.10336781,0.5854159,1.6838264,2.1855123,1.920989,0.880921,0.83447886,0.06459539,-0.9621576,-1.6945902
0.012540953,0.6228044,1.556449,1.396621,1.4437892,0.5125566,0.46566355,0.4146864,-0.6712416,-0.72318906
-0.37294853,0.79955083,1.7576019,2.140861,1.8888333,0.9855734,0.42361617,-0.52766055,-1.2882242,-0.6662218
-0.6732918,1.2311614,2.6773374,2.968194,2.7026289,1.5272495,0.8569928,-0.38618624,-1.609219,-0.8238186
-0.50162154,0.48495817,2.48345,2.6392794,2.1314182,1.3150243,0.7825487,-0.8934746,-1.7828192,-1.5354279
-0.12315401,0.039367978,1.176087,2.480873,2.2995636,1.1576782,0.7005287,-0.554554,-1.9096558,-1.8662072
-0.10018189,0.25069597,1.5678918,2.1017501,0.9706335,0.45964158,0.37172574,-0.32423472,-1.0159822,-0.7166647
-0.54736984,0.16629587,1.2035226,2.0388713,1.8032447,0.6185894,0.8364517,-0.16647387,-1.2432353,-1.2571363
-0.03491606,0.65518296,1.8843161,1.9655815,1.3872651,0.39343354,0.4724244,-0.16235834,-1.1582235,-1.1489012
-0.22384372,0.98961604,1.3367546,1.9778863,2.2678742,0.46408546,0.5925831,-0.13649978,-0.7023759,-1.2930558
-1.0892732,0.58950365,1.1365569,1.6857208,1.556891,0.40229666,0.04777103,-0.043613575,-1.0416286,-1.2249979
-0.20144999,1.0630792,2.3254454,2.4107957,1.729929,0.54444057,0.58025074,0.08176594,-1.2085991,-1.6805052
-0.037875783,0.74418306,1.7051471,1.8274219,1.521316,0.5948691,0.53117067,0.19487318,-0.7642374,-1.2082616
-0.21927735,0.39206257,1.6791158,1.8559992,1.49921,1.0311464,0.454119,-0.5418747,-0.58222663,-0.90494704
-0.53626484,0.79275054,1.2915984,1.3944614,1.2715597,0.32426026,0.2654806,0.23215574,-0.67200804,-1.114265
-0.19774485,0.43093047,1.6989952,2.7385504,2.4490075,1.0932528,1.2082587,-0.24500602,-1.2509785,-1.3315177
-0.43671745,0.14557454,1.6314642,1.7885876,1.9112915,0.7731996,0.17719686,-0.41075632,-0.954379,-0.9250574
0.013541492,0.5639878,1.6715448,2.0381825,1.7421331,1.3008392,0.9296296,0.026443277,-1.3554937,-1.285213
-0.17604107,0.33664915,1.5973624,2.5764127,1.8859183,1.215123,0.890752,-0.41717488,-1.2461321,-1.1885943
-0.077227764,0.34967452,1.6151533,2.2993362,2.12844,0.8985431,1.0025772,0.0517034,-1.0994347,-1.3857292
-0.1457516,0.89387345,1.7992429,2.3727431,1.8780096,0.58903426,0.6342953,-0.77809066,-1.355868,-1.2061561
-0.003285559,0.16254294,0.83197796,1.7498308,1.2414857,0.6008502,0.5544252,-0.04532088,-1.1606069,-0.9914065
-0.7312361,0.21620335,1.3099762,1.7342817,1.5618863,0.33695748,0.35454753,-0.50642866,-0.76603764,-1.238337
-0.3612929,0.7698318,1.2196442,1.5023113,1.5061034,0.42571273,0.31011936,-0.2790377,-0.98781466,-0.71387106
-0.43640316,0.14644967,1.615428,1.919362,1.3570069,0.6620578,0.3633875,-0.20075193,-1.2829427,-0.93343854
-0.14142802,0.6081854,1.5000529,2.2385519,2.1874373,0.99122167,0.57527417,0.284685,-1.0158159,-1.4083985
-0.09705577,0.5277881,1.4196078,1.7116197,1.5788734,0.81021553,0.3405843,-0.12551163,-0.8494301,-0.64925253
-0.2121396,0.9969654,1.9303945,2.2114077,1.9274127,0.6377835,0.58204657,0.074554764,-1.0574851,-1.6313576
-0.9119116,0.7051667,2.3067992,2.6151998,2.267703,0.99960244,0.15030341,-0.56677246,-1.5869917,-1.6004432
-0.77702445,0.7718789,2.017474,1.9150698,1.240776,0.67374974,0.6185289,-0.056707233,-0.994578,-1.2206328
0.12041935,0.3634723,1.7977718,1.8846731,2.0983088,1.0467067,0.6727078,-0.1338433,-1.0918037,-0.97979414
-0.15443587,0.7479259,1.7995893,2.0934348,1.9281114,1.0061092,0.68128026,0.29089123,-1.2914574,-1.3751204
0.15329319,0.7364008,1.945138,2.0933857,1.7746222,0.847982,0.9211955,-0.11929208,-1.3758401,-1.0121062
-0.060401544,0.7544803,1.3568667,1.8227364,1.6353823,0.80755883,0.48062187,-0.052362394,-0.750577,-0.94584787
-0.119706415,0.37963766,1.7948406,2.3247721,2.0370374,0.7807978,0.91605765,0.367966,-1.0116119,-1.4964734
-0.24682668,0.5922269,2.0403984,2.8365593,2.0787153,0.7621966,1.022058,-0.09121124,-1.6309186,-1.5538685
-0.48276553,0.74555206,2.325139,2.925204,3.0623755,1.2183819,1.0142468,-0.48437014,-1.3801683,-1.9231447
-0.20109028,0.9146983,3.6632342,3.6957269,2.9989853,1.4871845,0.75411224,-0.4277246,-1.2423761,-1.5931048
0.024035241,0.28378853,1.0798846,1.7074965,1.8383838,0.93265575,1.2472761,0.014880283,-0.6444662,-0.55081606
-0.84080786,0.3831786,2.3052344,3.185324,2.9592187,1.3805097,0.66720146,-0.22412156,-1.7086067,-2.4468956
-0.31535858,0.8669266,2.0514994,2.9918993,2.0519629,1.0401156,1.434451,0.31613925,-1.477472,-1.1762505
-0.4756918,0.57807153,1.7252039,2.2432592,1.7308555,0.93020517,0.7308482,-0.26966304,-1.3600526,-0.9594739
-0.10289447,0.72456133,1.6609225,2.6792877,2.309005,1.304274,1.4440627,0.6482537,-0.88265383,-0.73467016
-0.48760602,0.67115307,1.9507619,2.11263,2.091956,1.2463259,0.6325233,-0.01154064,-1.3779051,-1.3516806
-0.3469641,0.9518129,2.0236962,2.3716924,1.9764086,0.6277913,0.80741686,-0.10070252,-1.5293819,-1.6218252
-0.062307313,0.5849335,1.397048,2.4364376,2.109421,1.0229706,0.79844254,0.16933705,-0.8141441,-1.311757
-0.16378325,0.5440102,1.3321973,1.8034716,1.4672607,0.408842,0.40183362,-0.0757205,-1.1444596,-1.1189748
-0.31108642,0.7728234,1.7547144,1.4741575,1.3626331,0.55913645,0.4144835,-0.19849338,-0.78959364,-0.4305356
-0.02419544,0.43186125,2.1761,2.7500792,2.5770667,1.456972,1.0426556,0.048673365,-0.97163314,-1.321845
-0.6685789,0.76194435,1.553924,2.3186474,1.5733552,0.5433426,0.20931363,-0.5732766,-1.6055609,-1.236937
0.24114165,0.8637563,2.7202058,3.2650325,2.5249321,1.3263559,1.0060701,-0.26853916,-1.067768,-0.90287733
-0.2978931,0.44680113,1.846687,1.9589869,1.756924,0.99833214,0.3920565,-0.2778666,-1.0059979,-1.1810704
-0.2320576,0.29887438,1.1025193,1.49589,1.3170155,0.9885217,0.20765308,-0.31382734,-1.2798383,-0.9737361
-0.17731306,0.6824501,1.3217683,1.7201142,2.0046391,0.9400311,0.54197633,0.21313706,-1.3493849,-0.8921346
-0.8533855,0.42419186,2.3141978,2.8528893,2.2764072,0.8485903,0.3073842,-0.977413,-1.496546,-1.3616381
-0.109023325,0.18903616,1.3090746,1.7205437,1.4387746,1.0922446,0.628702,-0.48547563,-0.89433086,-1.1347679
-0.81255037,1.3765533,2.5644877,2.1860497,2.0503304,0.75279707,0.06689352,-0.8159894,-1.6114396,-2.1568818
-0.35225144,0.52561253,1.3291069,2.1861398,1.673164,0.4535426,0.3535333,-0.35647726,-1.0716442,-1.0354347
-0.14027232,1.2763188,2.2616413,2.4649172,2.2004616,1.2740313,1.1672516,-0.25960392,-1.1130363,-0.60984486
-0.1680898,0.059856836,1.5555308,2.1062539,1.3513405,0.4640587,0.5860086,-0.2569897,-1.3618814,-1.5861301
-0.4646623,0.055590417,1.0960773,1.6727706,1.2610046,0.42814776,0.47894084,-0.0065342127,-0.82821196,-1.2772123
-0.80353856,0.10235607,0.80724984,1.6039261,1.5943104,0.3964927,0.5879715,-0.068108305,-0.9654187,-1.0010878
-0.0943871,0.9663843,1.9776347,1.8336538,1.8342365,0.3615651,0.40575555,-0.20733513,-1.1970888,-1.1770352
0.56285316,0.6978197,2.049369,2.5894024,2.8778205,2.2103763,1.0822209,-0.16789071,-1.133014,-1.070564
-0.49811795,1.1121998,2.166506,1.9577655,1.780168,0.8111573,0.41724262,-0.68422884,-1.4021633,-1.2943743
-0.036259424,0.52589613,1.5397111,1.9343413,1.4994426,0.7192366,0.099586874,-0.31380612,-1.3096277,-1.2612169
-0.9894388,0.5156952,1.9644837,2.785341,2.6130357,1.6267028,0.97060883,-0.037003286,-1.4795444,-1.4549601
-0.74648166,0.98613,1.9886981,2.1930637,1.9013659,0.9464508,0.7872754,-0.33868414,-1.2057502,-0.99787605
-0.42954728,0.049110044,1.2896608,1.5770128,2.0271661,0.7041282,0.25915945,-0.029582875,-0.7251222,-1.2991811
-0.2784482,0.91340184,2.3031561,2.0555644,1.6745275,0.9162196,1.2104119,-0.0071309875,-1.2492563,-0.5994071
0.15068248,0.5449652,1.7724048,1.5167574,1.4319321,0.43106014,0.37791726,-0.6550024,-1.1934147,-0.70009845
-0.10694684,0.92596924,1.8021296,1.8301587,1.4825994,0.41025507,0.09986423,0.018405858,-0.89085686,-0.8309296
-0.56797117,0.37119713,1.7453636,2.022354,1.5926749,0.58661443,0.010722887,-0.4471013,-1.0077424,-2.1562386
-0.4013148,0.66943353,1.7854102,2.1859443,2.350025,0.59926784,0.5875873,-0.20413898,-1.0567209,-1.2291541
0.096837334,1.2524447,2.1348734,1.8409296,1.6118858,0.6338246,0.672156,0.110238045,-0.8141817,-0.77584326
-0.31152767,0.49910048,1.9165926,1.7727824,1.7977657,0.774567,0.4792406,0.15854102,-1.3137784,-1.7781839
-0.07242793,0.72278625,1.8759586,2.67575,1.7222763,1.1854031,1.0411775,-0.25719884,-1.2484357,-0.82452
-0.8531939,0.1329173,1.6300147,1.8342052,2.261804,1.2014887,0.963566,-0.17513931,-0.8596072,-1.431975
-0.70183176,0.81923544,2.5862355,2.5872433,1.9312142,0.7576711,0.3172214,-0.30339965,-1.0199156,-1.257208
-0.7430983,0.3117484,2.386569,3.5651448,3.6379178,2.0131133,0.9795606,-0.026677126,-1.7080286,-2.1456592
-1.1212946,0.9533632,2.5000916,3.6919837,3.3333313,1.7660317,0.70002604,-1.0745684,-2.023362,-1.8317099
-0.36329168,0.2922594,2.9552925,3.7987309,3.6629965,1.8936843,0.7803973,-0.9037217,-1.9062593,-1.8080204
-0.5211657,0.7007325,1.7382902,2.1632957,2.0620234,1.4032336,0.99740887,-0.025452321,-1.2401477,-0.91399306
-0.22635463,0.47634044,1.4702661,2.215204,1.5620244,0.6889523,-0.077788234,-0.43674496,-0.93087906,-1.6761155
-0.053324886,0.2132567,1.5842288,2.1963434,1.7818539,0.4216925,0.22445214,-0.024010569,-1.1841868,-1.2527876
-0.5309154,-0.13104475,1.0308653,1.8820859,2.0733688,1.0475258,0.49454898,-0.46130797,-1.0942107,-1.5334077
0.15972713,0.6533254,1.4508853,1.8140815,2.1471157,0.9358606,0.30490422,-0.20482953,-0.89596415,-1.2085097
0.15631834,1.1179843,2.210203,2.9154115,2.6062248,1.3396738,0.6640611,-0.39163342,-1.5545286,-1.3890498
-0.77668524,0.42191005,1.5679724,2.1982925,1.6456441,0.584949,0.47784048,-0.21031503,-1.134468,-1.7106552
-0.4128436,0.5463636,1.960212,2.1235795,1.8023331,0.9928931,0.25993073,-0.5051032,-1.2924737,-1.5006967
0.23091468,-0.14409748,1.5065932,1.8085561,1.8546743,1.1168822,0.91974944,0.32895648,-1.4141945,-1.3483975
-0.2801782,-0.004887534,1.5333012,1.5419254,1.438408,1.0653464,0.6826403,-0.0141046215,-0.9336524,-1.4393401
-0.43245006,0.56519336,1.4165553,2.2343493,1.5569638,0.6329746,0.1900372,-0.104869805,-1.2431691,-1.5566022
0.20053,0.3258218,1.8058491,1.5092711,1.6578197,0.6773209,0.12938313,0.037033092,-1.137147,-1.0890677
-0.38399035,0.7590465,1.9327536,2.17249,1.7509967,0.7927778,0.34864917,-0.030653128,-0.72052646,-1.0968167
-0.25402808,1.0148436,1.3735904,1.3369744,1.2846528,0.6373288,0.24239108,-0.08575099,-1.067205,-0.82618594
0.054923624,0.6336852,1.2902035,1.44459,1.322502,0.79857534,0.2112752,-0.23434588,-0.7075538,-0.5881673
-0.046350054,0.4352644,1.2668806,1.9512109,1.6491852,0.31671903,-0.18127747,-0.47294375,-1.3487673,-0.72808605
-0.05866877,0.31732452,1.1072766,1.2362586,1.2130649,0.5970006,0.30249903,-0.33988592,-0.9079162,-0.8592141
-0.5987141,0.8586539,1.8231101,1.9642962,1.568906,0.37677526,0.32900497,-0.48360106,-1.4813777,-1.4837297
-0.45962605,0.63806754,1.7785176,1.5096654,1.489192,0.80141234,0.6243782,-0.30011952,-0.86472225,-0.82717186
-0.575664,0.53268534,1.8721466,1.9437714,1.8253008,0.5897834,0.3132495,-0.47687683,-1.1275933,-0.7914897
-0.7291112,0.7471379,1.9275459,2.2917464,2.171912,0.9075476,0.4973495,-0.76148224,-1.8287275,-1.317483
-0.2384583,-0.08793533,2.1094015,2.4871478,1.9358159,0.9202454,0.5198761,-0.42025968,-1.2522225,-1.4873989
-0.19929811,0.13491444,1.5295756,1.8624961,1.6948006,0.86802304,0.497177,-0.7373473,-1.2625624,-1.33747
-0.19601008,0.25658435,1.365431,1.7441982,1.901742,0.34984046,0.18846513,-0.14998613,-1.1980699,-1.2554983
-0.36101875,0.59895813,1.8343961,1.5578687,1.6239556,0.6773924,0.17310005,-0.34100348,-1.378286,-1.0735933
-0.18260324,0.563544,1.4259276,1.30374,1.6184163,0.6733914,0.77079827,0.048547488,-0.8535796,-0.79089904
0.16814306,0.47351062,1.835684,2.571904,2.2375805,1.3170465,0.72735137,-0.009972725,-1.2474601,-1.0548364
-0.4884366,0.5048968,1.8611568,2.4174368,1.9796921,0.8251437,0.514235,-1.049933,-1.7928497,-1.5290636
-0.15829003,0.4805195,1.1595547,1.85302,1.7067525,0.5877479,0.7490846,0.17136706,-1.1972799,-1.4910357
-0.5030341,0.4270747,1.5887842,2.0514047,1.7934196,0.7150023,0.76165766,-0.25515833,-0.816421,-1.4064959
-0.5867027,0.15062718,1.2894382,2.2529824,2.403054,0.5608414,0.39701146,-0.13889202,-1.100391,-1.0424773
-0.42169422,0.32608035,0.82537454,1.3061447,0.92500645,0.6014074,0.38865623,-0.40264773,-0.82742435,-0.92503893
-0.7069819,0.42959088,1.4471093,1.6453753,1.5999426,0.13166392,-0.045464616,-0.70990264,-1.0487427,-1.0905102
-0.24695462,0.5451073,1.609514,1.8334992,1.9574907,0.99401724,0.7405228,0.23239575,-1.1244777,-1.3323268
0.12081037,0.83090526,2.3657722,2.3154778,1.7364135,1.202356,0.65169126,-0.39934883,-1.5254228,-0.92975867
0.20780471,0.6145928,1.2457148,1.5288429,1.5896935,0.6584481,0.4874642,-0.35660824,-1.0261459,-0.89853716
0.12823597,0.3693536,1.2251493,1.6999454,1.4949843,0.92988646,0.9991479,-0.118128195,-0.59994894,-1.0342331
-0.7234058,0.73121375,1.760742,1.963759,1.7981981,0.8403422,0.35873538,-0.4338133,-1.0544417,-1.3423187
-0.9029258,1.0962455,1.7952261,2.4290755,1.9715747,1.1466553,0.8550805,-0.20771849,-1.352309,-1.494489
0.002525975,0.20792365,1.1501778,1.4806621,1.4896559,0.24704053,0.4571338,-0.016430942,-1.02728,-1.082855
-0.27332819,0.6863241,1.5350474,1.9910327,1.5285145,0.53457767,0.6770301,-0.36713254,-0.87023664,-1.0401891
0.06847137,0.53099525,2.0765991,2.6512923,2.5921369,1.1896285,0.49214447,0.12918021,-1.369016,-1.5548494
-1.1794987,0.74036634,1.9065279,1.8820375,1.9679097,0.5107992,0.17732593,-0.24924588,-1.1871328,-1.190598
-0.3666681,0.36540368,1.7622194,1.6887743,1.7134515,0.5136937,0.6651508,-0.3651902,-1.3597674,-1.1486968
-0.08223138,1.099041,1.9646717,2.5227318,2.3360856,0.9211083,0.72074383,0.092156634,-1.2879596,-1.745384
-0.11727967,0.63946116,1.6459932,1.5173723,1.7962971,0.9587854,0.7368291,-0.23503542,-0.7838326,-1.3307121
-0.10026262,0.4419382,1.360644,2.0574245,1.719151,0.73040795,0.41572747,-0.5547201,-1.0427008,-0.7971163
-0.1300934,0.33552417,0.94423544,1.2292652,1.2840488,0.31423977,0.29103008,0.13646618,-0.38166592,-0.7395984
-0.49223468,0.1602439,1.7470962,1.5334675,1.5728606,1.2104034,0.6857609,-0.4678991,-1.2835412,-1.4585402
0.064647794,0.58324355,1.9136621,2.7357247,1.9469908,0.8560684,0.2880152,-0.25721887,-1.3693606,-1.1015888
-0.042872638,0.60213304,1.3246274,1.6760368,1.5704385,0.24116509,0.43781343,-0.37059584,-1.0884639,-1.2129275
-0.9573633,0.77581644,1.1917,1.8314363,1.608582,0.5086758,0.27687696,0.011462586,-0.89035165,-0.8922016
-0.9295417,0.4446526,1.4955944,2.9060369,3.003327,1.2372018,0.6749562,-0.34645003,-1.7920885,-1.5735934
-0.37676123,0.8876026,2.9880319,3.0327137,2.5630875,1.0584673,0.13718297,-0.33898246,-1.2867049,-1.8574055
-0.56320745,0.617412,1.9374652,1.9023893,1.4898578,0.92415905,0.28488442,0.002075375,-1.1964366,-1.4548347
-0.3582676,0.7329517,1.1609088,2.0240262,2.2230368,0.84296054,0.47409022,0.008817079,-1.3731116,-1.2009652
-0.38666353,0.25861654,1.1642126,1.8204852,1.7176887,0.58601105,0.5637308,0.09961871,-0.82404536,-1.2940462
-0.12099252,0.80768055,1.9054996,2.0474346,2.0469413,0.9066094,0.49254227,-0.15486178,-1.2149949,-0.9235043
-0.24896353,0.64399374,1.7085222,2.1157384,1.6770693,0.593302,0.2202734,-0.32561317,-1.3074431,-1.0902611
-0.68871695,0.510858,2.2031212,2.2326381,1.948039,0.8449671,0.9561643,-0.29954147,-1.1269615,-1.6421874
-0.07597671,0.14462073,1.9474105,2.4285707,2.0646334,0.9458722,0.7886415,0.14472766,-1.3944312,-1.3958044
-0.099744596,0.5893451,1.4484711,2.560163,2.056374,0.9213832,0.6894532,-0.1432524,-1.169326,-0.908882
-0.56464255,0.88795537,1.9076216,2.3308554,1.9016064,1.2463474,0.56998235,-0.42614254,-1.1863272,-1.6480019
-0.7361107,1.1503502,2.2624855,3.4764075,3.2069633,1.8509424,0.71002436,-0.37652966,-1.663125,-2.2780309
-1.1351303,0.8824752,2.3729928,3.6849368,3.4994712,1.8855842,1.0580161,-0.8568238,-2.776376,-2.9942324
-1.052785,1.1115917,2.9646277,2.9595177,2.2027094,1.1198068,0.27305174,-0.24879685,-1.6679995,-1.7009349
-0.98501325,1.5961938,2.2645435,2.051409,1.8445183,1.0696907,0.21121842,-0.4876568,-1.0064597,-0.8912379
0.21139416,0.44930184,1.1310247,1.8678339,2.5761714,1.0960901,0.8832487,0.10704908,-0.7577622,-0.7401498
-0.3272217,1.1551654,1.7383329,2.087863,1.528693,0.7379709,0.32566306,-0.6694214,-1.2583487,-1.4625307
-0.37122542,0.5680011,1.2105405,2.3545153,1.8222243,1.351253,0.6250787,-0.36116,-1.3890363,-1.3851626
-0.20126134,0.47128558,1.4199495,1.9805583,1.5100427,0.71376574,0.27876213,-0.5089918,-0.99831474,-1.2476526
0.011512062,0.7812844,1.9416664,1.8957437,1.8050617,0.67572695,0.21720058,-0.22704455,-0.8252274,-1.4306374
0.33779502,0.862427,2.4036155,2.787642,2.2202225,1.2435594,0.69935375,0.15722911,-1.0063769,-0.5440354
0.015804807,1.248559,1.6080796,2.1580768,2.2284353,0.8216185,0.35696235,-0.032038823,-1.3737391,-1.4410225
0.13002433,1.0572685,1.6245276,2.5711539,1.7505463,0.57365227,0.94021565,0.47550145,-0.97712517,-1.1747972
0.10718937,0.2097537,1.2376932,1.6051525,1.377712,0.60808927,0.46436903,0.07794537,-0.76388645,-0.7384499
-0.28303787,0.46155965,1.1450269,1.5306791,1.3860971,-0.022054061,0.2512761,-0.56943387,-0.95096904,-0.6815537
-0.48975798,0.7076006,1.7061889,2.1728659,1.9762286,1.2475019,1.2388122,-0.0013316968,-1.5075494,-1.7105494
-0.09458007,0.4352316,1.3525722,2.0734935,2.1189024,0.7744085,0.50585717,-0.11504999,-0.91195756,-0.8903372
-0.36207896,0.3377277,1.4710348,1.9025269,1.6858764,0.43859252,0.28417078,0.09006127,-0.7865893,-1.4958262
-0.53887415,0.32416862,1.9195296,1.8956233,1.7453905,0.772624,0.63281566,-0.12639031,-1.5242183,-1.4547551
-0.576971,0.27971402,1.636114,2.0832589,2.1863356,1.0071863,0.49970436,-0.25995618,-1.8237206,-1.8458456
0.11538761,0.12963744,1.0028567,2.1192098,2.038934,0.84276015,0.65743804,-0.14693907,-1.035609,-1.0793004
-0.08401322,0.12967218,1.6668051,1.8661119,1.5244249,0.85626525,0.5397021,-0.08617933,-0.9952196,-1.2553211
-0.092902996,-0.016851008,1.5933449,1.3743598,1.5166616,0.78482807,0.07672803,-0.3353912,-0.96465623,-1.7353146
-0.5314811,0.3506791,1.6321787,1.9120594,2.0323622,0.63501465,0.4607469,-0.45010245,-1.4140257,-1.1920708
-0.59303826,0.9413762,1.6222295,2.4362051,2.152865,0.87981856,0.30134293,-0.5864831,-1.3079474,-1.4027388
-0.23717055,0.41461763,1.8922206,2.707279,2.9103384,1.6575027,0.68236494,0.09186283,-1.3173643,-1.7495286
-0.2890023,0.6331915,2.5950496,3.3599696,2.8865726,1.3832698,0.8325054,-0.7562157,-1.5084264,-2.1504111
-0.9774938,0.5933553,1.537261,1.956962,1.8774558,0.6847673,0.67512506,0.010655841,-0.9481768,-1.0984462
-0.112482585,0.51738876,1.9949869,2.6611853,2.0505831,0.848194,0.64395934,-0.24458304,-1.1369898,-1.1287233
0.12832522,0.38990745,1.7099441,1.7228441,1.8489192,1.0588971,0.7736619,0.022102179,-0.42484123,-1.2101532
-0.39232537,0.27875182,2.133989,2.6475666,2.2573464,1.7409451,0.9529057,-0.26811576,-1.2417672,-1.1566035
-0.24703771,1.1637257,2.470488,2.3610113,1.9103415,1.0477216,0.72467697,-0.7536031,-1.2285428,-1.1330638
0.34763184,0.30086657,1.5178845,1.2295641,2.2350395,0.7652379,1.0721865,0.22527538,-0.8431668,-0.86959904
-0.75831944,0.5558779,1.2335876,1.5978229,1.404717,0.5221245,0.14848502,-0.05230706,-0.83851945,-1.3278259
-0.34196624,-0.012171997,1.102006,1.5947877,1.6977423,0.7460299,0.8201087,0.038003597,-0.75491565,-1.1989012
0.35256168,0.40669018,2.0645602,2.7289145,2.3271768,0.55837566,0.81439507,-0.023547731,-1.1562644,-1.4846417
-0.785006,0.7607885,2.01474,2.154365,2.153549,0.7511521,0.8185351,-0.17779629,-1.0763254,-1.1877556
-0.21534118,0.82926494,1.679428,2.0576718,1.5194988,1.0524186,0.4435405,-0.5885657,-1.0842357,-0.9064072
-0.5371834,0.3474485,1.5195701,2.0891733,1.7732406,0.81963354,0.5814403,-0.13281511,-1.0318773,-1.0058045
-1.0023346,0.8320832,2.4285436,2.2124696,1.7996005,1.040933,0.7675856,-0.23256524,-0.99099135,-1.4342804
-0.13350862,0.24548604,1.7474549,2.4732099,1.7693362,0.55028504,0.81212157,0.111919,-0.93340075,-1.3823794
0.12044303,0.42992434,1.8521026,1.6591691,1.300252,0.96911263,1.0839435,0.17168158,-0.89728236,-0.8477322
-0.3063789,0.47325844,1.4289229,1.795688,1.3895532,0.44563895,0.39534265,-0.013491368,-0.83115137,-1.1500416
-0.1182741,0.26889664,1.2115337,1.3977607,1.1894773,0.44168922,0.3687375,-0.17317343,-0.7640828,-0.6648009
-0.22603178,0.8401028,1.6298456,2.1567767,1.6646287,0.56975055,0.13447472,-0.3366426,-1.2938548,-1.2137856
-0.9926722,0.48580575,1.6531416,2.3437762,1.8915027,0.70635116,0.47834802,-0.07297618,-1.0021018,-1.3194529
-0.451021,0.6158907,1.2309425,1.6758809,1.1063664,0.84637934,0.21389516,-0.515903,-0.75141007,-0.85596687
-0.077242784,0.5753871,1.6278194,1.187605,1.5410348,0.65042347,0.6795279,-0.16181616,-0.73564833,-0.850838
0.074927054,0.2444186,1.3340753,2.3570669,1.6202132,1.1960434,1.0514386,0.14280908,-1.2368398,-0.9935154
-0.54484415,-0.18240489,1.6208967,1.6843613,1.6658856,0.5252516,0.76294494,0.031206055,-0.64357525,-1.3369579
0.15145859,0.3256967,1.8929706,2.1137435,1.4120371,1.0216631,0.78505,-0.37727147,-1.5123955,-1.0491631
0.02843592,0.27866313,1.6377183,2.6166987,2.0856588,1.2128663,0.4790855,0.0015119743,-1.4314446,-0.94927096
-0.18646213,0.47944656,2.2135549,3.049314,2.5486634,1.1157033,1.1052518,-0.31375393,-1.5644548,-1.4953102
-1.0782934,2.0605242,2.6812463,2.8368075,1.9850715,0.20071803,0.00022158027,-0.6512503,-1.2388582,-0.9671618
0.1136247,0.7145834,1.4408249,1.9399998,1.1573738,0.27745876,0.26345468,-0.025194468,-0.9985634,-1.0735171
-0.08801884,0.756821,1.5496813,1.9424802,1.3846799,0.5304108,0.69223124,0.0068885027,-1.2188346,-1.2222884
0.45475152,0.8280082,2.3371222,2.9436526,2.7773285,1.7978326,1.0405253,-0.22576179,-1.7404318,-1.584783
-0.40884995,0.80969024,1.6867802,1.8165977,1.8942888,0.5314512,0.42575327,-0.48487577,-1.5346966,-1.2714013
-0.5575689,0.25857455,1.0912906,1.7628062,1.9132137,1.0099906,0.70551646,-0.0055650896,-1.3063852,-0.9497648
-0.5365458,0.5866864,1.675351,2.5088394,1.5703386,0.73607635,0.68677235,-0.35794193,-1.3513443,-1.0312564
-0.5540008,0.74330556,1.3543713,1.613222,1.2219167,0.7115299,0.6769625,-0.29077283,-0.85669136,-0.35081023
-0.14302555,0.4511257,1.0770495,1.7632711,1.4233329,0.82283646,0.54556966,-0.22845809,-0.58671904,-0.5157134
-0.10897953,1.1241221,3.1993067,3.5641305,2.8474536,0.91788054,0.69936174,-0.41375902,-1.8331953,-1.8640784
0.31971735,0.57311815,1.8307432,2.3772829,2.3845057,0.94867015,0.74684244,0.11976082,-1.093865,-1.1261305
-1.4264517,0.813943,2.718091,3.6696503,2.7925131,1.2045228,0.32608113,-0.5497244,-1.2798243,-1.4026562
-0.39791787,1.2467282,3.6844254,2.8495493,2.765166,1.4816486,0.85368574,0.23124155,-1.1006008,-0.77216226
-0.41623014,1.0342182,2.42985,3.1021602,3.0751448,0.64716786,0.15917116,0.06019051,-1.4540445,-1.6168733
-0.7981339,0.7579722,2.0202835,2.7696483,2.6782303,1.2035408,0.69554687,-0.7327123,-1.5691055,-1.490501
-0.40743595,0.53193504,2.0161242,2.4594696,2.534851,1.2974498,0.8010505,-0.16276519,-1.1539159,-1.2179686
0.08651473,0.9168269,2.7888463,2.8462188,2.1519048,1.2681891,0.75582975,-0.867381,-1.5538222,-1.2712235
-0.02561156,0.887937,1.4307748,2.0697474,1.708704,1.0204885,0.52665484,-0.20672876,-1.1189424,-0.86522454
-0.36022785,0.3934809,1.9519869,1.9310746,1.708937,1.119041,0.6116765,-0.043758485,-1.1560572,-0.5201193
-0.29820603,0.62490237,1.6903908,1.8582915,1.617325,0.9219759,0.6599418,-0.19865963,-1.1383815,-0.7249819
-0.10157491,0.7495284,1.7029499,2.065154,2.158943,0.8166417,0.31749046,0.041890804,-1.3518006,-1.5037019
-0.45145217,0.74398804,1.4154881,2.2680101,1.8523996,0.43590614,0.0673088,-0.62575257,-1.4029205,-1.1936078
-0.5778266,0.5912701,1.9988889,1.9637998,1.4231606,0.6082779,0.6106975,-0.43790016,-1.3048514,-1.2973776
-0.52093333,0.04804286,1.44285,2.2167432,1.5647678,0.63190556,0.6776561,-0.012720101,-1.420748,-1.1872482
0.36507353,0.6919385,1.7637151,1.6308817,1.9576133,0.64720607,0.30643034,0.38179463,-0.6867137,-1.0382881
-0.429876,0.7612316,1.8290789,1.9208896,1.283517,0.5446401,0.3410476,-0.23879524,-0.895018,-0.75260824
-0.10306806,0.1598275,1.2196304,1.7026063,1.8831016,0.69281733,0.044398867,-0.20993869,-1.2917812,-1.153679
-0.13470447,0.45525157,1.1768427,1.4810913,1.6497608,1.0044826,0.43292588,0.18881518,-0.8889361,-0.7581164
-0.10037545,0.52373457,1.6962445,1.246803,1.4495515,1.1274581,0.63081735,0.2500975,-0.5335048,-1.1888543
-0.48236355,0.24359487,1.5253289,1.6212069,1.5453861,0.44620496,0.108351365,-0.08821574,-0.78857434,-1.1648092
-0.7979263,0.7550354,2.0394404,2.3914752,2.072501,1.072102,0.6796972,-0.18581353,-1.1607624,-1.4282644
-0.64273554,0.22337666,0.90324056,1.6153339,1.3415555,0.47707278,0.2996008,-0.43363175,-0.6357784,-0.8395756
-0.70593643,0.23425318,1.3062484,1.5392004,1.4090135,0.5591057,0.51040614,-0.7000039,-1.4448558,-1.5388839
0.13296762,0.21948668,1.1037536,2.1498675,2.006392,1.1743666,1.0659778,0.27711177,-0.6522217,-1.290342
-0.2945478,1.2099317,1.8671807,2.4351163,2.4789238,0.77513707,0.056872264,-0.6108446,-1.3781904,-2.0103433
-0.90903825,0.78275275,1.684654,1.7225323,1.5686556,0.40777132,0.38951296,-0.35709974,-1.2665591,-0.8189738
0.15980452,0.38288927,1.4192604,1.5669428,1.3599753,0.6416801,0.53707,-0.058103815,-0.72699326,-0.652404
-0.4040305,0.4970331,1.606186,1.73914,1.7853876,1.2555878,0.8907,0.06608684,-1.3072177,-0.98329437
0.02004164,0.63492227,1.4655871,1.2787292,1.9908534,0.5365915,1.0728525,0.12509455,-1.1525227,-0.84313774
-0.7512958,0.90062964,2.1279776,2.1600013,1.9212707,0.67898566,0.51909834,0.24902636,-1.0015174,-1.3941479
-0.054998852,1.2371147,1.9779636,2.0714285,1.7302504,0.9855106,-0.13473342,0.04548296,-0.918234,-1.1456108
-0.5091908,0.42758352,1.7683113,1.8819654,1.6935139,0.48970503,-0.04838865,-0.20380837,-1.2349463,-1.4539915
-0.3926491,0.42165735,1.2380586,1.7894981,1.5813985,0.70069104,0.416462,0.188984,-0.92468596,-1.4081988
-0.9765185,0.75838596,1.9188387,2.1715913,1.8793476,0.5447124,0.07926339,-0.5329587,-1.2145422,-1.1317236
-0.35928825,1.5273114,1.9167743,2.660666,2.6642082,1.0678146,0.5893994,-0.4267903,-1.3705943,-1.4243926
-0.73234564,0.58244455,1.2558471,1.5878116,1.6249498,0.68012905,0.93747973,0.2549998,-0.7505523,-0.83810574
-0.07647216,0.68827325,1.3817337,1.8513461,1.4561821,0.6562406,0.5049404,-0.45645788,-1.0082186,-1.298925
-0.4460194,0.8161174,2.3609245,3.0132422,1.9869932,1.2286204,0.6732973,-0.8564208,-1.7552059,-1.6271614
0.03836503,0.56326383,1.536068,1.9866868,1.4380468,0.5979856,0.19162725,-0.21579635,-1.1837533,-1.1779224
-0.63632464,0.3722064,1.4742376,2.2250638,1.5309496,0.80990076,0.5092055,-0.5908405,-1.2911088,-1.0918978
-0.14761114,0.79387856,1.1745926,1.3361005,1.4182919,0.5991676,0.43924162,-0.11592536,-0.9115964,-0.74628687
0.14272904,0.93582845,2.4114664,3.0173967,2.6863616,0.9244461,0.55279136,-0.58615977,-1.9109929,-1.6609187
-0.43365246,0.64145243,2.2957458,2.4365904,2.3723118,1.0832069,0.07023724,-0.30702853,-1.0094115,-1.5522534
-0.6007983,1.0388814,2.584451,2.6882741,2.4325955,1.2215221,0.5175903,-0.61636347,-1.6828358,-1.86458
-0.5119767,0.43387863,1.1677479,2.1886344,1.8079152,1.1994339,0.7269103,0.030191021,-1.0945613,-1.1136262
-0.085398234,0.5190275,1.2837172,1.4792733,1.1447524,0.081002146,0.39190733,-0.03448391,-0.74673027,-0.8024318
-0.11074593,0.42017028,1.8347232,1.9445083,1.8792869,0.91372263,0.14013925,-0.44776905,-1.161993,-1.6356986
0.5416954,1.0267389,1.9027104,2.7526796,1.9841732,1.3559439,0.7411584,-0.23460421,-1.8348293,-1.6107388
-0.66519743,1.3551852,2.2675982,2.3843198,1.3599966,0.6238766,0.12237394,-0.6743784,-0.9232538,-1.0884596
-0.14144054,0.57173,1.8641577,1.761991,2.03419,0.85341793,0.46248809,0.4480513,-0.695782,-1.2456733
-0.7628654,0.73938775,1.408351,1.7690052,1.3885517,0.34288207,0.14908077,-0.04495699,-0.6859036,-1.8180846
0.038479563,1.228543,2.284687,2.345182,2.8244145,0.95833385,0.016266022,-0.41531715,-1.3704008,-1.687562
-0.43029436,0.6887519,2.113286,3.1007679,2.5070887,1.2122024,0.5328209,-0.5247614,-1.4895482,-1.6123744
-0.2530713,0.18972152,1.2219149,1.6738869,1.3925637,0.43806186,0.6807656,-0.25569826,-1.0554171,-0.6155723
-0.29171386,0.7204703,1.8709522,2.1468847,2.0886652,0.7868177,0.42472914,-0.12046431,-1.174603,-1.2272806
-0.39228863,0.544886,1.7055835,2.2064157,1.4048119,0.86425465,0.87893724,-0.068269484,-1.4780495,-1.6290057
-0.60910165,0.8235396,1.2890787,2.0813315,1.7770981,0.23566239,-0.013141628,-0.4874434,-1.1811922,-0.8987655
-0.16161838,0.5984911,1.29894,1.5197382,1.0496459,0.5010912,0.29952055,-0.18713626,-0.89237434,-1.0485356
-0.557635,0.20754728,1.0514423,1.9485693,1.5638962,0.41471657,0.22911102,-0.024061153,-0.7225556,-1.0122321
0.038913622,0.19114414,1.3540008,1.6204547,1.406696,0.28875002,0.7028691,-0.35814744,-0.66512465,-1.0808674
-0.85918814,0.9582,2.549383,1.8561654,2.256036,1.1699458,0.737419,-0.52190846,-1.4729239,-1.650865
-0.46519104,1.0878897,2.7685206,3.0414848,2.3450913,0.9271095,0.8050819,-0.14632854,-0.5862664,-0.95049876
-0.8550722,1.6740412,3.5767114,3.8622477,2.8303723,0.5615164,0.43986675,-0.08909318,-1.0534525,-1.5784984
-0.38272756,0.42125472,1.4707285,1.9974476,1.6475022,0.6377075,0.37695336,-0.518717,-1.0385498,-1.9252603
-0.43519428,0.41164222,1.6931747,1.3090514,1.0463945,0.52119917,0.5270226,-0.12964405,-1.1172018,-1.0304104
0.037770346,0.5501831,1.3435776,1.2559481,1.4216026,0.20102964,0.45456707,-0.50782067,-1.3274165,-1.0240053
-0.21484378,0.07002549,1.6159887,1.708371,1.3722802,0.64650613,1.005608,-0.22506496,-1.2897966,-1.2840524
-0.22949585,0.5148046,1.3836026,1.4667403,1.9025637,0.5077851,0.46368816,-0.33545023,-0.6178691,-0.9117628
-0.12282234,0.5770605,1.6478652,1.7850695,1.9623863,1.1824678,1.1346703,0.07352872,-0.9448895,-1.2085121
-0.0658614,0.46959588,1.7613934,1.7197016,1.5291685,0.5190789,0.5265027,0.060352072,-0.79825634,-0.7578504
-0.8191204,0.98116267,2.2482307,1.9541335,1.9717818,0.84103435,0.628674,0.20077536,-0.7770582,-1.0484452
-0.6587724,0.27147028,1.416821,1.7780858,1.5243902,0.49891406,0.31608173,-0.046207372,-0.947507,-1.2807295
-0.35431093,0.713509,1.6904833,2.5031009,1.5697132,0.805718,0.19348381,-0.022568863,-1.1160719,-1.5228063
-0.413697,0.41581002,1.4005735,2.099536,1.444348,0.68222994,0.66749835,-0.15994118,-0.5822742,-1.3167883
-0.2332797,0.16638897,1.5157146,1.9290733,1.5644407,0.72603506,0.6167749,-0.44302958,-0.9675498,-1.0828437
-0.79262614,0.63006675,1.428011,1.443347,1.4632335,0.49503362,0.4475108,0.03379122,-1.1650094,-1.0684748
-0.2871243,0.74500835,1.1940578,1.629605,1.6476424,0.55757177,0.32548484,0.11367644,-0.38458437,-0.14746201
-0.50053257,0.5378491,1.8290849,2.3428154,2.073376,0.7216697,0.7747372,-0.07679645,-1.3463397,-1.8403556
-0.3631931,0.8610165,2.5467222,2.6775393,2.3134625,0.82737285,0.73189247,0.2722686,-1.2403506,-1.9887025
-0.19013292,0.7506802,1.6509889,2.1241896,1.714846,0.92303896,0.35801706,-0.18518648,-0.8124688,-1.2566862
-0.10301866,1.3266364,2.218566,2.2500212,2.5472286,1.1257912,0.31264043,-0.14679694,-1.6762259,-0.9600477
-1.04941,0.20626278,1.8668555,2.772633,2.360582,1.179524,0.3839106,-0.91486955,-1.3705871,-1.1033375
-0.109838285,0.9277588,1.683944,1.6779163,1.3639677,0.50168973,0.66944784,0.023089424,-1.1830238,-1.1367965
-0.37351242,0.35038915,1.0804358,1.1953107,1.0773132,0.5051889,0.4523517,-0.24729767,-0.47469226,-1.0160667
-0.21680269,0.099111736,1.0756608,2.0770097,1.6990534,1.3326334,0.33851403,-0.19642574,-0.86078584,-0.88518673
-0.7848619,1.3112849,1.7969986,2.0538447,1.7315154,0.524092,0.14632985,-0.654926,-1.2457855,-1.1841996
-0.6227758,0.93770903,2.2696462,2.4024508,1.8456712,1.2683961,0.7984024,-0.16310728,-1.4206161,-1.1386247
-0.25811186,1.3033876,2.6023595,3.2216215,3.1396663,1.5812646,0.2605171,-0.4067051,-1.497782,-1.8313621
-0.5875111,0.9899501,2.4634523,3.0970836,2.732734,1.6409092,0.71756804,-0.7552137,-1.4272493,-1.0434229
-0.9141079,0.9420397,2.20224,2.8483422,2.4676092,1.1305547,-0.28033844,-0.5160891,-1.5200778,-1.9979763
-0.109362654,0.8851278,2.2995777,2.7107391,2.0925624,0.48945957,0.5036518,-0.5700648,-1.8926085,-1.8387018
-0.4805294,0.23326497,1.8823868,2.0326056,2.132345,0.6168609,0.5885304,-0.546455,-1.5026593,-0.85201716
-0.25021577,0.40025082,0.9552168,1.6539471,1.5412956,0.7682395,0.6425497,0.11433362,-0.6988932,-0.72596216
-0.62665033,1.07157,1.6341268,2.0296962,1.9149725,0.8142812,0.30084762,-0.49013782,-1.3693619,-0.84362346
-0.5502745,0.5655994,1.233073,2.0308502,1.8594836,0.99777246,0.5729831,-0.5223107,-0.9423759,-1.3519864
-0.41306353,0.6834642,1.4933261,2.0699317,2.0572011,0.7454643,0.75410384,0.0009160512,-1.0368917,-1.0043641
-1.0162512,0.18235035,1.4877421,1.9325688,2.474133,1.8626174,0.4142656,-0.68739057,-1.1521426,-1.1536535
-0.6606416,1.0865262,1.9490492,3.1536007,2.532754,1.2792796,0.44604412,-0.57049423,-1.83701,-1.9131409
-0.5116998,0.2834026,1.3698937,1.631055,1.5891815,0.6878324,0.11304878,-0.011799976,-0.60339177,-1.3086907
-0.24098787,0.058951076,1.5245821,1.6835817,1.5855858,0.40807173,0.5193367,0.06570248,-0.48731843,-1.1620767
-0.88095385,0.39326766,2.084988,2.3828645,1.9647774,1.1740005,0.6382644,-0.5749764,-0.9576364,-1.7356646
-0.17377314,0.46309075,1.7783456,2.2709346,1.8458865,1.1076405,1.0217102,0.08952527,-1.3066783,-1.1215211
-0.40122074,0.35097077,1.6907054,1.861551,2.0418644,1.1131257,0.37467667,0.026460068,-1.0919547,-0.9091812
-1.0307637,0.6546273,1.6524912,2.6327066,1.9633886,0.9002919,1.131737,-0.1938689,-1.5948379,-1.2507412
-0.16265294,0.6233575,1.4224349,1.6708127,1.4372311,0.8152619,0.50371784,-0.15239035,-0.69856787,-0.7945837
-0.12971029,0.76726913,2.1890497,2.6348763,1.8891311,0.8456757,0.5881289,0.23216455,-0.402008,-1.0373983
-0.15575418,0.23022455,2.1982393,2.2763634,1.6522579,0.94860864,0.3754238,-0.40734285,-1.3039986,-1.0317367
-0.5923315,0.8330729,1.5359956,2.1707885,1.3557485,0.9991064,0.81588763,0.09808172,-1.0702997,-0.66368055
-0.08569581,0.6420293,1.2392912,1.5115926,1.5016906,0.54285985,0.55552894,0.094704345,-0.9593896,-0.9986832
-0.6077771,0.7237836,2.322359,2.5310273,2.326872,0.9079829,0.7735745,-0.14789656,-1.8923013,-1.3932269
-0.22045934,0.6778735,1.4587687,1.7825519,1.5926731,1.0025454,0.31479666,-0.21594435,-0.95631796,-0.561148
-0.40985435,0.35436288,1.2773422,1.9093156,1.2672536,0.22166501,0.22182477,-0.19392423,-1.0641577,-0.82411385
-0.37148404,0.9085455,1.8722339,1.6178169,1.8326356,1.2336768,0.67534304,0.55581224,-1.0447336,-0.9209847
-0.55312157,0.81820625,1.5349455,2.1871264,1.771206,0.459684,0.3428947,-0.13627255,-0.8643257,-1.3094646
-0.15361363,0.43222585,1.7018335,1.9194152,1.7275901,0.59787077,0.34750554,-0.3695609,-1.1557983,-0.6051234
0.27646357,0.5632387,1.4133921,1.5351759,1.1912212,0.5208617,0.82236946,-0.070500754,-0.6639115,-0.5439744
-0.26012227,0.47573838,1.9202703,2.3696604,2.2848747,0.9325243,0.6362393,-0.17886902,-1.2037511,-1.2986773
0.7811287,0.58406264,2.199367,3.3271482,2.495873,1.7344394,1.3533062,-0.7434452,-1.2401721,-1.3976142
-0.59791833,0.7147585,1.2634422,1.8603973,1.8290961,0.88263816,0.46807635,-0.5990829,-1.1872295,-1.5298865
0.012169052,0.32172015,1.7377337,2.346403,1.8925428,0.62151396,0.82573116,0.1916134,-0.7500379,-1.0165166
-0.90657,0.9189775,1.5710254,2.2407598,2.2659292,0.9165551,0.41652688,-0.37564477,-1.7186184,-1.7951177
-1.3583517,1.2801974,2.3371892,2.4364843,2.2525942,0.8141205,0.4131188,-0.32270762,-0.9022529,-1.3405502
-0.5252573,0.52625155,1.531161,1.6620322,1.1879864,0.6191569,0.50831616,-0.41424996,-1.6511,-1.3032105
-0.4184804,0.8500102,1.3610615,1.729144,1.5328751,0.7533879,0.07587274,-0.36407602,-0.7584203,-1.1055051
0.07216895,0.9357022,1.396522,1.7266562,1.6920545,0.9478971,0.9445493,0.3128403,-1.0141882,-1.1775858
-0.46643037,0.4459595,1.2105998,2.4804273,1.7246046,0.99422276,0.856859,-0.3492091,-1.1116574,-0.63298845
-0.06486115,0.35896853,1.1870428,1.8105154,1.6626643,0.5892286,0.57232916,0.07745954,-0.7063961,-0.86423725
-0.33692196,0.5888342,1.7856002,1.9833144,1.654986,0.52918583,0.73327315,-0.41666728,-1.4000968,-0.75967056
-0.42404923,1.0828041,2.5761585,2.1038508,1.7329123,0.45357525,0.2437883,-0.23296493,-1.6401106,-1.1816223
-0.13479918,0.43226033,1.3999501,1.708996,1.3967656,0.49158007,0.27980158,-0.06675373,-0.8550699,-1.2118442
-0.08703955,0.28053588,1.9048897,2.06024,2.1423647,1.1284194,1.1154826,-0.060506485,-1.0445585,-1.2065929
-0.41089666,0.44132078,2.1088164,3.1203172,2.3173196,1.3827956,1.2381082,0.44737568,-1.6081512,-1.3892916
-0.49195382,0.055915218,1.6354513,2.1472726,1.3792212,1.1462834,0.63276184,-0.3323286,-1.2791886,-1.8916295
-0.48588613,0.40153736,1.6617777,2.18389,1.3391695,0.6432367,0.4551813,0.26922756,-0.722119,-1.1613201
-0.6768916,0.15880144,1.6984831,1.8334708,1.7524099,0.83094907,0.6330792,0.053340584,-1.0020468,-1.7164721
-0.83608663,0.782834,1.943957,2.4176114,2.3009057,1.0567858,0.8566176,-0.14193738,-0.80798966,-1.3471369
-0.68218696,0.54740685,1.8566234,1.9580203,1.9455165,1.4720057,1.1374855,0.18789656,-0.83628416,-1.2070727
0.13646942,0.6631892,1.3352205,1.8020902,2.1006868,0.62770325,0.44366115,0.3638589,-0.72151047,-1.4441874
-0.1909796,0.27044457,1.9950706,2.3809423,1.8523316,0.13284007,0.2892171,-0.23431231,-1.3285854,-1.1212338
-0.62408346,0.2578033,1.4860163,2.4599044,1.8422409,0.9271444,0.54647034,0.06634616,-0.834198,-1.4918572
-0.23127508,-0.1569537,1.1593144,1.6963617,1.7835462,0.7546688,0.46911353,-0.21712206,-0.6282095,-0.44260406
-0.06280382,0.46956846,1.7287954,2.2672763,2.4512334,1.2042806,0.30227655,-0.30055693,-1.01132,-1.9824013
-1.5234387,1.0449102,2.686967,2.9855475,2.0532029,1.0101613,0.6003755,-0.17257664,-1.4703732,-1.2758776
-0.43842158,0.6070494,2.657294,2.822098,2.2366974,0.59473807,0.13952339,-0.64825946,-1.4902056,-1.5636607
-0.28238243,0.5896897,2.262315,2.5808473,2.5367038,1.0328356,0.8899609,0.16463359,-1.159713,-0.85898036
-0.055726342,0.7322284,2.2544641,2.9418862,1.8913323,0.9950551,1.0553162,-0.04127692,-1.1621242,-0.92653906
-0.26465514,0.8361393,0.7519616,2.017046,1.9176804,0.44229904,0.33110005,-0.11639223,-0.820908,-1.1986178
-0.38412604,0.3923977,1.5110599,1.5666605,1.187096,0.42697892,0.30450207,-0.41220358,-0.9524826,-1.164401
-0.7958108,0.22392938,1.0883591,1.7143981,1.8079108,0.6106214,0.0987653,-0.3846704,-0.60038555,-1.1035888
-0.019961752,0.61488557,1.8128142,2.5429976,2.0853117,0.9590529,0.75712943,-0.2425608,-0.9742904,-1.0077962
-0.41404733,0.63701594,1.5928155,1.8339419,1.4653667,0.49397016,-0.22401199,-0.36093137,-1.5623959,-0.94794935
-0.33425412,0.34793237,1.8088874,1.7101401,1.8360946,0.8805113,0.8782277,-0.26742995,-1.149992,-1.0258956
-0.03591317,0.54730225,1.959547,2.1605308,1.7396826,1.0766773,0.62266594,-0.14384669,-1.1705276,-0.920527
-0.12116674,-0.00050149113,1.2706772,1.2175232,1.4772662,0.6650162,0.4677397,-0.19527102,-0.7941786,-0.673694
-0.3020053,0.30960777,0.99653745,1.2342039,1.3614603,0.3977664,0.27534187,-0.18616167,-0.5441999,-0.91366464
-0.73537195,0.28311467,1.6770942,1.6082151,1.6998571,0.8581448,0.6888143,-0.106945254,-0.966353,-1.2103004
-0.8827398,0.6269733,1.3266821,1.64297,2.00561,0.8212936,0.39445975,-0.009779457,-1.2200756,-1.7895133
-0.3201454,0.3523377,1.3318202,1.6354873,1.4357872,1.1686662,0.7500093,-0.25655195,-0.6938546,-1.1832919
-0.5609371,0.8640691,1.8546727,2.2885182,1.8406212,1.1703149,0.60194165,-0.061178647,-1.1595426,-1.7077429
-0.4344764,0.1732319,2.258831,2.380938,2.5835671,1.2481745,0.36150053,-0.73992324,-1.2084392,-0.70993406
-0.19770357,0.50014627,1.2277602,1.3847357,1.4006269,0.7572027,0.4062409,-0.4513138,-0.98385763,-1.1972415
-0.68950284,0.6909141,1.6777864,1.9339527,1.8790983,0.80875236,0.111812994,-0.34302062,-1.1465324,-1.419299
-0.3278081,0.9057549,1.7687716,2.5883005,2.2305124,0.9187288,0.65425384,-0.46844822,-1.8203466,-1.212236
-1.2617674,0.42981708,3.0076509,3.861968,3.4544022,1.5996863,0.86173594,-0.90958387,-2.1651635,-1.7281646
0.05832999,0.11363034,1.3804806,1.6553321,1.7630678,1.0959406,0.7276931,0.27065715,-1.0594223,-1.187777
-0.6013457,1.4086254,2.8845558,2.8767796,2.5643606,1.8566878,0.42334118,-0.7237552,-1.4125401,-1.2080361
-0.26372698,0.5140573,1.8293866,2.8351989,2.374927,1.1090453,0.7669075,-0.05668416,-1.3015009,-1.3478051
-0.3626633,0.4962099,1.86505,2.1270664,1.8790741,0.81916887,0.5673868,-0.15994652,-1.2414321,-0.7578328
-0.25656047,1.0838329,2.4488928,2.783712,2.391967,1.3949252,1.2237134,0.6707733,-0.95306325,-1.2663686
-0.74201816,0.43525702,1.3439206,1.6360097,1.4558432,0.9304664,0.56119156,0.15904018,-0.35339075,-0.8468054
-0.69736665,0.7546979,1.9225645,1.5686457,1.3591744,0.35215062,0.3890856,-0.38290754,-1.18858,-0.8915865
-0.30085266,1.1822598,1.7930751,2.4655595,1.9113942,0.68808293,0.3157252,-0.58233386,-1.4309547,-1.5095727
-0.49689528,0.91425645,2.022431,2.2159188,1.5650848,0.79740095,0.8205525,0.64860487,-0.90993416,-1.2691551
-0.75919884,0.16048402,1.0800253,1.9226469,1.3483231,0.71579254,0.5683828,-0.08183791,-1.0349578,-1.0686363
-0.26873097,0.6389259,1.6241195,1.455768,1.4873129,0.5300395,0.30890504,-0.22805671,-0.7123144,-1.394126
-0.5334929,0.44442746,1.5724795,2.5878108,2.0152807,1.048006,0.13820083,-0.190587,-1.7045698,-1.8703061
-0.11734439,0.15669703,1.233139,1.4502094,1.4913634,0.9920502,0.14994934,-0.1223021,-0.6264265,-1.3107151
-0.40477026,0.5143633,1.8177327,1.5081003,1.4848044,0.16226836,0.5079184,-0.2685628,-1.0115111,-1.0715252
-0.05611614,0.5370566,1.9186126,1.4798883,1.3408444,0.53981453,0.17059414,-0.33094406,-0.5010974,-1.0004615
-0.7303913,0.5756369,1.7711129,1.874202,1.2119386,0.38769513,0.20805265,-0.45761603,-0.97897065,-1.0996593
-0.27685875,-0.060588975,1.6513456,1.7547683,1.3645526,0.741825,0.6162091,-0.19339947,-1.2455889,-0.736699
-0.12435096,0.598337,1.6216153,2.1788175,1.7578415,0.86261564,1.0687255,-0.19818713,-1.0517535,-1.9276228
-0.47480562,0.3837278,1.2458729,2.3400898,2.01062,0.8081722,0.6268293,-0.2780814,-1.0777636,-1.5487727
0.015835848,0.23770311,1.4976391,2.2950048,2.6203675,0.9130411,0.19605339,-0.3879872,-0.94023055,-1.6663013
-0.126659,0.79159003,1.3177626,1.7892622,1.8058124,0.3419913,0.5221479,0.10629453,-0.9480597,-1.0133413
-0.32467997,0.52611077,0.9420998,1.2315435,1.2437104,0.0440029,0.5048797,-0.3077245,-0.8202761,-0.6534848
-0.17735374,1.1128043,2.1310542,1.8691028,2.1238365,1.1937356,0.06651694,-0.2077362,-1.1799513,-1.6560749
0.27884483,0.98443913,2.440952,3.361062,3.0843983,1.5973105,0.82417655,-0.72620416,-1.4040763,-1.8136852
-0.29753476,0.6198947,1.6528234,2.0537992,1.9349798,0.7694098,0.2311506,-0.18628223,-0.99638116,-1.37574
-0.40534347,0.49277833,1.7247745,2.1521144,1.8736222,0.9741365,0.5778246,-0.57949495,-1.8536453,-1.1426502
-0.017659903,0.22293094,1.3952525,1.9791654,1.4055865,0.4898795,0.6267818,0.07100089,-1.1311044,-1.4164349
-0.30868027,0.46572828,1.1160842,1.9509796,1.6471189,0.7934774,0.36381602,-0.1455342,-0.91105014,-0.6291188
-0.3334286,0.112425774,0.9444945,1.5676918,1.2263318,0.4234603,0.39181983,-0.32844254,-0.88984704,-0.84395725
-0.20046371,0.55276924,1.6415726,1.668681,1.5766196,0.3192402,0.2602198,0.10687488,-1.0245149,-1.096665
-0.17242047,0.51157576,1.7004682,2.318823,2.020124,0.836956,0.6738575,-0.10869399,-1.0797433,-1.1798706
-0.31056726,0.6555496,1.9324454,1.8056005,1.6222613,0.39735925,0.07618195,-0.56861126,-0.7999223,-0.74514884
-0.8021039,0.2590099,1.4942341,2.1334321,1.4693685,0.35291955,0.44413692,0.25759363,-0.70343256,-1.031311
-0.20779085,0.45284042,1.6008855,2.1897666,1.8667495,0.7296532,0.6357756,-0.49466175,-1.4393294,-1.4598136
-0.5939281,0.40013996,2.1476455,2.8940787,2.392516,0.72181493,0.7793617,-0.2395084,-0.90096545,-1.680399
-0.5393297,0.54088223,1.9152982,2.1575222,1.6112379,0.67926663,0.54059786,-0.13961132,-0.7360134,-0.8616584
-0.5302919,0.5873111,1.1540216,1.7262453,1.7035372,0.6310109,0.7575439,-0.08196441,-0.79598254,-1.0370635
-0.5183882,0.4785508,1.3165001,1.8975863,1.6910768,0.60062486,0.41984707,-0.19986974,-0.69667035,-1.5389786
0.00019097328,0.6357397,1.8564357,1.4939222,1.4233203,0.62222433,0.25281617,-0.65830624,-0.67994696,-0.9604366
0.056248073,0.7317075,1.7325307,1.6170231,1.7674453,0.73583263,0.4507412,-0.05061805,-0.9443631,-1.1659446
-0.45332614,0.79822177,1.9896489,2.0838206,2.144202,1.4776745,0.5102032,-0.27761632,-0.98695314,-0.6650423
-0.32558745,0.4906077,1.427975,1.4055383,1.8031074,0.89187175,0.33023483,0.06513736,-1.0860543,-1.5616956
-0.45838574,0.65873605,1.4428375,1.7996025,1.7981739,0.47478414,0.61705506,-0.15448977,-1.3221171,-1.415572
-0.7418115,1.0296003,2.4370575,2.430452,2.0990365,1.0050596,0.63714355,-0.46050358,-0.8639615,-1.3788162
-0.58429825,0.059356842,1.4689882,2.1558557,1.6828498,0.7080715,0.3869386,-0.0435622,-1.1463323,-1.5337031
-0.756844,0.592381,1.5398096,1.9299273,1.7677265,0.6842243,0.650245,0.4480695,-1.2339973,-1.8721875
-0.5430571,0.81706786,2.5928957,3.0160286,2.8064084,1.1052195,0.8304554,-0.27454615,-0.8754149,-1.1125798
-0.27343467,0.25561133,1.419758,1.7450006,1.3417679,0.34070954,0.17013502,-0.04555463,-0.9114106,-0.61131066
-0.2587156,0.3315145,1.6247001,1.7743278,1.5562432,0.28689995,0.23982495,-0.3000925,-0.784652,-1.8521314
-0.19160157,1.00578,2.098484,2.4698148,2.308703,1.2725809,1.0955243,0.19504026,-1.0677905,-1.0868806
-0.30232388,0.9439662,1.9499655,2.4786983,2.3682065,1.2721257,0.52257365,-0.5937717,-1.4017878,-1.2701188
-0.48412707,0.4373276,1.6298732,1.6363566,1.6067592,0.5272234,0.29731122,0.048199106,-0.9011846,-0.9106419
-0.98497593,0.5153576,1.9008113,1.8622248,1.9553959,1.0596191,0.7118592,0.4789087,-1.0260268,-0.79477805
-1.06784,0.64560354,2.0309005,2.0880857,1.9079518,0.85939026,1.4519058,-0.43106103,-1.8549703,-1.6011568
-0.39337537,0.5543611,1.555168,1.7652014,1.0786271,0.6889268,0.30634192,0.14934207,-0.37579915,-0.64314127
-0.518023,0.5290799,1.4088036,1.7165453,1.772921,0.8105398,0.2639706,0.07781587,-1.2291367,-0.77595186
-0.7129021,0.051942486,1.4981854,2.4123938,1.9729153,0.5773661,0.33951646,-0.2506921,-1.3167576,-1.2036512
-0.63345987,0.36504906,1.4697623,1.8706644,1.7912744,0.6285922,0.5157773,-0.04715657,-0.76460856,-0.8838001
-0.23603204,0.42222968,1.5402344,1.9592476,1.9541316,1.0610918,0.47844607,0.10446184,-0.7069681,-1.1396692
-0.4780821,1.0443859,2.2023642,2.3879561,1.9811138,0.80710006,0.8148981,-0.2433151,-0.98779476,-1.4119959
-0.6418299,0.5640549,1.1548753,1.5323652,1.5952315,0.41195148,0.1500498,-0.012155432,-0.8031645,-1.668828
-0.27425334,0.66310406,0.9608166,1.376369,1.0358096,0.08944687,0.54342633,-0.27038434,-0.6649824,-0.6494932
-0.060432836,0.51080143,1.1049442,2.1389909,2.0369525,0.4898653,0.34112906,0.31334743,-0.5318621,-0.7930395
-0.19964314,0.7586954,1.6933748,1.9693542,2.0552518,0.9767337,0.9605832,0.36874032,-1.0035685,-0.6604413
-0.71875674,0.87903833,1.6670003,2.4207766,1.7951543,0.6290883,0.32652965,0.20077045,-1.259538,-0.9369831
-0.03428883,1.2227049,2.635107,2.6467345,2.4480193,0.87206894,0.39573157,-0.88407564,-1.386798,-1.8301476
-0.7667629,0.77339846,1.5662796,1.832688,1.5737514,0.51545393,0.02748394,-0.44597426,-0.8129653,-1.4698718
0.26150644,0.368063,1.2534639,2.0920541,2.1362152,1.1217169,0.9813483,0.27026284,-0.692478,-0.9432355
-0.31951308,0.5146409,1.763826,2.6509383,2.1372225,0.9129421,0.67987984,-0.5013319,-1.2049235,-0.84410876
-0.46067613,0.9790393,2.1480303,2.6147983,2.0559456,0.8530077,0.7857124,0.08825861,-1.1821902,-1.0843582
-0.116004966,0.63955384,2.9611514,3.1197793,2.335406,1.4858333,1.0433391,-0.42765817,-1.4737637,-1.4959415
-0.38913807,0.64917666,1.8293599,2.344547,2.2932527,1.0249647,0.35240626,-0.24813825,-0.7590982,-1.6184145
-0.08843243,0.42124987,1.7341328,1.5127368,1.2881284,0.67503935,0.75365376,0.09260148,-0.51367086,-0.8898906
-0.21808377,0.685322,1.9069017,2.1147413,2.0224037,0.5427331,0.59446365,-0.61889094,-1.2264509,-1.0449946
-0.3196186,0.22289076,1.1161883,1.5659393,1.6796063,0.8064798,0.33178487,-0.016259331,-0.946831,-1.1994687
0.09084736,0.3703791,1.4813305,1.1714703,1.5117391,0.7624316,0.24165896,-0.20790124,-0.6926904,-0.9510175
-0.0753608,0.11581125,1.6308054,1.901298,1.2638544,0.41942272,0.3076823,-0.40409288,-1.0860093,-1.0280331
-0.090041175,0.7596268,2.0314987,2.337978,1.9962219,1.3606347,1.0901985,-0.27421197,-1.1167411,-0.9178739
-0.525555,0.96424174,2.2468321,1.9876298,1.5088497,0.86947155,0.51098686,-0.42590332,-1.0471288,-0.83156556
-0.016169135,1.1008112,2.701213,2.200348,2.3441305,1.169427,0.46614867,-0.7680497,-1.388908,-1.1906883
-0.57592857,0.060129356,1.5608143,2.036793,1.822421,0.54119116,-0.042907927,-0.20750234,-1.221982,-1.2439214
0.16261727,0.6198701,1.4484124,1.4102427,1.3675594,0.38815555,0.2738477,-0.23244856,-0.7237147,-1.7054346
-0.06515662,0.52647215,1.6293147,2.5319724,2.2046537,1.04812,0.84194285,-0.21843348,-1.075665,-1.0890793
0.5097245,0.39738262,1.4437324,2.1428576,2.178369,1.138092,0.5896393,0.14612307,-1.0024769,-1.189385
-0.30679825,0.70762205,1.991275,1.8274165,1.1472672,0.62725335,0.5913859,-0.45133412,-1.317643,-0.75013846
-0.0860844,1.3695631,2.8836396,2.9147341,2.009211,1.0596402,0.5658063,-0.29833156,-1.2975725,-0.90472835
-0.18946135,0.52279574,1.8624434,2.9123306,2.5568728,1.8064187,0.84370124,-0.5247242,-1.3968705,-1.6530445
-0.4852868,0.71655434,1.9248258,2.5791676,2.3162527,0.75203574,0.6853844,-0.6036788,-1.5927263,-1.7946696
-0.14472198,0.83316225,1.6286644,2.3175225,1.6828384,0.55875355,0.0016659126,-0.5985346,-1.1406516,-1.341959
-0.15280876,0.5013811,1.4047526,1.719173,1.4871502,0.22115909,0.5096588,0.008404957,-0.7110498,-0.8133859
0.15030184,0.40737906,1.4274893,2.0105553,1.7029394,0.76099586,0.18325712,0.21638022,-0.9973272,-0.98550993
-0.69702417,0.7418966,1.8471197,1.3429534,1.2718903,0.49720806,0.41535008,-0.2025104,-0.8484651,-0.82094437
-0.39812067,0.55408484,1.5151403,1.6852667,1.0803512,0.23406054,0.41117898,-0.21221858,-0.74559695,-1.0624226
-0.74014246,1.3467208,2.6268225,3.061758,2.7792528,0.7250344,0.50307465,-0.52061546,-1.7070037,-1.6570963
-0.6731981,0.59375066,2.146072,3.272573,2.7662036,1.5638558,0.5619692,-0.56631684,-1.8270715,-1.8442934
-0.4703933,0.8415112,2.3061638,2.6862462,2.3839474,0.9827393,0.59663856,-0.10111299,-1.3390689,-1.3182122
-0.3024439,0.27587503,1.1889144,1.411014,1.5608138,0.69311374,0.20640726,-0.2955831,-0.6848776,-0.84504545
-0.6390959,0.21782164,1.3995018,1.6917013,2.0176332,0.7659953,0.37863478,0.12392271,-0.2526239,-0.9244462
0.15881294,0.4378646,1.9109462,2.1895256,2.152899,1.084834,0.12846269,-0.7975446,-0.8632785,-1.5348814
-0.29742086,0.9098015,1.7324814,2.2321904,2.2558675,0.957041,0.080312975,-0.3035635,-1.2135227,-1.2832052
-0.30595127,0.798349,1.9675982,1.7020301,1.8092978,1.0495442,0.80455786,0.16354333,-0.7867299,-0.48484075
-0.19074798,0.44859833,1.8194007,1.8802136,1.5808918,0.9309226,0.76103497,0.3209771,-0.98875034,-1.3053623
-0.6992783,0.6895694,1.9285393,2.3385406,2.167325,0.8465244,0.47638482,-0.5226927,-1.3491085,-1.1217617
-0.45348635,0.740195,1.2197063,1.2786206,1.1149336,0.61398494,0.68536484,-0.18162555,-0.85909414,-0.931135
-0.15332353,0.6562473,1.3885748,2.5891771,2.0585597,1.0930849,0.6169904,-0.4109953,-1.4574555,-1.0971571
-0.12169986,0.83196324,2.2523842,1.6310365,1.4307815,1.1538621,0.8839903,0.05656316,-0.91356385,-0.57115966
0.011327405,0.22067341,0.8388401,1.6082314,1.6480528,0.72423697,0.65779966,-0.12920332,-1.1161271,-0.7701876
-0.21062642,0.9952977,2.1978724,2.0344722,2.123691,1.1528404,0.072622366,-0.4840965,-0.96424043,-1.5081987
-0.15928674,0.27483875,1.7975861,2.0983639,1.7453651,1.0402703,0.62826127,-0.14909498,-0.4809222,-1.2861933
0.19402874,0.48803514,1.6203078,2.083826,1.8915403,0.6678206,0.51187843,-0.4744592,-1.2113533,-0.9360337
-0.36732498,1.3472456,1.6600963,1.9114058,2.169916,1.0183785,0.31825566,-0.54780674,-0.9531618,-1.3570809
-0.27715015,0.8435299,2.040657,2.1406097,1.9257191,0.8585716,0.8968552,0.029751224,-1.057416,-0.7527987
-0.6129487,0.8114632,1.5785354,2.1929421,1.8346255,1.2144595,1.2724676,0.24280238,-1.1033762,-1.107791
0.36756676,-0.010127981,1.2815583,2.0703363,1.6743196,0.9889529,0.69550514,0.1813061,-0.95966315,-1.5305052
-0.2613138,0.38415334,1.4806901,1.6575764,2.2332015,1.0860333,0.29513448,0.29942054,-0.8908994,-1.5069398
-0.43271554,0.19133204,1.846428,2.5663517,1.6885605,0.4924739,0.2749162,-0.4678692,-1.1952598,-0.7775341
-0.26569048,0.38783908,1.9979366,2.2185833,2.1743746,0.91272485,0.60302615,0.37020564,-0.84654105,-1.194034
-0.3535395,0.30501792,1.2935715,1.4700142,1.6089412,0.7556388,0.36339986,-0.25002655,-0.76587313,-1.0659277
-0.14051849,0.46759158,1.4315856,1.7058102,1.3657542,0.54093206,0.35672885,-0.25749996,-1.200077,-1.1113944
-0.63194627,0.4097357,1.5067378,1.8043145,1.7593384,0.428807,0.5354756,0.51825154,-0.8228783,-1.1367062
-0.5347872,0.9955629,1.51085,1.8678489,1.4320842,0.66535354,0.31214896,-0.30730483,-1.3133768,-0.89770377
-0.8357482,0.5720888,1.5319716,2.1539137,1.7141762,0.88131523,0.6124649,-0.7547052,-1.2551303,-1.2982063
0.3477488,0.055365738,1.5610101,1.8389854,1.9235203,1.1092985,0.9854609,0.29416806,-0.78924054,-0.7623429
-0.4936634,1.0744057,1.9266979,2.6524868,2.645877,1.1335003,0.45916712,0.05987778,-1.0371956,-1.0207373
-0.1581431,0.5841012,1.6473926,1.8404158,1.4122672,0.69310224,-0.17329422,-0.46121842,-0.841174,-1.1372559
-0.592547,0.7400798,1.9332142,1.9652239,1.5346646,0.8389519,0.41538113,0.36504695,-1.1972579,-1.6343257
0.048778087,0.4512397,1.6655849,1.7893759,1.6493682,0.66881204,0.50043297,-0.06994786,-1.2380444,-1.1930351
-0.36918885,0.5440749,1.0395494,1.7051344,1.5268582,0.2606804,0.13631678,0.14523834,-0.6254318,-1.0037307
-0.12853554,0.44171393,1.8824769,2.245645,2.1197805,0.97321784,0.71974784,-0.10950323,-0.86080086,-1.7422996
-0.15733069,0.9044246,2.3435938,2.2539194,1.810326,0.89662683,0.52078927,0.12357549,-1.0845087,-1.0330865
-0.21090817,0.5060279,1.3948226,1.4359196,1.4938871,0.69444764,0.5602628,0.19863632,-0.6391944,-0.8734148
-0.62172455,1.1695164,1.5038788,1.7910535,1.6801375,1.0273458,0.7626247,0.36848012,-1.0376697,-1.1173912
-0.44631216,0.8515056,1.79641,2.0388534,1.9349365,0.8338582,0.5179625,-0.1667324,-1.0346043,-1.5169523
-0.39740083,0.4091265,1.2794966,1.5600469,1.5443972,0.58486086,0.45365375,0.03969744,-0.6865739,-1.4025898
-0.04407381,0.55993044,1.3266748,1.4558033,1.3204826,0.62103957,0.37148792,-0.067162946,-1.1623865,-1.0542614
0.16197917,0.89135015,1.9239376,1.3811381,1.3514876,0.53734565,0.3930021,-0.09139889,-1.1331569,-0.809704
-0.05829727,1.2028289,1.8749427,2.5114243,2.2086384,1.8536729,0.7749699,-0.4438618,-1.0407825,-1.5296295
-0.78072023,0.49462745,1.6846277,2.2792315,2.2116387,0.5250136,0.5147752,-0.35599995,-1.060217,-0.56030774
-0.2269212,1.0534157,2.2622151,2.717931,2.5615208,1.9638363,0.5675338,-0.24727991,-1.2772118,-1.5185215
-0.33513564,0.81114167,1.1075459,1.7820905,1.4694045,0.73863935,0.84513783,-0.038285695,-1.1425599,-0.9225146
-0.38141087,0.8124888,1.5762519,2.073372,1.7068529,0.6362824,0.4663334,0.016645417,-0.42210186,-1.1635326
-0.8501104,0.9297472,1.7028669,2.070704,2.2988186,0.8196259,0.09517969,0.100138254,-1.1019359,-1.230202
-0.23907575,0.43274292,0.98248035,1.1923126,1.3830887,0.5983387,0.17041717,-0.3415262,-0.48047587,-0.8924368
-0.056631252,0.54194295,1.8899235,2.0433903,1.9852077,0.7591038,0.70831525,-0.28251547,-1.0891029,-0.84262174
0.06581647,0.17113292,2.1528554,3.4303906,2.4893591,1.2993453,0.8510702,-0.071299985,-1.5169699,-1.7174375
-0.33395103,0.9724967,2.1328826,2.2179065,2.015483,1.0698256,0.7749161,-0.26781976,-1.2744607,-1.4025505
-0.76777995,1.2001212,1.7384764,1.9715165,1.7819041,0.3092462,0.14786094,-0.1435145,-1.335887,-1.0819296
-0.33772722,0.62977666,1.8169264,2.2960796,1.7402391,0.9163936,0.41208282,0.29000112,-0.8585045,-1.0264107
-1.1427532,0.4954997,0.8804444,1.4797434,1.6122539,1.0123825,0.61709386,-0.16326153,-0.77282697,-1.7266619
-0.18702161,0.6976913,1.6702144,1.4034314,1.3550199,0.89983934,0.28715417,-0.1215972,-0.54463696,-0.7431382
-0.808257,0.71961796,2.202025,2.0763397,1.7544272,0.39093336,0.079002656,-0.87856156,-1.579858,-0.8231038
-0.921516,0.44874072,1.8171655,2.3836102,1.7322826,0.40546638,0.24615577,-0.3333732,-1.2047353,-1.5852457
-0.5378431,0.505181,1.1278907,1.4908102,1.5084938,0.71750724,0.18873268,-0.72359294,-0.9861374,-1.221654
-0.27046788,0.7752506,1.4190809,1.3045615,1.6922771,0.7885555,0.3834427,-0.050895557,-0.9594222,-0.6793146
-0.3850733,0.9513757,1.666431,2.1858792,2.2779253,0.7980999,0.232824,-0.56807727,-1.0155122,-1.0812804
-0.0047611706,0.5967539,1.2603925,1.4897177,0.9302146,0.5084351,0.11415702,-0.25820234,-0.532143,-1.1792816
-0.31622607,0.5504005,1.8850858,2.364554,2.0810385,0.7515587,0.2937338,-0.10484157,-0.89165413,-1.4342706
-0.5296668,0.6769127,1.82454,2.7532322,2.138386,1.2311138,1.1189451,-0.54715794,-1.7272544,-0.8633622
-0.6403108,0.6848474,2.1832657,2.1933305,1.4566553,0.49412584,0.70471865,-0.047789134,-1.3591733,-1.128173
-0.45568934,1.2760577,1.9528048,2.3468063,2.0252814,1.0911283,0.4513838,-0.3375097,-1.1728188,-1.3576567
-0.56693,1.0569491,1.8716878,2.0473561,1.8174057,0.49924272,0.20869216,-0.82211304,-1.4561275,-1.160744
-0.007916577,0.32039148,1.3207585,1.8990265,1.8422592,0.9124265,0.4403683,-0.23531634,-0.6840479,-0.77103454
0.09961063,0.4534368,0.94247276,1.0513926,1.4676601,0.5428888,-0.10317719,0.050218306,-0.51238024,-0.9256029
0.50882375,0.1443813,0.9067441,1.490222,1.4981914,0.82822555,0.60975134,-0.12056677,-0.6193599,-1.0846485
-0.06088884,0.70094573,1.8794198,2.4330223,2.0365582,1.1902479,0.6440418,-0.18563944,-1.2188518,-0.8185781
-0.13940987,0.6599921,1.8029995,2.3616867,2.4920807,1.5793067,1.0257214,-0.42234808,-1.3923889,-1.5647794
-0.5789202,0.12094417,1.4654688,1.9913882,1.6109489,0.68676555,0.44071877,-0.405488,-1.1359122,-1.0085799
-1.0429182,0.85245115,1.9942302,2.390096,2.0833457,1.5064216,0.948156,-0.7199599,-1.454721,-1.2369581
0.3825123,0.65385514,1.5074766,2.067151,1.5700216,0.9957558,0.45613146,-0.24121702,-1.2290074,-1.1325625
-0.61122066,0.5107447,1.7097925,1.9906627,1.4987209,0.6192079,0.25409728,-0.49841094,-1.0551462,-0.92600447
-0.6604607,0.6353553,1.6776034,2.0455112,1.4589113,0.55871725,0.4517743,-0.18082029,-0.9098851,-1.0487701
-0.7801335,0.41775808,1.677484,2.2547095,1.8294533,1.209616,0.6122132,-0.067638844,-0.9231753,-1.6633028
-0.8395235,0.48216817,1.4220707,2.216589,1.7143385,0.88434225,-0.21659899,-0.5154653,-1.4375381,-1.0160841
-0.25895295,0.4438481,1.9130043,2.6364176,2.0728505,1.4103024,0.48411465,-0.52490735,-0.9832053,-1.0892094
-0.9753559,0.8998492,2.5967553,3.5460715,2.7426982,1.0053483,0.47535288,-0.91319436,-2.098557,-1.674609
-0.67730796,1.6622943,2.7592535,3.3681297,3.2823474,2.2880275,1.4450753,-0.23460418,-1.2298669,-1.71628
-0.5454755,1.2195468,3.5977519,3.4628398,3.22072,1.9436464,0.9799844,-0.26846564,-1.4613726,-1.3832474
0.041006908,-0.14627856,1.4325719,2.3391612,2.3312476,1.0655493,0.43620688,-0.28279382,-1.1731285,-0.92412925
-0.6252375,1.3243839,3.4897203,3.686335,3.0026114,1.9424509,0.8208879,-0.56140685,-1.396474,-1.7460629
0.30806336,0.4827258,1.7612758,2.6806843,2.4068651,1.1172312,0.76884633,0.23101427,-0.9852873,-1.7674621
-0.24757639,0.57565874,1.2961415,2.0470126,2.0183911,0.61474794,0.546267,-0.36684462,-0.9334635,-0.70150685
0.6277598,0.77422714,3.624048,3.3157003,2.1784701,1.2008508,1.2195536,0.15459777,-0.8629883,-0.68132806
-0.87235767,0.5278375,2.0347118,2.3122966,1.981423,0.9283588,0.6102547,0.38897508,-1.1302239,-1.1993673
-0.6255802,0.2869396,1.3118998,1.0012039,0.94504476,0.2953949,0.21395324,-0.022557434,-0.67206943,-1.5475974
0.09220727,1.5274968,3.127948,2.9788082,2.514858,1.497992,0.021315321,-0.5904583,-1.9883516,-1.4403996
-0.70621526,0.7654121,1.6363397,1.9383276,1.6595896,0.65538,0.29303938,-0.21151145,-1.2033459,-0.87274307
-0.51300365,0.3755115,1.6095626,1.8182623,1.358343,0.6519835,0.19849226,-0.41074327,-1.0947188,-0.8159819
-0.36797684,0.10652295,2.0402513,2.4807734,1.7473018,0.8608094,1.19748,-0.27700782,-1.0081818,-1.376399
-0.7608018,0.75292003,2.3289242,2.4831953,2.12009,0.89143693,0.7066804,-0.22671089,-1.1965051,-1.5248842
-0.1575714,0.8985246,1.2739154,1.9126592,1.9780532,0.7811856,0.24103454,-0.18219322,-0.9325154,-1.1058466
0.03311135,0.2839447,1.0781677,1.6437454,1.7949287,0.85176504,0.7271966,-0.15866904,-0.5923682,-1.2598311
0.31329772,1.0464662,2.0472198,2.3835704,2.4451475,0.89242333,0.88967323,-0.16647103,-1.0120393,-0.78226036
-0.18180099,0.66161126,1.9457871,2.1229918,1.913563,1.3286821,0.38992548,-0.14419858,-1.245436,-0.9032123
-0.24985406,1.2409685,2.2764957,2.5108128,2.3813486,0.85691905,0.5152244,-0.11828984,-1.4281527,-1.9002796
-0.11547526,0.48687035,1.7713739,1.6373036,1.7674432,0.52284163,0.30966434,0.047130644,-1.0467129,-0.95965296
-0.16799492,0.8585153,1.5580292,1.7570983,1.2908765,0.26204538,0.3540342,-0.51903635,-0.7284049,-0.7517314
-0.1466197,0.3910236,1.4243766,1.777292,1.3953444,0.7713752,0.70814013,-0.2719692,-0.770417,-0.7872662
-0.098321445,0.3299092,1.7296535,1.666983,1.599133,0.6822006,0.6152169,-0.17287134,-0.78887063,-1.4428805
-0.35818043,0.4692541,1.4705368,2.0205371,1.5910329,0.8889172,0.32484615,-0.27212048,-0.71274745,-0.33360195
-0.040626686,0.7220758,1.7649335,2.1845546,2.0658536,0.6551904,0.09318657,-0.067989886,-0.9078968,-1.6667836
-0.12477983,0.051022083,1.4647739,1.9298304,1.705861,0.42791393,0.19397642,-0.17273663,-0.6729688,-1.0305474
-0.7698993,0.6799632,1.3102612,1.8923179,1.5059093,0.5153513,-0.068764,-0.23285942,-0.8985652,-0.9133256
-0.5676004,0.31694207,1.363514,1.6839871,1.4088709,0.6543178,0.022053454,-0.24755701,-0.69973105,-0.64300174
0.15351662,0.6254436,2.0015175,2.1815872,1.5544082,1.1927203,0.46510482,-0.30643228,-1.0739684,-1.0995255
-0.62711304,0.4392037,1.7855582,2.421739,1.7147149,1.0747428,0.22399881,-0.42104143,-1.530218,-1.7045964
-0.18488103,0.6602027,1.309451,1.478679,1.2464856,0.6358834,0.34797496,-0.27283868,-0.98071957,-1.1131587
-0.34921947,0.42879537,1.6481719,1.8349189,1.574599,0.24571224,0.75369567,0.1578158,-1.0353086,-0.93865734
-0.43470564,0.666909,1.3933059,1.9617606,1.9666346,0.57840693,-0.09860421,-0.981174,-0.5468007,-0.91118383
-0.30908656,0.53471416,1.2812388,1.747291,1.6118376,0.5491131,0.55313903,-0.5425354,-0.91267794,-0.7778292
-0.40544754,0.61986864,1.216092,2.0696018,1.5693058,0.8591126,0.44062945,-0.1889151,-1.1352034,-0.9873396
-0.022571959,0.3576838,1.8649992,2.164363,2.0363917,1.4165142,0.63704526,-0.23327187,-0.99188876,-1.1667097
-0.05748353,0.41816705,2.0401804,2.7021856,2.324845,1.1958237,0.61902714,-0.21656832,-1.1014645,-1.2060173
0.024120022,0.4546738,1.3620766,1.8482988,2.3285487,0.38237137,0.33593714,-0.013933634,-0.81385416,-1.5435451
0.22572106,0.48672614,1.9935855,2.518055,2.416285,1.1533881,1.2535254,0.028118677,-1.4558412,-1.3464465
-0.3214196,0.26133624,1.5300956,2.142249,2.078135,0.63971555,0.6958837,-0.3970311,-1.4791996,-1.0795716
-0.5664733,0.58088416,1.4855293,2.0197039,1.422024,0.49135536,0.44521537,-0.114114046,-1.3690372,-0.91252214
-0.4782629,0.46061665,1.4977603,2.0860088,1.5618641,1.0564173,0.19760486,-0.46261108,-1.1631463,-1.0719538
0.5949824,0.80216163,1.7046237,1.9809624,1.730434,0.6542176,0.6044075,-0.025560668,-0.988328,-1.0880936
-0.094231464,0.30243468,1.8884414,2.2821536,2.334835,1.4206346,0.70994896,-0.06801016,-1.3547814,-1.5531825
-0.24805036,0.9820176,2.1733212,2.4261496,1.8887477,0.5778308,-0.039456666,-0.29149354,-1.4816105,-1.4401345
-0.2049056,0.48338404,1.5955491,1.587641,1.4899647,0.8598604,0.5113576,-0.010595065,-1.1221362,-1.3252788
-0.28668663,0.7028219,1.5922756,2.675737,2.4116154,1.0286064,0.7941267,-0.16455409,-1.5956187,-2.0816922
0.25894892,0.7215356,1.9004543,2.4007468,2.0245814,1.211244,0.63053286,-0.057227284,-1.2076126,-1.271356
-0.17001757,0.4488631,2.8610814,4.240681,3.6271377,1.9433322,0.6425686,-0.7540304,-1.5760505,-2.4613643
0.21935531,0.22240928,2.0057807,2.8696592,2.5609303,1.547461,1.4266241,0.24945404,-1.2867851,-1.696545
-0.95874274,0.9901158,1.9657129,2.2319217,2.846311,1.2615342,0.13178216,-1.1210011,-1.667044,-1.8212212
-0.062724665,0.4613544,1.4029706,2.6686342,2.419998,0.94433063,0.31443906,-0.027729424,-1.1771624,-1.5047617
-0.014888417,0.90471196,1.8404596,2.6176682,2.2532551,1.1501724,0.60060054,-0.29857606,-1.4220208,-1.0454772
-0.14109415,1.1278863,3.008097,2.8440528,1.9557278,1.1818,0.6390194,-0.7834469,-1.3646795,-1.3855232
-0.99377894,1.670113,3.801876,3.4558542,2.3877122,1.4556904,1.1174277,-0.06928078,-1.4028921,-1.2353814
-0.643071,0.77967125,2.0516524,2.3021135,1.6475292,0.91272986,0.70315695,0.0354429,-1.1397374,-1.4187607
-0.209463,0.6320236,2.2233467,2.9555633,2.796782,1.5179203,0.2846332,-0.7885694,-1.7393341,-2.0910985
0.6441327,1.2222505,2.0055454,2.1994436,2.5541205,1.4111873,0.9964504,0.7182634,-0.82615036,-0.56805927
-0.06268979,0.85981524,1.3320237,2.290242,1.9340885,0.6889451,0.4822021,0.001821423,-1.4120604,-1.1755776
-0.33568364,0.4721069,1.3596168,1.6599122,1.5893615,0.49264705,0.44085237,-0.22496404,-1.2618387,-0.8686825
0.056950368,-0.05701089,0.9095835,1.4895813,1.1835927,0.43101224,0.08644359,-0.21809703,-0.61136603,-0.71449345
-0.075369634,0.37263134,1.4165306,2.3561618,2.0678072,1.1837984,0.7857931,0.04265388,-0.74965,-1.4356292
-0.23045942,0.49472573,1.5743994,1.9296273,1.2627411,0.77706325,0.74609727,-0.25049236,-0.95852023,-0.9821443
-0.82317996,1.2330768,2.1124804,2.1328244,2.187644,0.5860313,0.52449065,-0.23865797,-1.3797714,-0.69822824
-0.14743772,0.2361204,1.2958916,1.8756459,1.553681,0.72953725,0.3958871,-0.2893138,-0.9497087,-1.3856132
-0.44109622,1.1240577,2.4414132,2.1884482,1.9174806,0.80978775,0.49820167,-0.72680616,-1.2288026,-0.98917013
-0.33519292,0.7205751,1.404477,1.5304192,1.6557525,0.36075234,0.32566234,-0.60583264,-0.587622,-1.007321
0.19977373,0.32883886,0.88417816,1.8743365,1.6716723,0.51765543,0.38383913,-0.11460848,-0.88843924,-0.82158566
0.008785091,0.45111895,1.856843,2.2453969,1.8545321,0.79503787,0.5185173,-0.24319401,-1.0014292,-0.71059555
-0.10234403,0.6724336,1.9247799,2.0509217,2.1840174,1.1024607,0.9216226,0.334445,-1.3935827,-1.677481
0.038258858,0.37555042,1.5322161,1.7613355,1.425658,0.3640792,0.46822864,-0.14432205,-0.42973322,-1.0310595
-0.22227952,0.53374285,1.6909043,1.727347,1.6360521,0.73647213,0.39608073,-0.11261572,-0.78630424,-0.62729245
-0.018400453,0.14306735,1.0844762,1.413757,1.142951,0.3805973,0.8474244,0.21839938,-0.46967918,-1.1338007
-0.17715082,0.34450996,1.7715483,1.7485722,1.8027428,0.71793455,0.29682449,-0.31012872,-0.5009909,-0.7975522
0.01853562,1.0704489,1.932404,1.954382,1.5070232,1.2383169,0.6379748,-0.13284971,-0.8091182,-0.6912889
-0.50576955,0.034091912,1.0900055,1.1205821,1.2002712,0.30344912,0.2664748,-0.24708009,-0.6606584,-0.67527556
0.24473932,0.4634765,1.5242084,1.8661791,1.6455483,0.88551295,0.29623562,0.1547486,-1.2127714,-1.1423824
-0.5958769,0.65418196,1.5288112,2.1791067,1.9139135,0.77060854,0.42055666,-0.3148192,-1.4119378,-1.1030692
-0.6184106,0.32258615,1.5486743,1.5273327,1.7392924,0.4539258,0.44925687,-0.004775058,-0.80341226,-0.5287506
-0.54777795,1.1647712,2.1258547,2.4711392,1.7963427,0.55722046,0.08125927,-0.6484758,-1.9936004,-1.609223
-0.36669174,0.31513265,1.1601151,1.639452,1.2088387,0.79297125,0.7500342,-0.21499163,-0.794053,-0.96488506
-0.6991874,0.2814045,1.3357378,1.2445678,1.2194563,0.6534839,0.43039066,0.24870764,-0.7793561,-0.91917145
0.24862704,0.54667753,1.0901496,1.5588622,1.861965,0.63940275,0.31591505,-0.2647941,-0.8536409,-0.80720395
-0.08821316,1.1107937,1.9643948,1.8899579,1.7457192,0.70819473,0.5464453,-0.07146168,-0.9123835,-1.0893385
-0.691285,0.5506253,1.1740834,1.7731532,1.4351486,0.30280536,0.36226982,-0.17300381,-1.0164316,-0.989011
0.009929795,0.8581672,2.3406813,3.3343282,3.1451685,1.8004863,0.8497766,-0.22018555,-1.0799272,-1.4400206
-0.73447967,0.428269,1.5536685,1.7913331,1.304772,0.95698965,0.630034,0.010041957,-1.2265092,-1.5884416
-0.395021,0.5748663,1.3842973,1.5604514,1.6707132,0.25575924,-0.23917937,-0.2282051,-0.95544183,-1.3887216
-0.05145441,1.3406388,2.4510763,2.6936786,1.6930875,0.7069363,0.6382503,-0.22431052,-1.1570327,-1.2514073
-0.69445825,0.639691,2.0357118,2.7211764,1.7933844,1.0244944,0.8579142,-0.81229395,-1.4285421,-0.96903074
-0.8075296,0.99468553,1.4849665,1.8332071,1.9581774,1.047851,0.340014,-0.84709966,-1.6316888,-1.3657608
-0.56165475,1.0174896,1.8877474,2.7299943,2.2033556,1.2948822,0.85109735,-0.28206408,-1.610029,-1.28421
-0.08160155,0.05671819,1.3820887,1.4820318,2.0896928,0.714598,0.74759924,0.13356787,-0.7876544,-1.084756
-0.27364036,0.5389689,1.552258,2.0133386,1.6938306,0.5724721,0.30952346,-0.28244594,-0.8899602,-1.449997
0.094324425,0.289875,1.2883373,2.1706595,2.298056,0.7744224,0.4005231,-0.11388243,-0.97750926,-1.3351133
-0.30903283,0.63004076,2.065602,2.6194055,2.3388588,0.74597675,0.34143427,-0.757355,-1.412378,-1.7356292
-0.9714585,0.12731546,1.7235128,1.9616181,1.8062184,0.7393688,0.8439495,-0.3103432,-1.5513978,-1.216912
-0.23083997,0.556689,1.3746399,1.7249385,1.3696132,0.8511548,0.3521692,0.35137483,-0.6652082,-1.0080022
-0.29667482,0.9123842,1.3143995,1.5377928,1.1445601,0.43640295,0.029172823,0.07259867,-0.69980836,-0.94330764
-0.3076542,0.17791453,2.4033458,2.2808087,2.0416174,1.0024943,0.7730425,-0.050596163,-1.0616904,-1.0356777
-0.73228085,1.1164563,1.9735171,2.9107728,2.6675196,1.3375937,0.76676947,0.17912737,-1.1762211,-1.728834
-0.16428176,0.45222217,1.551379,1.8874583,1.7741911,0.7693667,0.38018396,-0.4507405,-0.99655104,-1.1060339
-0.35539064,0.56518364,1.2022376,2.19256,2.252398,0.93644947,0.52488005,0.09261557,-1.2864927,-1.2365031
-0.027934402,0.7376303,1.4828207,1.5947634,1.6726044,0.7570084,0.53683865,-0.18361472,-1.1928892,-0.87373483
-0.1612277,0.28145623,1.2041674,1.8146592,1.6565297,0.80941993,0.579948,-0.108776055,-0.7457786,-1.646032
-0.4816621,1.283984,2.058244,2.5613792,1.747994,0.47876185,0.11806327,-0.72235686,-1.5089432,-1.3049423
-0.046064973,0.6786741,1.8169359,1.3932493,1.6656262,0.54760635,0.24663827,-0.35027438,-0.7459263,-0.7432999
0.3837359,0.40702337,1.5466292,1.5050292,1.8288004,0.9769411,0.7191351,-0.0055844537,-1.0022738,-1.1451253
-0.56669,0.43629983,1.4228429,1.5467733,1.4772804,0.5204594,0.59123975,-0.120582044,-1.0635121,-1.237483
-0.038481776,0.08845402,1.0707562,1.5358247,1.0679991,0.4416807,0.39873856,0.058742303,-0.5668908,-0.80976754
-0.080333,0.5610343,1.3234849,2.2421792,2.1005545,0.87829465,0.48212278,-0.46457294,-1.087344,-1.2912306
-0.7423052,0.57373804,1.8244096,1.9290968,1.5798538,0.29227552,0.39414212,-0.5989136,-1.0316569,-1.1227508
-0.14401889,0.48489696,2.2540078,2.0033884,1.4209993,0.5173408,0.71348643,0.058592215,-1.3178229,-1.8535739
-0.0021876432,0.5079639,2.13643,2.5603392,2.313228,0.5808829,0.8174647,-0.25022244,-1.2697029,-1.1742512
-0.23909241,0.9925008,1.184059,2.3895512,1.8891454,0.92873526,0.6281075,0.037347473,-1.3142116,-1.1657124
-0.37942293,0.6461764,1.6404055,2.5877929,1.9878727,0.54912865,0.50253123,-0.33755305,-1.0950013,-1.6938789
-0.95286924,0.36998895,1.8502835,2.891843,2.7116332,1.6606718,0.5572751,-0.77520305,-1.3630352,-1.6656519
-0.9007376,0.9126918,2.781703,3.4782047,2.6106482,1.2091888,0.049867667,-0.9733482,-1.3959969,-1.6086978
-0.5205754,0.41660607,1.9108354,2.069554,2.2126117,0.89230615,0.11173268,0.0638264,-0.7555098,-1.2451469
-0.5191863,0.37772503,0.95708865,1.7813873,1.5885388,0.40622357,0.5943752,-0.06431365,-1.103702,-1.2877126
0.0070456956,0.08853467,1.1360859,1.4985176,1.4128715,0.3347683,0.2404694,-0.43100026,-0.8746067,-0.9597813
0.3417268,0.96378523,2.135754,2.3677707,1.6496226,1.0841545,0.72648597,-0.3607354,-0.9794507,-0.89642537
-0.2410129,0.7361029,1.7029495,1.6237879,1.5826939,0.5401617,0.48924792,0.2634105,-1.0025814,-1.3777968
-0.31216195,0.6485492,2.14906,1.7113802,1.5809113,0.67560256,0.4542504,-0.35082784,-0.94127315,-0.9501055
-0.85447305,0.74375474,2.0056214,2.1694322,2.3895628,0.9575561,0.3432573,0.02781502,-1.0590432,-2.00985
0.120737605,1.0584778,2.5456445,2.2866392,1.9304504,0.88374233,0.6879507,-0.10934565,-1.1638616,-1.3556068
0.2244837,0.19744268,1.6795053,1.6088791,1.7708966,0.6812197,0.19563606,-0.23690625,-0.7894804,-0.6964216
-0.12627286,0.29250616,1.4231324,2.3686182,2.6404843,1.3926225,1.1891769,0.36168018,-0.7181572,-0.56378335
-0.4639197,0.57242465,2.3405015,1.9920765,1.9438494,0.61482775,0.44762596,-0.06478984,-1.0088931,-1.5011231
-0.4374009,0.20118375,1.4890981,2.3657708,2.2577271,0.7119794,0.34012407,-0.12637603,-1.141544,-1.7851627
-0.46194488,0.8969163,2.1570868,2.3825638,2.3574712,1.1934716,0.84409136,0.023439752,-1.4869809,-1.669512
-0.6585709,1.0439805,2.8468308,3.784549,3.217443,1.9073545,0.51455134,-0.91502154,-2.1281967,-2.3544612
-0.4722036,0.80974805,1.7987177,2.5377667,2.2969506,0.82917386,0.6363899,-0.3779706,-1.5791624,-1.7799234
0.044567764,0.55410826,1.6630075,2.3373404,1.3824468,0.8717869,0.97918284,-0.2979122,-1.1775093,-0.71263266
0.059882164,0.77992445,1.4261445,1.768268,1.5793175,0.8429575,0.45891252,-0.27252257,-1.0357633,-1.3066428
-0.4192862,0.53639424,1.2978425,1.8784556,1.3286964,0.980795,0.16819662,-0.48901266,-1.122937,-1.1283773
-0.5059902,-0.079565346,1.46672,2.2737293,1.4724054,0.47072065,0.7889389,0.47531563,-1.0128189,-1.1901629
-0.9778654,0.29347256,1.1400735,1.4482279,1.5702069,0.67874944,0.35679758,-0.025761055,-0.609966,-0.87079936
-0.32553893,0.41121987,1.4889716,1.4998354,1.253052,0.8237124,0.55846393,-0.16926026,-0.4338798,-1.2155186
0.3899566,0.34325597,1.9224756,2.7715995,2.8074102,0.63517725,0.48604858,-0.30722407,-1.2623196,-1.3704541
-0.6570007,0.64301,2.0083864,2.2686956,2.1283169,1.2089125,0.5683789,-0.3024116,-1.2698909,-1.1184704
-0.5809897,0.2843621,1.2812964,1.9191425,1.8562092,0.3617345,0.64086133,0.10838204,-1.2038376,-1.1467211
-0.3206625,0.14624557,1.257359,2.0290112,1.7522053,0.72359943,0.6775274,-0.3538901,-1.2572964,-1.1364661
0.1368389,-0.028801357,1.3796433,1.8037026,1.436199,0.65326905,0.51548386,0.10428229,-0.5637791,-0.9006088
-0.20323625,0.68023574,2.456064,2.4325187,2.0220482,1.1829323,0.4479615,-0.4598975,-1.237316,-0.8654032
-0.87616855,0.124636695,1.5146879,1.9055666,2.1018598,0.6498966,0.5939668,0.05503949,-1.0185331,-1.2310332
-0.19301519,0.41226846,1.3434733,1.636049,1.3312525,0.51306707,0.5700821,0.31152016,-0.5794871,-0.7852206
-0.747067,0.52384263,2.608374,2.823858,2.235405,1.0015109,0.48904824,-0.4035187,-1.2258856,-1.2103668
-0.6308021,0.67276114,1.4084684,2.1873047,1.7468934,0.40951192,0.45296606,-0.27332002,-0.65066725,-1.4423426
-0.121824615,0.76187646,1.7211417,1.4461201,1.5934098,0.6746143,0.09534368,-0.45332485,-1.0764586,-1.1713612
-0.4252098,0.2131938,1.3417764,1.8331987,1.4418377,0.5946658,0.55047,-0.14774378,-0.9217763,-1.0259128
-0.37952465,0.59503955,1.3591744,1.692323,1.3884379,0.7798409,0.3514824,-0.34644946,-0.8834785,-0.46260762
-0.29637492,0.29591173,1.2535673,1.9234196,1.7178693,0.59644324,0.22070554,-0.50763553,-0.97681737,-1.222192
-0.72577304,0.95108163,2.156297,2.4469044,1.7499937,0.5745794,0.2377702,0.06764599,-0.90277696,-1.1462518
-0.9928962,0.98856837,2.8234327,2.573197,2.6287594,1.4053816,0.48985064,-0.6250055,-1.5021639,-1.1686802
-1.0550495,1.5970056,2.8594024,3.7424998,3.1364632,1.5673555,0.45832396,-0.64636934,-1.4847586,-1.4706572
-0.7206285,1.1725965,3.7394707,4.1921577,3.8297737,2.103066,1.2341359,-0.1687891,-2.050113,-2.3342845
-0.22537392,0.6011791,1.8869561,2.2080088,1.717996,0.45831877,0.6358392,-0.3319959,-0.51306504,-1.0763009
-0.022913586,1.0095133,1.8172807,1.8773847,1.9853617,1.0004818,0.38206965,-0.19145636,-0.5898116,-1.0758306
-0.5894249,0.4385838,1.4165998,1.6098195,1.3696823,0.3455133,0.09693839,-0.6503446,-0.7215828,-1.1388668
-0.15564102,0.13685514,1.3837926,1.7605207,1.5719442,0.58377385,0.357197,-0.08881136,-0.5329563,-1.1021982
-0.65834206,0.5875849,1.6846642,1.5865985,1.6004474,0.21836253,-0.019779032,-0.055838548,-0.92561233,-1.5730209
-0.1048188,0.4584077,1.378021,1.803328,1.6928258,0.7885046,0.89288455,-0.19017057,-1.0707612,-1.3700548
0.15230414,0.9262465,1.3444833,1.5295342,1.5128874,1.0739998,0.7747617,-0.12668604,-0.8419741,-1.072708
-0.3627091,0.7342442,2.2708712,2.529843,1.9158229,1.1980132,0.21393017,-0.701884,-1.0377462,-1.2342304
-0.28494066,0.39623514,1.2536043,1.097526,1.3105428,0.55938363,0.32765445,-0.074072585,-0.35141197,-0.68093866
-0.8883986,0.17774355,1.6959696,2.0105746,2.0897017,0.76204485,0.010756999,-0.5533202,-0.9856063,-1.4886802
-0.521108,0.45701367,1.3291779,1.3165252,1.9627253,0.5657873,0.86219716,-0.27932316,-1.4062002,-1.4708396
-0.79155755,1.1326587,2.5893037,2.3509295,1.3758749,0.80011046,0.031036802,-0.6244217,-0.9855381,-1.2144798
-0.09191692,0.76595694,1.8521878,1.8026448,1.653659,0.47369474,0.39315727,-0.3639177,-1.3817937,-1.4257448
-0.1943484,0.8838109,2.2824957,3.3474388,2.9870465,1.1218455,0.66830176,-0.652269,-1.7681156,-2.1631184
-0.55940986,0.82113844,2.1469362,3.078452,2.5030117,0.90583223,0.40784037,-0.85305494,-1.5278808,-1.6947005
-0.46366623,0.63315517,1.4303453,1.610785,1.7392254,0.6824025,0.33440304,-0.1999911,-0.87702376,-1.2092928
-0.71172744,1.2398802,2.105566,2.2511733,2.227795,0.6607432,0.35842136,-0.088986516,-1.0449508,-1.3406186
-0.041960746,0.38880008,1.2058781,1.5957537,1.6384068,0.25567943,0.5022051,-0.09546784,-0.6146599,-0.68593407
-0.21225852,0.71711034,1.8506825,2.0692844,2.1350453,1.0493487,0.7827272,-0.23493981,-0.9301107,-0.43362918
-0.11462452,0.4864894,1.5014619,2.0854845,1.5920086,0.5224147,0.7142186,-0.09055832,-0.7088057,-1.6935365
-0.101085864,0.5855995,1.4432807,1.6769289,1.3947725,0.809857,0.38358656,-0.26959983,-0.5597692,-0.83329076
0.15573972,0.58410645,1.7523512,1.8679959,1.3488684,0.7151483,0.7910721,0.3994733,-0.48088524,-0.71849686
-0.026713919,0.78745794,1.7049575,1.943527,1.7103239,0.9323368,0.45659846,0.07880275,-0.99611473,-0.797703
-0.21957645,0.6601378,1.2123537,1.2789674,1.1545854,0.20369633,0.24799135,-0.11278876,-0.6482348,-0.9065649
-0.4115888,0.41390976,1.9078408,2.2618175,2.0449114,0.6138755,0.28975195,-0.094833575,-1.3256869,-1.0327499
0.37998757,0.8366177,2.4969518,2.5828893,2.118706,1.1263081,0.8626599,0.35059732,-1.1583985,-0.8830207
-0.37970015,0.65845615,1.4526293,1.6883765,1.6326364,0.54621696,0.26866522,-0.3730577,-1.0274924,-1.0269213
-0.88612604,0.94919354,1.998921,1.9023024,1.5124781,0.7754019,0.3726034,-0.050087493,-0.8506401,-1.4213315
-0.13319772,0.36411345,1.7171026,2.090359,1.8482109,1.0489943,0.7752137,-0.22481118,-0.85001564,-0.5416375
-0.16250435,0.40455288,1.3889618,1.3884081,1.637964,0.613767,0.51729554,-0.1231513,-0.741205,-0.65787715
-0.7778512,0.42616996,1.5823578,1.8202223,1.5432853,0.5715357,0.60955524,-0.2303271,-1.0933894,-1.3066037
-0.67890626,0.39977643,1.3128258,1.452938,1.5575505,0.5624469,0.4219644,-0.16427287,-0.811215,-0.8406237
-0.26035827,0.31483832,1.3882289,2.0847135,1.7240254,0.6639298,0.5772782,0.2068086,-1.0092365,-1.0961981
-0.067900695,0.42854503,1.2980148,1.842746,1.7098551,0.5082431,0.40007758,0.069439806,-0.79316115,-1.04728
0.25526989,0.2992026,1.7001444,2.148144,2.3178754,1.0483903,0.5176692,-0.1912594,-1.0601549,-1.0899733
-0.21329185,0.38919327,1.3935066,1.1688664,1.4291383,0.34499732,0.5214139,0.11159219,-0.73675567,-0.8486596
-0.18463114,0.94426113,1.7053888,2.1066096,2.097103,0.8372226,0.62385666,0.09481726,-1.6130731,-1.2280694
-0.63078284,0.9622156,1.3842205,1.9083787,1.8964795,0.57034904,0.12853192,-0.41574153,-0.9847007,-1.1422697
0.10294521,0.27906626,1.6934984,1.7983435,1.8155992,0.5377577,0.53526825,-0.56267196,-1.1866546,-0.7304849
-0.43500385,0.20934133,1.1968832,1.6390071,1.0720143,0.86737907,0.5712236,-0.06421255,-0.5460585,-0.82715845
-0.70682603,0.5929778,1.5234847,1.6644282,1.3996005,0.5239601,0.3308152,-0.21316026,-1.2410194,-1.3700106
-1.0004114,0.46457702,1.7463821,1.9684839,1.8191987,0.44723976,0.71774465,-0.8937241,-1.2488792,-1.1008941
-0.5982656,0.62468433,2.167063,3.0638168,2.3757803,1.193211,0.755071,-0.396357,-1.2734736,-1.7533666
-0.8611112,0.34566858,1.2901728,2.1111634,2.12949,0.83956325,0.58961445,-0.3515968,-0.99535286,-1.4366221
-0.5219515,0.7238736,1.4893264,2.2721584,1.6815635,1.0823799,0.37503493,0.12648878,-1.8129811,-1.0979757
0.101626,0.7899392,2.204502,1.9524635,1.639897,1.3872528,1.0029348,-0.025562039,-0.8555699,-1.3793828
-0.4515469,0.6974798,1.7983469,1.9912261,1.6182427,0.32415968,-0.06736736,-0.64353603,-1.2028108,-1.6807376
0.19873688,0.3476182,1.2747523,1.7096611,2.2460248,1.0509177,0.29815388,-0.4438056,-0.89125353,-1.0409856
-0.40066692,0.66569006,1.6060892,2.3353305,1.5607841,0.5657996,0.18576233,-0.5370489,-1.0386293,-1.0931392
-0.80189466,0.6241218,1.5307881,1.7686639,1.797987,0.95428264,-0.026015537,-0.33106166,-1.0764596,-1.3693746
-0.2591749,0.55218494,1.7518532,1.7540182,1.7613977,1.411866,0.7300905,-0.22037584,-1.110063,-0.77799267
-0.39938194,0.48070458,1.2058448,1.5749792,1.6050045,0.8850759,0.63695544,-0.18694264,-0.6774155,-1.1896112
-0.30593237,0.8383251,2.1483836,2.5803263,1.9860805,1.2756647,0.5444513,-0.5946882,-1.3643869,-1.561693
-0.90981513,1.1175785,1.9284036,1.9363225,2.049565,0.704091,0.24531043,-0.53206396,-0.71696085,-0.7979323
-1.1947749,0.88614196,2.3453608,2.222644,1.6665335,0.6953872,0.8179496,-0.623595,-1.3261648,-1.4123608
0.46382055,1.3230364,2.4616838,1.9342779,2.1523721,1.0314333,1.1501862,0.26064092,-0.9794841,-0.37850007
-0.36128268,0.72605187,1.7374539,2.3136768,1.9629551,0.78651315,0.50921375,-0.06513442,-1.0992861,-1.2756625
-0.8134552,0.07925515,1.7333429,2.3024967,1.969947,0.6441633,0.18250781,-0.3292455,-1.4240268,-1.17618
-0.999516,0.72085214,1.8404541,1.9389533,1.5167098,0.7377447,0.864592,0.0018227263,-0.96307653,-1.0222319
-0.06850578,0.7084512,1.9518768,1.5870917,1.7258637,0.9012697,0.8228455,-0.0993243,-0.53347135,-0.8843988
-0.59592533,0.14256088,1.209442,1.5676898,1.7050387,0.66031957,0.7557208,0.15391,-0.9309388,-1.2503065
-0.42607307,0.23225065,1.4319549,1.6591874,1.4201161,0.44444752,0.25910735,-0.26461643,-0.6369499,-0.9469009
0.5557285,0.60781586,2.010439,2.4453783,2.2354298,1.6286312,1.2515477,-0.09201403,-0.7783782,-0.9900393
0.09652044,0.8840459,2.147865,2.0908322,2.110167,0.91476554,0.35807687,-0.12417583,-0.77083564,-1.5611798
-0.18452689,0.5071507,1.5492656,1.4010867,1.4279574,0.53100187,0.86037946,0.027674552,-0.48733464,-0.58385444
-0.42325965,0.543732,1.524,2.2767031,1.7133408,0.49099165,0.24572748,-0.29267585,-1.5129238,-1.4946082
-0.3766522,0.40978685,2.0011928,2.2134135,1.9892145,0.55044633,0.43940133,-0.39022133,-1.2641878,-1.0491159
-0.3336222,1.0003879,1.5868939,1.8974608,1.8466617,0.78254324,0.39139977,0.012204671,-1.1470592,-0.6649168
-0.50885224,0.7325945,1.4434749,1.9551566,1.4499664,0.3962032,0.44494542,-0.3001643,-1.2756834,-1.1768029
-0.302677,0.42333686,1.3732375,1.0144304,1.4393116,0.3897254,0.061227173,-0.10772085,-1.2110742,-0.9356147
-0.67301875,0.5186748,1.1028423,1.15338,0.8220926,0.47875494,0.48582125,-0.45950824,-1.0997943,-0.5361741
-0.15179223,0.6378941,1.5921139,1.7392274,1.4432714,0.5555295,0.9942181,0.36652255,-0.9428752,-0.79070055
-0.21827099,0.88804847,1.7225382,2.0210464,1.8174838,0.79935277,0.4127943,-0.17670837,-1.1333194,-1.3283514
-0.38146394,0.9031876,2.8480752,2.222152,1.6709176,1.258088,0.96109515,-0.028673211,-0.78558165,-1.2376857
-0.36684665,0.24487428,1.700552,2.6984253,2.6364226,1.2548822,1.1485443,0.13389543,-0.9853425,-1.3616823
-0.044417877,0.6679237,1.6918396,1.6683539,1.3462139,0.6218613,-0.03590465,-0.016770076,-1.0037682,-0.7140682
-0.23142898,0.8416609,2.0370848,1.4067644,1.6533237,0.54542434,0.008912042,-0.3003365,-0.79759055,-1.2779746
-0.4398414,0.76490253,1.782453,1.4440086,1.7478417,0.53402996,0.50063664,0.045504358,-0.863734,-0.8068897
-0.5553172,0.32232955,1.5350062,1.4953197,1.4228215,0.6905125,0.48867303,-0.38226816,-1.5257409,-0.78527904
-0.3812089,0.93950486,1.4319738,1.7200559,1.9341674,1.0358214,0.3385833,-0.18741427,-0.8022891,-1.0411576
-0.6669522,0.70252514,1.5836271,1.7130413,1.5364918,0.4389679,0.27280173,-0.19889042,-0.8482856,-0.76332486
-0.31487423,0.8406259,1.4897305,2.3928797,2.5260668,1.2600006,0.6166589,-0.49413222,-1.2370185,-1.2587967
-0.11739864,0.52869874,1.7931074,1.817326,1.9631077,0.6327729,0.6442117,0.1743518,-0.8967865,-1.0489641
0.19340459,0.32088798,1.6140114,1.6777925,1.6908325,0.5718205,0.569648,-0.37957343,-0.652795,-0.61055404
-0.15677789,0.6693031,1.6977456,1.9744958,1.6755794,0.8408482,0.78101844,-0.44503474,-1.2418432,-1.4079785
-0.74116504,1.6573269,2.7055511,3.1654294,2.9667714,1.3034848,0.3174641,-0.4797847,-1.1417183,-1.3466693
-0.5311403,0.7979777,1.2854621,1.4636242,1.3682485,0.3012102,0.12801313,-0.57302994,-0.8105628,-1.4454181
-0.35123184,0.5413262,1.6915983,1.2897542,1.3774539,0.36142725,0.65331537,-0.10895207,-0.7987905,-0.97762406
-0.102362506,0.29154098,1.8058964,1.249872,1.3455427,0.48071617,0.6478891,0.12405685,-0.21083558,-0.86931896
-0.13491783,0.533201,2.2647755,2.727443,2.2887464,1.1570479,0.7759174,-0.5126617,-1.5909777,-1.8794757
-0.8351108,0.8711515,2.2396557,2.3513944,2.1241262,1.0070676,0.2816291,-0.3396209,-1.5977557,-1.2682828
-0.377623,0.06355595,1.3556745,1.4596391,1.117797,0.54422593,0.10053243,-0.67281276,-0.944716,-0.98614997
-0.2253412,0.28181928,1.650721,2.7483814,2.3212929,0.91987723,-0.0884819,-0.38218576,-1.3155289,-1.9057939
-1.110853,1.0927446,2.5756407,3.6110122,3.3575656,1.6254134,0.9435814,-0.3905383,-1.7524568,-1.2416586
-0.44625148,1.093653,2.464382,3.2652724,2.8694892,1.5452281,1.1010704,-0.9319962,-1.5792025,-1.5350301
-0.6237745,1.1469877,2.2750926,2.6413188,2.5991752,1.3943712,0.78180766,0.18354963,-1.3715267,-2.182479
-0.23479548,0.53134507,0.9312837,1.483016,1.3356131,0.1747963,0.46663928,0.3053246,-0.4915897,-0.5670244
-0.3288589,0.9553656,1.6902237,1.7455145,1.698286,1.1550629,0.80881786,-0.14942712,-1.2347758,-0.8131645
-0.22575238,1.0524045,1.7725313,2.2144165,1.8863358,1.0215425,0.25013414,-0.92024654,-1.7171807,-1.2297163
-0.13271037,-0.15224364,1.3859574,1.9155866,1.3897041,0.5544309,0.8515159,-0.45226812,-1.0363133,-1.3404868
0.01333301,0.15839021,0.92519087,1.6506445,1.5434314,0.67937773,0.32331637,-0.010666488,-0.4909694,-1.2219774
-0.0980069,0.23051336,1.3304971,1.8682438,1.6182635,1.0730791,0.4871267,-0.2566391,-0.8967921,-1.037565
0.11122962,0.2623375,1.6721443,1.8914089,1.861299,0.42808506,0.58422095,-0.112833366,-1.2195199,-1.3766696
-0.45479104,0.7012683,1.6300584,2.0509586,1.8465321,1.309528,0.7661422,0.04572829,-1.1602566,-1.4061018
-0.7215574,0.77587986,1.7807949,2.1471083,1.335997,0.7775548,0.46499562,-0.052884687,-1.0941204,-1.0479028
-0.29851067,0.2795294,1.9291087,2.0142188,2.2206256,1.1655672,0.30274275,-0.42785558,-1.5663992,-1.0314343
-0.29582274,0.36357254,1.2602825,1.8648517,1.897957,0.79577124,0.7259922,-0.6629685,-1.3056436,-0.5476294
-0.16451487,0.5218328,1.672564,1.4234042,1.3146888,0.6026388,0.30171758,-0.35489362,-1.0815445,-1.2210966
-0.86505944,0.9453503,1.5830915,1.4077452,1.6119025,0.74446315,0.063972905,0.059785813,-1.0250052,-0.7436053
-0.98379993,0.5253056,1.6306747,2.1627676,2.1329095,0.66674364,0.022097792,-0.036650628,-0.91258234,-2.005289
0.0074982215,0.42493996,1.5811944,1.9849328,1.8203261,0.96965146,0.60721934,0.016853295,-1.3233699,-1.438564
-0.44213977,0.09272642,1.0047767,2.2575684,1.6034999,0.48046994,0.6105097,-0.042186514,-1.1295305,-1.5201443
-0.080492616,0.3525822,1.6943163,1.7569153,1.4317261,0.78629184,0.39127892,-0.16352314,-1.0522851,-1.5802957
0.24328381,0.3804577,1.8912464,2.00099,1.7739552,1.1648322,0.54941064,-0.084544115,-0.6644484,-1.1423501
-0.42498657,0.9210492,2.0769737,2.8631313,2.258672,1.1961846,0.6768304,-0.3986738,-1.9873862,-1.6309419
-0.9552055,0.37766293,2.1454995,2.9728584,3.043686,1.2382576,0.7962518,-0.79857665,-2.2036333,-2.4114623
-0.25600362,0.36340672,1.6482399,2.4085743,2.0176349,0.792068,0.46127304,0.11196074,-1.3873698,-1.1266932
-0.14225522,0.674093,1.9664294,3.1397104,3.0046475,1.4080725,0.7953185,-0.1540696,-1.215726,-0.99030656
-0.11356694,0.302458,1.2702808,1.8343891,1.874337,0.92028475,0.26052845,0.067311145,-0.5022207,-1.1779815
-0.4012951,-0.3396365,1.5151029,1.9437187,1.494982,1.0344715,0.82010543,0.15070733,-0.84311444,-1.1375474
-0.4306887,0.33555275,1.4017124,1.7538773,1.6988629,0.610763,0.6787207,0.10522505,-0.90452087,-1.1904564
-0.81533235,0.588209,1.6508939,2.290567,2.5282516,0.86620283,0.58471566,-0.47018504,-1.0378251,-1.7910126
-0.26755783,0.6507435,2.282004,2.2181456,1.7912276,1.0594496,1.4131954,0.36006036,-1.1636276,-1.7114247
0.23864672,0.3944258,1.2409288,1.3639594,1.748361,0.74682283,0.41109493,0.60937345,-0.8386557,-1.1635755
-0.8877887,1.0637649,2.0338006,2.4968412,2.3465915,1.2285835,0.5023996,-0.18687767,-1.2406845,-1.9431905
0.027484631,0.32548487,1.515269,1.4982548,1.5247718,0.38960934,-0.046381354,-0.51135844,-0.6329973,-0.9611631
-0.3560779,0.56533605,1.3515627,1.4535671,1.5403419,0.59065366,0.23634103,-0.331577,-1.3124462,-0.92859757
-0.8948321,0.112434216,1.6990466,2.2830243,1.4482411,1.2212726,0.9126277,-0.5746891,-1.8906281,-1.2621281
-0.6236452,0.7064395,2.3900654,2.4700043,2.398129,0.75100875,0.40462208,-0.34105858,-1.1003722,-1.3992796
-0.8084588,1.12155,2.4413717,2.7867649,1.7963037,0.94760764,0.27635166,-0.16584615,-1.15937,-1.1166928
0.22492313,0.54176456,1.7106977,2.0550735,1.7405947,0.9725994,0.8239858,0.019848349,-1.0329907,-0.9061023
-0.87102133,0.92211455,1.54071,1.7914449,1.6410049,0.58540887,0.1572157,-0.38535365,-1.3474665,-1.4465446
-0.37213978,0.8694247,1.8868626,1.9904844,1.5376084,0.75444585,0.28463706,-0.31518945,-0.45606935,-0.48435593
-0.34193218,0.538696,2.0354016,2.67053,2.1807978,1.4361469,1.2650867,0.30805367,-0.7658814,-0.93552566
-0.52556187,0.33620396,1.4130708,1.3472013,1.0725592,0.5787608,0.7472111,-0.15670437,-0.8891854,-1.5630077
-0.20276302,0.76754,1.968787,2.2664902,1.6195022,0.84301955,0.61039454,-0.5779195,-1.283756,-1.0430924
-0.09844348,0.34920785,1.3079202,1.66699,1.4788991,0.95684826,0.47937632,-0.33552682,-0.93851644,-0.8298444
-0.5540699,0.9157218,1.7678452,2.1889884,1.8427246,0.5167367,-0.119152404,-0.5121965,-1.2742046,-1.2561074
-0.6581642,0.6042122,1.4684477,1.8749237,1.4717987,0.6391996,0.4793027,-0.31318903,-1.3607146,-1.4547135
0.2945566,0.22234622,1.5078934,2.0572934,1.7301929,0.53621113,0.5955563,0.12945095,-1.0665605,-1.386909
-0.47825536,0.21258838,1.2881234,1.7381778,1.7701081,0.049206134,0.5288766,0.2546273,-1.2005917,-1.3026592
-0.38762644,0.7256202,1.1885257,1.555095,1.4237318,0.28044787,-0.16464764,-0.41585577,-1.1711,-1.3084196
-0.4262097,0.1272438,0.9822987,0.99744785,1.3836604,0.51527524,0.5298466,-0.09196558,-0.44376507,-1.0131029
-1.0094377,0.507226,1.6269879,2.8883011,2.1648664,0.9218429,1.2591019,-0.034857333,-1.6823837,-1.3884628
-0.5618985,0.9565547,2.2734988,2.4988832,2.6222467,1.5145025,1.1090163,0.31219837,-0.6727753,-0.8220234
-0.2230272,0.6002871,1.3395888,1.9920076,1.7063173,1.1224512,0.76181114,-0.19082719,-1.2488374,-0.4007754
-0.099105,-0.015126253,1.3831779,2.0185597,2.128504,1.2003676,0.6410773,-0.25377077,-0.9610595,-1.8750305
-0.56182903,0.14573477,1.9692236,2.0688708,1.7096437,1.2186954,0.94644594,-0.29714546,-1.3857782,-1.3431334
-0.5546832,0.53385174,1.5734851,2.2893162,1.6135602,0.54116786,0.62899566,0.20256369,-0.9949732,-0.9383198
-0.28412676,0.6226892,1.4564763,2.145939,1.9398831,1.0701082,-0.049819086,-0.5237305,-1.0727599,-1.2313651
-0.092801146,0.7475869,1.6155201,1.5321512,1.5810608,0.8283371,0.8318982,0.22504635,-0.9429819,-0.99737966
-0.4665885,0.5133377,1.899449,2.4622588,2.1044567,0.710285,0.2990223,-0.670094,-1.1857818,-1.3722754
0.15709999,0.5253127,1.5654607,2.0191615,2.2823753,1.0510249,0.46311978,-0.65142673,-1.0264407,-1.298803
-0.45932487,0.57818806,1.7474253,2.0223734,1.5492883,0.56207776,0.23810244,-0.34795123,-0.9386479,-0.8982205
-0.9856473,1.2523566,3.1168442,3.0602472,3.180866,1.2333837,0.962989,0.063920625,-1.3201692,-1.6058539
-0.7879758,1.5461019,3.4226985,3.4640265,2.7961147,1.1871635,0.7188625,-0.23978879,-1.6131017,-1.7299445
-0.22651964,0.44359985,1.9924048,2.8308244,2.321221,1.8791338,1.0219964,-0.0880244,-1.6369863,-1.2260195
-0.24820721,0.59852445,2.1442919,1.6413527,1.624297,1.489179,0.8878793,-0.1528811,-1.1840761,-1.4838406
-0.56131613,0.7176266,1.6907045,1.7498436,1.5605327,0.37655744,0.22865358,-0.66291636,-0.6998489,-0.9998964
-1.1832353,1.0114307,2.341613,1.975232,1.5651573,0.44005534,0.03559617,-0.6398489,-1.2044296,-1.3204526
-0.5830087,0.4626487,1.9916064,2.5332851,2.204731,0.9519203,0.75800955,-0.31256646,-1.031609,-1.2508463
-0.48354968,0.72049487,1.2007151,1.657529,2.073623,0.47063804,0.089675605,-0.44629446,-1.0369184,-0.9717421
-0.019440975,0.5580575,1.4711021,1.0418972,1.4212279,0.3013923,0.24057138,-0.5298238,-0.6882804,-0.7279796
0.1413439,0.308551,1.71217,2.8364298,2.312792,0.99658084,0.6054687,0.20740256,-0.52455854,-1.2591642
-0.71903515,0.7183924,2.1874216,2.8842745,2.6327243,1.2664974,0.43196198,-0.65642834,-1.9371777,-1.9482816
-0.24233946,0.575766,1.9119949,2.4096992,2.2631273,0.64186996,0.5033697,-0.6401494,-1.0645194,-1.2723376
-0.38565576,0.6026552,1.0852418,1.4053109,1.4987508,0.47447473,0.31044018,-0.50832295,-0.63687485,-0.945549
0.108467214,0.8996421,1.9742799,2.2261977,1.7963562,1.2217616,0.31629315,0.14453915,-1.1185381,-0.6323196
-0.3658905,0.85814875,1.2784128,2.4988346,1.4112236,0.43228263,0.35111064,-0.18323088,-1.2166278,-1.7508146
-0.38208836,1.0457628,2.4192004,3.1635695,3.022788,1.3594152,0.7519818,-0.6257241,-1.725191,-1.1855438
-0.31835663,0.0469471,1.5805643,2.2629375,1.8120126,0.9932275,0.23917678,-0.36050463,-1.1971403,-1.3623754
-0.3229934,0.7375626,1.6426095,2.1325617,2.0140722,0.788208,0.8403824,-0.024250515,-1.3955654,-1.7199819
-0.57712424,0.16609457,2.0050101,2.199414,2.3257136,0.7525625,1.0183872,-0.083801046,-1.0107486,-1.4949255
-0.56716233,0.45381632,2.5353081,3.9550292,3.6911342,1.8207954,1.005216,-0.5119611,-1.3760316,-1.9980803
-0.16674432,1.306252,2.6769874,4.1267486,3.4832754,2.258066,1.2952805,-0.26450935,-1.4070355,-1.8781185
-0.31611365,0.75122964,1.4179268,1.8749838,2.029472,0.8495464,0.8200011,-0.3252017,-1.2865846,-0.93474364
-0.43323436,1.2912579,2.0365222,2.1033077,2.0283794,0.69568914,0.10860391,-0.3681361,-0.77760077,-1.2123748
-0.66882885,1.1449299,2.6741092,2.7094097,1.9263861,1.0527933,0.57688874,-0.775122,-1.574405,-1.643388
-0.20359531,0.6336334,1.7260542,1.692157,1.8584532,0.36541402,-0.2202865,-0.42079973,-1.3103222,-1.1633105
-0.5013865,0.5951698,1.2608998,2.646338,2.099425,0.7269908,0.57841396,-0.7676781,-1.3941983,-1.438889
-0.7430227,0.40127492,1.8252038,2.1505573,2.3028762,0.9978335,0.37484798,-0.744509,-1.2027205,-0.82423335
-0.24251863,0.45105574,1.6840352,1.8110409,1.6749883,0.73156184,0.45477998,-0.15632798,-0.69768673,-0.91579014
-0.23675883,0.70294493,1.4134812,1.4864407,1.6334984,0.6842772,-0.34312755,-0.7445603,-1.4309483,-1.5017201
-0.3631696,1.3979,2.494085,2.219834,2.1369135,1.1482426,0.052997194,-0.49272835,-0.8549367,-1.272833
-0.13139758,0.16877405,1.444641,1.7249317,1.6551445,0.6822812,0.56465125,-0.33905387,-0.39667404,-0.9124172
0.1493128,1.109593,2.3626003,2.1473475,1.5988376,0.24408425,0.7867894,0.6719088,-0.928688,-0.86951405
-0.3458722,0.25657457,1.4050777,1.6412103,1.4340589,0.5208922,0.6852398,0.0076399515,-0.7541915,-0.94792503
0.2778552,0.15443963,1.3569914,1.8887557,1.8251443,1.0215913,0.6204297,0.13758859,-0.87477416,-1.2244291
-0.618826,0.7918403,2.5210965,2.735712,2.0465386,1.0558155,0.6940688,-0.27634403,-1.2726989,-1.2342385
-0.61608505,0.79691726,2.5606093,2.918415,2.6673644,0.5491981,0.34227827,-1.271832,-1.8163025,-1.2593848
-1.0608201,0.71836805,2.4465568,3.1836174,2.5070305,0.86271316,0.21433537,-0.3903097,-1.8209804,-1.7127484
-0.7593407,0.9951972,2.29773,2.1862795,2.096832,0.7151328,0.027498446,-0.17191008,-1.2164713,-0.7844526
-0.6880107,0.7448264,1.7576064,1.5388035,1.7247074,0.9094091,0.17507794,-0.08746419,-0.74776614,-1.2038432
-0.60784376,0.54981226,1.6206212,2.0497317,1.6265581,0.7772401,0.06416849,-0.80263627,-1.6833413,-1.4464806
0.17680302,0.50686634,2.2511938,3.073046,2.0446124,1.1729183,0.38248816,0.16521932,-1.551079,-1.695811
-0.7620266,0.45261025,1.9647185,2.361054,2.1499465,0.66581166,0.003917828,-0.46932507,-1.1066214,-1.3128572
-0.34442687,0.749588,1.6219972,2.2510285,1.6436756,0.7424816,0.42303294,0.15210228,-0.947263,-0.97480255
-0.67356306,0.40380305,1.6239173,1.6046635,1.4539044,0.81355494,0.4017193,-0.28001234,-0.7130711,-1.1417358
-0.4246933,0.79337317,1.8642433,2.0312834,1.7825265,0.991328,0.3359218,0.08429352,-0.9552256,-1.1748703
-0.17054012,0.3661169,1.8575794,1.660566,1.7414521,0.9825485,0.69307405,0.40233445,-0.62899446,-0.76027215
-0.40700436,0.56142473,1.4781137,1.6847659,1.8676664,0.6204824,0.23575756,-0.56604975,-1.3436469,-0.9527136
-0.4500348,0.046488054,1.3393811,1.36124,1.5749141,0.67720014,0.7475131,0.045514904,-1.025231,-1.3667045
-0.23028934,0.702094,1.0044953,1.4593731,1.1475016,0.14472304,0.5022467,-0.29099786,-0.90767276,-0.96263975
-0.7136734,0.24810256,0.96184134,2.317833,1.5653625,0.40725043,0.36094713,0.015957644,-1.1133784,-1.2066747
-0.87675214,0.57303804,2.4266865,3.1620052,2.95727,1.2556797,1.009526,-0.16566652,-1.6249454,-1.4609305
-0.38484743,0.55329657,2.593743,3.5620272,3.3864105,1.6375204,1.6058902,-0.16449544,-1.9475185,-2.5382993
-0.29902872,0.6347857,1.6276214,1.8262615,1.1121358,0.4358654,0.45543236,0.15505563,-0.9324101,-1.1867582
-0.11462987,0.89882445,2.0094342,2.832086,2.8487535,1.267683,0.5381036,-0.55016935,-2.1378772,-1.6692052
-0.5072989,0.8782859,2.0511358,2.2848148,1.8737962,0.8513934,1.0761274,0.080454975,-1.0342156,-1.4424763
-0.015823264,0.5480434,1.7632443,1.6580824,1.7305143,0.91954,0.30635425,-0.32544577,-0.78111017,-0.8030938
-0.27882317,1.3604271,1.9874828,2.208283,1.7957675,1.3200531,0.45541322,-0.41013622,-1.4589581,-0.98750645
-1.1685712,1.440072,2.8807192,3.2841682,3.1679068,1.2216462,0.5609228,-0.78589284,-2.3635433,-1.9706624
-1.0727061,1.6122906,3.5435426,4.034524,3.249719,2.1614807,0.89319247,-0.8689731,-1.7708626,-1.343153
-0.8747995,0.34772268,2.727806,3.704703,2.9216132,2.0875816,0.8291304,-0.50460607,-1.8306748,-2.6235795
-0.6278233,0.94144756,1.8167032,1.6365492,1.8606122,0.64741087,0.07695447,-0.488255,-0.7156291,-1.1580927
-0.3055991,0.8093072,2.2399814,2.6453323,2.1522214,0.66691846,1.0545555,-0.55387294,-1.5781802,-1.3840908
-0.103755966,0.50140274,1.7084835,1.8837469,1.8488188,0.55835944,0.22039351,-0.5383623,-1.0518527,-0.7257944
-0.20218042,0.51721865,1.4637375,1.8853402,1.950117,0.77249706,0.83834434,-0.149364,-0.87957704,-1.0893922
-0.23037386,0.32695583,1.2492479,1.7454821,1.4464042,0.54916,0.19496658,-0.15953098,-1.1592993,-0.95037335
0.23996353,0.2267289,1.4907335,1.866411,2.2375202,0.5676347,0.33435366,-0.4960087,-0.9825324,-1.1843618
-0.321647,0.24376266,1.4275047,2.2804403,1.4926947,0.53522336,0.2509796,-0.51319736,-0.652581,-1.289431
-0.26408973,0.83009464,1.5809352,2.7807114,1.9468116,1.318363,0.87477154,-0.60272354,-1.3759131,-1.5913322
0.21316281,0.6808021,1.4387207,2.2374089,1.8813448,0.5452975,0.5366606,-0.29196373,-0.85942894,-1.1994884
-0.6596076,-0.0045393063,1.5990615,2.2325592,2.066221,0.96933854,0.35915157,-0.9288836,-1.7583275,-0.9281582
0.15524456,0.28525552,1.5520666,1.7060045,1.65881,0.64220315,0.72756,0.13360788,-1.0953523,-1.1095434
0.038012147,0.36524522,1.8902485,3.0085711,2.0777433,1.0382699,0.9973359,-0.32772103,-1.205311,-1.2481165
-0.24185362,0.4760652,1.6512032,1.7671807,1.6460465,0.52580124,0.58472943,-0.081170864,-1.1898358,-0.5115657
0.2442297,0.5662364,1.20724,1.8638105,1.621592,0.78515744,0.24951714,0.04596052,-0.58110046,-1.0795872
-0.1749712,0.7969787,1.1742938,1.8646603,1.7867754,0.23632447,0.14805633,-0.13841553,-0.76219606,-1.0430053
-0.43917924,0.2670752,1.5344251,1.757091,1.681191,0.9040061,0.47394186,-0.4643097,-0.8185449,-1.4862524
-0.55465317,0.44415677,1.9627072,2.2020276,1.7217268,0.96612763,0.74044317,-0.27975768,-1.1191304,-1.7001185
-0.24177068,0.53232545,1.7766885,1.5870308,1.806813,0.50508815,0.67750084,0.24473843,-0.93045485,-1.4581201
-0.077651046,0.16328736,1.8552814,1.9784602,1.3800412,0.8785006,0.42962736,-0.2273243,-0.81279933,-1.1401231
0.014109934,0.49831262,1.0977602,1.3858773,1.3542655,0.42024907,0.102601275,-0.11369111,-0.72039086,-0.93876
-0.07202419,0.40688857,1.442319,1.7082825,1.4786129,0.45258898,0.5765101,0.3156173,-1.0873024,-0.82614756
0.30888352,1.0242983,1.3879317,1.5854324,1.8339107,0.53828454,0.23098615,0.023986138,-1.0757567,-1.2644175
-0.516689,0.14055815,1.469324,2.095043,1.3721206,0.5622463,0.11799036,-0.21432568,-1.7614354,-1.3092268
-0.4326281,0.50474316,1.5901558,1.4895349,1.3984003,0.73968035,0.5204422,0.25810513,-0.66401726,-1.6108464
-0.14334023,0.629214,1.7665098,1.9589598,1.7995956,0.91862476,0.59263206,0.2840026,-0.9803543,-1.2437822
-0.15860006,0.5969379,1.8993642,1.999772,1.5080462,1.2407297,0.6504416,-0.14086354,-1.0217791,-1.1134205
0.07644255,0.37624612,2.2160199,2.8435106,3.133487,1.4145952,1.4217496,-0.10424688,-1.0786285,-1.1166291
-0.16053876,0.94248295,1.9453322,2.1398253,1.9044702,0.8284987,-0.075828835,-0.6195438,-1.432656,-1.648029
-1.456812,1.3854012,2.9572475,3.2879279,2.7158036,1.4439718,0.6731119,-0.8319965,-2.0742743,-1.4747223
0.20161936,0.5221105,2.2069774,3.1390245,2.3012755,0.93352646,0.6141839,0.017344406,-0.9337199,-1.2682123
-0.9085009,0.65735096,2.299439,2.6111538,2.3437078,1.3947872,0.7342233,-0.062272683,-0.97832775,-1.3398561
0.19575667,0.5971247,1.981462,1.8941528,1.9546717,0.72077155,0.5342883,0.078859724,-0.9635512,-1.366437
-1.136861,0.850377,1.5034957,2.303296,1.6625904,0.37748358,0.35974792,-0.49983692,-1.030292,-1.4740269
-0.27337173,1.2196044,1.7730591,2.1764166,1.9384046,1.0471555,0.8240629,-0.17911398,-1.2649406,-1.0605477
-0.82487327,0.61197394,1.8623115,2.1175969,1.840976,0.9828198,0.83290184,-0.0037637078,-1.5360153,-1.7116468
-0.6124777,0.4429097,1.4600652,1.9765574,1.5627552,0.6860427,0.5745834,-0.27722728,-1.1326491,-0.85421395
-0.23175478,0.5942459,1.4159751,1.9464749,2.1872516,1.152832,0.87105316,-0.07525269,-0.78036606,-1.3237897
-0.21717837,0.59115607,2.0534248,2.1435273,1.6408178,0.6979632,0.15168738,-0.608018,-1.120918,-0.86755604
-0.8089896,0.42349324,1.239938,1.8322251,1.5749178,0.7511183,0.20803678,-0.32804897,-1.2971147,-1.415415
-0.83844495,0.6135753,1.7014021,1.8554822,1.686849,0.32565105,0.28113535,-0.57669204,-1.2598498,-1.6236905
0.53597516,0.40574545,1.1998732,1.4509146,1.2082111,0.8305188,0.3851616,-0.43296757,-1.0025371,-0.82566935
-0.6548754,0.237276,1.8086855,1.9584332,2.2108624,0.9592812,0.5421702,-0.34380037,-1.3348606,-1.5314666
-0.576359,0.45859915,1.6737498,1.8918506,1.7009168,0.94476825,0.36399055,0.2796309,-1.0314478,-1.2387726
0.09227386,0.70719075,1.1908311,1.4248981,1.3942415,0.34937453,0.028691731,-0.37279618,-0.6746888,-0.8451685
0.22543481,0.99918354,1.8914428,2.2801006,1.9424648,0.74292296,0.6448966,-0.2710425,-0.96853137,-1.0330507
0.06699716,0.6904051,1.3052781,1.6146572,1.4000216,0.6313964,0.73902416,-0.015935954,-0.48596284,-0.5833563
-0.33525428,0.46588847,1.3005463,1.7144021,1.8963506,0.8770897,0.24611175,-0.09437188,-0.794867,-1.1370499
-0.39269564,0.29585147,2.215397,2.1265976,2.0352507,1.1104703,0.7913558,-0.18191612,-1.3933166,-1.4079461
-0.087819375,0.8242293,3.2870932,2.965667,2.423085,1.098109,0.44783148,-0.5438148,-1.6191574,-1.4278387
0.08123635,0.45266786,1.6345165,1.9604471,1.8022062,0.8211005,0.6964177,-0.1988189,-0.91878134,-1.0734575
-0.86444896,0.44639084,1.9526235,2.029307,2.3074071,1.0739386,0.4507801,-0.5668486,-0.96244305,-1.6572489
-0.25667125,0.4875623,1.474114,2.441855,2.2748668,1.0172275,0.861206,-0.09748564,-1.3057417,-1.4892371
-0.574118,0.82541996,2.2481606,2.5365925,1.8406913,0.8369693,0.62135625,-0.58577776,-1.8176166,-1.9180201
0.018546354,0.44246677,1.7135592,2.120704,1.6646496,0.80395615,0.7847399,-0.019252436,-0.69113594,-1.1061673
0.18142557,1.3111193,2.5159986,2.5967479,2.546581,1.7674612,1.0669621,0.018391443,-1.1271124,-1.4811504
-1.0188787,0.65287924,3.3174012,3.3261392,2.2339685,1.4846811,0.900161,-0.44111696,-1.4829519,-1.7463797
-0.5624618,0.55198073,1.8951126,2.6757083,2.5213819,1.2946662,0.5350077,-0.55360496,-0.9055302,-1.3534148
-0.24412495,0.81237835,1.4796648,1.5935531,1.743513,0.31265026,-0.1680073,-0.28490487,-0.947464,-1.085776
-0.44233066,0.39063004,1.4535894,2.2854943,1.8461109,0.69663745,0.60248935,-0.1385238,-1.1387838,-1.1657321
-0.7862254,0.59845996,1.6824898,2.5733967,2.7832637,1.6040335,0.8461227,-0.29478472,-1.2235379,-1.6130148
-0.022165515,0.5180081,2.1965528,3.0238273,2.5954566,1.5863177,1.0727568,0.064912856,-0.9788537,-0.90285236
-0.68991655,0.836171,1.8112967,1.623171,1.3356822,0.390969,0.4572657,-0.1734935,-0.8020767,-1.0656462
0.0036079166,0.6035308,1.5541532,1.7629263,1.7224675,0.7210709,0.20919557,-0.3729814,-0.958668,-1.5594872
-0.85128754,0.8482535,2.2713504,2.6222374,2.0730598,0.45493388,0.48537183,-0.8339143,-1.4533284,-1.0812315
-0.6803452,0.6214039,1.5783639,1.8058865,1.5971667,0.5115223,0.33381227,0.0062254476,-1.0211349,-1.4944009
-0.8688859,0.9324586,2.5280907,3.0809798,2.6383514,1.2535238,0.7811985,-0.19989109,-1.240723,-1.6981456
-0.8646818,0.43638304,1.6043522,2.03131,1.7751083,1.2531942,0.68657386,-0.26063785,-0.7417403,-1.384217
-0.24912995,0.55372083,1.6191031,1.9377754,1.8867865,0.66602457,0.56763816,-0.24663427,-1.0007918,-1.3719125
-0.436797,0.41840526,1.5046622,1.5596007,1.7679003,0.5752933,0.15772161,-0.57042235,-1.1280502,-1.5494934
-0.32736295,0.6629959,1.6978327,1.9549055,2.0118582,0.93748903,0.83123225,-0.12874328,-1.4181811,-1.4516263
-0.6253744,0.25610036,1.737317,1.9057963,1.4453639,0.5693857,0.563283,-0.4203869,-1.1651915,-1.316108
0.05917896,0.48085296,2.1072862,2.424777,2.7563195,0.99129426,0.9455377,0.051052257,-0.960947,-1.3801187
-1.1080501,0.5472605,1.5910752,2.5684314,2.4226284,1.5082481,0.9625042,-0.28862026,-1.4078187,-1.8474271
-0.36956233,0.8807803,2.400888,3.1363864,2.7096632,1.3780891,1.1029667,-0.27903256,-2.226633,-1.3170446
-0.382011,0.18200128,1.1636596,1.0000643,1.2836558,0.4808992,0.47326547,-0.03661194,-0.63018095,-1.092732
-0.36543462,0.5470704,1.96613,1.7337731,1.4388677,0.120266795,-0.010080636,-0.5822192,-1.1127095,-1.1635982
-0.41937384,0.59722674,1.3491008,1.6782941,1.5618049,0.854647,0.59969103,-0.3451285,-0.6927072,-0.7663469
-0.19796029,0.66166925,2.0570607,1.8454301,1.7897514,0.6695183,0.39874637,-0.7072405,-1.8013989,-1.0036013
-0.72553635,1.1709976,2.1491718,2.9094803,2.4873989,1.8974509,0.8759392,-0.83356726,-1.9988723,-2.2647948
0.09140783,0.6968949,3.0088785,3.0793517,2.8653278,1.6038008,0.54591733,-1.1065559,-1.8951403,-2.4446485
-0.42525125,0.91494346,2.9249036,3.0967026,3.2715983,1.3493131,0.5037515,0.040382553,-1.4751679,-1.5792605
-0.27807388,0.9737554,1.9774985,1.6464527,0.97185814,0.9275494,0.36292192,-0.50862455,-1.1855191,-1.2061635
-0.1173291,0.21355341,1.3360329,1.984152,1.6982336,0.61368114,0.5257256,0.052366704,-0.96398497,-0.94200736
-0.10729513,0.24731831,1.7130617,1.8829315,1.9118947,0.62199134,0.57153237,-0.23905921,-0.726022,-0.96010333
0.19579828,0.33986744,1.449509,1.8696994,1.5676762,0.78522724,0.8088073,-0.2582695,-1.1956652,-0.9603328
-0.8667531,0.61302495,1.4534494,2.2852304,1.8951142,0.71318835,0.23133525,-0.53212,-1.2415501,-1.3802104
-1.2074606,0.5188674,3.207217,3.8246412,3.1112902,1.2876345,0.8275265,-1.2380661,-1.9194025,-1.5980744
-0.40126237,0.60597396,1.6212533,2.1326306,2.1326525,0.77136284,0.39829955,-0.75628114,-1.2789466,-1.3211474
-0.3787845,0.7708948,2.178999,2.8974822,2.7225888,1.170346,0.57508653,-0.27250016,-1.495496,-1.8035444
-0.5270497,0.80415106,1.3027033,1.2095108,1.2088047,0.40342367,0.34417874,0.063179106,-0.86939687,-0.93883413
-0.2166664,0.4966803,1.5660074,1.6514698,1.8578391,0.9610927,0.91424423,-0.35788903,-0.95197934,-1.1765587
0.0072986484,0.83990663,1.4099395,1.2129034,1.3154444,0.7054585,-0.1002698,-0.4727582,-0.83491766,-1.0457753
-0.5877079,0.40186778,1.3462125,2.736731,2.3476982,1.1882762,1.079438,-0.0040442343,-1.3467133,-1.4159034
0.23284772,0.5190587,1.7507818,2.0684795,2.0333905,0.7795355,0.3712053,-0.19574259,-1.4574559,-1.0615205
-0.2580821,0.47613442,1.466736,1.7516155,1.5076717,0.86416644,0.80943716,-0.36282116,-1.3303294,-1.1753514
-0.65420735,0.584318,1.5376683,1.5024508,1.6989473,0.7725962,0.5822067,-0.07197383,-1.3251712,-1.6222326
-0.112768404,0.5251843,1.7442647,1.7089652,1.5261023,0.84956074,0.44904068,-0.42522356,-0.7273202,-1.1989473
-0.1988562,0.079084136,1.1049296,1.2894181,1.8117841,0.8031864,0.9017919,0.66842043,-0.7371112,-1.2175678
-0.25149974,0.33276623,1.817094,2.4623415,2.4494812,1.0181009,0.5001902,-0.59491724,-1.0770304,-1.2768184
0.12715292,0.28179154,1.7412175,1.7741178,1.5749285,1.0161479,0.5959248,0.2791411,-0.5154599,-1.2268702
-0.024017703,0.98073596,1.9234912,2.220965,1.6999537,0.78402835,0.45761725,-0.06313375,-1.5294625,-1.0015924
-0.49359396,0.5471167,2.58789,2.8113632,2.4296155,1.0856011,0.42119622,-0.8252828,-1.8536048,-1.7577357
-0.32446456,0.16244836,1.4133947,2.3793092,1.8199196,1.110683,0.6156727,-0.12038961,-0.4908441,-1.0696772
-0.18927267,0.16476901,1.5112295,1.679125,2.0548544,1.1962185,0.054179758,-0.57024074,-0.67291033,-0.83042735
-0.56701815,0.61309624,1.4164158,2.50136,2.340551,1.3174027,0.38832954,-0.14096561,-0.9902601,-1.2197082
-0.44774055,0.4989082,1.6717705,2.4961686,1.8367612,0.6498791,0.3271151,-0.03162165,-1.5370259,-1.2771695
-0.51992065,1.1061893,2.744997,2.6958659,2.5291479,1.6815374,0.7060271,-0.421761,-1.7602603,-2.2261999
-0.36572155,1.0472571,2.2993844,2.7001448,2.529875,1.5056939,0.7828329,-0.23420995,-1.0110704,-1.2788543
-0.6304684,1.247732,2.012413,2.4091775,1.9751278,0.66176504,0.2628853,-0.11463514,-1.3983883,-1.1970512
-0.44478726,0.58480704,2.039591,2.4376712,1.7336699,0.43686676,0.49970108,0.04418697,-1.2252821,-1.1441287
-0.84397125,0.5923959,1.893441,1.8272641,1.9286021,0.63941765,0.28795072,-0.22862191,-0.44960436,-1.1723026
-0.5528437,0.5802407,1.6287414,2.0087366,1.8342547,0.7338936,0.6679628,-0.42411137,-1.3746496,-1.0275435
0.18325433,1.5885489,2.862193,2.8751104,2.730672,1.7271293,1.0465406,-0.26258513,-1.1242125,-1.7423903
-0.5328784,0.3965178,1.9447893,2.7567897,2.3672326,1.225636,0.52040505,-0.037592657,-1.7004457,-1.787535
0.27724463,0.6054175,2.2070532,3.4029624,3.265585,1.8435422,0.19704637,-0.049207233,-1.6102649,-1.3165963
-0.081292816,0.86627114,1.8822364,2.2945466,1.9152128,0.68643755,0.464138,-0.10586324,-0.7527191,-1.1059653
-0.39024904,0.6561639,1.6137936,1.8744296,1.2779069,0.51103467,0.26020202,-0.3939189,-0.9701379,-0.8051845
-0.56779325,0.60325533,1.446678,1.8693466,1.6346296,0.67514557,0.35159367,-0.7040201,-1.3697381,-1.3830702
-0.7759204,0.6865765,1.6727943,1.8814085,1.7351537,0.8427664,0.42647815,-0.115443945,-1.0076944,-1.0850275
-0.6855889,0.5247326,1.4166458,2.155333,1.8017143,0.6273869,0.30602086,-0.8058918,-1.1065397,-1.4641085
-0.36605772,0.5170097,1.6703799,2.3423307,1.8604324,0.9952518,0.42930254,-0.11169576,-0.91838557,-1.5370591
-0.24407372,0.30371144,1.4140453,1.5250686,1.8411436,0.7587994,0.45985577,0.42873707,-0.6880361,-0.5724069
0.04589787,1.7694213,2.0637047,2.881557,2.287774,1.059999,0.42045805,-0.038378425,-1.3219098,-1.6822261
-0.22413036,0.35250375,2.0977542,2.2666953,1.8985437,0.44242167,0.12823683,-0.3874468,-1.1369315,-1.1572785
0.014171814,0.5722699,1.7372363,1.8600518,1.4753667,1.2140749,0.9824393,-0.111842185,-1.0508498,-1.147595
-0.28239125,0.20368116,1.8007503,1.865632,1.9077657,0.8116789,0.8203082,-0.6402023,-1.072425,-0.9631473
-0.3695843,1.0031333,2.05354,1.5558106,1.8146464,1.1940719,0.7850602,0.27274635,-1.2327008,-1.2380277
-0.12693325,0.5452714,1.299885,1.6204429,1.2103351,0.47415364,0.6595545,0.16811322,-0.65122503,-1.2565888
0.4403334,0.33274722,1.5730784,1.9068447,1.9748639,0.94331133,0.6118274,0.30370536,-0.7125988,-0.97622555
-0.3360218,0.26242793,1.6172327,1.2412494,0.9833642,0.52571905,0.4605265,-0.13122195,-0.49841473,-0.48175055
-0.108172946,0.2738826,1.4446199,1.6712828,1.6893574,1.2748299,0.87559754,0.11478832,-0.20387816,-1.461551
-0.5302668,1.1942194,1.8794836,1.9572997,1.5151832,0.59155875,0.22399732,-0.32801977,-1.2784992,-1.2844316
-0.123525985,1.0846844,2.3698428,2.7259214,2.6969159,0.8887122,0.2276234,-0.55137503,-1.2941496,-0.9481302
-0.3723446,0.93344146,2.1535318,2.1789634,1.6585358,1.1159946,0.4829759,-0.38233194,-0.8077562,-0.95722336
-0.5672144,0.10181808,0.93213516,1.6130216,1.5103574,0.9218867,0.67639476,-0.2929158,-0.6282187,-1.1477214
0.098043315,0.625098,1.6006833,2.1129544,1.9362609,0.50153095,-0.3365227,-0.14476137,-0.8113667,-1.6499995
-0.94050103,0.64572465,1.4682904,2.1992457,1.7611468,0.5249706,0.6957112,-0.10385454,-0.7944092,-0.9331762
0.017522356,0.3607239,2.037585,2.4479296,2.073723,0.98914874,0.4663478,-0.17467466,-1.1727271,-2.0485969
-0.68176556,0.8035002,1.7663352,2.271127,1.6059057,0.6911667,0.21085739,-0.6228421,-1.0365123,-0.8155469
0.32769057,0.8534878,1.5113177,2.4366138,1.9024357,1.0496111,0.74959934,-0.4492989,-1.5539677,-1.6433609
-0.36010993,0.46134707,1.2550057,1.1389371,1.3892614,0.6710964,0.24491844,-0.51192045,-0.8442218,-0.87344444
-0.56395775,1.0054396,1.7021273,1.4802864,1.869189,0.25426415,0.030804366,-0.62422377,-0.9849019,-0.93926924
-0.6065735,0.65515685,1.4981256,2.0672054,1.7245564,0.7346789,0.4761843,-0.387273,-1.1814823,-1.4149798
-0.3781427,0.4775382,2.1571069,1.5594928,2.1802955,0.8372846,0.6293651,0.5037225,-0.8663709,-1.1299978
-0.5164955,0.48613632,1.6067938,1.7861546,1.6634438,0.4545439,0.4480791,-0.12742475,-0.87373185,-0.92320716
-0.39693835,0.25884134,1.8835523,2.4788034,2.3336146,0.67517745,0.5200128,0.028184626,-0.76656246,-1.8867506
-0.37812093,0.6481988,1.2580113,1.4843946,1.7425944,0.61216825,0.21970809,-0.38205397,-0.9243669,-0.67101157
-0.43656883,0.13738519,1.4421237,2.3522472,2.2896087,0.53763044,0.47933978,0.16385135,-0.8611106,-1.2032706
-0.5067557,0.9216771,2.5126965,2.6739671,2.4361682,1.4929765,1.1785017,-0.49082732,-1.2502403,-1.6706132
0.30486858,0.9287599,2.2884977,2.8501332,2.5462947,1.2004598,0.33612987,-0.32795832,-1.3956133,-1.4373325
-0.02887423,0.89239293,2.0718896,2.5566967,2.208865,0.94101954,0.86795837,-0.27712947,-1.094985,-1.3868835
-0.5289372,0.29232886,1.4403391,1.9102522,1.8408606,0.64452267,0.483168,0.08110527,-0.8037391,-1.6102676
-0.014796503,0.31020603,1.3574681,1.8320894,2.1478758,0.76047057,0.5070169,-0.16546896,-0.80907196,-1.4094018
-0.25165504,0.36657885,1.3520184,1.9285996,1.8154408,0.67674214,0.31643978,-0.62552655,-1.310421,-1.3658856
-0.1558083,0.46723178,1.7670674,1.7414061,1.5410804,1.0995896,0.52392936,0.1573282,-0.7532931,-1.1684885
0.72807425,0.6608317,1.6989192,2.0111551,1.9764615,1.272601,0.67203116,-0.47330162,-0.92242265,-1.1427902
-0.46074715,0.5654336,1.8828019,1.9313713,1.8455226,0.97160697,0.5388421,-0.6374208,-1.2216111,-0.9812772
-0.41386497,0.19448699,1.5807769,1.7586198,2.1095488,0.57958496,0.27631193,-0.19108096,-0.935355,-1.2618569
0.47946382,0.4821898,1.5401543,2.3415003,2.1318586,1.1096034,0.9028366,-0.08890918,-0.8597962,-1.0723851
-0.3208927,0.50030327,1.5558655,1.5965832,1.5472647,0.8671549,0.24648723,-0.462686,-1.2089949,-1.2176148
-0.33257058,0.41257763,1.6368889,2.147525,1.8626682,0.95658815,0.48805994,-0.56715435,-1.0248208,-1.0048374
0.06798373,0.36980972,0.97454166,1.3812865,1.3436064,0.52415425,0.5610109,0.08066354,-0.6273437,-0.508363
-0.6651256,0.7619946,1.6044499,1.5500462,1.5445548,0.06155367,0.48255223,-0.09693018,-0.91288733,-1.1960237
-0.29191324,0.04855846,1.2538589,2.0356421,1.5605811,0.51718324,0.6169292,-0.13941248,-0.95748043,-0.66092265
-0.21850684,0.44263127,1.3723975,1.6238766,1.8829101,0.651265,0.61589,-0.3371811,-0.99939704,-1.1990854
-0.45875895,0.63904035,1.3779345,1.9935695,2.1043684,1.0944018,1.2751963,0.1188658,-1.265818,-0.90002805
-0.101633154,0.25338152,1.4157307,1.5865654,1.1077751,0.34182,0.59627116,0.13654351,-1.211636,-1.0297141
-0.19942519,0.97711235,2.1929793,1.8861358,1.5920187,0.5390974,0.05219557,-0.5916957,-0.7809757,-1.2883022
-0.45363885,1.0821592,2.3576455,2.0569894,1.784918,0.9493071,0.40674892,-0.32945386,-1.0448405,-0.99700034
-0.10584764,0.7266678,1.9296281,2.5703802,1.8865511,1.2355171,0.6345284,-0.37366685,-1.2455221,-0.86745405
-0.14018819,0.3363185,1.4611301,1.5530792,1.4369875,0.5512332,0.49141532,0.33063298,-0.75797033,-1.1419765
-0.61409426,0.39446765,1.8081394,1.8203382,1.8020892,0.830373,0.54978967,-0.26779792,-0.9267488,-1.0595628
-0.46246597,0.53735226,1.638167,2.3100088,1.5621696,1.0882413,0.7723102,-0.20265137,-1.3340526,-1.3184243
-0.20291403,0.61163175,1.4038975,2.589137,2.3101563,1.2312539,0.38590902,-0.31062433,-1.4188428,-1.490296
-0.8083377,0.48921832,1.5221678,1.9832217,1.750288,0.89378214,0.6653246,-0.0051132436,-0.29001048,-0.9059036
0.75212854,0.9567095,2.245711,2.5111282,2.4879029,1.4252087,0.794271,-0.2504211,-0.8545284,-1.2764424
-0.036781583,0.29416817,1.2567031,1.7447889,1.3434048,0.25214115,0.42892966,-0.20692885,-0.8437738,-0.9965918
-0.7738641,0.12848231,1.2271553,1.6427937,1.5401953,0.25729066,0.38692516,-0.36376536,-0.9472036,-1.1811662
-0.62465715,0.62131965,1.3870808,1.9789401,1.6833993,0.38094607,0.1619271,0.001121853,-0.6172626,-1.0585885
-0.16988125,0.84872985,1.9400213,1.9434532,1.7292033,0.7916013,0.2842997,-0.62341976,-1.4949878,-1.0012829
-0.39265108,0.35046357,1.5662992,2.111695,1.8870509,0.47496563,0.33776444,-0.079422385,-0.4456327,-0.8307361
-1.2783133,1.2476226,2.240801,2.387662,2.0015576,1.0070772,0.8798881,-0.7523936,-1.556299,-1.4637787
-0.76439923,0.5070111,1.697115,2.0326285,1.7417371,0.42700797,0.6960149,0.11881498,-1.0797608,-1.3371046
-0.64750826,0.13738875,1.7386607,2.8965056,2.4128125,1.2818601,0.55165845,-0.73651034,-1.5772067,-1.4422374
-0.60117054,0.5291243,1.7792087,3.0806723,3.4363537,1.7320049,1.1805978,0.23579524,-0.9536712,-1.82733
-0.84285796,0.40568218,1.6091368,1.8557472,1.7194176,0.64270324,0.4908111,-0.63063437,-1.086462,-1.4751369
-1.2100153,0.90462494,1.803758,2.2037606,2.1060565,0.7659402,0.3402503,-0.16714512,-0.8384509,-1.1962997
-0.9218783,0.8216118,1.526275,2.505316,2.294571,0.7997616,0.65788156,-0.2369001,-1.4688128,-1.8011608
-0.37250757,1.1620741,1.92055,1.6297098,1.296373,0.97072864,0.73641807,-0.0061972854,-0.91859114,-0.53293717
-0.4484049,0.39108458,1.882985,2.400815,2.0938206,0.8406262,0.33698398,-0.26191792,-1.1704443,-1.3819307
-0.24916428,0.9551797,2.2507713,2.0446837,1.5981508,0.97764206,0.6816228,-0.48696166,-1.5430025,-1.0136383
-0.36544815,0.96607894,2.7420363,3.0040221,2.8665545,1.7121267,0.7813663,-0.7329208,-1.3723719,-1.1665341
0.021942915,0.54135984,1.596044,2.2419686,2.1293008,1.2122885,0.5387183,-0.29748306,-0.9028531,-1.1569769
0.033620857,1.2467328,1.9796126,1.3699135,1.6882389,0.61798793,0.57421976,-0.17104787,-0.72517127,-0.69722325
0.41846627,0.47420216,2.316099,2.0630054,1.8942026,1.2822316,1.1640034,0.20305222,-0.98327065,-1.2150319
-0.6463562,0.9888818,2.4919558,3.182451,2.9630604,1.4500853,0.7513689,-0.73377615,-2.1836512,-2.2409792
-0.7724525,0.58262056,1.8954896,2.0649126,2.1674101,0.9590951,0.5980576,-0.3116302,-1.1638757,-1.9858664
-0.60929966,0.8738992,1.5250944,1.8879408,2.0097682,0.5003304,0.5180256,0.07495996,-0.9024445,-1.132988
-0.7203826,0.42183092,1.2286551,1.9118525,2.2283528,0.43299362,0.045121647,-0.33348092,-1.4507017,-1.1898252
-0.4597629,0.63685083,2.1464055,1.9364349,2.063262,1.3693357,0.32419553,-0.322457,-1.322041,-1.4963062
-0.59447277,1.1590931,2.3420985,3.026461,2.8756564,1.4398931,0.7168242,-1.1037568,-1.8637711,-1.8170689
-0.7901015,1.0685434,1.8667876,2.11184,1.8914583,0.5906675,0.36028564,-0.33673754,-1.2504991,-1.3894787
-0.8000546,0.7733209,1.4018456,2.0410326,1.8069428,0.8241553,0.8150517,0.26113358,-1.2607139,-1.5690421
-0.5688514,0.60194236,1.6917475,2.167795,1.8602419,0.8449571,0.7143144,-0.05120913,-0.7474877,-0.9735662
0.09290178,0.97072303,1.4458503,2.1625054,2.0824146,0.87997067,0.6060702,-0.3682038,-1.1361688,-1.5885278
-0.6703768,0.68006366,1.9242765,2.5237188,2.3013482,1.3646203,0.42344505,-0.23456456,-1.359716,-1.6986512
0.21809727,0.44908163,1.5035688,1.7160608,1.5607513,0.4119807,0.6207342,-0.2968641,-0.8619454,-1.1576618
-1.081601,0.94832146,2.6463087,2.574897,2.3316264,1.2048417,0.8978405,-0.22398311,-1.3126312,-1.7589924
0.08171394,1.6305072,2.1570508,2.6250882,2.5326319,0.65752476,0.6070397,0.23949137,-1.2802525,-1.7302258
-0.5605853,0.9594858,1.5697144,2.3402781,2.1401813,0.65157753,0.6311535,-0.24176808,-0.937852,-0.97862846
-0.5375171,0.3616041,1.534752,1.460285,1.55463,0.6556157,-0.01385857,0.12876801,-0.84466714,-1.4928461
-0.3302567,0.5567674,1.4352589,1.4908749,1.3106946,0.34854683,0.86942023,0.15648621,-0.7834047,-1.0939331
-0.4532085,0.7298835,1.0768634,1.3820007,1.399793,1.0811177,0.5257573,-0.17741154,-0.9900632,-0.55273026
-0.41641393,0.34243035,1.2646116,1.4033954,1.0439788,0.31353545,0.24773681,-0.83072877,-0.9338004,-0.89644504
-0.16193566,0.27138683,1.2537199,1.732391,1.6925099,0.8574561,0.28777766,-0.012345275,-1.2527264,-0.7236073
-0.68183184,0.4526338,1.8770963,1.5720176,1.3210274,0.3271649,-0.018275501,0.055566393,-1.2392286,-1.360601
-1.2982097,0.7264451,2.4402168,2.91302,2.622439,1.1938571,0.61702406,-0.9053241,-1.4335628,-1.7890571
-0.6681789,0.6341108,2.3972375,3.5516064,3.0811837,1.8553644,1.0475161,-0.07979127,-1.7189908,-1.5406554
0.4715299,0.95873004,2.8891413,3.2766414,2.535646,1.8133615,0.77974427,-0.5802591,-1.2231402,-1.361156
0.10274279,1.4261547,3.9246705,4.2108274,3.186023,1.8654324,0.23298079,-0.7751105,-1.3473634,-1.0314482
-0.02005329,1.3209285,2.9083185,3.6475973,3.1775305,1.7932094,1.3092529,0.21777992,-1.4343109,-1.70648
-0.31819046,0.22479829,1.1706837,1.0766068,1.7274424,0.33372468,0.5750512,-0.02814796,-0.6130655,-0.9709621
-0.0626268,0.29079783,1.8165348,2.3795733,1.8775908,0.71985143,0.4056235,-0.15611833,-0.9236343,-1.4855455
-0.08316161,0.37327796,1.4668248,1.4670175,1.4377517,0.35975248,0.8875148,0.2204264,-0.86365217,-1.3202649
0.16414812,0.43337774,1.2261363,1.3054042,1.4088793,0.6887383,0.45015445,-0.0030728779,-0.5760418,-0.81686103
-0.48006946,0.6196355,1.2776501,1.7539233,1.4002765,0.66048664,0.12172121,-0.21528584,-0.6720382,-0.8670152
-0.26182708,0.68469054,2.0697143,1.3023248,1.1843294,0.30534902,0.56932205,-0.043735858,-1.1236479,-1.6118532
-0.2250404,0.18003441,0.985847,1.5283558,1.3368781,0.33626077,0.49828553,-0.17401093,-0.6479909,-0.83986765
-0.14956129,0.5157755,1.242454,1.6867781,1.3198196,0.6376351,0.38708377,-0.1122641,-0.82827985,-1.279597
-0.028959144,0.32061923,0.80403095,1.8538605,1.3532903,0.29422346,1.00025,-0.38596234,-0.8918627,-0.96408695
-0.43662685,0.29017428,1.6648884,1.9371688,1.5124569,0.92708546,0.68118125,-0.17689854,-1.09853,-1.3870121
-0.2097831,0.51591915,1.1831843,2.0258098,1.9220214,0.92240316,0.7900164,0.05484387,-0.8199697,-1.3494861
-0.5020044,0.329747,0.9190795,1.2705922,1.657878,0.72658277,0.47708702,0.14093488,-1.0860705,-1.2561829
0.042612232,0.57619154,1.650839,1.7294858,1.8909593,0.8875556,0.1662587,-0.40639597,-0.89082,-0.97708225
-0.33045244,1.0082908,2.4255133,3.3613172,3.0285075,1.2287372,0.80450475,0.36176082,-1.56315,-1.7937593
0.22727373,0.40107492,1.716985,2.138217,1.5766298,0.6370477,0.88697696,0.051906355,-0.8837182,-0.9985542
-1.0486598,0.72879225,1.6018466,2.1832032,1.92252,0.7044929,0.530095,-0.19493484,-1.05339,-1.2996402
0.15779889,-0.020731635,1.1306628,2.1410992,1.8026848,0.38501248,0.24500588,-0.21583232,-0.7321716,-1.5766548
-0.5605463,0.6024118,1.5838144,1.5609436,1.8153131,0.68111616,0.25554162,0.121785216,-0.6303581,-1.1261773
-0.7245051,0.8454371,1.9372317,1.8743521,1.5015194,0.38770065,0.18952641,-0.46138135,-0.8248491,-1.1649855
0.038993813,0.22060667,1.099202,1.4027772,1.634261,0.6718803,0.45498562,-0.2995543,-1.1379249,-1.4534311
-0.10472612,0.35913047,1.8122114,1.9458997,1.6195786,0.7376668,0.8130779,-0.036280114,-1.0420822,-1.0207114
-0.4100738,0.51825947,1.6877943,1.478703,1.34962,0.4842118,0.5742182,-0.16288641,-0.7437398,-0.91577893
-0.03914935,0.40032637,1.2196462,1.8500912,1.6026435,0.76206666,0.41496384,-0.15946543,-0.6768887,-0.9179718
-0.12688449,0.593355,1.4757338,1.7941303,1.2094202,0.8641015,0.8208981,0.3043682,-0.9624868,-0.9996029
-0.6861333,0.6820136,1.4397576,1.9147254,1.1912133,0.5689253,0.45392096,-0.005789324,-1.0595216,-0.99603796
0.15134752,0.5608875,1.2822342,1.7505279,1.8312341,0.5581718,0.47715402,-0.056064554,-0.95255464,-1.06211
-0.22147205,0.21053898,1.0354645,1.7821875,1.4699249,0.65855116,0.21745932,-0.25772512,-0.84021133,-0.951587
-0.35312873,0.57113355,2.0818276,1.7486233,1.6521751,0.52830833,0.5609759,-0.21773902,-0.9833193,-0.8587868
-0.49126276,0.18791758,1.7011523,2.1646996,2.1899085,0.6073414,0.6102308,0.015593143,-1.1523211,-1.5633845
-0.2694865,0.40422317,1.4617016,1.3443248,1.3946632,0.4182372,0.3961863,-0.016951079,-0.6409258,-0.91214275
-0.41016454,0.585714,1.3122586,1.5375704,1.626569,0.72091776,0.5550538,0.07426693,-0.78784066,-0.9288368
-0.40457752,0.34366274,1.2335169,1.8064734,1.4911647,0.7882295,0.31165367,-0.10183119,-0.5557067,-1.02005
-0.32438987,0.3449792,1.5567461,2.1672974,1.8171945,0.771097,0.71807957,0.05953898,-0.32785103,-0.34241337
-0.41852614,0.7542521,1.5312451,2.3505845,1.8282087,0.6931705,0.18418838,-0.26481006,-1.5785967,-1.3979173
-1.3017156,1.0662874,2.704817,3.435573,3.8715749,1.2891289,0.80626285,-0.78177124,-2.0026793,-2.4024615
-0.7517295,1.5182045,3.650247,3.6712348,3.5288734,2.1547682,1.5303122,-0.51534855,-1.5207669,-1.7319471
-0.38146892,0.85964674,2.927386,3.3282785,3.2668524,1.584285,1.4944053,0.09930347,-1.4669284,-2.4856253
-0.02272087,1.0732762,2.7236147,3.511232,3.057468,1.0292695,1.1695192,-0.49414563,-1.5305731,-1.5929523
0.10745283,1.1141518,2.6852927,3.1508286,2.3772001,1.8879384,1.354853,0.16508876,-1.2750937,-1.3762777
-0.37688613,0.673945,1.1196861,1.459795,1.153089,0.3952604,0.4084994,-0.2842552,-1.2802832,-0.86329913
-0.24924809,0.6334588,2.0473316,2.3007567,2.518749,1.1060253,0.6335164,-0.3262045,-1.2336909,-1.1497602
-0.072449625,0.041439768,1.2584735,1.9786047,1.6205848,0.6775199,0.47061175,-0.006305274,-0.76823074,-0.9082634
-0.2438288,0.16855286,1.744195,1.66244,1.1799903,0.6564788,0.6134131,0.17100081,-0.76508147,-0.9336759
-0.3989314,0.12939198,1.4022511,1.8603276,1.7437319,0.6908638,0.45317802,-0.16637254,-1.234959,-1.8182868
-0.8092483,0.99874437,1.4888028,1.6433624,1.4817731,0.7908389,0.46521175,0.15256107,-0.80337346,-0.74586207
-0.56684345,0.19025739,1.2458949,1.7199477,1.8177991,0.8034153,0.31759158,-0.43643236,-0.7877218,-1.129589
0.052366916,0.15021539,1.2523775,1.621654,2.0685909,0.94921315,0.5302208,-0.06844411,-0.80182785,-1.2179419
0.0027656872,0.6183728,1.3639488,1.8696041,1.5310311,0.62521404,0.40060335,-0.12616235,-0.4557768,-1.1467136
-0.5383776,0.6205511,1.4419888,2.595206,1.7218399,1.0640277,0.5121886,-0.7443263,-1.4844248,-1.4000745
-0.7591234,0.7580388,1.6872894,2.5047982,2.044942,1.070776,0.73438394,0.1778626,-1.2025234,-1.9133754
-0.036264505,0.83967614,2.525334,2.8707616,2.6284173,1.4361309,0.81649333,-0.27172145,-1.4882177,-1.6309959
0.12878484,0.401451,1.6059241,1.5892986,1.6588365,0.7538987,0.2172755,0.28643894,-1.0021304,-1.0786524
0.008445317,0.14779828,1.0497559,1.5335238,1.5771142,0.4922573,0.5928478,0.1002163,-0.9510347,-0.963372
-0.40577114,0.6633052,1.5539923,1.7275249,1.7766027,0.7570883,0.36909792,-0.59327316,-1.1525174,-1.1870738
-0.36145297,0.24855806,1.8097064,1.6263218,1.4158033,0.33923703,0.8808341,-0.32121113,-1.2730926,-1.3093103
-0.5894206,0.21288532,1.0727364,1.5653032,1.7764075,0.20903386,0.0474229,-0.4461128,-0.98616683,-1.0450513
-0.74815816,0.28180495,1.4984053,1.6077126,1.2094275,0.53995365,0.5286743,-0.024194365,-1.0259016,-0.9638059
-0.40126488,0.61757416,1.2164348,1.6151643,1.3781947,0.79336005,0.54634786,-0.11368456,-0.76792103,-0.86167085
0.021529004,0.5352278,1.5430996,2.4672854,2.2667358,1.0188351,0.962284,-0.139284,-1.0363317,-0.5832178
-0.37270606,0.74274087,1.7664876,2.2864351,1.6262889,0.89556354,0.33411726,0.04825634,-0.67913944,-0.98130375
-0.66436696,0.5474934,1.1955063,1.4154376,1.7061934,0.66334176,0.58880085,-0.13786021,-0.8328195,-1.319724
-0.6852921,0.4178297,1.9803958,1.9450554,2.1255744,0.34164464,0.09204841,0.025362568,-0.75481284,-1.197205
-0.25255162,0.5298452,1.356089,1.2267995,1.5722018,1.0028629,0.7595314,0.01760027,-0.69092464,-1.3818731
-0.2132302,0.28627178,1.8278427,1.5608201,2.103691,0.7972266,0.80799514,0.1665956,-0.748692,-1.4291364
0.2173506,0.6299719,1.823442,1.3765112,1.2600276,0.926283,0.39272714,-0.16373561,-0.9464627,-1.0194881
-0.38978073,1.4913381,2.6087205,3.2990978,3.0191782,1.4743848,0.94311655,-0.22215043,-1.764541,-1.2497485
-0.6859849,0.6831416,1.8778299,2.091793,2.0046737,1.1902289,0.41858193,0.09275708,-1.0592067,-1.351116
-0.8755373,0.8798879,1.7440695,2.18527,1.9687694,0.9404219,0.5855217,-0.548016,-1.3813611,-1.38627
-0.24032685,-0.008563776,1.4643228,1.7012491,1.582949,0.68368304,0.73030776,-0.28459987,-0.86623555,-1.0072064
-0.7036606,0.7411061,1.6388297,2.107197,1.5199751,0.37816703,0.18362007,-0.32515323,-1.2410998,-1.4154128
-0.2514392,0.85689354,1.1072633,1.2667822,1.7893955,0.79439765,0.46340686,-0.1095085,-0.8384703,-1.1390457
-0.38384774,0.45587307,1.1162893,1.529573,1.3471186,0.52902186,0.3099393,-0.16503575,-1.0327613,-1.0756667
-0.5890291,0.60245705,2.3167646,2.471145,1.7654256,0.505768,0.61018914,-0.22803387,-0.69957775,-0.83616745
0.054911233,0.78785527,1.5487285,1.6590618,1.4565191,0.7003082,0.77105534,0.1419924,-0.77356344,-0.7316859
-0.3969327,0.39081338,1.106693,1.7773978,2.2027276,1.2508627,0.43278646,-0.08420958,-0.42152053,-0.84362465
-0.33733597,0.44855815,1.4036958,1.481243,1.260557,0.540125,0.13640043,-0.08910854,-0.67696214,-0.55141383
-0.087686755,0.82746917,1.7868267,2.8361995,2.705202,0.54282045,0.66721445,-0.10137465,-1.5344205,-1.8903271
-0.90184945,1.0216106,1.9623393,2.5851815,2.0705972,0.7555633,-0.10368421,-0.8753442,-1.9296405,-2.1747594
0.04917099,0.9872075,2.5963948,2.7839673,2.3571439,1.2496927,0.6824844,-0.7360938,-1.399482,-1.5952976
-0.24158528,0.73544866,1.3728843,1.4713461,1.5332328,0.7773493,0.4688549,-0.095007114,-0.8362296,-1.1631967
-0.34619698,0.6906198,1.4271078,1.8080437,1.3771195,0.41036463,0.2643446,-0.31020823,-0.8497846,-0.9344334
-0.12234541,0.4806711,1.2647946,1.7867129,1.3867828,0.65379333,0.7178415,-0.19025709,-0.72978365,-0.96370244
0.057227645,0.69823545,1.5732526,2.6984067,2.1413496,0.54948634,0.5959539,-0.5313798,-1.2632548,-0.8802245
-0.8182089,0.5358573,2.028301,2.223143,1.7363025,0.42259157,0.45935574,0.10696944,-1.2000299,-1.4056641
-0.2934368,1.0490874,2.8306324,3.4420922,3.0001297,1.9012505,1.4851911,-0.46928284,-1.530176,-1.3531291
-0.56186175,0.7510721,1.9341317,2.5805233,2.3873122,0.6475774,0.4117396,-0.1493063,-1.1202123,-2.1079772
0.8811529,1.255692,2.6568713,4.0723753,3.241126,2.1842048,1.070892,-0.092222795,-1.7184922,-1.2538962
0.020708503,0.31350216,1.9176588,2.2765071,2.188267,0.95501983,0.91724443,0.11566506,-0.4887863,-1.0122918
-0.79877484,0.792642,1.3199623,2.143133,1.8277433,0.74895185,0.60817754,0.030117374,-0.8050142,-1.2007014
-0.36952472,0.32765996,1.2588257,1.5910857,1.424629,0.58521926,0.35414568,-0.18542717,-1.103337,-1.0767941
-0.1790365,0.44659144,1.0186024,1.6188841,1.1127652,0.57550025,-0.04609822,-0.21691795,-0.645049,-0.83562666
-0.69956803,1.0352764,1.9221805,1.9409713,1.7969826,0.68605006,0.3120581,-0.44945326,-1.4614353,-1.1431482
-1.5492797,1.2538494,1.7392476,1.7329707,1.5234377,0.23888518,0.06408702,-0.10038492,-0.6834096,-0.5166157
-0.58344275,0.85399544,2.1267064,2.888343,2.8972805,1.3016256,0.6954173,-0.13091645,-1.5572218,-1.1969359
-0.42581847,0.36590773,1.4163258,1.8693569,1.4120026,0.7530923,0.25369054,-0.25326875,-1.1551727,-1.4379412
0.40270355,0.7033901,1.3537074,1.3377756,1.484198,0.35941684,0.11398241,0.040380914,-0.8179915,-0.74217886
-0.19857535,0.3366619,1.1876593,1.7220957,1.3557973,0.31858492,0.4165695,0.038287032,-0.82578826,-0.81234896
-0.6003662,0.70053184,1.7600253,2.2311842,1.8975884,0.69246906,0.38611093,-0.6552845,-1.4060476,-1.4396223
-0.4239173,0.5037063,2.1857758,2.5284486,2.0997868,0.85847366,0.44966403,-0.3159869,-1.2512385,-1.193533
-0.19905841,0.4073049,1.8502196,1.8300731,1.5434067,0.6634311,0.11011657,-0.16168475,-1.0765611,-1.005676
-0.26654905,0.8568,1.869045,2.5867522,2.0204468,0.35845,0.19169183,-0.5722985,-1.2077432,-1.1811832
-0.7013641,0.5446182,1.750359,1.950783,2.09625,0.87307465,0.009542335,-0.3800437,-1.1882471,-1.0413771
-0.21650988,0.67592824,1.8675883,2.3186882,1.9980649,0.90501523,0.7655887,-0.35842526,-0.84302485,-0.8942773
0.12802063,0.025806526,1.4610081,1.5897838,1.9915482,0.5056118,0.8230714,-0.03231006,-1.2651167,-1.1995269
-0.70508033,0.3659267,1.6587763,1.6134747,1.6713915,0.8265631,0.5771195,-0.13184546,-0.9164264,-1.4360735
-0.8713224,0.664659,1.5011195,1.8923242,1.8854814,0.9740863,0.8055936,-0.21169041,-1.3422261,-1.4625622
-0.101412736,0.44967574,1.4144198,1.6316708,1.4082147,0.3358225,0.32127726,0.11428323,-1.2085264,-1.2656857
-0.3041846,0.6053752,2.1374936,2.893961,2.3294785,1.1837991,0.72528154,0.5224048,-0.9676056,-1.3571535
-0.15336713,0.48739108,1.3274522,1.1477932,1.4804244,0.50579005,0.35614225,-0.28815702,-0.2726401,-0.3601924
-0.16151154,0.2820114,1.3597004,1.8655505,1.8771292,0.6872253,0.44016233,0.09369026,-1.3078681,-1.3957514
-0.070712924,0.36720145,1.5414726,1.6799296,1.9637371,0.42656037,0.37686723,-0.2923382,-1.0400937,-1.2094893
0.2982872,0.7367624,1.2491225,1.6825469,1.90288,0.71484363,0.25597608,0.36152086,-0.75741035,-0.90936583
-0.23702574,0.72288036,1.6084558,2.1672122,1.9725341,0.82071793,0.33564726,-0.5196127,-0.9509738,-1.0979427
-0.039222684,1.4896276,2.1241908,1.7221009,1.6244072,0.42963523,0.03766367,-0.6384075,-1.0104643,-1.1656879
-0.33380347,1.2029282,2.374695,2.968505,2.6838765,1.1936463,0.5269224,-0.80292237,-1.7472966,-2.039374
-1.0654154,0.62963104,2.3647757,2.6677392,2.7433832,1.1162097,0.70921016,-0.8649321,-1.860346,-1.8009056
-0.20034295,0.38997766,1.3273003,1.6678382,1.9068091,0.47448045,0.18695818,-0.5503361,-1.020564,-1.3078312
-0.5093311,0.8377585,2.6086824,2.5353208,2.3435445,1.3190762,0.69203204,-0.1571042,-1.7571285,-1.1092756
-0.49637672,0.53929985,2.4140832,2.4955604,2.3104935,0.8785933,0.54874104,-0.43206993,-1.1348931,-1.663181
-0.14272064,0.073920265,1.2201861,1.8013593,1.7077758,0.48581678,0.66121066,-0.09070981,-0.82862455,-0.74656653
-0.36251166,1.0903805,2.2461994,2.27965,2.2097046,0.9231503,0.8329564,-0.4663059,-1.5897101,-1.7506974
-0.3794369,0.5880536,1.8931614,2.347054,1.5128098,0.5102865,0.5406918,-0.3627363,-1.3298417,-1.0101038
-0.12960404,0.267253,1.5046926,1.4314283,1.3828884,0.5428193,0.24519277,-0.511586,-1.0760039,-0.8214633
-0.20989826,0.05818035,0.95466936,1.7615447,1.8778062,0.5412543,0.86051464,-0.23700546,-0.6642344,-0.8417753
0.00519247,0.5823686,1.456236,1.8928176,1.9714426,1.3856975,0.7848685,-0.19930068,-0.8993641,-1.1657462
-0.4299122,0.8743216,1.788448,2.1497364,2.0941696,0.7961095,0.3475248,-0.030472068,-0.94112617,-1.1909366
-1.3971103,0.49829575,1.6338955,2.1222978,1.7257715,0.81137913,0.5653242,-0.28255025,-1.5992534,-1.3278902
-0.58814293,0.9282476,2.217843,2.1183147,1.6642737,0.46151692,0.2916251,-0.23071083,-1.3241538,-1.2969204
-0.76180816,0.62313217,1.5226339,2.4638104,1.5773298,0.67536634,0.37696794,-0.61668175,-1.5271621,-1.4979167
-0.36733657,0.653173,1.7603642,2.4138343,1.6187342,0.82652795,0.4057407,0.22827242,-0.80261844,-1.1224097
-0.351351,0.28472537,1.3748401,1.8282357,1.3289226,0.9193847,0.60911417,0.028312864,-0.8672193,-0.8341021
-0.04335236,0.024219358,1.4093484,2.0846798,1.6949711,1.0037076,0.40179652,0.1885449,-0.9721476,-0.9336419
-0.6041034,1.2130278,1.8389226,1.6929548,1.5280175,1.0091722,1.0446992,-0.31336755,-1.1877588,-1.0976758
-0.36798847,0.6265713,1.1030719,1.3279827,1.4369452,0.73415035,0.9481682,-0.094459094,-0.7740812,-0.8518732
-0.22172439,1.0876967,2.0642822,1.7911589,1.4058856,0.9741434,0.47341597,0.21759167,-0.78463674,-0.59105647
-0.20453507,0.39758334,1.7645808,1.7586191,1.766609,0.91010046,0.57085764,-0.16459557,-1.1993141,-1.579782
-0.13696837,0.7081288,1.93042,2.319989,1.9716183,0.7057844,0.5281397,0.13285121,-0.6431929,-1.4699652
-0.70301723,0.72566354,1.7466884,2.4556751,2.1133113,0.7199625,0.4438517,-0.6105975,-1.2821695,-1.16201
-0.64385563,0.7836417,2.2407396,2.8775985,2.7916152,1.3899637,0.8810849,-0.4023079,-1.4969971,-1.0944269
0.19687825,0.20551804,1.137272,1.1151469,1.1313163,0.83561915,0.30836985,-0.052241627,-0.7820957,-0.7388163
-0.09639087,0.510715,1.6099242,2.1066742,2.0491254,0.5896051,0.5412513,-0.037042376,-0.76602334,-1.2990695
-0.1403951,0.14267279,1.2336798,1.8257338,1.8046898,0.83230984,0.8889576,0.069533385,-1.0827659,-1.404706
-0.301022,0.8609439,2.3899088,2.0327215,2.2058382,1.3283484,0.77884686,-0.5151014,-0.9322787,-1.3089284
-0.47560084,0.6303929,1.7483696,1.9013653,1.7619072,0.9039406,0.4914769,-0.18509859,-1.0245651,-1.1947982
-0.24072495,0.6164436,1.4040312,1.5336212,1.5667874,0.6496837,0.42570832,0.4189268,-0.6828783,-0.4904697
-0.21635118,0.15372613,1.8400537,1.7689179,1.5431874,0.6888966,0.43618786,-0.6093232,-1.5945625,-1.6899393
-0.2639971,0.5740369,1.3083785,2.336461,1.4080516,-0.041778788,0.46873283,-0.019302037,-1.2335567,-0.86928064
-0.8020886,0.96563417,2.3207545,2.6255746,2.450678,0.5674999,0.08832161,-0.55452365,-1.528229,-1.3892056
-0.7414509,0.8284037,1.965543,2.03,2.1184545,0.8572758,0.5426696,-0.34797293,-1.3427762,-1.3299875
-0.01349174,0.84160805,1.7959399,1.9940234,1.5603232,0.8634046,0.9747789,-0.052700203,-1.3692615,-0.8888814
-0.3175732,0.07177787,1.8092543,2.053441,1.8398134,0.8442748,0.7844562,0.055140644,-1.2586061,-1.527718
-0.81647956,0.80668265,2.3438518,2.7837489,2.6527436,1.8103578,0.49484324,-0.77478296,-1.4063041,-1.230167
-0.7543389,0.9729232,2.5807173,2.4873583,1.7161838,0.8756128,0.6131427,-0.3612801,-1.4422381,-0.9379384
-0.5506025,0.23340872,1.698467,2.3997426,1.8869694,0.8878788,0.72730803,0.39040443,-1.0772775,-0.96431714
-0.14881572,0.90364707,2.5399988,2.7033782,2.429663,0.90811706,0.5032089,0.32674053,-1.011638,-1.2709064
-0.3395628,0.45196927,1.0039829,1.2114795,1.7362949,0.61739767,0.19915324,0.09357549,-0.8079617,-0.8331994
0.14032136,0.5046098,1.2151077,1.5747303,1.6385696,0.6890115,0.17300996,-0.031970575,-0.6168462,-0.5694904
-0.7129038,0.34964204,1.1886944,1.0184205,1.1195937,0.2892498,0.5167352,-0.4986725,-0.6153245,-0.75892156
-0.621257,0.6754294,1.443195,1.6410795,1.8803031,0.45846558,0.5423458,-0.6967652,-0.97700393,-1.0018405
0.088798895,1.0439258,1.8131251,2.1139462,2.2709656,1.1366264,0.7255469,-0.0212894,-1.0418262,-1.344837
-1.0990175,1.1402363,2.707715,3.4953408,2.698374,1.5318975,0.99380946,-0.49633586,-2.0924625,-1.7223253
-0.77787685,0.45928565,1.3477154,3.0939066,2.9322221,1.2575495,0.8586525,0.00013579382,-1.4005879,-1.6777958
-0.27255818,0.24490537,1.5724396,1.9558794,1.6996886,1.0989231,0.90717715,0.14227834,-0.85288256,-1.3817344
-0.16449806,0.8755517,1.6879396,2.0136592,1.6833198,0.81196666,0.44054928,0.0796976,-0.936656,-0.90931195
0.07609326,0.69314885,1.0255557,1.5714474,1.1717414,0.6031981,0.5018305,0.019824034,-1.025998,-0.9896586
-0.092708714,0.65817356,1.5758036,2.2023473,2.1597261,0.9189309,0.5081598,-0.33439103,-1.2568351,-1.3221382
0.3070676,1.0426526,2.6800635,3.0640311,2.5578625,1.6581028,1.0092212,-0.10420696,-1.2116259,-0.8411459
-0.743841,0.4286958,1.8212546,2.525481,2.3107636,1.6342442,0.3424295,-0.51016885,-1.5451082,-1.7276328
-0.872246,0.89357084,1.9917432,2.3697455,2.2751808,1.0517,0.8337311,-0.7768707,-1.3784379,-1.1462896
0.2033568,0.44046697,1.7397745,1.9475918,1.4143974,0.6964131,0.84180206,-0.36039186,-1.012186,-0.94362247
-0.690654,0.21146542,1.3452795,1.7034404,1.4497726,1.1540673,0.83550054,-0.031293146,-1.0228728,-1.1262308
-0.31225914,0.27625608,1.313879,1.9372851,1.4440727,0.53888,0.44385707,-0.46656024,-0.78102225,-0.98695296
0.034089696,0.4782171,1.2580806,1.2988502,1.6236342,0.73898286,0.1342992,0.3087301,-0.82899106,-0.88319653
-0.1242078,0.7365328,1.9459516,1.4871312,1.693569,0.49622548,0.55905044,0.09214536,-0.39546797,-0.940587
-0.14848197,0.49837872,1.2332059,0.95951736,1.0980611,0.42437243,0.9003216,-0.22815591,-0.6911095,-0.5476549
-0.5487346,0.35029325,1.7001609,1.9806522,1.6311846,0.63343406,0.5316197,-0.007931914,-0.9672457,-0.95961446
-0.2003397,0.6656648,2.109467,2.0375183,2.3779106,1.2570806,0.7127821,-0.25873512,-1.3319856,-1.3441085
0.0829711,0.34673622,1.3381212,1.3314807,1.7906187,0.48282188,0.1429002,-0.11525088,-0.737362,-1.6729374
0.11673905,0.41440117,1.73925,1.642639,1.4379928,0.54140735,0.80158955,0.35878074,-0.72016317,-0.4631153
-0.41802496,1.1223592,1.867166,2.1739213,1.6772317,1.0088117,0.24923548,-0.15334287,-1.5175257,-1.5898869
-0.16951853,0.43378747,1.526918,1.4103236,1.636324,0.56531894,0.40761468,-0.18297106,-1.024078,-1.0501176
-0.7516669,1.06038,1.5717175,2.095812,2.1013925,1.0916398,0.11783016,-0.46107173,-1.2227541,-1.2883365
0.024617853,0.17431523,1.2794036,1.5656314,1.6013209,0.5624394,0.6067262,0.12621889,-0.77019686,-0.8064088
-0.06299121,0.7038824,2.0048034,2.3618896,1.8317822,0.9538524,0.790656,0.06973683,-1.0452185,-1.1420301
-0.55177355,0.52379566,1.8422978,2.3069136,2.0241084,1.3902003,0.58304787,0.018027617,-1.4391233,-0.99449515
-0.80803394,1.0063871,2.181241,2.7678587,2.5351233,1.153637,0.5796416,-0.30486184,-1.7197405,-0.87318224
-0.46418524,0.7797687,1.9574772,1.8146636,1.8568552,1.0241276,0.6503686,-0.17049386,-1.0861368,-0.6949056
-0.86304647,0.45473945,1.7408451,2.9068449,2.6679857,1.2648003,0.49534714,-0.5134403,-2.2093544,-2.005334
0.039167933,0.32726508,2.6652174,4.2097263,4.2934065,2.5497825,2.2284822,0.19819762,-1.3947886,-2.3101037
-0.61146635,0.6721594,1.9858614,2.8909502,2.3393557,1.5604366,1.4693675,-0.28783122,-2.1913025,-2.3526533
-0.45629844,1.2211852,2.3315334,2.8273025,2.2782075,1.2566565,0.7395642,0.32496753,-0.8873725,-1.6477222
-0.7993658,0.68380433,1.7804662,2.8774683,2.3807943,1.1791658,1.0561975,-0.35356584,-1.4246995,-1.4791454
0.048017427,0.38815892,1.5472326,1.7710491,1.6769744,0.7087516,0.841665,-0.0010684775,-0.8830483,-1.1911107
-0.6917383,0.5716307,2.0179813,2.698469,2.444889,0.745446,-0.12590855,-1.0194203,-2.036645,-2.0013134
-0.41130212,0.22274198,1.684893,1.6200154,1.8881726,1.0937036,0.3318298,-0.2822451,-1.0946327,-1.3995447
0.2597122,1.003028,2.4506483,2.2663622,2.4492736,1.0219275,0.48471898,-0.43370122,-1.0738117,-1.1135951
-0.41921973,0.8581398,1.28652,1.6090966,1.306515,0.47635883,0.092061326,-0.62207985,-1.0391887,-1.027087
-0.15153214,0.45697898,1.2488986,1.7224658,1.5372251,0.2380457,0.6572637,0.15120333,-0.83088064,-1.0438209
0.025194678,0.8647049,1.8580699,2.2863984,2.0788412,1.0064502,0.65818906,0.02703976,-1.4704816,-1.2712592
0.12874746,0.81188774,2.0809271,2.4877872,1.8883952,1.109594,0.836685,0.033895593,-1.2996731,-1.4198916
-0.4524309,0.27147427,1.5481234,1.9796525,1.743661,0.7668089,0.64508235,0.15719107,-0.837222,-0.8205786
-0.66188794,0.7264292,1.6246129,2.1171627,1.9174117,0.23594995,-0.09621433,-0.5724706,-0.78289354,-1.2721434
-0.4387751,0.4643354,1.6557561,1.9855493,1.3773395,0.37862796,0.44675836,-0.81497747,-0.9300574,-0.8657339
-0.26472765,0.22937377,1.6385815,2.4242444,2.099596,1.0109065,0.81292635,-0.13762502,-1.1885312,-1.5985746
-0.26821458,0.22690476,1.3547999,1.635097,1.3603967,0.36113948,0.41070282,-0.2724436,-1.1197193,-1.563242
-0.7587201,0.06998704,1.644202,2.4232428,2.0827491,1.1083673,0.9032047,0.06250779,-1.4050653,-1.0605485
-0.21504232,0.9462248,2.137493,2.273443,1.9699112,0.9104035,0.3784402,-0.11712878,-1.3805875,-1.2156391
-0.5941196,0.41318053,1.180331,2.0392275,1.63872,0.82712954,0.6813953,-0.29022777,-1.0094312,-1.3560871
-0.45653132,1.3336226,2.5048504,2.649649,2.5810387,1.4686267,0.58726776,-0.8857476,-1.7275956,-0.94724065
-0.75872165,0.31897083,0.671907,2.0280645,1.9714524,0.925159,0.80267996,0.2827092,-0.99990714,-1.2312816
-0.427008,0.47278067,1.2624707,1.3528907,1.7623429,0.6457361,0.30974808,-0.2239851,-1.0201833,-1.0518477
-0.84280324,0.64533204,1.9834545,2.7547994,1.5423702,0.3887388,0.5297932,-0.42992854,-1.3977762,-1.731703
-0.7228039,0.5336832,1.9677868,2.1691236,2.0262322,1.1121765,0.61744803,-0.53156555,-1.1228132,-1.4144423
-0.74140424,0.8166394,1.957915,1.8933173,1.8071152,0.44005013,0.8504863,0.15032974,-1.322908,-1.4705864
-0.40086377,0.97339034,1.5205312,1.363778,1.5429888,0.27641556,0.069735534,-0.30102608,-0.6110612,-0.6433689
-0.34594315,0.2901135,1.3647596,1.6346757,1.3105066,0.6731775,0.32773003,-0.50220215,-0.89446735,-0.55992633
-0.18297908,0.5633919,1.4109292,1.6654972,1.7761452,0.9546368,0.2670098,-0.27149534,-0.9529607,-0.83087206
0.040575676,1.398546,3.1754508,3.9582777,2.8765435,1.1864958,1.0479535,-0.31561625,-1.5621557,-1.2328672
-0.038265917,0.50140464,2.052265,2.3029382,1.688514,0.9034513,0.78327614,-0.17635523,-1.8226054,-0.9533993
-0.9247534,0.7188179,1.6825926,1.9413843,1.66515,0.4738732,0.6045892,-0.40577644,-1.2854328,-1.3317289
-0.34076372,0.60186595,0.99552786,1.8197905,1.6535801,0.36079392,0.14472517,0.008340184,-0.9111246,-1.1174899
-0.12580347,0.68777984,2.234696,2.7519848,2.532686,1.0766274,0.8220598,-0.2980168,-0.9619024,-1.4891336
-0.29362676,0.29601637,0.9759284,1.7012626,1.9746314,0.9795598,0.60984415,-0.26460913,-1.3421221,-1.382265
-0.5017379,0.17328052,1.2178786,1.5364751,1.5763398,0.21979757,0.44126147,0.1792851,-1.1295046,-0.7822451
-0.70035267,0.56613714,1.5390874,1.3795824,1.3080411,0.52701557,0.48766822,-0.3106705,-0.6099902,-0.78208554
0.0026131282,0.6154601,2.5476627,3.0280638,3.0185971,1.3763981,1.0485989,0.29947242,-1.1668638,-1.5200281
-0.67398846,0.8170494,1.5928293,1.9115498,1.8001276,0.85781777,0.3378472,0.18396236,-0.8062129,-1.1903145
-1.2977264,0.36141536,2.4436445,2.8592825,1.8420725,0.83034635,0.77560663,-0.29144886,-0.8841853,-1.3329054
-0.043381814,0.08772137,1.6895862,2.060092,2.2058623,0.78021365,0.28810593,-0.34230208,-1.3117107,-1.2407659
-0.27144092,0.26293963,1.5838,1.704308,1.4089984,0.615641,0.4704901,-0.28490037,-0.99589455,-0.8579799
-0.031018153,0.48518524,1.6943926,1.8286909,1.9638835,0.7682746,0.427175,-0.42086777,-0.9762597,-1.1907117
0.30111086,0.03318488,1.1411748,1.5699632,1.6294602,0.56321025,0.66952664,-0.100485764,-1.0820445,-0.7104002
-0.67955434,1.1400698,2.1457222,2.371877,1.353378,0.48017645,0.39523557,0.018988397,-1.2933894,-1.024817
-0.1499905,0.5669268,1.3081192,1.7011521,1.495497,1.0192192,0.44251072,-0.12932226,-0.67282176,-1.2070446
-0.5258039,0.52493566,1.5427951,1.761511,1.2162561,0.67709315,0.70143497,-0.23649038,-0.71511143,-0.8625124
0.20203596,0.99402344,1.8227227,2.0638266,2.1121488,0.8416221,0.8474163,0.23105253,-0.8070095,-0.8898934
-0.4650978,0.577775,1.2452161,1.6022887,1.9758645,0.991179,1.0333068,-0.12558822,-0.81168205,-1.451435
0.13535997,0.35629624,1.4551368,1.7782025,2.0860434,1.0931593,0.4751317,-0.37697187,-0.9525116,-1.0498766
-0.24444756,0.5746472,1.5572209,1.4191474,1.4968358,0.58991426,0.41786718,-0.08042185,-1.0207763,-0.75239825
0.0233383,0.39168075,0.946715,1.3307092,1.7319242,0.44060853,0.325558,0.28114715,-0.71194714,-0.9336215
-0.61689615,0.9329649,1.7122463,1.764816,2.2228868,1.1881741,-0.08774271,-0.41832578,-1.5219996,-1.6359093
-0.7953187,0.9311598,2.1127915,1.9014443,1.6203254,0.74973905,0.45152122,-0.04279161,-1.5686532,-1.3841085
-0.08424546,0.27667904,1.3921283,2.569608,2.025628,1.0729312,0.3911675,-0.06817592,-1.2235965,-1.1544989
-0.9070856,0.61947656,1.9563811,2.0383415,1.8099896,0.7901052,0.7746343,0.3102917,-0.46904746,-1.5374677
0.28509054,0.52317804,1.7900922,1.8331277,1.9824368,0.79897124,0.29509652,-0.11796046,-0.64072657,-1.2347811
-0.46389368,1.7191333,2.3628042,2.8605475,2.9125605,1.4456176,0.6768886,-0.20429824,-1.2340466,-1.5180922
-0.41352093,0.8198342,1.6246634,1.8720568,1.6482623,0.9425245,0.7804598,-0.25742832,-0.89447,-0.63629925
-0.104409635,1.1142446,1.7426541,1.7191688,1.310115,0.26063818,1.1946857,-0.097382806,-1.2495465,-0.82938594
-0.536917,1.0108029,2.4825048,2.3157225,1.6899234,0.4684803,0.42615402,0.10622605,-0.6186117,-1.028168
-0.370655,0.41017076,1.8350508,1.9407583,1.7488923,0.8937113,0.28709626,-0.3956561,-1.3981102,-1.01788
-0.28533044,0.17219026,1.0724667,1.8904464,1.8281678,0.657803,0.33401188,-0.40284312,-1.132131,-0.92038006
-0.2616719,0.20258884,1.0482339,1.2629349,1.5676384,0.5256776,0.028739162,-0.388683,-1.0369992,-1.0765127
-0.32061943,0.48302728,1.479198,2.2596416,1.4441748,0.52193755,0.9280539,0.14995347,-1.621028,-1.2184893
-0.52976257,0.7061865,1.4509153,1.5833918,1.385733,0.39141947,0.17603986,0.039550513,-0.44622868,-0.93208903
-0.7125757,0.49240363,1.1987015,1.6911331,1.3842039,0.5897045,0.28093153,-0.054251067,-0.54743475,-1.0508527
0.1947816,0.55290025,1.5013049,1.6707375,1.6746277,0.651045,0.7558682,0.1473295,-0.6501121,-0.88174254
0.23695636,0.9502021,2.3885214,2.296082,1.9846762,1.1308377,0.44331127,0.014713995,-1.3370584,-1.2028217
-0.73903924,1.0274305,2.174505,2.5924008,2.7507195,0.97046626,0.5316637,-0.43886235,-0.6783558,-1.578744
0.38649607,1.1007162,1.9911274,2.1255414,2.017008,1.2495029,0.879434,-0.014777161,-1.1922553,-1.2261857
-0.19404447,0.49521503,1.2539327,1.9750293,2.1501129,1.055672,0.920734,0.045028206,-0.3471165,-1.0581335
-0.5411206,1.0545528,2.563526,2.263892,1.8180393,0.9775442,0.69045925,0.13717803,-1.016526,-1.0440013
0.09064515,1.3596679,2.4939163,2.0458245,2.0076046,0.53944004,0.48411965,-0.58528984,-1.0376811,-0.3791481
-0.8752109,0.79962194,2.0525248,2.3941176,2.3145046,0.6331855,0.2106813,-0.16708805,-1.2464887,-1.7929144
-0.83109903,0.7058521,1.7807983,2.1585698,1.7640728,0.24327381,-0.1996628,-0.51028585,-1.212487,-1.5193369
0.12511909,0.65064734,1.9388015,2.489001,2.2121418,1.0402057,0.16709358,-0.7435259,-1.6727252,-1.358494
0.4862806,1.1585345,2.3868437,2.8000844,2.4335675,1.7862519,1.004412,-1.0088685,-1.499968,-1.4375517
-0.3856559,0.74226934,1.3605527,2.5344272,2.0680866,0.73146546,0.28124198,-0.41517013,-1.6076996,-1.3186027
-0.19604293,0.42208335,1.3689568,1.5704212,1.4309537,0.3069692,0.5194272,-0.040791746,-0.45147455,-1.1455414
-0.091126405,0.24880023,1.3289285,1.2611306,1.3090247,0.893595,0.80021554,-0.08172428,-0.6866808,-1.3416314
-0.38629535,1.2631601,1.7735547,2.0000744,1.8540822,0.7295289,0.6383318,0.17507352,-1.1911634,-1.5836354
-0.80753726,1.1824998,2.375673,2.3544438,1.9807936,1.1524225,0.26064548,-0.37309223,-0.742283,-0.9448814
0.03155805,0.7858759,2.2029572,2.1186118,2.7118096,1.1400335,0.54657096,-0.096259154,-0.7173617,-1.5167235
-0.044285063,0.507386,1.1123555,1.9493427,1.7882861,0.84523624,0.5902296,0.043143578,-1.1347883,-1.1722105
0.06387081,0.3497193,1.307142,1.5370988,1.7141844,0.75967205,0.6527277,-0.3334026,-0.5370798,-0.3608763
-0.05996345,0.6472702,1.9125072,2.25839,1.9974545,1.318614,0.7215964,0.27833512,-1.3078624,-1.1335915
0.0030676723,1.1981239,1.7869579,1.6001699,2.0860648,1.3769141,0.73215264,0.3993669,-0.4839807,-0.5515349
-1.2367817,0.39247715,1.6636686,1.8309274,1.7073991,0.9512527,0.33169934,-0.11193947,-1.1945736,-1.2156614
-0.6307693,0.44587693,1.8096306,2.2018282,1.7526405,0.6641546,0.43869764,-0.62687284,-1.2446684,-1.0937814
-0.16780642,0.8837737,2.1102517,2.4912968,2.128743,0.9756135,0.41178918,-0.55203515,-1.4032086,-1.124031
-0.6823462,0.3413668,1.8970582,1.737083,1.0610031,0.237197,0.31048796,0.007678105,-0.68109095,-1.0477408
-0.26849824,1.3308729,2.3531735,2.1768048,2.0699189,0.59845966,0.92938155,0.23274276,-0.76269984,-0.9081147
-0.20077267,0.73609334,2.0996869,2.2924516,1.8722713,1.0425878,0.45269212,-0.17791815,-1.3510268,-0.91075355
-0.28040096,0.4245834,1.7574744,1.415935,1.597799,0.775089,0.83004326,0.3072794,-0.5996822,-0.7665937
-0.7628222,1.2403833,1.9139878,1.6202971,1.4473845,0.39476487,0.23224214,-0.40889028,-1.2981629,-0.9501121
-0.3344317,0.31832823,1.2941074,1.7113854,1.7068025,0.7068481,0.3539295,-0.3188391,-1.0333834,-0.94969356
-0.87340426,1.0644644,2.6596317,3.072773,2.797746,1.081094,-0.25017774,-0.48123434,-2.0521374,-2.2048454
-0.14741829,0.78016275,1.7371663,1.8897161,1.8039838,0.94255126,1.0221536,-0.005873215,-1.4011222,-1.2668451
-0.45841485,0.5304243,2.1280737,1.7863705,1.616394,0.3613209,0.51249444,-0.2391963,-1.1045547,-1.4013512
-0.7290406,1.1822859,2.1749356,2.021657,1.45419,1.1983736,0.44339716,-0.063479155,-1.49406,-1.3520678
-0.31919962,0.3531972,1.9636096,1.6156964,2.34407,0.7191986,0.47175336,-0.1562048,-0.5601561,-0.94811064
-0.69921744,0.5408645,1.8847781,1.6210065,1.8911188,0.74358225,0.33564502,-0.49735093,-1.2255085,-1.01982
-0.4420931,0.06522384,1.5077403,1.7212688,1.5407246,0.5415008,0.025839955,-0.4296846,-0.9162184,-1.0423192
-0.47303334,0.6555899,1.9970216,2.6025238,2.5244145,0.9958681,1.0670915,-0.13543682,-1.3580248,-1.2466657
0.30991703,1.0264598,2.1830404,2.1454914,2.0331085,0.98049355,0.663859,0.31869778,-1.2731192,-1.0823852
-0.12109422,0.7162372,1.5178895,2.3843348,2.011773,1.1994357,0.555756,-0.19981638,-0.9305321,-1.0880154
0.21951926,0.30336624,1.2094376,1.9114695,1.6237549,0.40584585,0.7727045,0.004055162,-0.9911039,-1.4338238
-0.08565142,0.57614917,1.5459532,1.8998731,1.7694422,0.8155556,0.49034798,-0.22278216,-1.0146495,-0.8132831
-0.25108728,0.3508311,1.3858867,1.3676076,1.2655412,0.38153833,0.40045872,-0.21104193,-1.084494,-0.922205
-0.47784787,0.81896186,2.1770964,2.3293028,1.9441017,0.8812695,0.11605592,-0.1504271,-1.4033468,-1.3068056
-0.103638224,0.44895208,1.3211528,1.4407315,1.1545727,0.30454803,0.5768125,-0.42174962,-1.2067045,-0.6205714
-0.22330365,0.45016816,1.1942593,2.0605114,1.6887206,0.6755868,0.11466266,-0.4019691,-0.98674595,-0.97076756
0.22317597,0.49194518,1.5666766,1.6893692,1.4789902,1.0553871,0.726522,0.1821142,-0.9825065,-0.7349405
-0.2933858,0.6860665,1.5204027,2.2211773,2.252394,0.6096411,0.7666175,0.24347562,-0.81988984,-1.3062227
-0.21628025,0.028690657,1.1056526,1.5118496,1.716802,0.6844225,0.5538835,-0.11013798,-0.8326691,-1.1351143
-0.31400403,0.5043084,1.7407323,1.8386773,1.8644674,0.7105233,0.6606038,0.096187465,-0.545079,-1.0058863
-0.1263496,0.053870436,1.1569709,1.672936,1.6552217,0.53642946,0.44138074,-0.14895827,-0.66622895,-1.1549697
-0.36791962,0.40314746,1.7479956,1.5125288,1.2928149,0.45261902,0.32064348,-0.5135709,-1.1167521,-0.99947023
0.13122223,1.221332,2.065125,2.0972157,1.9224472,0.3788151,0.37650543,-0.053885475,-1.0927148,-1.1251425
-0.10782116,0.18047814,1.4709512,1.9923359,1.9232534,1.149403,0.57664835,-0.13512318,-0.81099725,-1.0983684
-0.13483715,0.43843195,1.7846252,1.6213183,1.5958362,0.52670586,1.04518,-0.2715192,-0.93879175,-1.0032916
-0.41807133,0.9865404,2.052326,2.7405906,2.617591,1.0151589,0.5057732,-0.57717985,-1.2548186,-0.9979147
0.47477132,0.77206576,1.8858598,1.8697242,1.8059268,1.216189,0.40316737,-0.2587116,-1.2355703,-0.85569674
-0.64937407,0.9814764,1.8673793,2.3679183,2.235407,0.8659814,0.046867333,-0.9470378,-1.6211172,-1.6941937
-0.6235898,0.3701646,1.6863095,2.2192173,1.9122332,1.004592,0.5829762,-0.11886349,-0.827398,-1.234144
0.36038354,1.2674556,3.1611753,3.4886038,2.5584476,1.5541539,1.0194108,-0.1528541,-1.1527165,-0.8892901
-0.6620798,0.30312234,1.3912294,2.2712648,1.8430032,0.55396104,0.5674151,-0.05210677,-1.1488495,-1.30365
-0.09267753,0.6819304,1.3228668,2.2523396,1.6780944,0.6545434,0.10799341,-0.3967124,-1.1860669,-1.2385342
-0.27053633,0.42461428,1.2669399,2.1331882,1.706723,0.6358439,0.3270801,-0.48174483,-0.9933381,-0.9438997
-0.19898084,0.08738343,1.2988319,1.1633657,1.0311059,0.41541925,0.17861177,0.010496821,-0.48173353,-1.094369
-0.4114938,0.53884417,1.5760338,1.2296492,1.5091548,0.405711,0.24502674,-0.45908034,-1.0739915,-1.2985427
-0.02825724,0.43559644,1.7997274,1.7117965,1.313717,0.6147073,0.8252327,0.32240775,-0.7236644,-1.2662212
-0.27085173,0.45519364,2.4199705,2.7047133,2.718848,1.7134917,0.91714656,-0.16886641,-1.4790269,-1.4089092
-0.40887627,0.9728774,1.2298032,1.6820251,1.734788,0.7213442,0.44823304,-0.15731145,-1.1900083,-1.1538298
0.16426116,0.07164792,1.5842875,1.8297749,1.4656738,0.76983154,0.80629104,0.009400317,-0.67466384,-0.6919624
-0.10175008,0.3467862,1.2171185,1.7872107,1.3397757,0.35980123,0.12963979,0.06460222,-0.4184703,-1.1178732
-0.33947355,1.2932165,1.9198326,2.1062398,2.1917357,0.46223754,0.4904173,0.03653327,-1.3741558,-1.7335339
-0.601893,0.3221862,2.0186162,2.4883435,2.3505242,0.83380026,0.6793001,-0.12126064,-1.1396185,-1.9949
-0.06251244,0.44708583,1.2607101,1.7238675,1.7447281,0.9716618,0.48888034,-0.060274497,-1.0240271,-1.1555716
-0.27702603,0.5893902,1.3302275,1.178958,1.3208898,0.4643137,0.120041326,-0.22047101,-0.88923323,-0.8253466
0.11348942,0.47842366,1.0859975,1.792692,2.3685389,0.9219543,0.65491396,0.4743636,-0.52690876,-0.8934255
-0.29487854,0.53854173,1.367627,1.7152805,1.6228744,0.34838015,0.5895731,0.12416577,-0.57928085,-0.8404166
-0.21739537,0.40572083,1.1512462,1.4273891,1.5334771,0.4689811,0.30532825,-0.3215575,-0.775306,-0.7097243
-0.6418718,1.0635486,2.7015257,2.2643282,2.2496495,0.9176643,0.20177515,-0.4368962,-1.1123186,-1.4792075
-0.13563529,0.5709619,1.5197428,1.9432428,1.4858332,0.49901998,0.8486969,-0.41414678,-1.2463666,-1.0634987
-0.050231002,0.5886498,1.6167825,2.2079995,2.0860393,0.98966324,0.3838155,-0.29284745,-0.6686781,-0.67079586
-0.08148178,0.5500998,1.4926503,1.4756148,1.5356592,1.0232822,0.3630177,-0.10513753,-0.66178167,-0.91406655
-0.45855883,0.73898685,1.3961066,2.0693483,1.8077874,0.96916485,0.38527635,-0.2800628,-1.122315,-1.4968565
-0.48842165,0.34129888,1.716578,1.6246048,1.476366,0.6173104,0.21974379,-0.266982,-0.94206274,-1.1407826
-0.4531218,0.366809,1.4673806,2.0023627,1.6645269,0.45891422,0.04719425,-0.2514368,-1.05988,-1.20377
0.006172383,0.94290537,1.4908009,2.0086656,2.0894241,0.64439285,0.890449,0.2496053,-1.2655118,-1.4126705
-0.17082784,0.46638912,1.7756978,2.1706603,2.7432606,0.7872609,0.4419002,-0.07712237,-0.50698894,-0.9499582
0.4611354,0.22919881,1.3892868,2.0069644,1.5064442,0.055992406,0.58104557,0.027790405,-0.6281968,-1.3199748
-0.31562534,0.6697339,1.5628711,1.8640168,1.7057897,0.53866565,0.37029934,-0.25313497,-0.9537218,-1.4555571
-0.004624989,1.0103894,2.212412,3.2773304,1.6782186,0.93551475,0.18016,0.16815288,-0.9195771,-0.67911553
-0.00076259114,0.4987856,1.2170289,1.7212236,1.4124312,0.895024,0.31756118,-0.27772874,-0.87655693,-0.5982866
-0.28269365,0.8391005,1.4552419,1.6362253,1.8214625,0.430009,0.3289211,-0.60372514,-0.91933376,-1.3568385
-0.5037001,0.83343595,2.0437121,1.8930497,1.6583402,0.88759536,0.8023608,-0.2593629,-0.9318709,-1.2255014
-0.3168189,0.47745663,1.1140014,1.4291223,1.4316014,0.5826592,0.30487463,-0.70188904,-0.8076386,-0.9891593
-0.19273531,0.7071363,1.2745851,1.7236707,1.8850462,0.82169515,0.29522946,-0.16817458,-1.0440949,-0.8403992
-0.1978958,0.9951596,1.5510583,1.8613422,1.5169117,0.7949201,0.4825728,0.4550167,-1.1438255,-0.93511343
-0.13989803,0.4474082,1.410978,1.7176487,1.4053642,0.31559536,0.3606241,-0.5453059,-0.8228825,-1.0333573
-0.82087976,0.63697946,1.4387417,1.6557357,1.0854503,0.64883786,0.34354934,-0.6765279,-1.5132192,-1.2655749
-0.14465198,1.1701733,2.2191608,2.3958576,2.225725,1.0804744,0.3097709,-0.43940794,-1.5955585,-0.829551
-0.6589432,0.6872723,1.5279098,1.6862506,1.4116751,0.7416503,0.22960773,-0.25211352,-1.1436465,-1.2986473
-0.2642717,-0.02259625,1.2150017,1.4466552,1.1209483,0.22910817,0.6713944,0.17959496,-0.5477878,-0.7484341
0.04642426,0.9929068,1.1730105,1.6658381,1.5864052,0.7919291,0.7037514,-0.33221027,-1.1561656,-1.0588299
-0.56256634,0.42671442,1.4299973,1.8910558,1.7216868,0.76631695,0.83691376,-0.0624497,-0.8249055,-1.3169342
-0.23009461,0.1219058,1.2627935,1.7983726,1.4913837,0.61856246,0.4727254,-0.18432507,-0.8122394,-1.2068082
0.1898244,0.6596586,1.7269895,1.7011168,1.726315,0.17142317,0.40523797,0.02170774,-1.0809356,-0.4958333
-0.3004778,0.34732872,1.3943237,1.5011779,1.6509717,0.49278855,0.43567804,0.4089069,-0.40827638,-1.334129
0.026420776,0.37702304,1.2091565,1.6728123,1.2848861,0.36235452,0.3533849,-0.34062183,-0.96946436,-1.1368718
0.22062644,0.6269139,2.4058323,2.1700876,2.3867323,1.1229086,0.5856891,-0.51924264,-1.3615037,-0.94169545
-0.33558255,0.27182347,1.8872119,1.721692,1.7107757,1.1313387,0.86011434,-0.55139714,-0.8772613,-1.1960392
0.39678746,0.62927145,1.5014399,2.076941,1.7766545,0.55097175,0.47563136,-0.083096534,-1.2136661,-1.366955
-0.51625276,0.3865418,1.746348,1.9938685,1.8697145,0.6653209,0.4637596,-0.13977401,-1.1502132,-1.0978961
-0.31871864,0.66693133,1.5550463,2.0950384,1.9997321,0.58172905,-0.020867676,-0.29758257,-1.1829048,-0.97920173
-0.6312406,0.67121345,1.7234371,1.5625314,1.353638,0.9965476,0.21598282,-0.33729663,-0.6362099,-0.9586127
-0.42611837,0.7648488,1.537073,1.65469,1.5491291,0.33869007,0.42480177,-0.085407004,-1.0271277,-0.8384976
-0.11432449,0.9450911,2.1797798,3.0923839,2.3900087,1.3641136,1.110356,0.061461948,-1.5039479,-1.3836787
-0.48034745,1.0453624,2.655305,2.9831586,2.421688,1.6592796,1.0129203,-0.09707998,-1.3560326,-1.4006591
-0.2967973,0.11463741,1.8999839,2.4107413,1.7248669,0.77715623,0.24910188,-0.14001401,-1.0848097,-1.1791015
-0.25545314,0.7103418,1.573312,1.791945,1.7818513,0.48779005,0.118934676,-0.35361153,-0.6256123,-0.99682903
-0.5395327,0.24618216,1.8703606,2.537398,2.4300272,1.0787811,0.94480705,0.08101938,-1.3782136,-1.6430328
-0.18892354,0.7401777,1.9099104,2.1318784,1.6911896,1.077122,1.0492933,-0.4053317,-1.0861124,-0.6918525
-0.047900654,0.8338356,1.9982296,1.7048069,1.531998,0.5602922,0.19666974,-0.61556655,-1.0458028,-1.004515
-0.5953836,0.44519415,1.5311205,2.27451,2.144651,0.65964615,1.2428576,-0.06710578,-1.5358136,-1.6844772
-0.003932774,0.29072076,1.4644122,1.858623,1.7033834,0.5270142,0.41343144,-0.16625589,-1.4373765,-1.294252
-0.4321321,0.21447843,1.5518157,1.9500769,1.6053183,0.295329,-0.04192749,-0.41748658,-1.0760988,-1.3009379
-0.7974288,0.72887516,2.5798647,2.5351703,2.3564446,1.3935785,0.37656268,-0.3360012,-1.6091033,-2.0107968
-0.92625684,0.6430259,2.0392885,2.871768,2.3479996,1.0692227,1.2818493,-0.010374045,-1.5813816,-1.5428782
-0.03759992,0.67608446,2.223764,2.9300323,2.4890037,1.4375205,0.3916236,-0.28103483,-1.4697691,-1.500411
-0.28383082,0.70490736,2.043062,2.429065,1.9349232,1.331713,0.8320617,-0.063758574,-1.1817354,-1.1962188
-0.2365174,0.41430756,2.0303195,2.1394634,2.126964,0.4533574,0.15108153,-0.22273175,-1.1918023,-0.95455915
-0.45473877,0.31801224,1.2169532,1.846424,1.3096108,0.7094591,0.85564256,-0.24825644,-0.8438927,-0.77901167
-0.87117475,0.45318228,1.5490385,2.4597392,1.6732296,0.7962112,0.27208617,-0.16463657,-0.9357501,-1.441944
-0.315103,0.42757466,1.3782074,1.8678768,1.6361017,0.89200443,0.33760193,-0.7300597,-1.4097031,-1.0184296
-0.009451859,0.89085716,1.6920507,2.091574,1.802412,0.36153358,0.30062836,-0.4383548,-1.0987992,-1.0956815
0.054688435,0.20202819,1.309171,2.052214,2.0895305,1.4629172,0.86247754,-0.18750928,-0.98620844,-1.4223756
-0.63478756,0.06441709,1.3816785,1.3945565,1.5112743,0.6644117,0.361835,-0.25752136,-1.2825698,-1.1767025
-0.7366629,0.36984313,1.1872953,1.9009455,1.482339,0.23101111,0.5220596,-0.5479971,-0.8252782,-1.1844931
-0.88215196,1.1982579,1.8852918,1.7896684,1.6028322,0.5051164,0.122780815,-0.5218575,-1.2347376,-0.989127
-0.67502904,0.2677522,1.7203168,2.2455196,2.4737368,1.507797,0.6671022,-0.09889199,-1.3395451,-1.4862787
-0.08965477,0.24250954,1.3313594,1.8537495,1.5111668,0.6146314,0.22097674,-0.1766179,-0.46967122,-1.0092374
-0.25133985,0.61046666,1.3352512,2.068652,1.8330129,0.888139,0.3678362,-0.18000385,-1.0133966,-0.55757505
-0.16656733,0.46068755,1.6617619,1.934978,1.8863194,0.7301783,0.5878127,-0.4214872,-1.1607925,-1.5302498
-0.102257386,0.2965692,1.170702,2.0442529,1.9061517,0.7725615,0.5092798,-0.28563672,-1.0419941,-1.0344427
-0.30117065,0.12026259,1.553863,2.20096,1.9779171,0.5020455,0.57401645,0.1422976,-1.042969,-1.7959826
-0.8930967,0.76988393,1.5191355,2.093724,2.1975994,0.56014925,0.3487967,-0.18133679,-1.4828572,-1.6134291
-0.31934237,0.2562305,1.877267,2.9145458,2.0445666,0.5307808,0.7153512,-0.098254226,-1.2084371,-1.807831
-0.2078265,0.73273927,1.6871051,1.2973573,1.3668538,0.76444423,0.81489044,-0.13029884,-0.818741,-0.7502826
-0.11756351,0.3059647,1.4724973,1.7995987,1.3879622,0.40623698,-0.13348228,-0.29206803,-0.7579356,-0.9866981
-0.28117007,0.4113121,1.3337971,1.1868652,1.6992767,0.5441758,0.91144717,0.51057345,-0.75307006,-1.1273216
0.20671785,0.82552695,2.2980707,2.1763318,1.5929334,1.0207621,0.6285056,-0.11022252,-1.1241229,-0.91078967
0.081420645,0.4111003,1.0185306,1.5688199,1.2716674,0.5959315,0.4414916,-0.23158929,-0.88177085,-0.7223502
-0.61654377,0.84046316,2.4458337,2.426055,2.1126494,1.1572775,1.1412874,0.6101963,-1.226594,-1.1202079
-0.2246342,0.5314668,2.5484247,2.450484,1.5199312,1.1142044,0.75445944,0.0054935315,-1.2845997,-0.90906584
-0.44835356,0.2282494,1.0911065,1.9667492,2.0957923,1.1203158,0.4305048,-0.084484056,-0.75185126,-1.0236449
-0.779441,1.1301341,2.8805032,2.589465,2.4955096,0.89988476,0.25285184,-0.32312998,-1.853604,-1.6754783
-0.3654912,0.65541315,1.6417996,2.362928,2.194401,0.78620243,0.47992307,-0.5085654,-1.0573443,-1.2182693
-0.33923128,0.35765797,1.1535048,1.7935929,2.0356736,0.69777256,0.75314444,-0.1332815,-0.8919752,-1.3824577
-0.81353575,0.89635223,2.2337162,1.9814194,1.8824573,0.99257004,0.967361,-0.1545215,-1.1643957,-0.60616916
0.13214456,0.4641068,1.7135711,2.2538059,1.9116836,0.89211655,0.83165103,0.014143752,-0.83461267,-0.7982439
-0.5062074,0.76908666,1.5081868,1.7216249,1.6742533,0.43667826,0.38382006,-0.50819653,-1.4084754,-1.0291151
-0.37849873,0.65580916,1.5372106,1.6988517,1.5218711,0.76757115,0.38214645,-0.14224774,-0.6041596,-0.66423726
-0.51229876,0.48425296,1.2804027,2.2322838,2.128214,0.8682876,0.34748337,-0.39057276,-1.3308699,-1.6253233
-0.2905167,0.15380804,1.254365,2.4643376,2.5417955,1.2685719,0.63317734,-0.037934184,-1.2636021,-1.4566876
-0.3522019,0.55295885,1.8472812,1.8300942,1.533245,0.6519699,0.20414522,-1.0172772,-1.7214327,-1.5715547
0.49204907,1.2893087,2.1767008,2.9896364,2.1607666,1.254021,0.69353515,-0.24304593,-1.0632331,-0.97369033
-0.55799234,0.17508459,1.2030662,1.4110193,1.166958,0.38175538,0.49660724,-0.3846101,-0.84445876,-0.6514483
-0.96051055,0.39424634,1.9110073,2.5652056,1.6222886,0.54544634,0.6261738,-0.8771609,-1.3765026,-0.95617664
-0.43890822,0.4128081,0.9612702,1.7002282,1.4311665,0.15764341,0.19856547,0.017162371,-0.9829761,-0.78393215
-0.70201594,0.53564006,1.4869025,1.8745123,1.2326788,0.38472286,0.27856246,-0.50444597,-1.1888157,-1.208789
0.3130832,0.61357033,1.8796606,2.5758944,1.8099581,0.7861214,0.91918045,0.04304016,-1.293919,-1.1874567
-0.46845222,0.79371715,2.2282941,3.027824,2.4400609,1.174361,1.003687,-0.5144974,-1.3252124,-0.9246006
-0.2616694,1.3276814,3.0844615,3.08521,2.002158,1.2644337,0.66217285,-0.020229088,-1.486513,-1.2504023
-0.30253538,0.89058894,1.9007252,2.6577141,2.4983718,1.0710279,0.98986125,-0.76352704,-1.8175397,-2.277619
-0.46758282,0.70014364,1.4151583,1.814996,1.5874851,0.72077745,0.57874674,-0.31868026,-1.6476394,-1.4001296
-0.43475688,0.7576137,1.6322387,2.2135065,1.7603406,0.71860844,0.656768,0.33406377,-0.84180814,-0.8497034
0.31848794,0.6316235,1.440647,2.4798512,2.2309806,0.6530304,0.47116935,0.06620502,-1.4302946,-1.1655929
-0.3660175,0.59139085,2.0856032,2.047213,1.6752597,0.47888547,0.34339064,-0.58006465,-1.1972287,-1.0474406
-0.9225096,0.90813273,1.5432618,1.9666358,1.6556053,0.5481008,0.24358812,-0.7672157,-1.4092386,-1.19361
-0.024519522,0.192359,1.089183,1.9153218,1.4879944,0.3395746,0.48417938,-0.07981924,-1.1350955,-1.1142509
-0.20866093,0.60312986,1.3830831,1.8017852,1.5101771,1.0452713,0.39123383,-0.18173482,-0.9750062,-0.88104934
-0.06600088,0.5680073,1.47818,1.9652262,1.669471,0.6328711,0.42320365,-0.2813571,-0.7281146,-0.97123206
-0.4413207,0.71698475,1.4973135,1.7464494,1.5963321,0.8136538,0.62383735,-0.45448092,-1.5036274,-1.1949837
-0.3408267,0.59195447,1.8884126,2.257315,1.9400363,0.11576863,0.39083505,-0.38955754,-1.1305176,-1.0638269
0.21982527,1.213588,2.1732786,1.8219019,2.3235247,0.996886,1.2568067,0.3299384,-1.3797629,-1.4254345
-0.41672078,0.5573044,1.2099313,1.1971154,1.1918635,0.49709022,0.3530657,-0.65247947,-0.9675333,-1.0059415
-0.7539978,0.8949108,1.6352034,2.2522094,1.8601364,1.0816312,0.81013787,-0.45245832,-0.91854113,-1.4900205
-0.45748973,0.8480419,1.2640766,1.1855513,1.4483335,0.07884011,0.037337206,-0.33658257,-1.200382,-1.0345887
0.06877227,0.7351642,1.5838277,1.6805457,1.4845347,0.57364583,0.34201702,-0.5519861,-0.6568445,-0.92632395
0.039701797,0.50857633,1.3862349,2.545681,2.3905878,1.1276004,0.74429286,-0.46032274,-1.2794824,-0.0814692
-0.43064004,0.68193936,2.11794,2.6149924,2.288604,1.0804967,0.69865626,-0.16448824,-1.0845208,-1.5047829
-0.32178655,0.7030719,1.603327,1.7153854,1.513644,0.106104344,0.12540743,-0.2812168,-0.999344,-0.946118
-0.10126076,0.6040479,1.162907,1.2325058,1.4519707,0.78361464,0.5227764,0.036047716,-1.0595523,-0.76597625
-0.12748748,0.74400705,1.4387518,2.4014843,1.9289806,0.9551716,0.69844997,-0.37025893,-1.287076,-0.8767912
0.15268242,0.9618816,2.2302396,2.5195563,1.2362812,0.6535447,0.85441786,-0.64071923,-1.8379843,-1.4153601
-0.31092823,0.7262226,1.4697187,2.485626,1.8219169,0.88012403,0.6361358,-0.19842532,-0.90171486,-0.6956385
-0.086632095,0.9308865,2.7483401,3.0160708,2.808905,1.3630673,1.0330817,-0.3184904,-1.1551739,-1.4022409
-0.53460735,1.5535483,3.3016248,2.9446576,3.1407516,1.8380988,0.5445186,-1.423592,-2.0409782,-1.4831836
-0.4705827,1.3106533,3.2485902,3.2712846,2.5383203,1.2374952,0.7748885,-0.24719518,-1.9058812,-1.610491
0.13961667,1.1068805,2.278152,2.134496,1.8375546,0.8973128,0.19813335,-0.24890286,-1.8662527,-1.1964749
-0.5488189,0.93501365,2.5716121,3.186929,2.9339762,1.4152005,1.0101478,-0.14027849,-1.0623382,-1.2620466
0.5927044,0.7672457,2.3663218,3.204986,2.5888205,1.4825271,0.8384914,0.013842751,-1.2721786,-1.4792019
-0.06478282,0.9897973,2.4296606,2.6160653,2.3711922,1.4612375,0.95328176,0.2516006,-0.91853386,-1.3880582
-0.45503503,0.9829216,2.2108874,2.5575516,1.6071349,0.9685105,0.71075267,-0.28884745,-1.1508743,-1.0073804
0.2957649,0.6182768,1.2245238,1.849582,1.6273426,0.40767282,0.37001377,-0.15106428,-1.198331,-1.4712901
0.04783249,0.6296611,1.0450993,1.8298061,1.7731276,0.45571578,0.48836005,-0.18498144,-0.5715243,-0.8309686
-0.54486877,0.15159442,1.1253018,1.5196686,1.6748716,0.7264467,-0.005251959,-0.46379903,-0.90651685,-1.3337657
0.19842133,0.7134798,1.8093121,1.6193969,1.7903097,0.653336,0.44227263,-0.003394796,-0.6478986,-1.2146423
-0.5078615,0.6355543,1.916655,1.9467025,1.7618477,0.751265,0.6985202,-0.18349805,-1.2534233,-1.9162999
-0.6121283,0.020853484,1.1509585,1.7196293,1.8601359,0.7761232,0.43904242,-0.3715792,-1.1488087,-0.79560745
-0.3159528,0.288811,1.1251782,1.7184879,2.0042484,0.53869426,0.41521382,-0.31151766,-1.1328206,-1.3087553
-0.4868063,0.5581885,1.7598766,2.340987,2.1278381,1.1513323,0.9744326,-0.66404724,-1.4075738,-1.1079762
-0.4171778,0.7414835,2.4791253,2.364217,2.1339056,1.2415433,0.44248542,-0.5913659,-1.1741284,-1.5473737
-1.0638404,0.7197803,2.7017608,3.565633,2.715267,1.3654693,0.93878305,-0.35515568,-1.2008977,-1.9867721
-0.114880554,0.82327616,1.5022858,2.3733237,2.4354527,0.94241965,0.27790785,-0.095433705,-1.4485543,-1.2720996
-0.16681853,0.63925457,1.7750448,1.7137486,1.4165051,0.70021427,0.3566156,-0.1633419,-1.1926959,-0.6020901
-0.08634043,0.9365935,1.5829031,2.0179994,1.5126643,0.5241078,0.93579453,-0.16277488,-1.3972038,-1.4847983
-0.8801177,0.4497182,1.9004678,2.1242106,1.7620975,0.9652089,1.2596158,-0.047311813,-0.90806437,-1.6396408
-0.05939488,0.16597791,1.3685565,1.4028246,1.108536,0.39200902,0.48720235,0.17329164,-0.4585929,-0.39736915
-1.0122596,1.0480884,1.8347291,2.3337586,2.0680788,1.1758713,0.30680004,-0.22212511,-1.4444312,-1.1480557
-0.71916974,0.04769728,2.0463238,2.2597806,1.8100568,1.1687895,0.30245936,-0.30709413,-1.29252,-1.3785015
-0.4753993,1.25954,2.3313298,2.619653,1.95715,0.99994564,0.5165043,-0.080124766,-1.3777521,-0.8576366
-0.70701337,1.0874836,2.4570062,2.8194063,2.8568892,0.9711937,0.4245795,-0.675579,-1.660423,-1.6322063
0.13289326,0.08642956,1.5014921,2.515257,2.0210428,1.2143303,0.71380264,0.46583632,-0.9528571,-1.0689218
-0.5814806,0.7066601,1.7758533,2.2967916,2.4016604,1.2855418,0.865554,-0.8251377,-1.425635,-1.5913793
-0.5995599,0.019307973,1.7990377,2.0020487,1.5429066,0.5024007,0.53009146,-0.7367283,-1.3846587,-1.2898533
0.3881239,0.5199948,1.7621413,1.93202,1.8442096,0.7245171,0.6723853,-0.10107727,-0.8285206,-0.6862439
-0.64262336,0.8704929,1.7272693,2.7231708,2.2290487,0.7649159,0.4726131,-0.19013713,-1.2522478,-1.6730261
-0.46106693,0.3133104,1.398913,1.385882,1.3980653,0.4711342,0.33026952,-0.5125181,-1.2757438,-0.6414279
-0.44459134,0.8249406,1.6395116,2.0815527,2.3522587,1.265731,0.560446,-0.3051446,-1.0722843,-1.5306869
-0.5719235,0.6209821,1.1353997,1.8881031,1.240485,0.6116384,0.6027152,-0.63727814,-1.2422079,-0.82050407
-0.60634285,0.62999946,2.4326994,1.9655797,2.381264,0.7349016,0.3507308,-0.69253767,-0.9376497,-1.0083314
0.14526749,0.59536546,0.9711745,0.8602316,1.5367192,0.7103624,0.6194049,0.16438368,-0.84656566,-0.5461187
-0.32637563,0.31343338,1.2457548,1.8738546,1.2987663,0.54182243,0.33679578,-0.012328586,-0.8576332,-0.9901916
-0.49643454,0.20848496,1.2325583,1.7391877,1.3582637,0.86675864,0.45497596,-0.47359225,-1.0910923,-0.83557653
-0.13755563,0.08641333,1.2810252,1.6548234,1.3773056,0.61557895,0.6035847,-0.09317144,-0.76241016,-0.86016583
-0.24166405,0.4190835,1.8561355,1.6002777,1.2050277,0.5773043,0.4698404,0.15662791,-0.64374614,-1.1834612
-0.13915354,0.81619817,1.7348028,2.1113946,2.4100494,1.049261,0.4778859,-0.3342474,-1.510823,-1.6956557
-0.6208606,0.47682443,1.7103897,1.8729093,2.7439678,1.4395696,0.8368398,-0.1199303,-1.5812002,-1.5332433
0.10531939,0.5234856,1.7938834,2.2902467,1.804267,0.67858994,0.7436506,-0.43784365,-1.3647987,-0.9052452
0.14499158,0.35672504,1.0740081,1.3088871,1.511033,0.58989024,0.14502445,-0.34565377,-0.77439654,-0.99409664
-0.24949145,0.51775116,2.3057246,2.6224856,1.8356025,0.67630017,0.7476924,0.063245505,-1.2293652,-1.4008904
-0.35598096,0.18722129,1.4935526,2.0277464,1.6394178,0.75081074,0.57135904,-0.88485044,-1.5198107,-1.086152
-0.19431207,1.1495534,1.8810161,1.9095106,1.6575413,0.52640563,0.5320717,-0.7349972,-1.2093426,-1.1830021
-0.74507016,0.9537274,1.4952843,1.5663648,1.6425586,0.69381833,0.33808625,-0.51680577,-0.9689839,-1.1350617
-0.75400054,0.5476074,2.1278646,3.1503177,2.666874,1.1306504,1.0089866,-0.40357682,-1.2158773,-1.1448077
-0.11974954,0.48509562,1.6518068,1.8798205,1.3625503,0.23439358,0.5227727,-0.15056832,-0.95289046,-1.0880307
-0.7023447,0.78238624,2.0502465,3.4428923,2.8648612,1.9835125,0.6527635,-0.43702045,-1.8325738,-1.8103873
0.31074578,1.1692408,2.8832607,3.376908,2.9670858,0.61747676,0.42700198,-0.5518468,-1.4066893,-2.3571205
0.06445211,0.8838475,1.5827287,2.5951724,2.7196348,1.2078195,0.8504645,-0.39245522,-0.8410011,-1.2561853
-0.7450589,1.3172911,2.498412,2.2837553,1.9626297,1.0813748,0.8867915,0.30992612,-1.1392003,-1.744055
-0.16543093,0.32837757,1.6644738,2.1743991,1.7630619,0.72454965,0.26141807,-0.15942255,-0.9359574,-1.465504
-0.3864972,0.8025132,1.8327918,2.015642,1.4482498,0.6059511,0.52392936,-0.23487847,-0.82625043,-0.86593425
0.19828072,0.4182411,2.0873246,3.1349776,2.9077413,1.6715304,0.9851693,-0.39558926,-1.533897,-0.89944357
-0.14262778,0.31744632,1.6379005,1.4763575,1.7469198,0.6986163,0.49547845,-0.06588937,-0.8697902,-0.6598548
-0.1463925,0.5457828,1.138645,1.3753872,1.5058569,0.48179042,0.699123,-0.11644018,-0.6063235,-1.088488
-0.120377846,0.5770468,1.5887241,1.4526308,1.8239837,0.421292,0.07886547,-0.36403674,-0.73932546,-0.61036116
-0.16456217,0.29042032,1.3202132,1.7591412,1.8995379,1.1232276,-0.039511364,0.44971576,-0.95921934,-1.2393411
-0.323256,0.75082594,1.5357641,1.7954155,1.4260192,0.6544652,0.6890818,-0.07490036,-0.7629688,-0.81566083
-0.35365418,0.61763346,1.7417029,2.5231106,2.3593056,1.1219469,1.0398518,-0.1959109,-0.9202807,-1.1551166
-0.14550257,0.16032583,1.3205982,1.8102679,1.4958713,0.6310236,0.46699947,0.06878119,-0.95906305,-1.3045102
-0.21417868,0.6910569,2.0275667,2.1306798,1.4569795,0.43275428,0.39124015,-0.43499392,-1.1642692,-1.5305673
-0.6758275,0.68168855,1.8598667,2.0193517,2.013,1.1672279,0.5674376,-0.22178628,-1.3422818,-1.1378733
-0.59138656,0.24429484,1.4364678,1.7051183,1.4721663,0.6515251,0.85547704,0.05083213,-0.98158205,-1.1558452
-0.36751637,0.75432086,1.6353191,1.7309291,1.7851088,1.1449726,0.3156873,-0.33835799,-1.2579209,-1.4115615
-0.8032229,0.8241773,2.4153526,2.8828905,2.5151832,1.4121538,0.789324,-0.5243899,-1.3056747,-1.0860504
-0.09924856,0.43560103,1.8683301,2.312045,1.9143819,1.1937728,0.36238804,-0.5670156,-1.4809601,-1.6099181
0.12296053,0.48528147,1.6775943,2.15079,2.0383255,1.026062,0.7812372,-0.12851788,-1.1427155,-0.71193755
-0.5152685,0.6481845,1.3849596,1.6170266,1.5600417,0.7646173,0.24316114,-0.3253658,-1.1341819,-0.90399605
-0.45004284,0.25228372,1.2334739,1.5338008,1.1416199,0.58316016,0.42170343,-0.04649747,-0.7480002,-1.1773567
-0.1623424,0.08394193,1.2967645,1.9392912,1.313533,0.97762406,0.3367278,0.04667831,-0.9273542,-1.0929059
-0.26947471,0.4229313,1.4450921,1.9333826,1.3385578,0.8763345,0.4421222,-0.05785682,-0.93599313,-0.59531045
-0.31770414,0.074679635,1.5236996,1.3113805,0.94228244,0.5211689,0.5049508,0.040557846,-0.5059081,-1.0295548
-0.9470269,1.0062416,2.0273733,2.4345164,2.2022648,0.7973412,-0.13550436,-0.75312257,-1.6191548,-1.2667265
-0.4529356,0.6223599,1.9054129,2.3788385,2.515581,1.6971033,0.5233752,-0.103803955,-1.4359342,-1.4194305
-0.037108883,0.23265202,1.2908875,1.9153357,1.8387138,0.76986307,0.33340698,-0.23793471,-0.71068627,-1.0636835
0.6956345,0.6450529,1.6856239,1.5744411,1.4558831,0.84922874,0.86503017,-0.20867665,-0.99496007,-1.0858827
-0.5089312,0.19494404,1.3006907,1.7734944,1.7229527,1.2660913,0.33772182,0.33459488,-0.79988974,-1.1705146
-0.5710181,0.028284935,1.2848167,1.9750551,1.8540158,0.31188297,0.30687335,-0.40477762,-0.8600739,-0.89917487
-0.66114527,0.65782183,1.5166763,2.2168393,1.688064,0.5067712,0.1925471,-0.44344643,-1.4388052,-1.1355532
-0.47025838,0.25144613,1.8950922,2.045485,1.9153955,0.9086069,0.11244944,-0.33325696,-0.8895091,-0.8661408
-0.031397875,0.29423314,1.789642,2.2329857,2.2834938,0.9336019,0.4018013,-0.052923795,-1.3927194,-1.9308796
-0.7443883,0.94843435,2.3564067,3.9364257,3.1204743,1.1311764,-0.14587064,-0.97697854,-2.0652022,-1.6504713
-0.5687655,0.9464282,2.091846,2.076609,1.8292369,0.6780776,0.6141352,-0.23956536,-1.095949,-1.0036905
-0.48078892,0.3925041,1.0627555,1.8255597,1.7734289,0.77812976,0.62098,0.30906835,-0.93196833,-1.7501562
-0.16192302,0.6286361,1.48658,2.1666985,1.7196333,0.88609236,0.09263639,-0.3091961,-0.9823129,-0.9647763
-0.39590955,0.5258907,1.6392312,1.6405154,1.465835,0.46437037,0.54881644,-0.44963336,-0.72378284,-1.2501707
0.029161546,0.43492603,2.0418406,2.16808,1.8935571,1.1582689,0.6723815,-0.19640797,-1.148066,-0.7688679
-0.21704048,-0.16138664,0.97409135,1.7962294,1.3703654,0.4813391,0.5399791,0.21637821,-0.4515614,-1.3315412
-0.41868,0.78044134,1.8962599,1.4840785,1.5416863,0.32453915,0.14746132,-0.34881198,-1.0860252,-1.0282649
-0.5618581,1.037842,2.0550203,2.36828,2.5592265,0.91903484,0.5745379,-0.40202594,-1.4838367,-1.1873891
-0.18093452,0.16559952,1.3998605,1.8901601,1.7235072,0.44569358,0.618136,-0.39911604,-1.1634686,-1.5203189
-0.55682254,1.0035429,1.7436844,1.952978,1.7088525,0.99425817,-0.016378436,-0.3213488,-1.3384825,-0.6527352
0.058363948,0.8417898,1.3146017,1.7897661,1.8918605,0.70385337,0.78356504,0.1977423,-0.9628148,-1.4267296
-0.66879225,0.36177826,1.5135531,1.6156868,1.1510187,0.535227,0.5004429,-0.3953119,-0.5193694,-1.0627098
-0.9065395,0.24637412,1.1002731,1.9736348,1.3518351,0.7259886,0.7293168,-0.08662206,-1.38742,-1.4783767
0.014527521,0.1566791,1.585498,1.6616853,1.929902,0.4780609,0.27239624,-0.13088042,-0.512015,-0.63924974
-0.6441123,1.2027317,2.422148,2.3681538,1.643985,0.71184206,0.6625175,-0.650215,-1.4371189,-1.4181979
-0.3206442,0.586935,1.647765,2.115734,1.7372302,0.38911778,0.13781238,-0.38844705,-1.3110542,-1.8847628
-0.35997003,0.8377656,2.2034476,2.2787678,2.0226865,0.96777666,0.51420957,-0.33859032,-1.3447975,-1.4149252
-0.3292629,0.21666743,1.7117357,2.5853283,2.2268653,0.7621287,0.057479836,-0.9389442,-1.636794,-0.98289764
-0.16652247,0.86820257,2.0976682,2.2587535,2.5163813,1.4121851,0.69298226,-0.30616367,-1.0829548,-1.4181901
-0.24747053,0.9997984,2.5196223,3.1216042,2.70553,1.361963,0.84805644,-0.030540453,-1.0701194,-1.8379523
-0.9904126,0.40509796,1.4955624,1.9087269,1.9464308,0.68684375,-0.18085098,-0.4801335,-1.4944755,-1.4216373
-0.6078364,0.418603,2.000976,1.6878433,1.850176,0.67284226,0.33699927,0.031285092,-1.2412915,-1.4231365
0.109830335,1.0609845,2.2207232,2.9303515,2.6772768,0.91396594,0.69922096,-0.30747277,-1.1872606,-1.0637927
-0.14217302,0.57692766,1.673346,1.5388659,1.4063034,0.6938067,0.17502879,-0.1484698,-0.47696194,-0.67918515
-0.46082613,0.1756515,1.4024138,1.9672962,1.9561038,0.79473007,0.40996164,-0.15141277,-1.0275366,-1.439113
-0.85979766,1.070491,1.5890821,1.4092381,1.2236686,0.22993024,0.35998285,-0.5163363,-0.6931379,-1.541742
-0.25606245,0.48667723,1.0127081,1.2093513,1.5318009,0.9609612,0.5473417,-0.0029738708,-0.5955761,-0.63349265
-0.53116846,0.21090747,1.1826776,1.8581758,1.6150517,0.6218545,0.6208693,-0.22185643,-1.1185466,-1.0192719
-0.25875688,0.7093253,1.7813698,1.9462875,1.8650688,0.4421935,0.09674987,-0.17617308,-0.9005632,-1.1243368
-0.5369334,1.004193,1.2391477,1.6809067,1.3333987,0.48700565,0.21647143,-0.043809116,-0.9657821,-1.0493914
-0.5292957,1.0105164,1.7945026,1.557636,1.5533372,0.8712568,0.54457885,-0.48752677,-1.0138135,-1.4317557
